9.422467182063021197e-05
2.627874386714473473e-03
6.270262631952797788e-03
1.196008711042052808e-02
1.925759267558076193e-02
2.792630325310600445e-02
3.781461672006847241e-02
4.881427692207147839e-02
6.084276708832001002e-02
7.383451828478300449e-02
8.773592463283642895e-02
1.025022402160873231e-01
1.180955116651934839e-01
1.344831300460770374e-01
1.516367774290641735e-01
1.695316377571407240e-01
1.881457917706761962e-01
2.074597442091328514e-01
2.274560485543736243e-01
2.481190052502955934e-01
2.694344162685944899e-01
2.913893835441970226e-01
3.139721420136522556e-01
3.371719202569917750e-01
3.609788233782206812e-01
3.853837339598240597e-01
4.103782278219929580e-01
4.359545019944089939e-01
4.621053128271258581e-01
4.888239225686155653e-01
5.161040530531693094e-01
5.439398453875297079e-01
5.723258247237661411e-01
6.012568693632579508e-01
6.307281835639289014e-01
6.607352735263095633e-01
6.912739261181976014e-01
7.223401899669923409e-01
7.539303586057046758e-01
7.860409554060446835e-01
8.186687200710667245e-01
8.518105964929606477e-01
8.854637218088448058e-01
9.196254165108812550e-01
9.542931754863546168e-01
9.894646598801557502e-01
1.025137689686211662e+00
1.061310236986408251e+00
1.097980419765921534e+00
1.135146496242834813e+00
1.172806859657443246e+00
1.210960033473395203e+00
1.249604666948499254e+00
1.288739531038093133e+00
1.328363514598149386e+00
1.368475620859304298e+00
1.409074964146173281e+00
1.450160766819420077e+00
1.491732356420714556e+00
1.533789163002890810e+00
1.576330716629935180e+00
1.619356645033073638e+00
1.662866671411176389e+00
1.706860612364823560e+00
1.751338375955188598e+00
1.796299959879695818e+00
1.841745449757702158e+00
1.887675017520636267e+00
1.934088919901341797e+00
1.980987497018868337e+00
2.028371171055143307e+00
2.076240445020760550e+00
2.124595901607750026e+00
2.173438202127471186e+00
2.222768085532295768e+00
2.272586367520030404e+00
2.322893939720257706e+00
2.373691768961916804e+00
2.424980896621532267e+00
2.476762438051644644e+00
2.529037582088700553e+00
2.581807590639701555e+00
2.635073798346783125e+00
2.688837612328176974e+00
2.743100511994317259e+00
2.797864048936788972e+00
2.853129846887714649e+00
2.908899601746351316e+00
2.965175081669269019e+00
3.021958127219522172e+00
3.079250651569588104e+00
3.137054640751936851e+00
3.195372153950449157e+00
3.254205323824366225e+00
3.313556356856298457e+00
3.373427533714083548e+00
3.433821209615591563e+00
3.494739814684479029e+00
3.556185854283804737e+00
3.618161909312968660e+00
3.680670636453430067e+00
3.743714768345975497e+00
3.807297113683139944e+00
3.871420557197686740e+00
3.936088059528804806e+00
4.001302656945368241e+00
4.067067460906098830e+00
4.133385657435274751e+00
4.200260506292289975e+00
4.267695339913188946e+00
4.335693562102237664e+00
4.404258646451299164e+00
4.473394134465850769e+00
4.543103633376160744e+00
4.613390813613550634e+00
4.684259405932429843e+00
4.755713198160308686e+00
4.827756031559436778e+00
4.900391796785969589e+00
4.973624429434289063e+00
5.047457905157231473e+00
5.121896234355748589e+00
5.196943456433938735e+00
5.272603633620229324e+00
5.348880844357807973e+00
5.425779176272612858e+00
5.503302718730357590e+00
5.581455554999206647e+00
5.660241754039376794e+00
5.739665361944506827e+00
5.819730393066035568e+00
5.900440820855379798e+00
5.981800568463492063e+00
6.063813499142685082e+00
6.146483406499447355e+00
6.229814004650913617e+00
6.313808918342184384e+00
6.398471673084519473e+00
6.483805685377899586e+00
6.569814253083234412e+00
6.656500546012378727e+00
6.743867596804098419e+00
6.831918292156137440e+00
6.920655364481974381e+00
7.010081384060771192e+00
7.100198751747078596e+00
7.191009692304566769e+00
7.282516248423855032e+00
7.374720275482017584e+00
7.467623437094977668e+00
7.561227201509447937e+00
7.655532838874600010e+00
7.750541419426533629e+00
7.846253812612308920e+00
7.942670687171674793e+00
8.039792512186471285e+00
8.137619559100834010e+00
8.236151904704845705e+00
8.335389435067806829e+00
8.435331850397409070e+00
8.535978670793960887e+00
8.637329242860301903e+00
8.739382747121046791e+00
8.842138206197224903e+00
8.945594493676532366e+00
9.049750343613302661e+00
9.154604360587265788e+00
9.260155030245686092e+00
9.366400730250852291e+00
9.473339741550194759e+00
9.580970259888086815e+00
9.689290407472885391e+00
9.798298244716542982e+00
9.907991781963682243e+00
1.001836899112749002e+01
1.012942781715390694e+01
1.024116618923824618e+01
1.035358203172163805e+01
1.046667327459997132e+01
1.058043786358279803e+01
1.069487376964474379e+01
1.080997899801952578e+01
1.092575159659056006e+01
1.104218966364129884e+01
1.115929135493243685e+01
1.127705489008343420e+01
1.139547855823885847e+01
1.151456072300921818e+01
1.163429982668194285e+01
1.175469439370460201e+01
1.187574303344755933e+01
1.199744444226077356e+01
1.211979740484297174e+01
1.224280079494718443e+01
1.236645357545098634e+01
1.249075479782366038e+01
1.261570360102413879e+01
1.274129920987064679e+01
1.286754093291937373e+01
1.299442815989601918e+01
1.312196035872328181e+01
1.325013707218732328e+01
1.337895791428895897e+01
1.350842256632176053e+01
1.363853077272223757e+01
1.376928233673279856e+01
1.390067711592069344e+01
1.403271501759045492e+01
1.416539599412913297e+01
1.429872003831943594e+01
1.443268717865457695e+01
1.456729747468556546e+01
1.470255101243102658e+01
1.483844789987401569e+01
1.497498826257132976e+01
1.511217223939540233e+01
1.524999997842798294e+01
1.538847163302145127e+01
1.552758735804189705e+01
1.566734730630417616e+01
1.580775162520953359e+01
1.594880045359112586e+01
1.609049391877262991e+01
1.623283213384303636e+01
1.637581519514750994e+01
1.651944317999448586e+01
1.666371614457573713e+01
1.680863412209614438e+01
1.695419712110751931e+01
1.710040512404070512e+01
1.724725808592772580e+01
1.739475593330769954e+01
1.754289856330499831e+01
1.769168584287239554e+01
1.784111760818825587e+01
1.799119366419741795e+01
1.814191378428565216e+01
1.829327771007627845e+01
1.844528515133895397e+01
1.859793578599916586e+01
1.875122926023852443e+01
1.890516518867517348e+01
1.905974315461349278e+01
1.921496271035463366e+01
1.937082337755779449e+01
1.952732464764234166e+01
1.968446598222421429e+01
1.984224681357689235e+01
2.000066654511022435e+01
2.015972455186069467e+01
2.031942018098470726e+01
2.047975275225307712e+01
2.064072155853649448e+01
2.080232586628249081e+01
2.096456491597611560e+01
2.112743792258326181e+01
2.129094407597295913e+01
2.145508254131681269e+01
2.161985245946331702e+01
2.178525294728752115e+01
2.195128309801253863e+01
2.211794198150703394e+01
2.228522864455404928e+01
2.245314211109684521e+01
2.262168138245876747e+01
2.279084543754092707e+01
2.296063323299991410e+01
2.313104370340501603e+01
2.330207576138105807e+01
2.347372829773579994e+01
2.364600018157747741e+01
2.381889026042415480e+01
2.399239736030754599e+01
2.416652028587598977e+01
2.434125782049818199e+01
2.451660872637148003e+01
2.469257174463782434e+01
2.486914559551069814e+01
2.504632897841421268e+01
2.522412057213902159e+01
2.540251903501635056e+01
2.558152300511124366e+01
2.576113110043904797e+01
2.594134191920398891e+01
2.612215404006163055e+01
2.630356602240522434e+01
2.648557640667733182e+01
2.666818371470388271e+01
2.685138645004971281e+01
2.703518309839546774e+01
2.721957212793215319e+01
2.740455198977118556e+01
2.759012111836499415e+01
2.777627793193722638e+01
2.796302083291478269e+01
2.815034820835987972e+01
2.833825843039457482e+01
2.852674985661370144e+01
2.871582083048072320e+01
2.890546968169888942e+01
2.909569472655374156e+01
2.928649426821992208e+01
2.947786659702635248e+01
2.966980999067479630e+01
2.986232271440601949e+01
3.005540302110902573e+01
3.024904915136856332e+01
3.044325933344688551e+01
3.063803178319817277e+01
3.083336470391109430e+01
3.102925628607944120e+01
3.122570470710009616e+01
3.142270813089794856e+01
3.162026470747948181e+01
3.181837257241669903e+01
3.201702984626516013e+01
3.221623463391929221e+01
3.241598502391040171e+01
3.261627908765115080e+01
3.281711487863657339e+01
3.301849043160372332e+01
3.322040376166044950e+01
3.342285286339045314e+01
3.362583570994196691e+01
3.382935025210877455e+01
3.403339441741245253e+01
3.423796610919171002e+01
3.444306320571146784e+01
3.464868355929428390e+01
3.485482499548563595e+01
3.506148531225826304e+01
3.526866227926313258e+01
3.547635363713178691e+01
3.568455709683816934e+01
3.589327033912103815e+01
3.610249101397476323e+01
3.631221674021040968e+01
3.652244510508926822e+01
3.673317366403266249e+01
3.694439994040847353e+01
3.715612142539566776e+01
3.736833557792846250e+01
3.758103982471613591e+01
3.779423156034295062e+01
3.800790814744342327e+01
3.822206691695359382e+01
3.843670516843378948e+01
3.865182017046436158e+01
3.886740916110838384e+01
3.908346934844115594e+01
3.929999791114216379e+01
3.951699199914725114e+01
3.973444873435690994e+01
3.995236521139828056e+01
4.017073849843633582e+01
4.038956563803213129e+01
4.060884364804241642e+01
4.082856952255841065e+01
4.104874023288027729e+01
4.126935272852081482e+01
4.149040393823746342e+01
4.171189077108829224e+01
4.193381011750374654e+01
4.215615885037650656e+01
4.237893382616014293e+01
4.260213188597550271e+01
4.282574985671752898e+01
4.304978455216267008e+01
4.327423277406681024e+01
4.349909131325528477e+01
4.372435695069702888e+01
4.395002645855868195e+01
4.417609660123601145e+01
4.440256413635852795e+01
4.462942581575938306e+01
4.485667838641224137e+01
4.508431859132596031e+01
4.531234317039660198e+01
4.554074886120955057e+01
4.576953239979356880e+01
4.599869052131586500e+01
4.622821996072121209e+01
4.645811745330758669e+01
4.668837973523919516e+01
4.691900354399008677e+01
4.714998561871846050e+01
4.738132270056784279e+01
4.761301153289414145e+01
4.784504886141547075e+01
4.807743143428307775e+01
4.831015600207231131e+01
4.854321931769163712e+01
4.877661813620979103e+01
4.901034921459697813e+01
4.924440931138374111e+01
4.947879518623226147e+01
4.971350359942451291e+01
4.994853131126158985e+01
5.018387508137842445e+01
5.041953166797534180e+01
5.065549782695983794e+01
5.089177031100955872e+01
5.112834586854998520e+01
5.136522124265128042e+01
5.160239316984831248e+01
5.183985837888491943e+01
5.207761358938388696e+01
5.231565551045220985e+01
5.255398083922149510e+01
5.279258625932889970e+01
5.303146843935212473e+01
5.327062403119516887e+01
5.351004966844244848e+01
5.374974196468527055e+01
5.398969751183287258e+01
5.422991287841898611e+01
5.447038460791724646e+01
5.471110921707555264e+01
5.495208319428798660e+01
5.519330299801632123e+01
5.543476505527836196e+01
5.567646576021771665e+01
5.591840147277682149e+01
5.616056851748216161e+01
5.640296318237072626e+01
5.664558171806264397e+01
5.688842033701062206e+01
5.713147521292950870e+01
5.737474248043459824e+01
5.761821823489477623e+01
5.786189853251994464e+01
5.810577939069306552e+01
5.834985678855463220e+01
5.859412666785744506e+01
5.883858493408509815e+01
5.908322745784808916e+01
5.932805007655423424e+01
5.957304859634943028e+01
5.981821879432953892e+01
6.006355642100643166e+01
6.030905720302386896e+01
6.055471684610088801e+01
6.080053103819072646e+01
6.104649545282389056e+01
6.129260575261940147e+01
6.153885759292469260e+01
6.178524662556275615e+01
6.203176850263982800e+01
6.227841888038837226e+01
6.252519342299623162e+01
6.277208780638415675e+01
6.301909772189319625e+01
6.326621887983216652e+01
6.351344701284674699e+01
6.376077787906770311e+01
6.400820726499345881e+01
6.425573098807180372e+01
6.450334489893907630e+01
6.475104488328649666e+01
6.499882686331925186e+01
6.524668679878533339e+01
6.549462068754991151e+01
6.574262456570001234e+01
6.599069450716861240e+01
6.623882662287169865e+01
6.648701705936480266e+01
6.673526199701854011e+01
6.698355764773877752e+01
6.723190025223880184e+01
6.748028607690729075e+01
6.772871141028744546e+01
6.797717255922414381e+01
6.822566584470875739e+01
6.847418759747922934e+01
6.872273415342773717e+01
6.897130184886586335e+01
6.921988701571541469e+01
6.946848597667658964e+01
6.971709504043518280e+01
6.996571049697755029e+01
7.021432861305706297e+01
7.046294562788234828e+01
7.071155774907039415e+01
7.096016114892054816e+01
7.120875196104775284e+01
7.145732627741696774e+01
7.170588014580809499e+01
7.195440956773842345e+01
7.220291049685897633e+01
7.245137883783591803e+01
7.269981044572064377e+01
7.294820112579775184e+01
7.319654663390932114e+01
7.344484267722282311e+01
7.369308491542690831e+01
7.394126896231315982e+01
7.418939038771488015e+01
7.443744471974689247e+01
7.468542744730909533e+01
7.493333402280030953e+01
7.518115986498068537e+01
7.542890036193988124e+01
7.567655087410940951e+01
7.592410673725888159e+01
7.617156326543599221e+01
7.641891575378697610e+01
7.666615948121574320e+01
7.691328971284019644e+01
7.716030170219795536e+01
7.740719069318325296e+01
7.765395192167231642e+01
7.790058061682890411e+01
7.814707200207227800e+01
7.839342129570080431e+01
7.863962371117703753e+01
7.888567445707950299e+01
7.913156873673977998e+01
7.937730174759033730e+01
7.962286868025246633e+01
7.986826471740253908e+01
8.011348503245810093e+01
8.035852478813747268e+01
8.060337913494180384e+01
8.084804320961615076e+01
8.109251213365213573e+01
8.133678101188836251e+01
8.158084493127365988e+01
8.182469895984992547e+01
8.206833814601262134e+01
8.231175751810525298e+01
8.255495208439369037e+01
8.279791683346584819e+01
8.304064673509343208e+01
8.328313674157868718e+01
8.352538178961378890e+01
8.376737680264717767e+01
8.400911669376873192e+01
8.425059636908899563e+01
8.449181073158926836e+01
8.473275468540705901e+01
8.497342314050716539e+01
8.521381101767576638e+01
8.545391325377293867e+01
8.569372480716336327e+01
8.593324066324115051e+01
8.617245583995992320e+01
8.641136539327615651e+01
8.664996442241093177e+01
8.688824807484121493e+01
8.712621155093358993e+01
8.736385010813469876e+01
8.760115906465210855e+01
8.783813380256412984e+01
8.807476977030086118e+01
8.831106248447510154e+01
8.854700753103448108e+01
8.878260056573381576e+01
8.901783731394877464e+01
8.925271356985626880e+01
8.948722519503162687e+01
8.972136811653368227e+01
8.995513832455648640e+01
9.018853186974396863e+01
9.042154486028060489e+01
9.065417345887338740e+01
9.088641387976095132e+01
9.111826238587582338e+01
9.134971528630603643e+01
9.158076893418554221e+01
9.181141972514254235e+01
9.204166409643573843e+01
9.227149852687863074e+01
9.250091953764530217e+01
9.272992369402847146e+01
9.295850760819649850e+01
9.318666794295327804e+01
9.341440141649964346e+01
9.364170480813641007e+01
9.386857496482238616e+01
9.409500880847903659e+01
9.432100334387453699e+01
9.454655566691087643e+01
9.477166297309203458e+01
9.499632256594397006e+01
9.522053186511608658e+01
9.544428841389853346e+01
9.566758988586818191e+01
9.589043409038895049e+01
9.611281897666175666e+01
9.633474263608233912e+01
9.655620330262364348e+01
9.677719935102336990e+01
9.699772929255593112e+01
9.721779176821155488e+01
9.743738553913837563e+01
9.765650947423488049e+01
9.787516253484031381e+01
9.809334375649125093e+01
9.831105222779240194e+01
9.852828706647326840e+01
9.874504739278083321e+01
9.896133230039686168e+01
9.917714082513244023e+01
9.939247191171389773e+01
9.960732437901592107e+01
9.982169688416466613e+01
1.000355878859782166e+02
1.002489956082620637e+02
1.004619180035177806e+02
1.006743527176569302e+02
1.008862970563447732e+02
1.010977479536153112e+02
1.013087019434000098e+02
1.015191551346190693e+02
1.017291031904457697e+02
1.019385413123349053e+02
1.021474642293343464e+02
1.023558661931442657e+02
1.025637409792764601e+02
1.027710818945850662e+02
1.029778817913042985e+02
1.031841330875967202e+02
1.033898277944947068e+02
1.035949575489579075e+02
1.037995136526465529e+02
1.040034871158670029e+02
1.042068687060348111e+02
1.044096489998850501e+02
1.046118184385708645e+02
1.048133673847235769e+02
1.050142861804787202e+02
1.052145652054519189e+02
1.054141949336100055e+02
1.056131659879910387e+02
1.058114691922259283e+02
1.060090956178314627e+02
1.062060366262992517e+02
1.064022839050321210e+02
1.065978294962645947e+02
1.067926658181846875e+02
1.069867856775845496e+02
1.071801822735224903e+02
1.073728491916109107e+02
1.075647803887871277e+02
1.077559701686073055e+02
1.079464131473825859e+02
1.081361042117298155e+02
1.083250384683923215e+02
1.085132111874561645e+02
1.087006177403474680e+02
1.088872535342111405e+02
1.090731139444658027e+02
1.092581942474136696e+02
1.094424895548757490e+02
1.096259947527484542e+02
1.098087044453055796e+02
1.099906129068827880e+02
1.101717140423453998e+02
1.103520013574626546e+02
1.105314679400294580e+02
1.107101064522434370e+02
1.108879091345967396e+02
1.110648678212618421e+02
1.112409739667405830e+02
1.114162186833614214e+02
1.115905927890404570e+02
1.117640868645678438e+02
1.119366913195344466e+02
1.121083964658147636e+02
1.122791925973525622e+02
1.124490700747792289e+02
1.126180194131392938e+02
1.127860313708165592e+02
1.129530970375096643e+02
1.131192079189302007e+02
1.132843560157773055e+02
1.134485338944448642e+02
1.136117347469301961e+02
1.137739524374650699e+02
1.139351815335546121e+02
1.140954173193466090e+02
1.142546557895631594e+02
1.144128936226580038e+02
1.145701281323528775e+02
1.147263571973034715e+02
1.148815791693132695e+02
1.150357927612630107e+02
1.151889969167197592e+02
1.153411906639812088e+02
1.154923729581053635e+02
1.156425425151828961e+02
1.157916976436900995e+02
1.159398360781873549e+02
1.160869548208454063e+02
1.162330499962603056e+02
1.163781167247676649e+02
1.165221490189054947e+02
1.166651397069816340e+02
1.168070803867075682e+02
1.169479614108295067e+02
1.170877719056000359e+02
1.172264998219120571e+02
1.173641320180947645e+02
1.175006543727638757e+02
1.176360519257733870e+02
1.177703090451933576e+02
1.179034096182257230e+02
1.180353372639124956e+02
1.181660755653196730e+02
1.182956083183878775e+02
1.184239197938801311e+02
1.185509950078171784e+02
1.186768199945505557e+02
1.188013820753219534e+02
1.189246701139147859e+02
1.190466747498836355e+02
1.191673885990420274e+02
1.192868064104625034e+02
1.194049251694486173e+02
1.195217441368740907e+02
1.196372648171572735e+02
1.197514908499131536e+02
1.198644278238801917e+02
1.199760830157442371e+02
1.200864650605960691e+02
1.201955835645611188e+02
1.203034486733123742e+02
1.204100706125977069e+02
1.205154592184680098e+02
1.206196234755242358e+02
1.207225710810979109e+02
1.208243080515510712e+02
1.209248383836946772e+02
1.210241637798279868e+02
1.211222834396265569e+02
1.212191939171825226e+02
1.213148890381263527e+02
1.214093598707788999e+02
1.215025947468845970e+02
1.215945793308601282e+02
1.216852967402772663e+02
1.217747277231053573e+02
1.218628508981516347e+02
1.219496430640722480e+02
1.220350795798519528e+02
1.221191348164127390e+02
1.222017826755795937e+02
1.222829971689989321e+02
1.223627530456905959e+02
1.224410264526229355e+02
1.225177956083418565e+02
1.225930414657704404e+02
1.226667483374618826e+02
1.227389044552953834e+02
1.228095024367681418e+02
1.228785396313838589e+02
1.229460183227032530e+02
1.230119457643926779e+02
1.230763340326668356e+02
1.231391996837363507e+02
1.232005632140331244e+02
1.232604483325918778e+02
1.233188810673717057e+02
1.233758887377839528e+02
1.234314988317806154e+02
1.234857378269463908e+02
1.235386299929279801e+02
1.235901962112927066e+02
1.236404528521892132e+02
1.236894107554196154e+02
1.237370743723517563e+02
1.237834411266962178e+02
1.238285010395792511e+02
1.238722366366511096e+02
1.239146231189004936e+02
1.239556287467770375e+02
1.239952153705808087e+02
1.240333390447426041e+02
1.240699506876533889e+02
1.241049967845288364e+02
1.241384201674541004e+02
1.241701609323154543e+02
1.242001575563024147e+02
1.242283482578328346e+02
1.242546725989162013e+02
1.242790732832349647e+02
1.243014980684365725e+02
1.243219016975973403e+02
1.243402477591386770e+02
1.243565103939112646e+02
1.243706757692838067e+02
1.243827432276275999e+02
1.243927259974183102e+02
1.244006513450525659e+02
1.244065600612656795e+02
1.244105052256269630e+02
1.244125502703872712e+02
1.244127664520716223e+02
1.244112299109718833e+02
1.244080185333666151e+02
1.244032088190824084e+02
1.243968729069919448e+02
1.243890758516113806e+02
1.243798732107671015e+02
1.243693090155472589e+02
1.243574142301391845e+02
1.243442058194326165e+02
1.243296864803683661e+02
1.243138449631803155e+02
1.242966567785576331e+02
1.242780850462943789e+02
1.242580813307805698e+02
1.242365864792174790e+02
1.242135316203867461e+02
1.241888395069068594e+02
1.241624262870393522e+02
1.241342036488537559e+02
1.241040811884506070e+02
1.240719688690268327e+02
1.240377795355696264e+02
1.240014315508604312e+02
1.239628516471909592e+02
1.239219780266778486e+02
1.238787636302135269e+02
1.238331793796141369e+02
1.237852171021682750e+02
1.237348917826824959e+02
1.236822427897906920e+02
1.236273338373171100e+02
1.235702516569489688e+02
1.235111035609949397e+02
1.234500141142357990e+02
1.233871209770708646e+02
1.233225697834134564e+02
1.232565079207864045e+02
1.231890774188664608e+02
1.231204077064572573e+02
1.230506094232159029e+02
1.229797704023924325e+02
1.229079542340986535e+02
1.228352007201922902e+02
1.227615266174004063e+02
1.226869249713461727e+02
1.226113623540035462e+02
1.225347750074519126e+02
1.224570662192429040e+02
1.223781072300224935e+02
1.222977425109839515e+02
1.222157982714723801e+02
1.221320917764082026e+02
1.220464391125006074e+02
1.219586602364640271e+02
1.218685816943747824e+02
1.217760384791648818e+02
1.216808766619118956e+02
1.215829578452290605e+02
1.214821655941090341e+02
1.213784131286525536e+02
1.212716508647937275e+02
1.211618720904951232e+02
1.210491154831472755e+02
1.209334642900500114e+02
1.208150431402893190e+02
1.206940137545639544e+02
1.205705700834733705e+02
1.204449324462231914e+02
1.203173400758993523e+02
1.201880422304462286e+02
1.200572887611107973e+02
1.199253207736387736e+02
1.197923610546445161e+02
1.196586037728972371e+02
1.195242044675953252e+02
1.193892730522906191e+02
1.192538720381574251e+02
1.191180192514936351e+02
1.189816918124661100e+02
1.188448285601634637e+02
1.187073307695557673e+02
1.185690631928838172e+02
1.184298574812979865e+02
1.182895184899165741e+02
1.181478325319699820e+02
1.180045763064500193e+02
1.178595256493762520e+02
1.177124637018048645e+02
1.175631883438462353e+02
1.174115190252257150e+02
1.172573033518885524e+02
1.171004235783217950e+02
1.169408025123424437e+02
1.167784078658954314e+02
1.166132543241780866e+02
1.164454034651055423e+02
1.162749624715076635e+02
1.161020825569054722e+02
1.159269569961937805e+02
1.157498175046571731e+02
1.155709277882829440e+02
1.153905747409084057e+02
1.152090595216601514e+02
1.150266905567408315e+02
1.148437781605178429e+02
1.146606281165248475e+02
1.144775314296812070e+02
1.142947497901341052e+02
1.141124993402871013e+02
1.139309366222092734e+02
1.137501489186727355e+02
1.135701483131577163e+02
1.133908677111935361e+02
1.132121587249637855e+02
1.130337939018823192e+02
1.128554767646924688e+02
1.126768612362888859e+02
1.124975779176965460e+02
1.123172605319515185e+02
1.121355644614089897e+02
1.119521728775711864e+02
1.117667932258636370e+02
1.115791524860389075e+02
1.113889993086421555e+02
1.111961157627401064e+02
1.110003350750672126e+02
1.108015576746368538e+02
1.105997582341630050e+02
1.103949818164436039e+02
1.101873341574098362e+02
1.099769732150793686e+02
1.097641047092709812e+02
1.095489798183466661e+02
1.093318939203768139e+02
1.091131868376162117e+02
1.088932410469176659e+02
1.086724697458032693e+02
1.084512919109436950e+02
1.082301039471518465e+02
1.080092618623668983e+02
1.077890772778819866e+02
1.075698170195630041e+02
1.073516946484383254e+02
1.071348528582260826e+02
1.069193457530147953e+02
1.067051304883923279e+02
1.064920701974044022e+02
1.062799431620155133e+02
1.060684537242072167e+02
1.058572463198288460e+02
1.056459268055430556e+02
1.054340907638748348e+02
1.052213514614047938e+02
1.050073581062580672e+02
1.047918005572104221e+02
1.045744052120666083e+02
1.043549311425615400e+02
1.041331730353134049e+02
1.039089720946486040e+02
1.036822313108722398e+02
1.034529273872596207e+02
1.032211107842868785e+02
1.029868935886217258e+02
1.027504388161451772e+02
1.025119667092886147e+02
1.022717730735948720e+02
1.020302322143645455e+02
1.017877659741300818e+02
1.015447976690929721e+02
1.013017292817448549e+02
1.010589534387364239e+02
1.008168711547923806e+02
1.005758836222973542e+02
1.003363614333915024e+02
1.000986187947848833e+02
9.986290614830912205e+01
9.962941002152402348e+01
9.939824944493120995e+01
9.916947551932021554e+01
9.894308249509921893e+01
9.871902131087102816e+01
9.849719755337312677e+01
9.827745058024211744e+01
9.805953137253192153e+01
9.784309933546794014e+01
9.762774145502132228e+01
9.741299950694288157e+01
9.719838950085079432e+01
9.698341205504384277e+01
9.676756533810724648e+01
9.655036792552206748e+01
9.633138446203182070e+01
9.611024372645391622e+01
9.588665167454604443e+01
9.566041117388890314e+01
9.543144801411393985e+01
9.519982141191742642e+01
9.496569618355825071e+01
9.472928318621907806e+01
9.449078826112337026e+01
9.425040976115317903e+01
9.400838378760734315e+01
9.376503227862902179e+01
9.352076786091735983e+01
9.327605229949573129e+01
9.303134503916763265e+01
9.278707389045989373e+01
9.254362503237058490e+01
9.230133185064889290e+01
9.206046074656129008e+01
9.182121349490837758e+01
9.158375373424249233e+01
9.134823460164943754e+01
9.111479789698584852e+01
9.088354112919634531e+01
9.065447610203867157e+01
9.042750486471678073e+01
9.020242017259906220e+01
8.997891983376035796e+01
8.975662216275026140e+01
8.953508008584790900e+01
8.931380073262678820e+01
8.909227599017809496e+01
8.887001954916932789e+01
8.864659805025524975e+01
8.842164640526981145e+01
8.819486760223119859e+01
8.796602546696598779e+01
8.773493980454760788e+01
8.750149054484906230e+01
8.726563377201931360e+01
8.702742350683531924e+01
8.678701935556122748e+01
8.654465946562444856e+01
8.630060563695384701e+01
8.605510147424708123e+01
8.580838114186634868e+01
8.556071778473723555e+01
8.531245737022582887e+01
8.506399884794835486e+01
8.481574253640565075e+01
8.456806520216281342e+01
8.432134810376055611e+01
8.407602052630785749e+01
8.383255969838843669e+01
8.359143157438244032e+01
8.335301502405862095e+01
8.311756244712530872e+01
8.288520980863356158e+01
8.265600817967968794e+01
8.242994423219666089e+01
8.220694037443449531e+01
8.198684586730075807e+01
8.176943135096885840e+01
8.155438933269896040e+01
8.134133886685880555e+01
8.112983625967885359e+01
8.091939532111257449e+01
8.070951564915280585e+01
8.049971148356361539e+01
8.028953348668882484e+01
8.007858114532841398e+01
7.986650911426367827e+01
7.965303129525837278e+01
7.943792107306778405e+01
7.922100321353765651e+01
7.900214177901287371e+01
7.878124107872031345e+01
7.855827081900443432e+01
7.833329875688579591e+01
7.810649521310294574e+01
7.787809342334996643e+01
7.764833368536845626e+01
7.741743976719249076e+01
7.718564578991515646e+01
7.695323934543655753e+01
7.672056859595498679e+01
7.648799812336508808e+01
7.625585037747801209e+01
7.602438226247686259e+01
7.579381030298563360e+01
7.556435339041659915e+01
7.533625230526261873e+01
7.510975316543628821e+01
7.488507490197676475e+01
7.466238797886080647e+01
7.444181251808012689e+01
7.422342322744744081e+01
7.400724694436458151e+01
7.379325283467210284e+01
7.358134565753520917e+01
7.337136859243921094e+01
7.316311243362977734e+01
7.295632415172191543e+01
7.275071080597528805e+01
7.254593954217834550e+01
7.234163771423042988e+01
7.213739719830202546e+01
7.193278343899550009e+01
7.172734646667417735e+01
7.152063265511861800e+01
7.131220080468044387e+01
7.110164691850856400e+01
7.088863488171075744e+01
7.067292122592442638e+01
7.045436199845815395e+01
7.023290132848110545e+01
7.000855425614969363e+01
6.978139717995686908e+01
6.955156673580597726e+01
6.931925658469033635e+01
6.908470600980440679e+01
6.884818961549855487e+01
6.861002180994546507e+01
6.837057200097052601e+01
6.813026648715351996e+01
6.788956037848150515e+01
6.764889505938765524e+01
6.740867637805150991e+01
6.716928948584738635e+01
6.693112780450513810e+01
6.669459935406744933e+01
6.646009860701934713e+01
6.622796673812275969e+01
6.599847137037598088e+01
6.577181543367299810e+01
6.554815935401474292e+01
6.532763435099468552e+01
6.511033765252273042e+01
6.489631701993556590e+01
6.468555782913928454e+01
6.447798044741394108e+01
6.427344752385647553e+01
6.407177590064542017e+01
6.387274615098142760e+01
6.367610430086425310e+01
6.348155571108385686e+01
6.328875734748534398e+01
6.309731666406253225e+01
6.290680167470130613e+01
6.271676094161487924e+01
6.252674829415643387e+01
6.233634626052528205e+01
6.214518307495826832e+01
6.195293994017836781e+01
6.175934898962474051e+01
6.156418790094586058e+01
6.136727997546939406e+01
6.116850331999324197e+01
6.096780111507957400e+01
6.076517806176441638e+01
6.056067670158289928e+01
6.035434684506582670e+01
6.014623216186508614e+01
5.993638586279527658e+01
5.972490177698983871e+01
5.951193291032661392e+01
5.929768090569038463e+01
5.908236576661293782e+01
5.886620130726458910e+01
5.864939386028511592e+01
5.843215867763598936e+01
5.821473251062438692e+01
5.799736586336683786e+01
5.778029764391583711e+01
5.756372985759394822e+01
5.734781868233616109e+01
5.713268456587464783e+01
5.691843084842562916e+01
5.670515735021599824e+01
5.649296210991565204e+01
5.628193374530434312e+01
5.607214154276142892e+01
5.586362869170525158e+01
5.565640975722870110e+01
5.545047086782545165e+01
5.524577121910390787e+01
5.504224550113880809e+01
5.483980696647223851e+01
5.463835019381729552e+01
5.443775253220928789e+01
5.423787440649742564e+01
5.403856015841946459e+01
5.383964138447829129e+01
5.364094347077976010e+01
5.344229419087543675e+01
5.324353197394928827e+01
5.304451136564953373e+01
5.284510441900176403e+01
5.264519894108200049e+01
5.244469663310232477e+01
5.224351464012861612e+01
5.204159193721483945e+01
5.183889819858536185e+01
5.163543990637887759e+01
5.143125896849738865e+01
5.122642326492922393e+01
5.102101363655406630e+01
5.081511407351555221e+01
5.060880931296995300e+01
5.040218838837484583e+01
5.019534825802333700e+01
4.998839227976355915e+01
4.978142371545790468e+01
4.957453981100571383e+01
4.936783196993162193e+01
4.916139171117805517e+01
4.895531599642956877e+01
4.874970531202050950e+01
4.854465410100961975e+01
4.834023997369556724e+01
4.813651926328687125e+01
4.793353117473888148e+01
4.773130613376860509e+01
4.752987173730057435e+01
4.732925305365864688e+01
4.712946914896182449e+01
4.693053015141037321e+01
4.673243762370680798e+01
4.653518764649152217e+01
4.633877383336373157e+01
4.614318787688915080e+01
4.594841731915468586e+01
4.575444215435897632e+01
4.556123231665721818e+01
4.536874721995582149e+01
4.517693731379865341e+01
4.498574684111683553e+01
4.479511664023327455e+01
4.460498576053440445e+01
4.441529102459873712e+01
4.422596463778777576e+01
4.403693114502788575e+01
4.384810569371879296e+01
4.365939519824912196e+01
4.347070282568956401e+01
4.328193492047373070e+01
4.309300868646270288e+01
4.290385883689950930e+01
4.271444179592289458e+01
4.252473664062299719e+01
4.233474279007412377e+01
4.214447552924487894e+01
4.195396152105373488e+01
4.176323679037471948e+01
4.157234859249528824e+01
4.138136024429763182e+01
4.119035563797003618e+01
4.099943947690029233e+01
4.080873116400552192e+01
4.061835387755663618e+01
4.042842340373885435e+01
4.023904161498759890e+01
4.005029674416007879e+01
3.986226860630009838e+01
3.967503429811696236e+01
3.948867024315282492e+01
3.930324927289784398e+01
3.911883470866104062e+01
3.893547502738385901e+01
3.875320184374606214e+01
3.857203148674075521e+01
3.839196817798334394e+01
3.821300616119082605e+01
3.803512927757994788e+01
3.785830843543239155e+01
3.768249883378302201e+01
3.750763889658202288e+01
3.733365183615586602e+01
3.716044940490863269e+01
3.698793651641716451e+01
3.681601536659727003e+01
3.664458828243432720e+01
3.647355928786975454e+01
3.630283485119272058e+01
3.613232430284326568e+01
3.596194015388558540e+01
3.579159830649406615e+01
3.562121811442864328e+01
3.545072238596556957e+01
3.528003755034582412e+01
3.510909418674882687e+01
3.493782793373967621e+01
3.476618057796532213e+01
3.459410101473726229e+01
3.442154584600578460e+01
3.424847957060261905e+01
3.407487449772741428e+01
3.390071058499971457e+01
3.372597536347706182e+01
3.355066401906564977e+01
3.337477960697027157e+01
3.319833330817405681e+01
3.302134460032809216e+01
3.284384121608672302e+01
3.266585880903112127e+01
3.248744033867447456e+01
3.230863529465761985e+01
3.212949895894149677e+01
3.195009190905294361e+01
3.177047987873097057e+01
3.159073393948091990e+01
3.141093080693795159e+01
3.123115297916905320e+01
3.105148842824641520e+01
3.087202969515630357e+01
3.069287243631409368e+01
3.051411365972318990e+01
3.033584998976308356e+01
3.015817626451083200e+01
2.998118461128628098e+01
2.980496393881940165e+01
2.962959963064905722e+01
2.945517320036494624e+01
2.928176177903984723e+01
2.910943747442716045e+01
2.893826676098098716e+01
2.876831005324973844e+01
2.859962148906634383e+01
2.843224879015581052e+01
2.826623298895812653e+01
2.810160787625962087e+01
2.793839920631283746e+01
2.777662388752932188e+01
2.761628946814722596e+01
2.745739414145205970e+01
2.729992728779087940e+01
2.714387035728416109e+01
2.698919779533014207e+01
2.683587777105686101e+01
2.668387264156106298e+01
2.653313926671286538e+01
2.638362938078164888e+01
2.623529018896743281e+01
2.608806522411377316e+01
2.594189535149042314e+01
2.579671972468203833e+01
2.565247650938017188e+01
2.550910328848303266e+01
2.536653718944804936e+01
2.522471487478745189e+01
2.508357257102356641e+01
2.494304627606128832e+01
2.480307220456535333e+01
2.466358744254743129e+01
2.452453071707413557e+01
2.438584315985290019e+01
2.424746895361008825e+01
2.410935578697626980e+01
2.397145509282805165e+01
2.383372209281237986e+01
2.369611570599962036e+01
2.355859839598669225e+01
2.342113602800093730e+01
2.328369779046024846e+01
2.314625621126915078e+01
2.300878727446247396e+01
2.287127062187173365e+01
2.273368980901482317e+01
2.259603257467542647e+01
2.245829107951822223e+01
2.232046207066171917e+01
2.218254693665128485e+01
2.204455163074744206e+01
2.190648645891678115e+01
2.176836575008618624e+01
2.163020744640738968e+01
2.149203266593469053e+01
2.135386529504816622e+01
2.121573166055127402e+01
2.107766031198060830e+01
2.093968191689772240e+01
2.080182924218950546e+01
2.066413717020235907e+01
2.052664268634610778e+01
2.038938477819956319e+01
2.025240420467426361e+01
2.011574312313340585e+01
1.997944459537864503e+01
1.984355202197620116e+01
1.970810857135517224e+01
1.957315667117897462e+01
1.943873761441647119e+01
1.930489130531731234e+01
1.917165613843059546e+01
1.903906897546246313e+01
1.890716516756220145e+01
1.877597856857657277e+01
1.864554149746515321e+01
1.851588463074976332e+01
1.838703683134218636e+01
1.825902494089175221e+01
1.813187357348911632e+01
1.800560494722303062e+01
1.788023877850090315e+01
1.775579224679383117e+01
1.763228002025752161e+01
1.750971432051621335e+01
1.738810500065647346e+01
1.726745961435748100e+01
1.714778346385730501e+01
1.702907962644835749e+01
1.691134896962055834e+01
1.679459017098884033e+01
1.667879975965074024e+01
1.656397219122665732e+01
1.645009996147399889e+01
1.633717375549533912e+01
1.622518262336374661e+01
1.611411416983130351e+01
1.600395474591695333e+01
1.589468963291068171e+01
1.578630321336932063e+01
1.567877912763167814e+01
1.557210041718004412e+01
1.546624965734477897e+01
1.536120908153792364e+01
1.525696069799971077e+01
1.515348639871398895e+01
1.505076805932791650e+01
1.494878762893188195e+01
1.484752720936399584e+01
1.474696912495516266e+01
1.464709598482547470e+01
1.454789074054125209e+01
1.444933674187129569e+01
1.435141779257462602e+01
1.425411820684491460e+01
1.415742286564881347e+01
1.406131727111663032e+01
1.396578759665829672e+01
1.387082073066192223e+01
1.377640431234478768e+01
1.368252675931116258e+01
1.358917728731015551e+01
1.349634592332945893e+01
1.340402351339005627e+01
1.331220172622775877e+01
1.322087305360429355e+01
1.313003080745094486e+01
1.303966911360836889e+01
1.294978290169589386e+01
1.286036789067208375e+01
1.277142056988883212e+01
1.268293817580830662e+01
1.259491866491935852e+01
1.250736068366914644e+01
1.242026353634638269e+01
1.233362715181165647e+01
1.224745204980023416e+01
1.216173930727834573e+01
1.207649052509459686e+01
1.199170779497660533e+01
1.190739366681582112e+01
1.182355111616797672e+01
1.174018351194623655e+01
1.165729458437257726e+01
1.157488839334760655e+01
1.149296929746454232e+01
1.141154192392510325e+01
1.133061113959387356e+01
1.125018202337976980e+01
1.117025984005030281e+01
1.109085001550015015e+01
1.101195811341060704e+01
1.093358981316669620e+01
1.085575088884792372e+01
1.077844718907973665e+01
1.070168461752237654e+01
1.062546911378489867e+01
1.054980663457926582e+01
1.047470313496844163e+01
1.040016454961809877e+01
1.032619677402211344e+01
1.025280564573989395e+01
1.017999692575338599e+01
1.010777628011448037e+01
1.003614926210929781e+01
9.965121295202681750e+00
9.894697657044575934e+00
9.824883464812572242e+00
9.755683662133177947e+00
9.687103007771561636e+00
9.619146066205475520e+00
9.551817200118779994e+00
9.485120564764333295e+00
9.419060104068089245e+00
9.353639548283402050e+00
9.288862412961567117e+00
9.224731998984291081e+00
9.161251393408790022e+00
9.098423470899575705e+00
9.036250895563060936e+00
8.974736123049829928e+00
8.913881402844200608e+00
8.853688780708219852e+00
8.794160101292460396e+00
8.735297010950645813e+00
8.677100960818766140e+00
8.619573210217236436e+00
8.562714830432911484e+00
8.506526708921510860e+00
8.451009553950299846e+00
8.396163899681672760e+00
8.341990111675915642e+00
8.288488392773729174e+00
8.235658789306805616e+00
8.183501197574669206e+00
8.132015370522521991e+00
8.081200924554961418e+00
8.031057346424512744e+00
7.981584000138621349e+00
7.932780133837843195e+00
7.884644886604743164e+00
7.837177295171762204e+00
7.790376300503071505e+00
7.744240754233375768e+00
7.698769424950419271e+00
7.653961004313568850e+00
7.609814113004329528e+00
7.566327306506514638e+00
7.523499080715364329e+00
7.481327877376519275e+00
7.439812089355140934e+00
7.398950065735773407e+00
7.358740116752887417e+00
7.319180518551034353e+00
7.280269517772850918e+00
7.242005335972841351e+00
7.204386173852411090e+00
7.167410215313455346e+00
7.131075631325107800e+00
7.095380583600032764e+00
7.060323228075588098e+00
7.025901718196212897e+00
6.992114207994474917e+00
6.958958854968778418e+00
6.926433822757198655e+00
6.894537283607952816e+00
6.863267420649069805e+00
6.832622429960538923e+00
6.802600522453825960e+00
6.773199925565163149e+00
6.744418884769242339e+00
6.716255664921878754e+00
6.688708551440047501e+00
6.661775851328060938e+00
6.635455894059603565e+00
6.609747032324333027e+00
6.584647642648280730e+00
6.560156125896678070e+00
6.536270907666666297e+00
6.512990438578198038e+00
6.490313194469272240e+00
6.468237676502090139e+00
6.446762411184884023e+00
6.425885950315566753e+00
6.405606870849762657e+00
6.385923774698407662e+00
6.366835288457600939e+00
6.348340063073679040e+00
6.330436773446629140e+00
6.313124117973924143e+00
6.296400818037788838e+00
6.280265617437903458e+00
6.264717281772282043e+00
6.249754597768754749e+00
6.235376372569761294e+00
6.221581432973240844e+00
6.208368624632136346e+00
6.195736811216192130e+00
6.183684873538966897e+00
6.172211708652596052e+00
6.161316228915133308e+00
6.150997361032700894e+00
6.141254045080779100e+00
6.132085233507635458e+00
6.123489890124235835e+00
6.115466989083939708e+00
6.108015513855521661e+00
6.101134456193941347e+00
6.094822815111598402e+00
6.089079595854298255e+00
6.083903808885959386e+00
6.079294468884568481e+00
6.075250593754303097e+00
6.071771203656158633e+00
6.068855320061586234e+00
6.066501964832113458e+00
6.064710159328384975e+00
6.063478923552697353e+00
6.062807275327188883e+00
6.062694229512732846e+00
6.063138797270317681e+00
6.064139985369298103e+00
6.065696795545312270e+00
6.067808223911181464e+00
6.070473260424080308e+00
6.073690888412118127e+00
6.077460084163216258e+00
6.081779816579441444e+00
6.086649046899879956e+00
6.092066728494105909e+00
6.098031806730091375e+00
