8.208402778970529112e-02
9.022944753654804639e-02
7.023814553922759496e-02
5.666955007616406720e-02
4.734859160605978112e-02
4.089761981721735246e-02
3.642554211059017416e-02
3.334438783937883344e-02
3.125882869272912645e-02
2.989831101062024113e-02
2.907456636337551678e-02
2.865452458967981952e-02
2.854274615521934164e-02
2.866984096458094836e-02
2.898471475996149821e-02
2.944930158975413506e-02
3.003493529171481075e-02
3.071981694181470657e-02
3.148722504730941396e-02
3.232423555873260856e-02
3.322079608821768698e-02
3.416904907769723054e-02
3.516283187795828102e-02
3.619730387732082721e-02
3.726866579675437025e-02
3.837394649513366923e-02
3.951083968451505474e-02
4.067757787274631220e-02
4.187283431070305123e-02
4.309564617845043633e-02
4.434535400497258834e-02
4.562155358809393685e-02
4.692405760798346037e-02
4.825286480820172724e-02
4.960813512192289304e-02
5.099016949647096342e-02
5.239939345127435366e-02
5.383634361756688830e-02
5.530165667045136568e-02
5.679606018831593467e-02
5.832036507047743540e-02
5.987545921833178214e-02
6.146230224337453918e-02
6.308192101107266969e-02
6.473540586560334875e-02
6.642390740914219660e-02
6.814863373229564092e-02
6.991084801073693678e-02
7.171186639806233221e-02
7.355305615711660305e-02
7.543583398208966728e-02
7.736166447204093077e-02
7.933205872350782006e-02
8.134857301577079480e-02
8.341280756741024927e-02
8.552640534716224319e-02
8.769105092589241091e-02
8.990846935987657773e-02
9.218042509857816980e-02
9.450872091280244913e-02
9.689519684154412893e-02
9.934172915806524506e-02
1.018502293577534940e-01
1.044226431721530512e-01
1.070609496152365586e-01
1.097671600694793692e-01
1.125433174206652148e-01
1.153914952515106840e-01
1.183137971052238419e-01
1.213123558309314037e-01
1.243893330235696787e-01
1.275469185712833076e-01
1.307873303236249396e-01
1.341128138939040038e-01
1.375256426088412587e-01
1.410281176182938134e-01
1.446225681771810267e-01
1.483113521108706534e-01
1.520968564741734252e-01
1.559814984127759485e-01
1.599677262343158768e-01
1.640580206945315700e-01
1.682548965018454967e-01
1.725609040414876338e-01
1.769786313177945936e-01
1.815107061106249475e-01
1.861597983390188560e-01
1.909286226221744431e-01
1.958199410246927730e-01
2.008365659697592398e-01
2.059813633005912747e-01
2.112572554670820724e-01
2.166672248111565224e-01
2.222143169209677693e-01
2.279016440207622118e-01
2.337323883600083141e-01
2.397098055623784474e-01
2.458372278923096899e-01
2.521180673943176909e-01
2.585558188579387684e-01
2.651540625592920253e-01
2.719164667286901871e-01
2.788467896926649647e-01
2.859488816381445808e-01
2.932266859464132125e-01
3.006842400448871411e-01
3.083256757257494818e-01
3.161552188819724551e-01
3.241771886134336977e-01
3.323959956585179065e-01
3.408161401098759868e-01
3.494422083769386234e-01
3.582788693621875020e-01
3.673308698232674585e-01
3.766030288985468544e-01
3.861002317798823413e-01
3.958274225229386212e-01
4.057895959925509333e-01
4.159917889481472564e-01
4.264390702822606904e-01
4.371365304335321778e-01
4.480892700042816701e-01
4.593023876217360302e-01
4.707809670911951572e-01
4.825300638987196633e-01
4.945546911303863591e-01
5.068598048844589199e-01
5.194502892620730394e-01
5.323309410309908785e-01
5.455064540655839567e-01
5.589814036742468684e-01
5.727602309329261621e-01
5.868472271500293491e-01
6.012465185937324597e-01
6.159620516172776838e-01
6.309975783212937728e-01
6.463566428941520670e-01
6.620425687719903030e-01
6.780584467589082509e-01
6.944071242451312909e-01
7.110911956563855663e-01
7.281129942613818740e-01
7.454745854559615692e-01
7.631777616324477709e-01
7.812240387306095268e-01
7.996146545529104754e-01
8.183505689110905923e-01
8.374324656539701150e-01
8.568607566076965609e-01
8.766355874397144810e-01
8.967568454366399155e-01
9.172241691644670292e-01
9.380369599569829964e-01
9.591943951556956005e-01
9.806954430019541036e-01
1.002538879059797106e+00
1.024723304026688986e+00
1.047247162769259665e+00
1.070108764402400325e+00
1.093306303213635644e+00
1.116837880220227230e+00
1.140701525134881766e+00
1.164895218507304930e+00
1.189416913803327036e+00
1.214264559181513325e+00
1.239436118728680203e+00
1.264929592921329338e+00
1.290743038088878913e+00
1.316874584667487857e+00
1.343322454049292292e+00
1.370084973851459553e+00
1.397160591451447109e+00
1.424547885659819935e+00
1.452245576428544904e+00
1.480252532520673237e+00
1.508567777096494922e+00
1.537190491200248976e+00
1.566120015160541890e+00
1.595355847945532313e+00
1.624897644540660435e+00
1.654745211441428054e+00
1.684898500376341479e+00
1.715357600395236437e+00
1.746122728475594688e+00
1.777194218814020399e+00
1.808572510982076498e+00
1.840258137134667571e+00
1.872251708465782150e+00
1.904553901110733971e+00
1.937165441695745338e+00
1.970087092735874679e+00
2.003319638080309772e+00
2.036863868600121030e+00
2.070720568308419995e+00
2.104890501095340927e+00
2.139374398251430165e+00
2.174172946942097617e+00
2.209286779782510202e+00
2.244716465647356607e+00
2.280462501832145161e+00
2.316525307662731681e+00
2.352905219627645206e+00
2.389602488082937626e+00
2.426617275553191622e+00
2.463949656624198070e+00
2.501599619393912288e+00
2.539567068419311013e+00
2.577851829068145140e+00
2.616453653157390757e+00
2.655372225735242342e+00
2.694607172841832821e+00
2.734158070065896062e+00
2.774024451701297078e+00
2.814205820299167549e+00
2.854701656408681121e+00
2.895511428301958734e+00
2.936634601487070118e+00
2.978070647826116968e+00
3.019819054093240585e+00
3.061879329829034990e+00
3.104251014372667150e+00
3.146933682979513147e+00
3.189926951960397439e+00
3.233230482805943939e+00
3.276843985287164696e+00
3.320767219548294680e+00
3.364999997231057804e+00
3.409542181688751672e+00
3.454393687365238996e+00
3.499554478425516812e+00
3.545024566733497196e+00
3.590804009276618913e+00
3.636892905138402465e+00
3.683291392117381324e+00
3.729999643086514105e+00
3.777017862179972152e+00
3.824346280886026239e+00
3.871985154115784145e+00
3.919934756307609458e+00
3.968195377618614739e+00
4.016767320245398842e+00
4.065650894909172308e+00
4.114846417533619238e+00
4.164354206138927594e+00
4.214174577971201430e+00
4.264307846883530928e+00
4.314754320983013258e+00
4.365514300556318616e+00
4.416588076285561826e+00
4.467975927764854305e+00
4.519678122327289493e+00
4.571694914190023162e+00
4.624026543923942967e+00
4.676673238251256137e+00
4.729635210172326687e+00
4.782912659418753876e+00
4.836505773226831728e+00
4.890414727421069863e+00
4.944639687794099459e+00
4.999180811764949439e+00
5.054038250295263879e+00
5.109212150039527778e+00
5.164702655703719003e+00
5.220509912585873380e+00
5.276634069270982330e+00
5.333075280453917877e+00
5.389833709864996436e+00
5.446909533274831183e+00
5.504302941557887685e+00
5.562014143797192389e+00
5.620043370415563011e+00
5.678390876322808367e+00
5.737056944070584308e+00
5.796041887010180638e+00
5.855346052450737915e+00
5.914969824817189803e+00
5.974913628808593558e+00
6.035177932557752811e+00
6.095763250793383214e+00
6.156670148004481646e+00
6.217899241605665317e+00
6.279451205099428002e+00
6.341326771229662818e+00
6.403526735116409796e+00
6.466051957360154923e+00
6.528903367099262667e+00
6.592081965002138944e+00
6.655588826171539019e+00
6.719425102936544825e+00
6.783592027504885991e+00
6.848090914446448352e+00
6.912923162978391822e+00
6.978090259020429897e+00
7.043593776990276112e+00
7.109435381309489266e+00
7.175616827591586144e+00
7.242139963486640575e+00
7.309006729159380988e+00
7.376219157380783820e+00
7.443779373217447315e+00
7.511689593306547508e+00
7.579952124708266403e+00
7.648569363332845761e+00
7.717543791941896991e+00
7.786877977729900202e+00
7.856574569494015670e+00
7.926636294404709737e+00
7.997065954393529630e+00
8.067866422176271257e+00
8.139040636933501105e+00
8.210591599671635876e+00
8.282522368290555548e+00
8.354836052383971534e+00
8.427535807800813572e+00
8.500624830995828773e+00
8.574106353198139630e+00
8.647983634426335442e+00
8.722259957378199147e+00
8.796938621222682997e+00
8.872022935320403647e+00
8.947516212897951959e+00
9.023421764699781633e+00
9.099742892639355318e+00
9.176482883469368801e+00
9.253645002488944726e+00
9.331232487302475676e+00
9.409248541643162156e+00
9.487696329270221440e+00
9.566578967947267031e+00
9.645899523505205408e+00
9.725661003990406783e+00
9.805866353896101728e+00
9.886518448471502296e+00
9.967620088101096343e+00
1.004917399274279255e+01
1.013118279641299502e+01
1.021364904170284937e+01
1.029657517431006752e+01
1.037996353756817314e+01
1.046381636695604911e+01
1.054813578456921519e+01
1.063292379353612738e+01
1.071818227236427923e+01
1.080391296920165090e+01
1.089011749600391354e+01
1.097679732259984675e+01
1.106395377065221730e+01
1.115158800751645707e+01
1.123970104000417258e+01
1.132829370806546798e+01
1.141736667840904929e+01
1.150692043808654752e+01
1.159695528807333176e+01
1.168747133688478179e+01
1.177846849427281661e+01
1.186994646505386619e+01
1.196190474312385987e+01
1.205434260572045346e+01
1.214725910799692521e+01
1.224065307797341262e+01
1.233452311193403439e+01
1.242886757033765477e+01
1.252368457431005844e+01
1.261897200278253983e+01
1.271472749033914518e+01
1.281094842583010163e+01
1.290763195180415757e+01
1.300477496480521111e+01
1.310237411657294082e+01
1.320042581617758870e+01
1.329892623311249800e+01
1.339787130135827020e+01
1.349725672442393609e+01
1.359707798136169288e+01
1.369733033374329523e+01
1.379800883357802022e+01
1.389910833214304553e+01
1.400062348969158954e+01
1.410254878599588402e+01
1.420487853167647074e+01
1.430760688026487593e+01
1.441072784094097337e+01
1.451423529188379646e+01
1.461812299417127825e+01
1.472238460616239841e+01
1.482701369829448623e+01
1.493200376822657738e+01
1.503734825626152372e+01
1.514304056097797080e+01
1.524907405500675672e+01
1.535544210088427519e+01
1.546213806692043669e+01
1.556915534301734816e+01
1.567648735637862423e+01
1.578412758704869390e+01
1.589206958322484731e+01
1.600030697628447030e+01
1.610883349547101773e+01
1.621764298218262468e+01
1.632672940380823334e+01
1.643608686705410094e+01
1.654570963070498735e+01
1.665559211776213289e+01
1.676572892690019501e+01
1.687611484318283672e+01
1.698674484797809470e+01
1.709761412801197622e+01
1.720871808349922105e+01
1.732005233529070765e+01
1.743161273097859265e+01
1.754339534990061011e+01
1.765539650699074770e+01
1.776761275542603258e+01
1.788004088802628644e+01
1.799267793737014642e+01
1.810552117460080268e+01
1.821856810690453798e+01
1.833181647365622879e+01
1.844526424124101993e+01
1.855890959657289230e+01
1.867275093934754793e+01
1.878678687308064710e+01
1.890101619499871433e+01
1.901543788486327458e+01
1.913005109282373439e+01
1.924485512640666585e+01
1.935984943675883585e+01
1.947503360427125685e+01
1.959040732371795457e+01
1.970597038904382003e+01
1.982172267794152631e+01
1.993766413634942936e+01
2.005379476300274888e+01
2.017011459415827446e+01
2.028662368860441845e+01
2.040332211305540611e+01
2.052020992801385546e+01
2.063728717416821823e+01
2.075455385937865671e+01
2.087200994628234341e+01
2.098965534053576931e+01
2.110748987969380863e+01
2.122551332270831637e+01
2.134372534001839483e+01
2.146212550419000209e+01
2.158071328105548048e+01
2.169948802129675514e+01
2.181844895241431814e+01
2.193759517102422407e+01
2.205692563543120954e+01
2.217643915843311575e+01
2.229613440032523997e+01
2.241600986208739243e+01
2.253606387875693073e+01
2.265629461300932590e+01
2.277670004899335865e+01
2.289727798649002466e+01
2.301802603548933135e+01
2.313894161130230742e+01
2.326002193034716115e+01
2.338126400676695482e+01
2.350266465005143957e+01
2.362422046384670438e+01
2.374592784613993501e+01
2.386778299100682332e+01
2.398978189210117407e+01
2.411192034805343809e+01
2.423419396992293784e+01
2.435659819082447441e+01
2.447912827781662415e+01
2.460177934610296191e+01
2.472454637555851775e+01
2.484742422954765573e+01
2.497040767595857602e+01
2.509349141033154851e+01
2.521667008091641904e+01
2.533993831545013720e+01
2.546329074940874904e+01
2.558672205545142830e+01
2.571022697374521471e+01
2.583380034283569771e+01
2.595743713070950065e+01
2.608113246568638743e+01
2.620488166677288078e+01
2.632868027311447534e+01
2.645252407219553703e+01
2.657640912645028308e+01
2.670033179797806255e+01
2.682428877108317167e+01
2.694827707239590708e+01
2.707229408837281426e+01
2.719633758001689117e+01
2.732040569470214564e+01
2.744449697503512198e+01
2.756861036472878723e+01
2.769274521150864032e+01
2.781690126710806155e+01
2.794107868444686105e+01
2.806527801211440831e+01
2.818950018630179954e+01
2.831374652034296346e+01
2.843801869203416643e+01
2.856231872890161938e+01
2.868664899158317638e+01
2.881101215548054029e+01
2.893541119082197355e+01
2.905984934125988062e+01
2.918433010110616621e+01
2.930885719129159739e+01
2.943343453411483424e+01
2.955806622683474671e+01
2.968275651414956684e+01
2.980750975960020810e+01
2.993233041594026744e+01
3.005722299452278889e+01
3.018219203376926174e+01
3.030724206680789123e+01
3.043237758839597618e+01
3.055760302126995853e+01
3.068292268209768636e+01
3.080834074723962956e+01
3.093386121855272819e+01
3.105948788949590522e+01
3.118522431181060028e+01
3.131107376305947199e+01
3.143703921530585177e+01
3.156312330520205478e+01
3.168932830573734094e+01
3.181565609985725729e+01
3.194210815613117660e+01
3.206868550658968076e+01
3.219538872679916608e+01
3.232221791818069079e+01
3.244917269251682512e+01
3.257625215852709033e+01
3.270345491033680219e+01
3.283077901760615447e+01
3.295822201704660870e+01
3.308578090501470115e+01
3.321345213085333370e+01
3.334123159064882458e+01
3.346911462108056412e+01
3.359709599307335992e+01
3.372516990501275558e+01
3.385332997535061850e+01
3.398156923451531952e+01
3.410988011614260529e+01
3.423825444775668814e+01
3.436668344115373230e+01
3.449515768286646278e+01
3.462366712521125578e+01
3.475220107853920837e+01
3.488074820541302756e+01
3.500929651751910399e+01
3.513783337618445302e+01
3.526634549739991797e+01
3.539481896225620261e+01
3.552323923366451197e+01
3.565159118017074746e+01
3.577985910757315224e+01
3.590802679892313165e+01
3.603607756333261847e+01
3.616399429382845909e+01
3.629175953429236046e+01
3.641935555531043889e+01
3.654676443853301748e+01
3.667396816891808697e+01
3.680094873401409217e+01
3.692768822922258209e+01
3.705416896779293978e+01
3.718037359412716825e+01
3.730628519883595828e+01
3.743188743387688788e+01
3.755716462604404171e+01
3.768210188705108266e+01
3.780668521847579200e+01
3.793090160990554693e+01
3.805473912873815578e+01
3.817818700025802059e+01
3.830123567681236807e+01
3.842387689514533378e+01
3.854610372121734940e+01
3.866791058211391174e+01
3.878929328493310891e+01
3.891024902282661202e+01
3.903077636862332156e+01
3.915087525670579538e+01
3.927054695400774165e+01
3.938979402114582484e+01
3.950862026481751599e+01
3.962703068263372330e+01
3.974503140157773373e+01
3.986262961122578474e+01
3.997983349279640208e+01
4.009665214498338770e+01
4.021309550739933769e+01
4.032917428232987334e+01
4.044489985535631149e+01
4.056028421529838113e+01
4.067533987382553562e+01
4.079007978502176712e+01
4.090451726514807262e+01
4.101866591284074559e+01
4.113253953000624108e+01
4.124615204370773114e+01
4.135951742940032005e+01
4.147264963592304809e+01
4.158556251270891124e+01
4.169826973971082396e+01
4.181078476054730686e+01
4.192312071935665330e+01
4.203529040179319054e+01
4.214730618051852673e+01
4.225917996542086286e+01
4.237092315866414083e+01
4.248254661450977210e+01
4.259406060369376235e+01
4.270547478197994451e+01
4.281679816235929792e+01
4.292803909022339326e+01
4.303920522072809263e+01
4.315030349746971439e+01
4.326134013152866942e+01
4.337232057990528489e+01
4.348324952236720264e+01
4.359413083575960712e+01
4.370496756490189938e+01
4.381576188930805671e+01
4.392651508512276592e+01
4.403722748187703928e+01
4.414789841392504854e+01
4.425852616672671758e+01
4.436910791849638969e+01
4.447963967811919872e+01
4.459011622064463864e+01
4.470053102207411655e+01
4.481087619555301416e+01
4.492114243142506069e+01
4.503131894389861856e+01
4.514139342727109749e+01
4.525135202476236174e+01
4.536117931297845729e+01
4.547085830488627778e+01
4.558037047389166929e+01
4.568969580120819529e+01
4.579881284816995191e+01
4.590769885450556842e+01
4.601632986286024618e+01
4.612468086906149978e+01
4.623272599678404049e+01
4.634043869442152896e+01
4.644779195113596870e+01
4.655475852827051853e+01
4.666131120160757462e+01
4.676742300936411567e+01
4.687306750037809167e+01
4.697821897667931523e+01
4.708285272458360993e+01
4.718694522862780616e+01
4.729047436306709074e+01
4.739341955631142156e+01
4.749576192453935874e+01
4.759748437180259373e+01
4.769857165513510466e+01
4.779901041450291643e+01
4.789878916875230175e+01
4.799789828001511438e+01
4.809632989018471250e+01
4.819407783405748802e+01
4.829113753444852364e+01
4.838750588501036987e+01
4.848318112657531742e+01
4.857816272260228629e+01
4.867245123877015089e+01
4.876604823094092467e+01
4.885895614471839110e+01
4.895117822869481472e+01
4.904271846232378351e+01
4.913358149825465659e+01
4.922377261801018733e+01
4.931329769912956351e+01
4.940216319140608903e+01
4.949037609961590789e+01
4.957794397018113131e+01
4.966487487946940149e+01
4.975117742188794523e+01
4.983686069646009997e+01
4.992193429113553549e+01
5.000640826457744481e+01
5.009029312553244750e+01
5.017359981006447356e+01
5.025633965692626504e+01
5.033852438114506356e+01
5.042016604555755777e+01
5.050127702963858667e+01
5.058186999457134903e+01
5.066195784322508899e+01
5.074155367358708446e+01
5.082067072429574495e+01
5.089932231123900408e+01
5.097752175469631197e+01
5.105528229713497979e+01
5.113261701242311119e+01
5.120953870779739958e+01
5.128605982029744581e+01
5.136219230949033232e+01
5.143794754810475212e+01
5.151333621169028731e+01
5.158836816767010447e+01
5.166305236327693251e+01
5.173739671097851556e+01
5.181140796927721226e+01
5.188509161633496092e+01
5.195845171385816741e+01
5.203149075913587041e+01
5.210420952408577477e+01
5.217660688157483406e+01
5.224867962104666930e+01
5.232042225748170239e+01
5.239182683974218691e+01
5.246288276626432889e+01
5.253357661764925268e+01
5.260389201684639460e+01
5.267380952817813267e+01
5.274330660635936141e+01
5.281235760587416195e+01
5.288093385960056736e+01
5.294900383345962780e+01
5.301653336119467497e+01
5.308348596026189625e+01
5.314982322635913903e+01
5.321550530049859873e+01
5.328049139888148744e+01
5.334474039236497589e+01
5.340821141919148118e+01
5.347086451208015490e+01
5.353266121895783414e+01
5.359356519568434152e+01
5.365354274927006628e+01
5.371256331136168427e+01
5.377059982422591133e+01
5.382762902502043545e+01
5.388363161867155782e+01
5.393859233495295058e+01
5.399249987104236936e+01
5.404534672659085714e+01
5.409712894372800918e+01
5.414784576907562297e+01
5.419749925836074311e+01
5.424609384633197351e+01
5.429363590519646721e+01
5.434013331365634514e+01
5.438559505592498766e+01
5.443003086607526342e+01
5.447345092809411682e+01
5.451586563655149575e+01
5.455728541738360349e+01
5.459772060350169909e+01
5.463718135625662597e+01
5.467567762164784995e+01
5.471321910978200265e+01
5.474981528752334015e+01
5.478547537732948314e+01
5.482020835953260729e+01
5.485402298017359612e+01
5.488692777119211996e+01
5.491893109349749125e+01
5.495004121545108688e+01
5.498026643900743693e+01
5.500961528288329561e+01
5.503809672674356079e+01
5.506572051295530912e+01
5.509249749386408723e+01
5.511844000393764986e+01
5.514356222882712899e+01
5.516788053871195530e+01
5.519141375224021573e+01
5.521418330054041945e+01
5.523621326811911558e+01
5.525753029831157903e+01
5.527816336399789776e+01
5.529814341783107778e+01
5.531750294830171555e+01
5.533627547682097969e+01
5.535449503525781267e+01
5.537219566231688361e+01
5.538941095089826661e+01
5.540617366798914389e+01
5.542251545524607792e+01
5.543846660413689165e+01
5.545405588633950345e+01
5.546931040986184058e+01
5.548425546539736786e+01
5.549891432651081402e+01
5.551330797143697282e+01
5.552745470300002495e+01
5.554136965537227866e+01
5.555506419067653923e+01
5.556854520326491809e+01
5.558181436337481784e+01
5.559486734346106829e+01
5.560769307884590518e+01
5.562027311878125602e+01
5.563258112432531277e+01
5.564458256570573269e+01
5.565623466441502387e+01
5.566748661471814330e+01
5.567828010619736290e+01
5.568855015409199893e+01
5.569822622821413916e+01
5.570723365481212852e+01
5.571549524963731415e+01
5.572293312538958077e+01
5.572947060351341264e+01
5.573503414986682714e+01
5.573955524701824515e+01
5.574297211370770100e+01
5.574523118505300801e+01
5.574628827582331780e+01
5.574610936356870639e+01
5.574467094810280798e+01
5.574195996775771533e+01
5.573797327940395974e+01
5.573271673647948887e+01
5.572620392498748743e+01
5.571845463939634158e+01
5.570949319665555066e+01
5.569934669561827434e+01
5.568804333015281571e+01
5.567561085689882105e+01
5.566207530336757259e+01
5.564745997990223003e+01
5.563178483140711705e+01
5.561506613372940677e+01
5.559731650759489696e+01
5.557854519298238216e+01
5.555875850193989862e+01
5.553796035136391396e+01
5.551615277208568244e+01
5.549333629880387520e+01
5.546951016772576537e+01
5.544467228416641547e+01
5.541881896772146376e+01
5.539194453281864838e+01
5.536404081067462357e+01
5.533509675711281517e+01
5.530509831163979584e+01
5.527402867029174871e+01
5.524186910432705844e+01
5.520860039902190408e+01
5.517420490617585216e+01
5.513866910960386036e+01
5.510198650774609064e+01
5.506416053662525201e+01
5.502520720477347993e+01
5.498515710177185412e+01
5.494405648074874193e+01
5.490196720222861160e+01
5.485896545337187291e+01
5.481513930631270881e+01
5.477058532974248095e+01
5.472540459495267839e+01
5.467969849970678098e+01
5.463356485597114442e+01
5.458709464620842056e+01
5.454036975428336831e+01
5.449346183749042183e+01
5.444643234867974257e+01
5.439933356661887132e+01
5.435221037039485026e+01
5.430510241512369163e+01
5.425804633833732993e+01
5.421107764760913739e+01
5.416423200197713328e+01
5.411754569001834625e+01
5.407105521201119558e+01
5.402479597909235309e+01
5.397880023738677835e+01
5.393309440129866772e+01
5.388769603227728311e+01
5.384261072537820780e+01
5.379782916698288631e+01
5.375332460692039405e+01
5.370905095264868834e+01
5.366494164847981097e+01
5.362090945483181770e+01
5.357684719519054539e+01
5.353262949359418599e+01
5.348811548267945426e+01
5.344315241992113386e+01
5.339758010583432224e+01
5.335123595159499388e+01
5.330396049541316472e+01
5.325560311962468774e+01
5.320602767809872091e+01
5.315511771187818368e+01
5.310278091643671416e+01
5.304895253306042235e+01
5.299359737513219670e+01
5.293671027058169898e+01
5.287831480361227676e+01
5.281846036604354566e+01
5.275721766971516047e+01
5.269467301019825811e+01
5.263092169018313626e+01
5.256606109140899719e+01
5.250018391553530961e+01
5.243337209431158641e+01
5.236569180462141304e+01
5.229718992818209955e+01
5.222789218436025749e+01
5.215780304928627942e+01
5.208690745942980271e+01
5.201517418033319728e+01
5.194256059617850951e+01
5.186901854168757353e+01
5.179450066141422582e+01
5.171896665955563321e+01
5.164238872042552231e+01
5.156475536303396723e+01
5.148607306727787147e+01
5.140636519006692140e+01
5.132566797946891768e+01
5.124402387713791995e+01
5.116147273517618288e+01
5.107804200246727788e+01
5.099373728073668843e+01
5.090853483263443024e+01
5.082237757846488790e+01
5.073517581308128399e+01
5.064681332272334657e+01
5.055715884242484037e+01
5.046608196555322934e+01
5.037347181968640797e+01
5.027925618714517952e+01
5.018341839646514302e+01
5.008600934109678349e+01
4.998715244706803418e+01
4.988704029744945245e+01
4.978592282663932167e+01
4.968408833239706013e+01
4.958183976775509194e+01
4.947946961184393189e+01
4.937723688421070278e+01
4.927534948927969083e+01
4.917395413252156544e+01
4.907313474483795090e+01
4.897291896792582833e+01
4.887329106983549565e+01
4.877420888233854157e+01
4.867562206904123201e+01
4.857748921215130622e+01
4.847979172082568056e+01
4.838254324904821857e+01
4.828579401331560206e+01
4.818963001785834166e+01
4.809416768554409316e+01
4.799954475717593994e+01
4.790590857504611222e+01
4.781340301093458578e+01
4.772215531891360740e+01
4.763226407062337131e+01
4.754378906740073774e+01
4.745674376030286368e+01
4.737109032237279393e+01
4.728673719851094148e+01
4.720353878070941533e+01
4.712129684924921236e+01
4.703976355725072267e+01
4.695864594432680406e+01
4.687761215404827908e+01
4.679629962377329377e+01
4.671432547969378390e+01
4.663129921717337112e+01
4.654683751843715100e+01
4.646058079833619558e+01
4.637221079463734696e+01
4.628146823343784888e+01
4.618816931004543136e+01
4.609221947162677679e+01
4.599362284988646365e+01
4.589248576285772430e+01
4.578901304829789609e+01
4.568349661066548606e+01
4.557629639971226965e+01
4.546781498572696734e+01
4.535846781739540745e+01
4.524865197845676335e+01
4.513871661848907735e+01
4.502893807217750322e+01
4.491950196309814913e+01
4.481049345367753745e+01
4.470189556159900235e+01
4.459359448011035454e+01
4.448539037574914090e+01
4.437701223006807538e+01
4.426813575801018885e+01
4.415840397965233421e+01
4.404745038102201704e+01
4.393492462736573856e+01
4.382052045169465515e+01
4.370400464927516282e+01
4.358524511060056028e+01
4.346423464698779071e+01
4.334110629781362434e+01
4.321613533994840139e+01
4.308972389056550156e+01
4.296236613612432365e+01
4.283459568266255957e+01
4.270692058128177138e+01
4.257975512740928536e+01
4.245335946810696726e+01
4.232779771869915919e+01
4.220292269863463730e+01
4.207839118155141023e+01
4.195370869429746818e+01
4.182829834474322439e+01
4.170158454715115681e+01
4.157308011413795157e+01
4.144246407505601582e+01
4.130963792719148842e+01
4.117475019135136449e+01
4.103818346412543860e+01
4.090050447418413881e+01
4.076238492027961513e+01
4.062450725128808671e+01
4.048747301909327945e+01
4.035173067543898640e+01
4.021753475115714593e+01
4.008494075093673814e+01
3.995383218094107036e+01
3.982397018016128953e+01
3.969505359869196326e+01
3.956677810355475344e+01
3.943888596365254529e+01
3.931120208871957544e+01
3.918365539568269895e+01
3.905628693438774235e+01
3.892924726495242993e+01
3.880278555238785998e+01
3.867723215740129916e+01
3.855297571807543733e+01
3.843043540582151962e+01
3.831002952929992489e+01
3.819214279992105787e+01
3.807709573273008630e+01
3.796512005895058195e+01
3.785634321127615465e+01
3.775078305222309893e+01
3.764835170687837262e+01
3.754886544726607411e+01
3.745205666100007846e+01
3.735758423901178560e+01
3.726504006578083761e+01
3.717395122174212219e+01
3.708377938111469518e+01
3.699392011816336634e+01
3.690370510905786006e+01
3.681240966754833721e+01
3.671926719419085572e+01
3.662349150607133197e+01
3.652430780209545702e+01
3.642099275690043214e+01
3.631292314333945370e+01
3.619963001092383337e+01
3.608085227420553309e+01
3.595658099814341568e+01
3.582708527830165224e+01
3.569291304295514777e+01
3.555486448849724468e+01
3.541394036986578442e+01
3.527127052444156874e+01
3.512802963629789588e+01
3.498534818356684184e+01
3.484422739871779129e+01
3.470546753552095964e+01
3.456961777834702332e+01
3.443695322489136146e+01
3.430748007257378163e+01
3.418096565645736007e+01
3.405698638650569876e+01
3.393498442895918998e+01
3.381432329526410285e+01
3.369433338504400410e+01
3.357434107483143038e+01
3.345367921340842798e+01
3.333168256639639537e+01
3.320767767843655349e+01
3.308098062469583311e+01
3.295091582583198431e+01
3.281686344789553544e+01
3.267833330855018659e+01
3.253505313352680872e+01
3.238705214563508861e+01
3.223471932199842627e+01
3.207881894418603963e+01
3.192045271439189946e+01
3.176096631511392943e+01
3.160180818490832166e+01
3.144435874693444077e+01
3.128975736702845722e+01
3.113875858287956078e+01
3.099164562480812535e+01
3.084821766980810409e+01
3.070785113052348336e+01
3.056962029705843165e+01
3.043245352798602710e+01
3.029529908924911297e+01
3.015727734054286202e+01
3.001779991912871992e+01
2.987664029921927167e+01
2.973394473461001297e+01
2.959018036107707061e+01
2.944602880348179497e+01
2.930224649185035091e+01
2.915952217468864305e+01
2.901836328801380915e+01
2.887903441319919295e+01
2.874155566209519819e+01
2.860575206029487205e+01
2.847133285878146225e+01
2.833797595006640790e+01
2.820539722525528603e+01
2.807339441761802945e+01
2.794186496449256651e+01
2.781080402103888360e+01
2.768029094534152890e+01
2.755047161561359559e+01
2.742154176606610250e+01
2.729373424553627814e+01
2.716731080893216088e+01
2.704255673532277982e+01
2.691977486213149007e+01
2.679927547080325922e+01
2.668136007537120591e+01
2.656629961900960168e+01
2.645430952746251307e+01
2.634552484569989161e+01
2.623997866040303961e+01
2.613758693569292646e+01
2.603814300797142423e+01
2.594132467071217363e+01
2.584671505612596221e+01
2.575383521510402574e+01
2.566218275140972338e+01
2.557126913827101689e+01
2.548064934389404002e+01
2.538993992384478915e+01
2.529882373893711289e+01
2.520704018487776210e+01
2.511436054223818459e+01
2.502055045834295299e+01
2.492532572671161262e+01
2.482831162739254793e+01
2.472901798221004910e+01
2.462684071177163503e+01
2.452109616593160268e+01
2.441108746969784704e+01
2.429619375277184190e+01
2.417596576702150912e+01
2.405020834277344477e+01
2.391903352069643418e+01
2.378287646359579099e+01
2.364247443926189618e+01
2.349881309372086591e+01
2.335304484831079463e+01
2.320638657346041001e+01
2.306001025106624169e+01
2.291494647335605706e+01
2.277201842493394324e+01
2.263181167928056325e+01
2.249467095789480098e+01
2.236070997277083805e+01
2.222982736297732842e+01
2.210173239572155879e+01
2.197598798549717003e+01
2.185207282402823381e+01
2.172945494522799947e+01
2.160766309309448729e+01
2.148634171397629089e+01
2.136527791411318233e+01
2.124439300399961184e+01
2.112369858072311501e+01
2.100322754226630551e+01
2.088295974952065848e+01
2.076276436623300015e+01
2.064237426807422082e+01
2.052139633584448930e+01
2.039935135349672279e+01
2.027573244489883919e+01
2.015007100429900433e+01
2.002200108432892023e+01
1.989131495817838058e+01
1.975800366783915507e+01
1.962227756005104595e+01
1.948456362016259291e+01
1.934547850014785908e+01
1.920577790316998446e+01
1.906628465990244337e+01
1.892780063995222406e+01
1.879101249885418312e+01
1.865640699394131730e+01
1.852421469084104544e+01
1.839439764120367471e+01
1.826668634508978428e+01
1.814065760656233195e+01
1.801583365656320623e+01
1.789177871494751670e+01
1.776817279316529152e+01
1.764485135322464160e+01
1.752180945327937422e+01
1.739917696423296078e+01
1.727717576588509729e+01
1.715607055308834461e+01
1.703612295811591437e+01
1.691755532613867530e+01
1.680052680459734304e+01
1.668512146471925561e+01
1.657134668680344802e+01
1.645913995033798827e+01
1.634838256110328913e+01
1.623891871941037479e+01
1.613057758165682998e+01
1.602319544093929338e+01
1.591663560559196000e+01
1.581080467271014101e+01
1.570566460497586370e+01
1.560123977138701612e+01
1.549761756011063518e+01
1.539494142485584405e+01
1.529339663082349254e+01
1.519319087058044992e+01
1.509453344825225862e+01
1.499761736018057157e+01
1.490260800927870122e+01
1.480964023337329394e+01
1.471882213920086890e+01
1.463024125318264446e+01
1.454396744041667411e+01
1.446004863819360864e+01
1.437849880013061110e+01
1.429928078469744079e+01
1.422228894237029095e+01
1.414733657442573822e+01
1.407415251933905509e+01
1.400238908710364250e+01
1.393164063594882407e+01
1.386146898308349051e+01
1.379142982152606578e+01
1.372109450704927447e+01
1.365006410112824398e+01
1.357797623987839764e+01
1.350450839004933989e+01
1.342938186136467671e+01
1.335236926910492805e+01
1.327330500317243889e+01
1.319209540966999228e+01
1.310872433249672042e+01
1.302325085098446955e+01
1.293579872362247407e+01
1.284653977286451543e+01
1.275567498286626211e+01
1.266341700458764485e+01
1.256997648785833555e+01
1.247555300854295091e+01
1.238033004319464148e+01
1.228447279159332517e+01
1.218812760083649138e+01
1.209142200920822319e+01
1.199446469026062267e+01
1.189734472953223587e+01
1.180012990354562241e+01
1.170286425575314482e+01
1.160556626202653518e+01
1.150822966511634249e+01
1.141082879822429241e+01
1.131332859523700662e+01
1.121569723381224826e+01
1.111791792763359510e+01
1.101999685741663448e+01
1.092196637361737999e+01
1.082388493081848502e+01
1.072583608343452788e+01
1.062792775687110236e+01
1.053029090831069148e+01
1.043307537444360911e+01
1.033644136791321877e+01
1.024054746002722815e+01
1.014553841262009826e+01
1.005153712305712688e+01
9.958643431349754493e+00
9.866939303688882390e+00
9.776496684421433159e+00
9.687382823491926587e+00
9.599658907365430593e+00
9.513370832122475917e+00
9.428534533716229404e+00
9.345120871329378076e+00
9.263045660699619432e+00
9.182169000958914751e+00
9.102305251622565763e+00
9.023241988877778397e+00
8.944763977232650376e+00
8.866677154489876145e+00
8.788827849476605891e+00
8.711113607332855224e+00
8.633483703890872718e+00
8.555929416042461710e+00
8.478466183518277077e+00
8.401111677720480841e+00
8.323865046233246190e+00
8.246692723156769489e+00
8.169524880274208201e+00
8.092263990468408608e+00
8.014803745815513025e+00
7.937053698637023480e+00
7.858963401154850814e+00
7.780540014477011823e+00
7.701855231697966708e+00
7.623040249102999155e+00
7.544270483779275338e+00
7.465743923717070629e+00
7.387657928460350298e+00
7.310188957333620507e+00
7.233478426615974399e+00
7.157626175944584723e+00
7.082691316411036553e+00
7.008698874411837032e+00
6.935649834160083849e+00
6.863531987664305056e+00
6.792329371190187537e+00
6.722028835737066998e+00
6.652623223668241437e+00
6.584111454892972226e+00
6.516496382609304305e+00
6.449781493327683357e+00
6.383967442992911856e+00
6.319049153898562032e+00
6.255013872220691162e+00
6.191840299186655017e+00
6.129498706953315335e+00
6.067951836759069906e+00
6.007156331460580034e+00
5.947064453153639185e+00
5.887625863764535339e+00
5.828789296577044254e+00
5.770504016993822205e+00
5.712721053761403489e+00
5.655394261116516219e+00
5.598481326000976921e+00
5.541944843242712970e+00
5.485753537045029660e+00
5.429883617123307360e+00
5.374320146250018304e+00
5.319058197234631358e+00
5.264103527216638767e+00
5.209472521698036651e+00
5.155191266286812457e+00
5.101293771049876469e+00
5.047819556762989102e+00
4.994810957478666325e+00
4.942310549723244684e+00
4.890359062540763802e+00
4.838993970657872623e+00
4.788248775823673142e+00
4.738152804083574310e+00
4.688731243324732567e+00
4.640005139266174972e+00
4.591991147628998959e+00
4.544700969237262633e+00
4.498140529315225677e+00
4.452309065614926453e+00
4.407198340794950653e+00
4.362792187396835608e+00
4.319066536622610641e+00
4.275989991395712231e+00
4.233524900706197691e+00
4.191628797147843422e+00
4.150255991003799494e+00
4.109359085025305447e+00
4.068890190232115955e+00
4.028801683176200576e+00
3.989046439807817368e+00
3.949577593554398192e+00
3.910347973210583028e+00
3.871309456085928247e+00
3.832412504029431677e+00
3.793606124472808538e+00
3.754838418494182317e+00
3.716057759084211654e+00
3.677214510696218408e+00
3.638263084408794867e+00
3.599164046476842849e+00
3.559885976965925902e+00
3.520406812157076626e+00
3.480714489669420875e+00
3.440806829739260664e+00
3.400690706430606003e+00
3.360380666137935624e+00
3.319897219997319127e+00
3.279265061889571342e+00
3.238511443539688006e+00
3.197664880116687147e+00
3.156754277711124157e+00
3.115808485966780506e+00
3.074856203099982643e+00
3.033926111194916508e+00
2.993047104964925875e+00
2.952248496573210979e+00
2.911560123747246820e+00
2.871012343422468138e+00
2.830635941614701334e+00
2.790462017922472171e+00
2.750521902547675257e+00
2.710847136551749248e+00
2.671469502382082251e+00
2.632421047172325057e+00
2.593734012240842102e+00
2.555440580327429601e+00
2.517572380764853790e+00
2.480159745689190842e+00
2.443230773424049040e+00
2.406810310636652517e+00
2.370918996871543172e+00
2.335572514291593293e+00
2.300781151780869394e+00
2.266549734870159316e+00
2.232877906218432518e+00
2.199760682168348858e+00
2.167189172618269488e+00
2.135151341025734339e+00
2.103632697971445253e+00
2.072616857959532322e+00
2.042085933827594513e+00
2.012020784802972972e+00
1.982401164088314793e+00
1.953205825565910381e+00
1.924412647119724928e+00
1.895998814110660735e+00
1.867941086393874794e+00
1.840216151531431699e+00
1.812801049666683983e+00
1.785673643973393565e+00
1.758813104857448462e+00
1.732200375102357803e+00
1.705818585390465048e+00
1.679653393782814641e+00
1.653693228016656525e+00
1.627929415613140307e+00
1.602356193778165183e+00
1.576970598870117257e+00
1.551772243460769252e+00
1.526762997049490034e+00
1.501946593410149244e+00
1.477328192472574520e+00
1.452913926936162614e+00
1.428710463262330865e+00
1.404724603515437931e+00
1.380962949290998942e+00
1.357431642448422959e+00
1.334136190333933714e+00
1.311081376306187485e+00
1.288271250157092096e+00
1.265709187776018485e+00
1.243398005332926992e+00
1.221340110474340435e+00
1.199537671613393197e+00
1.177992786393374347e+00
1.156707631797989855e+00
1.135684581070866006e+00
1.114926276381321024e+00
1.094435650711706787e+00
1.074215897334623415e+00
1.054270390042645555e+00
1.034602561550629796e+00
1.015215750841468534e+00
9.961130324145019976e-01
9.772970413032761039e-01
9.587698073779510333e-01
9.405326109829758030e-01
9.225858696218188770e-01
9.049290624823934648e-01
8.875606964126000475e-01
8.704783138019214217e-01
8.536785399578938893e-01
8.371571651808877856e-01
8.209092549650403026e-01
8.049292806459152905e-01
7.892112623717530973e-01
7.737489164366069261e-01
7.585357996819707127e-01
7.435654447249969712e-01
7.288314810717332337e-01
7.143277385922414124e-01
7.000483312539006464e-01
6.859877203340917218e-01
6.721407574944322505e-01
6.585027090515805925e-01
6.450692635043073775e-01
6.318365248719717275e-01
6.188009946790277160e-01
6.059595455060500235e-01
5.933093889480504091e-01
5.808480406055542833e-01
5.685732844137891817e-01
5.564831382210663202e-01
5.445758220883397671e-01
5.328497303266142016e-01
5.213034078433929075e-01
5.099355309576518724e-01
4.987448924843195797e-01
4.877303905992185773e-01
4.768910207832268711e-01
4.662258700138700585e-01
4.557341123216864798e-01
4.454150048507255488e-01
4.352678836465670997e-01
4.252921585277080196e-01
4.154873065619887895e-01
4.058528638534101840e-01
3.963884155315258173e-01
3.870935840121395577e-01
3.779680157530291296e-01
3.690113668530372593e-01
3.602232879310533487e-01
3.516034087702644695e-01
3.431513232224526200e-01
3.348665748402649966e-01
3.267486436476140788e-01
3.187969343775911013e-01
3.110107664121176119e-01
3.033893655576535564e-01
2.959318576951753821e-01
2.886372642579605463e-01
2.815044994228656505e-01
2.745323688528256700e-01
2.677195698010520486e-01
2.610646923792483975e-01
2.545662218001072952e-01
2.482225414241714945e-01
2.420319364682298191e-01
2.359925982624994090e-01
2.301026289731332997e-01
2.243600467323116077e-01
2.187627911386005597e-01
2.133087291045600853e-01
2.079956610367917902e-01
2.028213273363173308e-01
1.977834152053520034e-01
1.928795657412182007e-01
1.881073812904840992e-01
1.834644330273582091e-01
1.789482687107774583e-01
1.745564205651563561e-01
1.702864132210497872e-01
1.661357716443729593e-01
1.621020289768140277e-01
1.581827342058981789e-01
1.543754595811651087e-01
1.506778076931946653e-01
1.470874181349847709e-01
1.436019736703459948e-01
1.402192058415070719e-01
1.369368999577409152e-01
1.337528994182440312e-01
1.306651093352552695e-01
1.276714994370370115e-01
1.247701062443223180e-01
1.219590345276182902e-01
1.192364580658664408e-01
1.166006197389847787e-01
1.140498309973146246e-01
1.115824707598282173e-01
1.091969837998283538e-01
1.068918786818356254e-01
1.046657253163371104e-01
1.025171522002653879e-01
1.004448434105425225e-01
9.844753541607322023e-02
9.652401377034779129e-02
9.467310974265100154e-02
9.289369694093821406e-02
9.118468797401627080e-02
8.954503119497403407e-02
8.797370756198573394e-02
8.646972764686146340e-02
8.503212881618499308e-02
8.365997260459939744e-02
8.235234229489762914e-02
8.110834071512669496e-02
7.992708825885223856e-02
7.880772113116162048e-02
7.774938981988405162e-02
7.675125778881472516e-02
7.581250038747959497e-02
7.493230397014871702e-02
7.410986521529781823e-02
7.334439063557726679e-02
7.263509626751035730e-02
7.198120752955873558e-02
7.138195923683916810e-02
7.083659576067455332e-02
