5.960840008223170505e-01
8.248471668948096031e-05
4.146035253485064077e-06
5.012783357518303033e-06
5.528051865024296976e-06
5.807473550894359076e-06
5.960791444276265353e-06
6.049027936704019620e-06
6.104045641226918636e-06
6.142108939541257814e-06
6.171441199549490555e-06
6.196184855388559294e-06
6.218426058239808492e-06
6.239218261357311087e-06
6.259096931108057596e-06
6.278337698640621867e-06
6.297085680921105093e-06
6.315420238426345204e-06
6.333387408447013442e-06
6.351016161846743599e-06
6.368326565235650697e-06
6.385333892003794919e-06
6.402050704862697110e-06
6.418487921667229193e-06
6.434655370659477918e-06
6.450562088471368994e-06
6.466216487685721673e-06
6.481626457581502158e-06
6.496799430005052596e-06
6.511742426444615436e-06
6.526462094547469617e-06
6.540964738227270291e-06
6.555256343603136877e-06
6.569342601913855158e-06
6.583228930162611312e-06
6.596920489804786750e-06
6.610422203847097772e-06
6.623738772499027169e-06
6.636874687516575020e-06
6.649834245426026102e-06
6.662621559689419939e-06
6.675240571881831552e-06
6.687695062036555849e-06
6.699988658174506104e-06
6.712124845098733435e-06
6.724106972522574447e-06
6.735938262593932990e-06
6.747621816849161472e-06
6.759160622650529035e-06
6.770557559152039785e-06
6.781815402821618344e-06
6.792936832584714885e-06
6.803924434575711882e-06
6.814780706586136272e-06
6.825508062153578021e-06
6.836108834423654685e-06
6.846585279715173932e-06
6.856939580849566794e-06
6.867173850275178861e-06
6.877290133008374498e-06
6.887290409340830329e-06
6.897176597418012799e-06
6.906950555686031889e-06
6.916614085134862192e-06
6.926168931524661440e-06
6.935616787341595835e-06
6.944959293853594947e-06
6.954198042863254203e-06
6.963334578556556300e-06
6.972370399168918939e-06
6.981306958649791598e-06
6.990145668243501919e-06
6.998887897985061685e-06
7.007534978238919905e-06
7.016088201103711052e-06
7.024548821852379635e-06
7.032918060317593214e-06
7.041197102253873875e-06
7.049387100637596438e-06
7.057489177010206536e-06
7.065504422791542653e-06
7.073433900534895856e-06
7.081278645175460975e-06
7.089039665292632531e-06
7.096717944363656697e-06
7.104314441937013339e-06
7.111830094849018750e-06
7.119265818385466966e-06
7.126622507475685333e-06
7.133901037759644404e-06
7.141102266746857406e-06
7.148227034896857159e-06
7.155276166628340966e-06
7.162250471399597563e-06
7.169150744628871091e-06
7.175977768677159877e-06
7.182732313730601144e-06
7.189415138642936763e-06
7.196026991766178127e-06
7.202568611717617362e-06
7.209040728008727264e-06
7.215444061796409220e-06
7.221779326359050287e-06
7.228047227707860756e-06
7.234248464988111960e-06
7.240383730913265224e-06
7.246453712062532849e-06
7.252459089165371911e-06
7.258400537293443104e-06
7.264278725994896805e-06
7.270094319329400422e-06
7.275847975895633090e-06
7.281540348731480618e-06
7.287172085187561619e-06
7.292743826763144520e-06
7.298256208760970623e-06
7.303709860070272216e-06
7.309105402696958976e-06
7.314443451423946741e-06
7.319724613258299957e-06
7.324949486944474874e-06
7.330118662389368829e-06
7.335232720052505653e-06
7.340292230306015033e-06
7.345297752749378625e-06
7.350249835441806444e-06
7.355149014302441820e-06
7.359995812234198148e-06
7.364790738392707613e-06
7.369534287396625601e-06
7.374226938547435429e-06
7.378869154970794949e-06
7.383461382870516517e-06
7.388004050666581374e-06
7.392497568152012365e-06
7.396942325808404404e-06
7.401338693914637443e-06
7.405687021774105445e-06
7.409987636985487929e-06
7.414240844644829693e-06
7.418446926670287835e-06
7.422606141065821265e-06
7.426718721298441913e-06
7.430784875590071474e-06
7.434804786416273230e-06
7.438778609879704331e-06
7.442706475201943452e-06
7.446588484349117478e-06
7.450424711528752929e-06
7.454215202920722710e-06
7.457959976374353066e-06
7.461659021204651170e-06
7.465312298086437861e-06
7.468919739019056018e-06
7.472481247338627974e-06
7.475996697872498421e-06
7.479465937137183468e-06
7.482888783719768402e-06
7.486265028656303564e-06
7.489594435962376468e-06
7.492876743340875594e-06
7.496111662886326231e-06
7.499298881924180704e-06
7.502438064031032280e-06
7.505528850192843792e-06
7.508570859855246468e-06
7.511563692316322981e-06
7.514506928165905320e-06
7.517400130715394349e-06
7.520242847730120917e-06
7.523034613043432353e-06
7.525774948379675933e-06
7.528463365277221165e-06
7.531099366948732185e-06
7.533682450347859536e-06
7.536212108270362997e-06
7.538687831355435283e-06
7.541109110368928490e-06
7.543475438302198396e-06
7.545786312603993078e-06
7.548041237375028037e-06
7.550239725546332166e-06
7.552381301109324566e-06
7.554465501271001786e-06
7.556491878597939999e-06
7.558460003107106043e-06
7.560369464280573572e-06
7.562219873102218855e-06
7.564010863944197831e-06
7.565742096485194517e-06
7.567413257379828930e-06
7.569024062041312458e-06
7.570574256145321830e-06
7.572063617197465768e-06
7.573491955871755438e-06
7.574859117397409146e-06
7.576164982656770514e-06
7.577409469294536239e-06
7.578592532689277477e-06
7.579714166834367654e-06
7.580774405033804791e-06
7.581773320572083275e-06
7.582711027235073377e-06
7.583587679643926727e-06
7.584403473596636421e-06
7.585158646244075025e-06
7.585853476066062514e-06
7.586488282855315840e-06
7.587063427454025074e-06
7.587579311478466056e-06
7.588036376814864172e-06
7.588435105047550550e-06
7.588776016700540621e-06
7.589059670436594163e-06
7.589286661920787616e-06
7.589457622717605191e-06
7.589573219022069108e-06
7.589634150074730051e-06
7.589641146659971763e-06
7.589594969284813982e-06
7.589496406198170787e-06
7.589346271542894061e-06
7.589145402883004798e-06
7.588894659232332338e-06
7.588594918345379437e-06
7.588247074461908154e-06
7.587852035552664842e-06
7.587410720871199124e-06
7.586924058232391928e-06
7.586392981381030744e-06
7.585818427487948046e-06
7.585201334430360283e-06
7.584542638527923296e-06
7.583843272014001855e-06
7.583104160948601651e-06
7.582326223034951291e-06
7.581510365709675939e-06
7.580657484548947275e-06
7.579768461551919561e-06
7.578844163949127921e-06
7.577885443087602407e-06
7.576893133382003187e-06
7.575868051710096525e-06
7.574810996879218039e-06
7.573722749216863568e-06
7.572604070376227339e-06
7.571455703317581650e-06
7.570278372427456944e-06
7.569072783635391744e-06
7.567839624710112131e-06
7.566579565676171995e-06
7.565293259091679053e-06
7.563981340592073055e-06
7.562644429277570514e-06
7.561283128294235237e-06
7.559898025269410013e-06
7.558489692890785602e-06
7.557058689174824632e-06
7.555605558257578661e-06
7.554130830674646966e-06
7.552635023972658948e-06
7.551118643134561748e-06
7.549582181140930347e-06
7.548026119454968470e-06
7.546450928520347115e-06
7.544857068362420916e-06
7.543244989136586265e-06
7.541615131759728278e-06
7.539967928393139688e-06
7.538303803063280801e-06
7.536623172431458006e-06
7.534926446293160710e-06
7.533214028207915880e-06
7.531486316234272089e-06
7.529743703449302609e-06
7.527986578558378499e-06
7.526215326534258352e-06
7.524430329228081112e-06
7.522631965819614912e-06
7.520820613356410476e-06
7.518996647347549201e-06
7.517160442105651342e-06
7.515312371230978207e-06
7.513452808180432475e-06
7.511582126530970189e-06
7.509700700543257144e-06
7.507808905435850906e-06
7.505907117923502109e-06
7.503995716763850697e-06
7.502075083063009999e-06
7.500145600984080989e-06
7.498207658116014808e-06
7.496261646247131723e-06
7.494307962048421754e-06
7.492347007646540442e-06
7.490379191699846473e-06
7.488404930036786691e-06
7.486424646679334668e-06
7.484438774911134828e-06
7.482447758306967655e-06
7.480452052008809908e-06
7.478452123841919964e-06
7.476448455796001981e-06
7.474441545228742305e-06
7.472431906343764228e-06
7.470420071698881955e-06
7.468406593881082004e-06
7.466392046677852880e-06
7.464377027123605661e-06
7.462362156769370461e-06
7.460348083400693592e-06
7.458335482648919548e-06
7.456325059582746420e-06
7.454317550284056167e-06
7.452313723337538935e-06
7.450314381366154580e-06
7.448320362596235251e-06
7.446332542026154535e-06
7.444351832944382452e-06
7.442379188319037065e-06
7.440415601748486700e-06
7.438462108696263830e-06
7.436519787749594264e-06
7.434589761260872129e-06
7.432673196450033445e-06
7.430771306136661949e-06
7.428885349233955835e-06
7.427016631365449907e-06
7.425166505407443616e-06
7.423336371442917389e-06
7.421527677144186536e-06
7.419741917577654227e-06
7.417980634951634541e-06
7.416245418266475335e-06
7.414537902657740107e-06
7.412859768652877285e-06
7.411212741134246919e-06
7.409598588057565764e-06
7.408019119220658493e-06
7.406476184317255502e-06
7.404971671275245560e-06
7.403507503937783356e-06
7.402085639960556465e-06
7.400708067855852965e-06
7.399376804643589154e-06
7.398093892437310217e-06
7.396861395354936557e-06
7.395681396150337379e-06
7.394555992427309409e-06
7.393487292952585623e-06
7.392477413396013385e-06
7.391528472453168797e-06
7.390642587476151549e-06
7.389821869988275252e-06
7.389068421093958631e-06
7.388384327066359805e-06
7.387771654492069923e-06
7.387232445595273616e-06
7.386768713423306045e-06
7.386382437246998033e-06
7.386075557456559710e-06
7.385849971047597937e-06
7.385707526856888868e-06
7.385650021037953998e-06
7.385679192261220916e-06
7.385796717368870491e-06
7.386004207081328508e-06
7.386303201784972514e-06
7.386695167219548274e-06
7.387181491058483456e-06
7.387763478748869972e-06
7.388442350310401952e-06
7.389219236813477971e-06
7.390095177530845244e-06
7.391071116981353837e-06
7.392147902284159478e-06
7.393326281090434266e-06
7.394606899202014856e-06
7.395990299017911850e-06
7.397476917968660020e-06
7.399067087181948350e-06
7.400761030583187083e-06
7.402558864232593483e-06
7.404460595664604390e-06
7.406466123988042948e-06
7.408575239987965848e-06
7.410787626308132858e-06
7.413102858347093143e-06
7.415520405144188505e-06
7.418039630696749753e-06
7.420659795631544279e-06
7.423380059010826484e-06
7.426199481021241325e-06
7.429117025345626688e-06
7.432131562574048093e-06
7.435241873851541006e-06
7.438446654854243578e-06
7.441744520519298929e-06
7.445134010031547323e-06
7.448613592650414894e-06
7.452181673707832715e-06
7.455836601220975587e-06
7.459576673099848342e-06
7.463400144610196686e-06
7.467305236161084065e-06
7.471290141738477697e-06
7.475353037008346065e-06
7.479492087914986922e-06
7.483705459331863724e-06
7.487991323327372411e-06
7.492347867445984371e-06
7.496773302699893883e-06
7.501265870753307629e-06
7.505823851123655382e-06
7.510445567297804855e-06
7.515129392333833631e-06
7.519873753431192887e-06
7.524677135988577124e-06
7.529538086475536958e-06
7.534455214549143305e-06
7.539427194318799848e-06
7.544452764728387034e-06
7.549530729226324950e-06
7.554659954996026107e-06
7.559839371379175792e-06
7.565067968562776795e-06
7.570344795505578866e-06
7.575668958893258499e-06
7.581039621711918033e-06
7.586456003044405576e-06
7.591917378821180060e-06
7.597423083535078627e-06
7.602972513465173994e-06
7.608565131985399296e-06
7.614200476087930822e-06
7.619878165023983716e-06
7.625597911141645121e-06
7.631359531989746303e-06
7.637162964517014752e-06
7.643008280344657594e-06
7.648895702492116422e-06
7.654825622406260662e-06
7.660798617445113221e-06
7.666815468314072839e-06
7.672877175392848532e-06
7.678984974162553670e-06
7.685140349074049370e-06
7.691345045505730530e-06
7.697601079242231091e-06
7.703910743958846118e-06
7.710276615630294245e-06
7.716701554930089271e-06
7.723188706675801344e-06
7.729741496968242141e-06
7.736363627833136141e-06
7.743059069960867501e-06
7.749832052657865627e-06
7.756687052141494136e-06
7.763628777520817029e-06
7.770662154336053254e-06
7.777792306078682723e-06
7.785024532558411183e-06
7.792364286019167052e-06
7.799817143919392733e-06
7.807388778307426102e-06
7.815084922367414178e-06
7.822911333418354252e-06
7.830873752742345108e-06
7.838977862982256874e-06
7.847229243329342826e-06
7.855633323329067725e-06
7.864195336406463205e-06
7.872920273479115500e-06
7.881812839006523168e-06
7.890877408935839603e-06
7.900117992734674886e-06
7.909538199850217377e-06
7.919141210447226944e-06
7.928929752232273317e-06
7.938906082314737284e-06
7.949071973864244364e-06
7.959428707967000372e-06
7.969977069382893267e-06
7.980717345942531056e-06
7.991649330978238213e-06
8.002772327981281684e-06
8.014085157270576528e-06
8.025586164381544373e-06
8.037273229832391438e-06
8.049143780718541157e-06
8.061194804106230848e-06
8.073422862512431844e-06
8.085824112245206674e-06
8.098394324445391517e-06
8.111128909728199186e-06
8.124022946009655828e-06
8.137071209893308524e-06
8.150268211352819410e-06
8.163608230805300124e-06
8.177085358341427610e-06
8.190693533938936375e-06
8.204426587813162377e-06
8.218278279668136445e-06
8.232242335891081707e-06
8.246312483755912322e-06
8.260482481954205719e-06
8.274746146945508203e-06
8.289097374660062256e-06
8.303530158433800848e-06
8.318038602548379163e-06
8.332616932902310814e-06
8.347259505190165316e-06
8.361960811218171102e-06
8.376715484946396304e-06
8.391518308353000094e-06
8.406364217726020526e-06
8.421248310328734396e-06
8.436165851575137608e-06
8.451112281505884755e-06
8.466083219656241675e-06
8.481074466970403629e-06
8.496082002792612348e-06
8.511101975804723430e-06
8.526130686983850919e-06
8.541164564420445401e-06
8.556200129266373509e-06
8.571233954320873357e-06
8.586262617118893445e-06
8.601282651469217274e-06
8.616290500977689305e-06
8.631282481380806671e-06
8.646254756566728049e-06
8.661203335089329896e-06
8.676124091570470835e-06
8.691012817393573543e-06
8.705865301743832322e-06
8.720677442530096418e-06
8.735445383660340348e-06
8.750165671564489201e-06
8.764835424308710572e-06
8.779452501789158505e-06
8.794015668984814373e-06
8.808524741922353120e-06
8.822980710156666967e-06
8.837385831268073470e-06
8.851743695504090583e-06
8.866059263452317972e-06
8.880338879121178676e-06
8.894590265583020489e-06
8.908822507256011213e-06
8.923046023449322740e-06
8.937272534937349176e-06
8.951515020722633912e-06
8.965787659376408744e-06
8.980105745718503941e-06
8.994485569808903424e-06
9.008944247250406169e-06
9.023499490255881597e-06
9.038169315537334723e-06
9.052971692022109880e-06
9.067924142246427873e-06
9.083043320292778338e-06
9.098344597379187516e-06
9.113841691820159585e-06
9.129546376811866778e-06
9.145468297537154862e-06
9.161614912572010213e-06
9.177991563597037144e-06
9.194601659074707679e-06
9.211446944019822741e-06
9.228527817799253759e-06
9.245843657972287869e-06
9.263393110466886996e-06
9.281174314784420236e-06
9.299185044951636652e-06
9.317422761410737095e-06
9.335884582349313028e-06
9.354567195712322399e-06
9.373466739860753042e-06
9.392578686923000421e-06
9.411897760961623766e-06
9.431417919864928549e-06
9.451132422272027282e-06
9.471033988676690049e-06
9.491115055030797845e-06
9.511368102135049046e-06
9.531786031764774816e-06
9.552362551475502707e-06
9.573092522840296982e-06
9.593972227264581024e-06
9.614999509629506492e-06
9.636173768361659230e-06
9.657495775808528412e-06
9.678967327912809879e-06
9.700590738961559421e-06
9.722368210368163675e-06
9.744301113350413446e-06
9.766389231866992222e-06
9.788630014753384564e-06
9.811017885603035934e-06
9.833543655750907861e-06
9.856194081628755723e-06
9.878951603823400384e-06
9.901794297310950629e-06
9.924696057189042952e-06
9.947627032949246179e-06
9.970554311474888866e-06
9.993442832692277751e-06
1.001625650170560449e-05
1.003895943867702282e-05
1.006151728821926058e-05
1.008389849213861711e-05
1.010607541940564787e-05
1.012802524661261801e-05
1.014973049276649670e-05
1.017117913555195582e-05
1.019236427202909052e-05
1.021328333290233171e-05
1.023393691689669115e-05
1.025432737123479975e-05
1.027445729935391054e-05
1.029432821725597762e-05
1.031393958699428441e-05
1.033328842340587348e-05
1.035236959041674973e-05
1.037117678340531889e-05
1.038970405980190751e-05
1.040794765707473403e-05
1.042590776677094313e-05
1.044358993593355891e-05
1.046100584902328898e-05
1.047817338954414395e-05
1.049511604857682550e-05
1.051186189885972209e-05
1.052844244877613004e-05
1.054489171780482525e-05
1.056124583277516476e-05
1.057754334477124346e-05
1.059382631430128502e-05
1.061014200742099134e-05
1.062654478468484865e-05
1.064309748414912649e-05
1.065987137530390380e-05
1.067694373232799152e-05
1.069439237346376898e-05
1.071228720957422861e-05
1.073067983728694177e-05
1.074959322413368504e-05
1.076901416283101308e-05
1.078889105138908203e-05
1.080913854452345497e-05
1.082964891926674141e-05
1.085030812114851900e-05
1.087101305629644259e-05
1.089168628742259846e-05
1.091228502399744069e-05
1.093280290336508370e-05
1.095326495449143533e-05
1.097371768581930040e-05
1.099421700523304955e-05
1.101481657333507423e-05
1.103555843750750631e-05
1.105646681614883708e-05
1.107754508920676054e-05
1.109877563449429101e-05
1.112012211810431172e-05
1.114153402159281764e-05
1.116295330375154714e-05
1.118432297539342205e-05
1.120559697030384484e-05
1.122675016965027799e-05
1.124778701643485700e-05
1.126874707101866052e-05
1.128970623104502566e-05
1.131077310262432790e-05
1.133208096975447701e-05
1.135377667916571547e-05
1.137600829113342602e-05
1.139891340655160222e-05
1.142260967985977293e-05
1.144718830438511305e-05
1.147271043957864604e-05
1.149920585451869609e-05
1.152667266461559734e-05
1.155507702315161540e-05
1.158435198845838575e-05
1.161439543280593287e-05
1.164506763373562388e-05
1.167618987957102169e-05
1.170754579394862070e-05
1.173888692698638317e-05
1.176994340115651470e-05
1.180043916499159935e-05
1.183011008627822151e-05
1.185872222705303687e-05
1.188608760813129302e-05
1.191207562843115073e-05
1.193661957530264546e-05
1.195971852664315265e-05
1.198143474815374624e-05
1.200188550378508673e-05
1.202122706180110937e-05
1.203962917437987739e-05
1.205724153677894193e-05
1.207415919880904263e-05
1.209039908729769320e-05
1.210590099760449577e-05
1.212056073071815361e-05
1.213429067279056640e-05
1.214708840045439377e-05
1.215908424233372716e-05
1.217054106127288645e-05
1.218179606759401003e-05
1.219316006242094040e-05
1.220481269352046681e-05
1.221674039900194137e-05
1.222874974447517145e-05
1.224055671249740554e-05
1.225191683563733442e-05
1.226274090286695501e-05
1.227314924265205779e-05
1.228345191869200863e-05
1.229408318726166442e-05
1.230553932943146504e-05
1.231835253800024317e-05
1.233308813707893265e-05
1.235031122944897502e-05
1.237046943593876382e-05
1.239369261842759042e-05
1.241958841229992882e-05
1.244715741032568618e-05
1.247492106765402639e-05
1.250125569220629726e-05
1.252481461287529419e-05
1.254486729341708389e-05
1.256142162611844233e-05
1.257509869162106373e-05
1.258683587288685962e-05
1.259754962621918111e-05
1.260787786133193281e-05
1.261806656666372273e-05
1.262800234352172886e-05
1.263734728912335343e-05
1.264571256565971802e-05
1.265280885220420412e-05
1.265853072001054774e-05
1.266296215190167436e-05
1.266632229327352435e-05
1.266889084617380437e-05
1.267095165990795535e-05
1.267277297479533475e-05
1.267461726043547752e-05
1.267675895275200906e-05
1.267949158794673251e-05
1.268312030462914359e-05
1.268794816823208060e-05
1.269426653696154280e-05
1.270235242346329783e-05
1.271246804949641242e-05
1.272485648724347385e-05
1.273973230776786984e-05
1.275727165649591949e-05
1.277760628603337606e-05
1.280081986669562260e-05
1.282693696548449703e-05
1.285589225908402397e-05
1.288747442615854259e-05
1.292125532800962400e-05
1.295653450505658993e-05
1.299234105490975251e-05
1.302752743065973869e-05
1.306095577809099534e-05
1.309172505918545014e-05
1.311934340680636777e-05
1.314375066318820280e-05
1.316516030751831119e-05
1.318379704832445531e-05
1.319969427935783597e-05
1.321271372534199576e-05
1.322282894094929715e-05
1.323052234732935655e-05
1.323699633397828726e-05
1.324391425944505705e-05
1.325261445377214400e-05
1.326309604634243887e-05
1.327335850385472715e-05
1.327966757566314961e-05
1.327792811060497980e-05
1.326571296796958255e-05
1.324397551775169153e-05
1.321742445093103939e-05
1.319309321360622719e-05
1.317755573021040465e-05
1.317402694961794677e-05
1.318077346752038959e-05
1.319169656198697885e-05
1.319890144804909839e-05
1.319606732751756288e-05
1.318101003391416281e-05
1.315623484405479383e-05
1.312734005958254376e-05
1.310029460833448451e-05
1.307918855591859299e-05
1.306564329454825862e-05
1.305989014413981626e-05
1.306237570802213387e-05
1.307446820232850605e-05
1.309764265808539375e-05
1.313178865694822599e-05
1.317401288026256043e-05
1.321894704345798928e-05
1.326046014395040683e-05
1.329371910601634429e-05
1.331642991797265735e-05
1.332876678363578936e-05
1.333233362118359027e-05
1.332891217744511836e-05
1.331961783507727389e-05
1.330469150960267694e-05
1.328382085550246474e-05
1.325671986058755129e-05
1.322366419865016307e-05
1.318574086934012496e-05
1.314471918086175462e-05
1.310264453907579210e-05
1.306139311884358534e-05
1.302241298768834538e-05
1.298672450826979362e-05
1.295507142830338006e-05
1.292803401844373270e-05
1.290598875071089001e-05
1.288896248251059128e-05
1.287655244082154821e-05
1.286806578150479177e-05
1.286288109517344000e-05
1.286086095455917346e-05
1.286258111141607707e-05
1.286923644240498023e-05
1.288226277679536728e-05
1.290284278200916820e-05
1.293146016911602363e-05
1.296756693099073743e-05
1.300935075729922826e-05
1.305361694386868310e-05
1.309589809841106841e-05
1.313095757292292877e-05
1.315376387832304714e-05
1.316079550060339624e-05
1.315130061673920596e-05
1.312801896195618499e-05
1.309695276593489969e-05
1.306604373531799297e-05
1.304299622081088216e-05
1.303286311452933122e-05
1.303624030913719839e-05
1.304886425746563853e-05
1.306300186449723132e-05
1.307032245251500170e-05
1.306518993686245465e-05
1.304689377505659995e-05
1.301960550229651287e-05
1.298987114225765181e-05
1.296281625246450004e-05
1.293915164467669892e-05
1.291480355888267269e-05
1.288350515750053500e-05
1.284082897210772862e-05
1.278717641598853895e-05
1.272789997435490071e-05
1.267058302938959749e-05
1.262124250101544340e-05
1.258169566091268318e-05
1.254937996828972322e-05
1.251934891375413081e-05
1.248704426850851719e-05
1.245031595960728452e-05
1.240986676577009356e-05
1.236827764842400949e-05
1.232846852878984803e-05
1.229257084025121636e-05
1.226175286900967829e-05
1.223684389366074941e-05
1.221907796822450878e-05
1.221024529241821487e-05
1.221200195203455854e-05
1.222471843811883809e-05
1.224660761310769533e-05
1.227372818751691009e-05
1.230093403804698603e-05
1.232330617297793530e-05
1.233739978811930576e-05
1.234183263447206729e-05
1.233713216889053975e-05
1.232507655572993713e-05
1.230787188581290759e-05
1.228744592680675762e-05
1.226501820338289823e-05
1.224099512979406014e-05
1.221514779855727664e-05
1.218696116756567551e-05
1.215601340339356854e-05
1.212226166619267419e-05
1.208616110418664111e-05
1.204860620854925746e-05
1.201074627046520020e-05
1.197377701362385160e-05
1.193882328829183729e-05
1.190698043223829053e-05
1.187948306762516624e-05
1.185786594725652799e-05
1.184393512408964843e-05
1.183943084034024440e-05
1.184544405234097676e-05
1.186187089480118937e-05
1.188728851069572293e-05
1.191945511752085803e-05
1.195620870866672485e-05
1.199615906748536627e-05
1.203860203780331832e-05
1.208261131230809013e-05
1.212592124230936946e-05
1.216447214950843051e-05
1.219310551987641779e-05
1.220714220570227171e-05
1.220401705895049485e-05
1.218417046994210782e-05
1.215092318796490895e-05
1.210962495454338917e-05
1.206655359975693208e-05
1.202782532050678300e-05
1.199829741803770368e-05
1.198044388110635254e-05
1.197346995108687398e-05
1.197317709248868243e-05
1.197295492646039178e-05
1.196574395542080506e-05
1.194622641273097647e-05
1.191229148456783510e-05
1.186516183143990196e-05
1.180825979102058589e-05
1.174550909113945177e-05
1.167994982301185907e-05
1.161321605880960728e-05
1.154583481276638199e-05
1.147785517511232797e-05
1.140928821246009833e-05
1.134018523843136116e-05
1.127056906549514078e-05
1.120051865566132624e-05
1.113044760116351586e-05
1.106130123891529186e-05
1.099436636586521705e-05
1.093069388455322820e-05
1.087049389735235526e-05
1.081294142554987270e-05
1.075656408703842345e-05
1.070000504840908784e-05
1.064275396618018007e-05
1.058551454693255930e-05
1.053011131455700415e-05
1.047904512655981632e-05
1.043488644477135329e-05
1.039966654864389912e-05
1.037436812263136261e-05
1.035859042742182952e-05
1.035047805440713026e-05
1.034700985377219785e-05
1.034468162279451422e-05
1.034046019733738663e-05
1.033270491697719885e-05
1.032167891787647186e-05
1.030940350802406288e-05
1.029889850142704029e-05
1.029312291525585729e-05
1.029401460201404578e-05
1.030190422852508089e-05
1.031537902480961917e-05
1.033153974144675413e-05
1.034656382057094236e-05
1.035648849513204921e-05
1.035809219851657898e-05
1.034969420675440877e-05
1.033167666450497961e-05
1.030659610184646360e-05
1.027885890645363079e-05
1.025402035362067697e-05
1.023779702166223803e-05
1.023488819900388715e-05
1.024775129466753236e-05
1.027561085328489849e-05
1.031414112299296057e-05
1.035626607824350443e-05
1.039417643583873680e-05
1.042199597420832640e-05
1.043791714159543353e-05
1.044460661184723398e-05
1.044748715104326137e-05
1.045173141720221404e-05
1.045962319434127280e-05
1.046972624904087837e-05
1.047815983950906724e-05
1.048099910360048191e-05
1.047626227969208609e-05
1.046442054047857668e-05
1.044744302042925248e-05
1.042728635781414991e-05
1.040489813041325710e-05
1.038023927628960894e-05
1.035303277409583617e-05
1.032349338138181191e-05
1.029245241235533274e-05
1.026086044982564143e-05
1.022914600991176867e-05
1.019695834919797992e-05
1.016345488034041491e-05
1.012786606463715235e-05
1.008992786724539659e-05
1.004996017767619168e-05
1.000866076288277198e-05
9.966830830958882211e-06
9.925191266210019005e-06
9.884307581196441166e-06
9.844558353422409148e-06
9.806098821928705425e-06
9.768835047724115910e-06
9.732463268884120015e-06
9.696612571618901154e-06
9.661068331671319483e-06
9.625981334236287552e-06
9.591924168581306023e-06
9.559685697536051817e-06
9.529814949329368470e-06
9.502093568212238088e-06
9.475224005428038864e-06
9.446968371888248798e-06
9.414758046728551367e-06
9.376537152857978324e-06
9.331467718843536752e-06
9.280197156760941317e-06
9.224616856675069062e-06
9.167275941693530416e-06
9.110720969990793085e-06
9.056976882865230239e-06
9.007244560478378577e-06
8.961785086784232875e-06
8.919954807466918658e-06
8.880410118793908940e-06
8.841516542047294977e-06
8.801912491853527206e-06
8.761044362612324611e-06
8.719432074493690604e-06
8.678525503912355152e-06
8.640220764928683772e-06
8.606269814594703590e-06
8.577819143643368896e-06
8.555172237268379674e-06
8.537718474158712274e-06
8.523931922000082374e-06
8.511428841926391736e-06
8.497183773665966148e-06
8.478021732590959250e-06
8.451386091494899895e-06
8.416194659635199528e-06
8.373466505948047031e-06
8.326426119951417057e-06
8.279971834874806763e-06
8.239638937841301880e-06
8.210366250630171716e-06
8.195407125098589377e-06
8.195629131277466651e-06
8.209314959035181577e-06
8.232494024630037380e-06
8.259796254766542221e-06
8.285745719841855529e-06
8.306243929288490728e-06
8.319790227308244360e-06
8.327915001454184169e-06
8.334502810039648999e-06
8.344136177551861997e-06
8.360083516582467007e-06
8.382798521410764873e-06
8.409616410035914138e-06
8.435785100077800329e-06
8.456335734451129815e-06
8.467915198662729725e-06
8.469770164214549606e-06
8.463531288310578544e-06
8.452035364241250749e-06
8.437837976433557659e-06
8.422126587772534915e-06
8.404456463337662802e-06
8.383277614879348271e-06
8.356845257702371927e-06
8.323996002225552963e-06
8.284454429351713296e-06
8.238663406893975536e-06
8.187387097475026928e-06
8.131378858421501327e-06
8.071263845592744496e-06
8.007602444759693867e-06
7.941007992719925545e-06
7.872217636864525673e-06
7.802091914785596284e-06
7.731568808696649180e-06
7.661598825353278723e-06
7.593069361952752309e-06
7.526724026611372276e-06
7.463098174161074438e-06
7.402502455987852992e-06
7.345073874962143114e-06
7.290884377510857764e-06
7.240070425881538647e-06
7.192937561336623996e-06
7.150001125439298284e-06
7.111939285268065318e-06
7.079452130853059095e-06
7.053043506067825439e-06
7.032773772597823116e-06
7.018064621561920889e-06
7.007650208233156466e-06
6.999739510419176746e-06
6.992379635398985647e-06
6.983917562789278987e-06
6.973398444935222505e-06
6.960752299406145726e-06
6.946708076006549246e-06
6.932489705041399095e-06
6.919428880939827870e-06
6.908632766063625593e-06
6.900780590591133454e-06
6.896043120531450762e-06
6.894078918594992108e-06
6.894078935236702633e-06
6.894873856651158984e-06
6.895133613146800252e-06
6.893649321963474596e-06
6.889620899377580785e-06
6.882836337440092461e-06
6.873660251379204640e-06
6.862835065719714790e-06
6.851180927285717445e-06
6.839307129530442337e-06
6.827410391176160993e-06
6.815172035522458263e-06
6.801727363525075594e-06
6.785689917262729132e-06
6.765253516534413193e-06
6.738423517290972133e-06
6.703409334204018297e-06
6.659138288996956391e-06
6.605759742841088685e-06
6.544953041669467980e-06
6.479877329606801511e-06
6.414710080842350448e-06
6.353870513764454361e-06
6.301143517387668241e-06
6.258952680429231405e-06
6.227967967127534230e-06
6.207114869121191654e-06
6.193937447215450557e-06
6.185198119088400742e-06
6.177575742260523867e-06
6.168329785256805811e-06
6.155813739930473707e-06
6.139743912918760440e-06
6.121169244584262756e-06
6.102146738950101945e-06
6.085193737977195051e-06
6.072642292734180832e-06
6.066045826239040353e-06
6.065778547644229345e-06
6.070926578791795634e-06
6.079503000879630018e-06
6.088937113689769108e-06
6.096709115873908174e-06
6.100951283047106999e-06
6.100839991166256482e-06
6.096666905617447334e-06
6.089583325313648329e-06
6.081119568894495527e-06
6.072649692259347452e-06
6.064976064415267166e-06
6.058150540114112723e-06
6.051555171949753393e-06
6.044173511421259794e-06
6.034928114491856511e-06
6.022958662174707267e-06
6.007762225137896093e-06
5.989186433196222377e-06
5.967324495038935611e-06
5.942384868188732295e-06
5.914595018621093277e-06
5.884163855036141404e-06
5.851293428226906231e-06
5.816212929554883763e-06
5.779209133739305250e-06
5.740638998230336155e-06
5.700921802013179002e-06
5.660514502360583343e-06
5.619875731277123267e-06
5.579424644923372989e-06
5.539502645369334560e-06
5.500347618757836385e-06
5.462089240027928912e-06
5.424769022117591674e-06
5.388381709590026613e-06
5.352928362362722587e-06
5.318468450047981551e-06
5.285158981662224746e-06
5.253271949777447449e-06
5.223185457132745626e-06
5.195347720086520537e-06
5.170216707144201221e-06
5.148182213307904801e-06
5.129482180655888022e-06
5.114130251215482243e-06
5.101874454545127635e-06
5.092204469992511851e-06
5.084415244316686775e-06
5.077719271706981792e-06
5.071383590782499445e-06
5.064857398431180675e-06
5.057857443460005162e-06
5.050391628774480848e-06
5.042721403276119024e-06
5.035281900637643734e-06
5.028587526501704686e-06
5.023146969722701051e-06
5.019399172278172953e-06
5.017668762547891635e-06
5.018133463450198241e-06
5.020799492994453655e-06
5.025489841546913388e-06
5.031856653676694876e-06
5.039426524300434598e-06
5.047676113377541254e-06
5.056121187827208623e-06
5.064393487044528461e-06
5.072282041684439984e-06
5.079727729323013413e-06
5.086775506712867192e-06
5.093500352499506369e-06
5.099926264580177395e-06
5.105953654908721217e-06
5.111303848681454171e-06
5.115485098167891593e-06
5.117784814220785614e-06
5.117296069023040293e-06
5.112988613963361161e-06
5.103831192618810738e-06
5.088960608633252993e-06
5.067875619131306172e-06
5.040616144477937258e-06
5.007878608792722313e-06
4.971023317075751124e-06
4.931951556285626698e-06
4.892863492230371265e-06
4.855941941665795800e-06
4.823029241106331337e-06
4.795366428782101570e-06
4.773445699291006402e-06
4.756996524494035391e-06
4.745094648347131639e-06
4.736360984144444539e-06
4.729207936364813237e-06
4.722091552530130736e-06
4.713734166018150144e-06
4.703289860131827542e-06
4.690433200585810701e-06
4.675361497399568035e-06
4.658713494881921387e-06
4.641421797303675202e-06
4.624529038935340397e-06
4.609004461382250114e-06
4.595595360220119928e-06
4.584737167004318338e-06
4.576530284192687598e-06
4.570776316971049993e-06
4.567055541005716042e-06
4.564823462097369495e-06
4.563506541544464651e-06
4.562583035875422661e-06
4.561641454630712912e-06
4.560414285719911550e-06
4.558787756245961778e-06
4.556790063162960026e-06
4.554561731689217760e-06
4.552313204349090713e-06
4.550276372631087536e-06
4.548657888726545776e-06
4.547601952836364327e-06
4.547168448659816810e-06
4.547329025303401490e-06
4.547979810194421740e-06
4.548965967275154296e-06
4.550111227502086432e-06
4.551245305685076922e-06
4.552223681431205886e-06
4.552936974178712662e-06
4.553310205677648966e-06
4.553294756997540668e-06
4.552857178094890084e-06
4.551968994939960687e-06
4.550600501132415935e-06
4.548719741322858993e-06
4.546296119616595089e-06
4.543306812743477154e-06
4.539743703174601182e-06
4.535618829827491731e-06
4.530967124870629667e-06
4.525846099668056979e-06
4.520332858416573474e-06
4.514519191141172002e-06
4.508505548946796825e-06
4.502394561357138253e-06
4.496284582857331832e-06
4.490263663433803717e-06
4.484404343176334451e-06
4.478759720684161854e-06
4.473361250022530293e-06
4.468218622965158311e-06
4.463321877586761487e-06
4.458645586890462816e-06
4.454154689391174976e-06
4.449811297505245783e-06
4.445581705019858124e-06
4.441442821504551859e-06
4.437387370012098801e-06
4.433427360567732218e-06
4.429595552421300501e-06
4.425944810410863466e-06
4.422545428209802065e-06
4.419480630894703149e-06
4.416840591922600326e-06
4.414715417372915334e-06
4.413187669193240828e-06
4.412325106031632763e-06
4.412174387168180325e-06
4.412756474020951992e-06
4.414064338530267858e-06
4.416063342615793124e-06
4.418694303552883732e-06
4.421878873171209799e-06
4.425526512835983247e-06
4.429542127422645443e-06
4.433833387457493397e-06
4.438316931220755459e-06
4.442922950582901694e-06
4.447598039178650018e-06
4.452306510353139711e-06
4.457030584942136790e-06
4.461769863496207831e-06
4.466540353460196053e-06
4.471373095337013657e-06
4.476312228768607564e-06
4.481412253993511485e-06
4.486734327647855977e-06
4.492341665693719993e-06
4.498294434387598589e-06
4.504644781555837162e-06
4.511432787398357210e-06
4.518684038932559079e-06
4.526409257306140149e-06
4.534606001014123240e-06
4.543262039930902998e-06
4.552359653765111197e-06
4.561879935872299999e-06
4.571806206569650689e-06
4.582125833186930578e-06
4.592830053879853734e-06
4.603911729218066689e-06
4.615361237260683486e-06
4.627160942854428729e-06
4.639278809425641987e-06
4.651661797521124406e-06
4.664229739888059567e-06
4.676870418642995532e-06
4.689436600663994359e-06
4.701745791187686411e-06
4.713583407901497711e-06
4.724709911657467723e-06
4.734872125682398302e-06
4.743818522827981763e-06
4.751317694174772289e-06
4.757178603503301419e-06
4.761270686624849659e-06
4.763541494897131734e-06
4.764029515819469713e-06
4.762870100182809322e-06
4.760293086137590010e-06
4.756611667878943630e-06
4.752203166316998534e-06
4.747483440029943392e-06
4.742877534815070130e-06
4.738789658057578568e-06
4.735575595415370253e-06
4.733520272304943221e-06
4.732822391863269976e-06
4.733587110685505375e-06
4.735826718544822791e-06
4.739468429201306525e-06
4.744367773309013435e-06
4.750325761597830589e-06
4.757107935933967577e-06
4.764463591697627808e-06
4.772143753692868944e-06
4.779916843607956176e-06
4.787581327502212018e-06
4.794974945407520150e-06
4.801980386551073429e-06
4.808527489512331136e-06
4.814592223723565916e-06
4.820192857732840895e-06
4.825383840433244893e-06
4.830248014570283394e-06
4.834887836430300780e-06
4.839416288513822462e-06
4.843948137761203872e-06
4.848592111559435102e-06
4.853444445664575439e-06
4.858584112538775126e-06
4.864069880050286387e-06
4.869939194980927083e-06
4.876208745135045706e-06
4.882876441029831508e-06
4.889924479213418359e-06
4.897323107601537987e-06
4.905034707334963683e-06
4.913017833130156787e-06
4.921230906186624737e-06
4.929635324265571101e-06
4.938197833063195939e-06
4.946892084811526700e-06
4.955699385499706702e-06
4.964608697172383456e-06
4.973616012176080543e-06
4.982723249174606219e-06
4.991936837645389256e-06
5.001266156589510713e-06
5.010721980284802812e-06
5.020315058572746120e-06
5.030054927511556230e-06
5.039949012008455227e-06
5.050002046240800396e-06
5.060215807103785797e-06
5.070589129819215592e-06
5.081118155812819848e-06
5.091796752182291837e-06
5.102617038119468322e-06
5.113569955582734115e-06
5.124645830198739811e-06
5.135834878554314154e-06
5.147127631425194647e-06
5.158515254990945004e-06
5.169989764481097117e-06
5.181544134967671267e-06
5.193172320577904387e-06
5.204869199489384825e-06
5.216630463563210232e-06
5.228452472292304681e-06
5.240332089050492774e-06
5.252266515227382042e-06
5.264253134576127431e-06
5.276289376907790825e-06
5.288372607026125355e-06
5.300500041754018512e-06
5.312668695766313695e-06
5.324875355023147827e-06
5.337116575097164624e-06
5.349388700842840202e-06
5.361687903745267557e-06
5.374010232188300909e-06
5.386351671081589099e-06
5.398708206318968882e-06
5.411075890921439873e-06
5.423450909346499524e-06
5.435829637542819739e-06
5.448208696347275867e-06
5.460584996752228006e-06
5.472955775808502404e-06
5.485318622617584239e-06
5.497671494000468450e-06
5.510012720593283215e-06
5.522341003236826417e-06
5.534655401154415830e-06
5.546955312651912233e-06
5.559240449614577192e-06
5.571510807369508662e-06
5.583766630778511458e-06
5.596008378174071179e-06
5.608236684314901888e-06
5.620452323198061471e-06
5.632656172053342030e-06
5.644849176800775864e-06
5.657032319915354024e-06
5.669206591179302213e-06
5.681372961452712851e-06
5.693532359765992180e-06
5.705685653992658035e-06
5.717833634799649450e-06
5.729977003137298001e-06
5.742116361049924966e-06
5.754252205562459799e-06
5.766384925639667233e-06
5.778514801829629423e-06
5.790642008403400296e-06
5.802766617833290768e-06
5.814888606980645166e-06
5.827007865087522553e-06
5.839124202962699578e-06
5.851237363077034357e-06
5.863347030377475121e-06
5.875452843267506606e-06
5.887554404733512271e-06
5.899651293086763970e-06
5.911743072238795577e-06
5.923829301258468953e-06
5.935909543115003135e-06
5.947983372241905712e-06
5.960050381210486220e-06
5.972110186124397230e-06
5.984162430991481399e-06
5.996206790871531403e-06
6.008242974086519924e-06
6.020270723298743839e-06
6.032289815757266768e-06
6.044300062790734372e-06
6.056301308502208396e-06
6.068293427969328380e-06
6.080276324929681473e-06
6.092249929011543414e-06
6.104214192945554483e-06
6.116169089253949780e-06
6.128114607124258863e-06
6.140050749148405093e-06
6.151977527982213513e-06
6.163894963382310879e-06
6.175803079054646401e-06
6.187701899865651016e-06
6.199591449208302883e-06
6.211471746567268501e-06
6.223342805227148340e-06
6.235204630325484369e-06
6.247057217130888613e-06
6.258900549438232501e-06
6.270734598267032523e-06
6.282559320801707816e-06
6.294374659400429652e-06
6.306180540968057014e-06
6.317976876370781773e-06
6.329763560044799466e-06
6.341540469807065195e-06
6.353307466732976141e-06
6.365064395178959390e-06
6.376811082945541024e-06
6.388547341478380920e-06
6.400272966207855879e-06
6.411987736913974978e-06
6.423691418193281066e-06
6.435383759986628525e-06
6.447064498094926385e-06
6.458733354815609893e-06
6.470390039543561260e-06
6.482034249472625733e-06
6.493665670238012402e-06
6.505283976631949787e-06
6.516888833306525831e-06
6.528479895537038226e-06
6.540056809947810166e-06
6.551619215235400637e-06
6.563166742969245362e-06
6.574699018285655465e-06
6.586215660659515302e-06
6.597716284712265500e-06
6.609200500882376121e-06
6.620667916255194155e-06
6.632118135253599788e-06
6.643550760381269342e-06
6.654965393030360154e-06
6.666361634087098476e-06
6.677739084811371522e-06
6.689097347439351597e-06
6.700436025851168973e-06
6.711754726400427350e-06
6.723053058491522871e-06
6.734330635276120358e-06
6.745587074299264114e-06
6.756821998151174852e-06
6.768035035047580775e-06
6.779225819481792331e-06
6.790393992757719723e-06
6.801539203561880182e-06
6.812661108487752873e-06
6.823759372585367745e-06
6.834833669769312837e-06
6.845883683321704980e-06
6.856909106352142243e-06
6.867909642114971129e-06
6.878885004417121937e-06
6.889834917949350302e-06
6.900759118587899519e-06
6.911657353655922011e-06
