3.037233832065092468e-02
1.088153669616149789e-05
3.828058561332314486e-06
4.865444444434502389e-06
5.454923134951306434e-06
5.773860175120416699e-06
5.947530553126980821e-06
6.045984408884477297e-06
6.106016201503047225e-06
6.146466416192220234e-06
6.176873561152793112e-06
6.202043655282229411e-06
6.224395462341905610e-06
6.245148341822666832e-06
6.264920074672158458e-06
6.284026808715527844e-06
6.302633328440235421e-06
6.320828293975214168e-06
6.338661911548328876e-06
6.356164803466528522e-06
6.373357471646554046e-06
6.390255054616156594e-06
6.406869728888661125e-06
6.423211930526746545e-06
6.439290985052389971e-06
6.455115439919489026e-06
6.470693246807088571e-06
6.486031867483951329e-06
6.501138340258102857e-06
6.516019325605255510e-06
6.530681140341110952e-06
6.545129785207385183e-06
6.559370968259641826e-06
6.573410125430199372e-06
6.587252438942912912e-06
6.600902854039418541e-06
6.614366094270016925e-06
6.627646675511400259e-06
6.640748918863899493e-06
6.653676962567735266e-06
6.666434772941975770e-06
6.679026154561575781e-06
6.691454759600186489e-06
6.703724096513596766e-06
6.715837538031066355e-06
6.727798328621208096e-06
6.739609591351479268e-06
6.751274334273570805e-06
6.762795456360710147e-06
6.774175753006366201e-06
6.785417921116700358e-06
6.796524563879596616e-06
6.807498195212379914e-06
6.818341243859481165e-06
6.829056057233713884e-06
6.839644905040578243e-06
6.850109982636236795e-06
6.860453414145619782e-06
6.870677255448904910e-06
6.880783496937533864e-06
6.890774066146869479e-06
6.900650830187379353e-06
6.910415598121567845e-06
6.920070123135757539e-06
6.929616104640928315e-06
6.939055190315669335e-06
6.948388977973879068e-06
6.957619017403115628e-06
6.966746812144314635e-06
6.975773821188550373e-06
6.984701460588336398e-06
6.993531105108494446e-06
7.002264089702208451e-06
7.010901711079951478e-06
7.019445229156124832e-06
7.027895868495212650e-06
7.036254819762205544e-06
7.044523241052283091e-06
7.052702259340638619e-06
7.060792971775697773e-06
7.068796447071731313e-06
7.076713726751039942e-06
7.084545826506523691e-06
7.092293737435663236e-06
7.099958427334329690e-06
7.107540841938827128e-06
7.115041906097312051e-06
7.122462525008806920e-06
7.129803585380660517e-06
7.137065956557852079e-06
7.144250491631855682e-06
7.151358028560951428e-06
7.158389391116118151e-06
7.165345389966971157e-06
7.172226823587324299e-06
7.179034479171517003e-06
7.185769133535886863e-06
7.192431553830239202e-06
7.199022498393695939e-06
7.205542717404252122e-06
7.211992953499239419e-06
7.218373942380504904e-06
7.224686413295331796e-06
7.230931089470654808e-06
7.237108688547405938e-06
7.243219922838459716e-06
7.249265499565971838e-06
7.255246121050026955e-06
7.261162484822462959e-06
7.267015283658303532e-06
7.272805205537807678e-06
7.278532933509183473e-06
7.284199145653995237e-06
7.289804514732266049e-06
7.295349708009711823e-06
7.300835386810518077e-06
7.306262206256657918e-06
7.311630814777239743e-06
7.316941853624037419e-06
7.322195956327918756e-06
7.327393748184802379e-06
7.332535845589455312e-06
7.337622855533797049e-06
7.342655374752108639e-06
7.347633989226465391e-06
7.352559273351086355e-06
7.357431789334982972e-06
7.362252086316204866e-06
7.367020699747676574e-06
7.371738150544702092e-06
7.376404944360078309e-06
7.381021570853166563e-06
7.385588502854032901e-06
7.390106195616824963e-06
7.394575086097859351e-06
7.398995592113996988e-06
7.403368111655103933e-06
7.407693022088673892e-06
7.411970679449669018e-06
7.416201417657142336e-06
7.420385547935774381e-06
7.424523357940413824e-06
7.428615111159977190e-06
7.432661046273180349e-06
7.436661376484125873e-06
7.440616288953392512e-06
7.444525944179319974e-06
7.448390475453020309e-06
7.452209988395708178e-06
7.455984560564549322e-06
7.459714240976750863e-06
7.463399049785470407e-06
7.467038978088702539e-06
7.470633987675131671e-06
7.474184010955259793e-06
7.477688950936650239e-06
7.481148681268398613e-06
7.484563046489249915e-06
7.487931862209055865e-06
7.491254915638724461e-06
7.494531965984446894e-06
7.497762745164553392e-06
7.500946958567279061e-06
7.504084285883626814e-06
7.507174382168168567e-06
7.510216879054433336e-06
7.513211385929671622e-06
7.516157491416608274e-06
7.519054764844801389e-06
7.521902757940018190e-06
7.524701006575278285e-06
7.527449032602287130e-06
7.530146345866178429e-06
7.532792446198051578e-06
7.535386825557797298e-06
7.537928970240027244e-06
7.540418363130359704e-06
7.542854485920875782e-06
7.545236821490398871e-06
7.547564856181048159e-06
7.549838082174152499e-06
7.552055999821075862e-06
7.554218119887052504e-06
7.556323965888808168e-06
7.558373076256422792e-06
7.560365006517219465e-06
7.562299331418716135e-06
7.564175646962785395e-06
7.565993572190084400e-06
7.567752751251337558e-06
7.569452854987577297e-06
7.571093582564497523e-06
7.572674663196749270e-06
7.574195857272366780e-06
7.575656957848371876e-06
7.577057791776615434e-06
7.578398220802204622e-06
7.579678142455409962e-06
7.580897490924099944e-06
7.582056237767013925e-06
7.583154392560884282e-06
7.584192003340281146e-06
7.585169156954692689e-06
7.586085979481273270e-06
7.586942636304267173e-06
7.587739332233809211e-06
7.588476311433780394e-06
7.589153857443541094e-06
7.589772292759401059e-06
7.590331978642678356e-06
7.590833314717479849e-06
7.591276738263192365e-06
7.591662723821706739e-06
7.591991782295876605e-06
7.592264460025432552e-06
7.592481337945307512e-06
7.592643030316178313e-06
7.592750183619388383e-06
7.592803474945441305e-06
7.592803610792371087e-06
7.592751325088191271e-06
7.592647377622545676e-06
7.592492551881819237e-06
7.592287653279682790e-06
7.592033506761605970e-06
7.591730954593971623e-06
7.591380854124699417e-06
7.590984075150157529e-06
7.590541497506737114e-06
7.590054008646389901e-06
7.589522500980862265e-06
7.588947869473472984e-06
7.588331009084695655e-06
7.587672812481826491e-06
7.586974167844275375e-06
7.586235956373354212e-06
7.585459050653012373e-06
7.584644312476405209e-06
7.583792591346118035e-06
7.582904722908603602e-06
7.581981527624763887e-06
7.581023809697054962e-06
7.580032356167988985e-06
7.579007936127435021e-06
7.577951300281646994e-06
7.576863180549459355e-06
7.575744289858399482e-06
7.574595322075487625e-06
7.573416952140889390e-06
7.572209836137137812e-06
7.570974611798156111e-06
7.569711898535195532e-06
7.568422298046848998e-06
7.567106394705600518e-06
7.565764756022046679e-06
7.564397933180003784e-06
7.563006461379485886e-06
7.561590860525569582e-06
7.560151635636883278e-06
7.558689277376752745e-06
7.557204262457373058e-06
7.555697054232486868e-06
7.554168103209816460e-06
7.552617847605307910e-06
7.551046713736095073e-06
7.549455116738291404e-06
7.547843461082881297e-06
7.546212141157580902e-06
7.544561541858537223e-06
7.542892039413149477e-06
7.541204001965557749e-06
7.539497790145289243e-06
7.537773758073515636e-06
7.536032253877962710e-06
7.534273620560460137e-06
7.532498196692938283e-06
7.530706317233746895e-06
7.528898314108048003e-06
7.527074517233449158e-06
7.525235254925628023e-06
7.523380854805937497e-06
7.521511644368129199e-06
7.519627951758419994e-06
7.517730106241211034e-06
7.515818439024383298e-06
7.513893283685040917e-06
7.511954976917932544e-06
7.510003859065472905e-06
7.508040274842703898e-06
7.506064573804517120e-06
7.504077111128557950e-06
7.502078248285656361e-06
7.500068353776176377e-06
7.498047803942165668e-06
7.496016983702148153e-06
7.493976287549785169e-06
7.491926120478761756e-06
7.489866899188056091e-06
7.487799052918553091e-06
7.485723024942515421e-06
7.483639273719246452e-06
7.481548274389375812e-06
7.479450520114412343e-06
7.477346523744159800e-06
7.475236819447381483e-06
7.473121964297815218e-06
7.471002540163365999e-06
7.468879155483991721e-06
7.466752447214657846e-06
7.464623082553994433e-06
7.462491761037145138e-06
7.460359216373240029e-06
7.458226218450067609e-06
7.456093575071168293e-06
7.453962134044052684e-06
7.451832784866836450e-06
7.449706460496987416e-06
7.447584139117256275e-06
7.445466845627415961e-06
7.443355653274788211e-06
7.441251684932183349e-06
7.439156114492007249e-06
7.437070167980168110e-06
7.434995124484784550e-06
7.432932317147583462e-06
7.430883133814303582e-06
7.428849017582708865e-06
7.426831467128357354e-06
7.424832036925467564e-06
7.422852337212775430e-06
7.420894033867929487e-06
7.418958847712538450e-06
7.417048554296176970e-06
7.415164982643298641e-06
7.413310014362491917e-06
7.411485582246766641e-06
7.409693668683106532e-06
7.407936303859766310e-06
7.406215563648215832e-06
7.404533567301649932e-06
7.402892474820161150e-06
7.401294484087388895e-06
7.399741827923148879e-06
7.398236770549062779e-06
7.396781603980003067e-06
7.395378644329997673e-06
7.394030227661822754e-06
7.392738705637866284e-06
7.391506441153692697e-06
7.390335803452826947e-06
7.389229163412087809e-06
7.388188888494551384e-06
7.387217337452853326e-06
7.386316855073215578e-06
7.385489766778896127e-06
7.384738373124722178e-06
7.384064944268880499e-06
7.383471714242021245e-06
7.382960875486839738e-06
7.382534573222181815e-06
7.382194899793317129e-06
7.381943889240380186e-06
7.381783511876385392e-06
7.381715668905254249e-06
7.381742187220750149e-06
7.381864814472197204e-06
7.382085214062971771e-06
7.382404960601821174e-06
7.382825535461554021e-06
7.383348322509555384e-06
7.383974604247740768e-06
7.384705558155620112e-06
7.385542253253337937e-06
7.386485647249744754e-06
7.387536583646794605e-06
7.388695789372438645e-06
7.389963872774150629e-06
7.391341321843154526e-06
7.392828502801712473e-06
7.394425659050787985e-06
7.396132910338276540e-06
7.397950252529356313e-06
7.399877557198701103e-06
7.401914571939997185e-06
7.404060920906586652e-06
7.406316105513282492e-06
7.408679505625914556e-06
7.411150380836313191e-06
7.413727872361072514e-06
7.416411005094015418e-06
7.419198690139769921e-06
7.422089727600379659e-06
7.425082809933886083e-06
7.428176525936744491e-06
7.431369364781045640e-06
7.434659721066585310e-06
7.438045900120660518e-06
7.441526123920472215e-06
7.445098537801673668e-06
7.448761217394001582e-06
7.452512176452101638e-06
7.456349375203739525e-06
7.460270728549137468e-06
7.464274115660129264e-06
7.468357389166112318e-06
7.472518384835549524e-06
7.476754931241752757e-06
7.481064859600856313e-06
7.485446013295574992e-06
7.489896257293098323e-06
7.494413486953733461e-06
7.498995636326399442e-06
7.503640685972381673e-06
7.508346669807001704e-06
7.513111681011393047e-06
7.517933877256492180e-06
7.522811484485444685e-06
7.527742800012314356e-06
7.532726194385160961e-06
7.537760112227002503e-06
7.542843072082403160e-06
7.547973665380307692e-06
7.553150554953484606e-06
7.558372472431729740e-06
7.563638215886139738e-06
7.568946647031626500e-06
7.574296688843824709e-06
7.579687323430086381e-06
7.585117590921669343e-06
7.590586589532828787e-06
7.596093476839490592e-06
7.601637473315679940e-06
7.607217867102982583e-06
7.612834021611165444e-06
7.618485385173924468e-06
7.624171502698271892e-06
7.629892030081971286e-06
7.635646750116693792e-06
7.641435590340920540e-06
7.647258642246950906e-06
7.653116181105429111e-06
7.659008686160102166e-06
7.664936860748657233e-06
7.670901651216255836e-06
7.676904264673657522e-06
7.682946184670541337e-06
7.689029184681056393e-06
7.695155338873900001e-06
7.701327029906791086e-06
7.707546954198481176e-06
7.713818123693820295e-06
7.720143865192097100e-06
7.726527816942708443e-06
7.732973922567850430e-06
7.739486422954083782e-06
7.746069845475457412e-06
7.752728991756980783e-06
7.759468922826066889e-06
7.766294942205636038e-06
7.773212576557468224e-06
7.780227553933888511e-06
7.787345778505946125e-06
7.794573302432752324e-06
7.801916293689608827e-06
7.809381000445573040e-06
7.816973711253985270e-06
7.824700711903953090e-06
7.832568238480843199e-06
7.840582428063741076e-06
7.848749267742009347e-06
7.857074542512617455e-06
7.865563784035049845e-06
7.874222220997033651e-06
7.883054732598753690e-06
7.892065806331597359e-06
7.901259500846888209e-06
7.910639414750287544e-06
7.920208661499739242e-06
7.929969850465990936e-06
7.939925074092758683e-06
7.950075900294269145e-06
7.960423369333612833e-06
7.970967994637383129e-06
7.981709766702124476e-06
7.992648158746163103e-06
8.003782134421083072e-06
8.015110156481809837e-06
8.026630196950538043e-06
8.038339748322914747e-06
8.050235836498695303e-06
8.062315036077936977e-06
8.074573487960392019e-06
8.087006920714554813e-06
8.099610675485849839e-06
8.112379735000827026e-06
8.125308756813679276e-06
8.138392110186394097e-06
8.151623916658136927e-06
8.164998092759267659e-06
8.178508394466208080e-06
8.192148461713734758e-06
8.205911861840999748e-06
8.219792130525510772e-06
8.233782809246785220e-06
8.247877478473610941e-06
8.262069785561818359e-06
8.276353467417394062e-06
8.290722368058518033e-06
8.305170451804945762e-06
8.319691812274999083e-06
8.334280678920393180e-06
8.348931422163593052e-06
8.363638557386927040e-06
8.378396750515275948e-06
8.393200823549690161e-06
8.408045762320019627e-06
8.422926724635874647e-06
8.437839049157679850e-06
8.452778262316552212e-06
8.467740082831959751e-06
8.482720420236193517e-06
8.497715366372891028e-06
8.512721176947764211e-06
8.527734242596505184e-06
8.542751048144283656e-06
8.557768121624412697e-06
8.572781974535387020e-06
8.587789038469582795e-06
8.602785602482816512e-06
8.617767758681753136e-06
8.632731363729480767e-06
8.647672024026438830e-06
8.662585111187690392e-06
8.677465813460042974e-06
8.692309225842566211e-06
8.707110477665301845e-06
8.721864894092104040e-06
8.736568183394474062e-06
8.751216639659804009e-06
8.765807348332191893e-06
8.780338381625612417e-06
8.794808972524946968e-06
8.809219658051447327e-06
8.823572385508209379e-06
8.837870581997774765e-06
8.852119188670644329e-06
8.866324666383568320e-06
8.880494981599080400e-06
8.894639580115832963e-06
8.908769356371035536e-06
8.922896621012091467e-06
8.937035065784237927e-06
8.951199718709819525e-06
8.965406876453403732e-06
8.979673998589243224e-06
8.994019544925132295e-06
9.008462741223806927e-06
9.023023262900437257e-06
9.037720837821810825e-06
9.052574781227771655e-06
9.067603490267973240e-06
9.082823936960282202e-06
9.098251207049365421e-06
9.113898131243069862e-06
9.129775049768932107e-06
9.145889735886381545e-06
9.162247483865238761e-06
9.178851344644936827e-06
9.195702474298148162e-06
9.212800543621552010e-06
9.230144154350120028e-06
9.247731208034276154e-06
9.265559186854068223e-06
9.283625320180082473e-06
9.301926631933459506e-06
9.320459880160261284e-06
9.339221416908455602e-06
9.358207006700185212e-06
9.377411646113041941e-06
9.396829428702755277e-06
9.416453491821825592e-06
9.436276073658162068e-06
9.456288695080332352e-06
9.476482463924411359e-06
9.496848484170131201e-06
9.517378333688544396e-06
9.538064563330046904e-06
9.558901160354418117e-06
9.579883917964770063e-06
9.601010658628700439e-06
9.622281270696360399e-06
9.643697536457052254e-06
9.665262748511077229e-06
9.686981132996825980e-06
9.708857114216792563e-06
9.730894468699766237e-06
9.753095424362340552e-06
9.775459761257143830e-06
9.797983970231084267e-06
9.820660521655233445e-06
9.843477290064383251e-06
9.866417177133400958e-06
9.889457969460834448e-06
9.912572461499129115e-06
9.935728865210145913e-06
9.958891515202961255e-06
9.982021860721197298e-06
1.000507971112094352e-05
1.002802467635512418e-05
1.005081771592291309e-05
1.007342268539387964e-05
1.009580775308570071e-05
1.011794655338446225e-05
1.013981895054784759e-05
1.016141130987404321e-05
1.018271621048641383e-05
1.020373158988858622e-05
1.022445937815783520e-05
1.024490375812478005e-05
1.026506926775414624e-05
1.028495902315197032e-05
1.030457336997527781e-05
1.032390924136272017e-05
1.034296040949831347e-05
1.036171865906942310e-05
1.038017572340561981e-05
1.039832564373942418e-05
1.041616709964959262e-05
1.043370524836248450e-05
1.045095272217247009e-05
1.046792963607873394e-05
1.048466270120750007e-05
1.050118374771741314e-05
1.051752809029203381e-05
1.053373318694579311e-05
1.054983797333829880e-05
1.056588312549677933e-05
1.058191233776735471e-05
1.059797449087182688e-05
1.061412630553442842e-05
1.063043472224089137e-05
1.064697788899144288e-05
1.066384344908553236e-05
1.068112301749662056e-05
1.069890248982251324e-05
1.071724910531464076e-05
1.073619766263918631e-05
1.075573940348528221e-05
1.077581724437786616e-05
1.079632992080489008e-05
1.081714537798652140e-05
1.083812107182901352e-05
1.085912668613975235e-05
1.088006394649004805e-05
1.090087904879652471e-05
1.092156539298491339e-05
1.094215700504190338e-05
1.096271529853530396e-05
1.098331297913059481e-05
1.100401876395808955e-05
1.102488548017324953e-05
1.104594263912636776e-05
1.106719334603536013e-05
1.108861476820077753e-05
1.111016136131408476e-05
1.113177039694621591e-05
1.115336966425980097e-05
1.117488723410092779e-05
1.119626278355464231e-05
1.121745932479568836e-05
1.123847357919647272e-05
1.125934301308065532e-05
1.128014789487928806e-05
1.130100761341018277e-05
1.132207166857772869e-05
1.134350685481589642e-05
1.136548287118317181e-05
1.138815872436928885e-05
1.141167182611970060e-05
1.143613080608030107e-05
1.146161202091539323e-05
1.148815883091863468e-05
1.151578215475171483e-05
1.154446072428305343e-05
1.157413985651794923e-05
1.160472835345744933e-05
1.163609416194243232e-05
1.166806042319828051e-05
1.170040420484809114e-05
1.173286022443466222e-05
1.176513105854394426e-05
1.179690377494048610e-05
1.182787108065309289e-05
1.185775367578966170e-05
1.188632022287858482e-05
1.191340238497054084e-05
1.193890419329625021e-05
1.196280638882871579e-05
1.198516623026165328e-05
1.200611139977824844e-05
1.202582438703039723e-05
1.204451347127128506e-05
1.206237020557358629e-05
1.207952106752029211e-05
1.209598951093545658e-05
1.211168857608691286e-05
1.212645846115506362e-05
1.214014698937230075e-05
1.215270892399175530e-05
1.216428310270625316e-05
1.217520554320089103e-05
1.218593730042355615e-05
1.219692250192597499e-05
1.220842887507173829e-05
1.222044069604698847e-05
1.223265948113475328e-05
1.224462318879697022e-05
1.225589939611609410e-05
1.226627028322871125e-05
1.227583023446218654e-05
1.228496301277049609e-05
1.229423114208397618e-05
1.230425523632588906e-05
1.231565297204346864e-05
1.232904652037330459e-05
1.234507413872108144e-05
1.236431450828972936e-05
1.238708409519383837e-05
1.241317330751082001e-05
1.244167266043545303e-05
1.247103419534499415e-05
1.249940428187996293e-05
1.252511493408616518e-05
1.254712739859366525e-05
1.256524293905532777e-05
1.258001361086861860e-05
1.259242421210170587e-05
1.260349878777520673e-05
1.261398229322835997e-05
1.262418495855585271e-05
1.263400020102693720e-05
1.264305057146173256e-05
1.265088965178269075e-05
1.265718633081611528e-05
1.266183585903785412e-05
1.266497517263319187e-05
1.266691901679010318e-05
1.266806235759650477e-05
1.266879881864075617e-05
1.266948316014242213e-05
1.267043358415595880e-05
1.267194862389632820e-05
1.267431522634760443e-05
1.267780284871248276e-05
1.268265524041261598e-05
1.268909362382271763e-05
1.269733315579725330e-05
1.270760114322333518e-05
1.272014227158896499e-05
1.273520480787591913e-05
1.275301405254633399e-05
1.277374485896819516e-05
1.279749979305638218e-05
1.282428840498639025e-05
1.285399581499091795e-05
1.288633284358561274e-05
1.292077577202502370e-05
1.295652460754347959e-05
1.299252236877557338e-05
1.302757088157597916e-05
1.306054267992289413e-05
1.309063094030124269e-05
1.311752864169362025e-05
1.314142558731989538e-05
1.316278389547899218e-05
1.318198022510816770e-05
1.319901641548222444e-05
1.321351216614201532e-05
1.322505906254661298e-05
1.323377937603095903e-05
1.324072687642006884e-05
1.324774437799640865e-05
1.325663255432669763e-05
1.326791189613760263e-05
1.327984586962578344e-05
1.328846133515240912e-05
1.328890440993282484e-05
1.327773455173029531e-05
1.325508294314905748e-05
1.322543741165516464e-05
1.319637071799968433e-05
1.317557215679839707e-05
1.316750498914637483e-05
1.317132586786199274e-05
1.318115260576926518e-05
1.318862200177410161e-05
1.318653349094921055e-05
1.317182560476660966e-05
1.314648436743173860e-05
1.311608443269956191e-05
1.308694214557950172e-05
1.306357617310180195e-05
1.304784909868997340e-05
1.303996377108814358e-05
1.304020859428389891e-05
1.304990677665809738e-05
1.307075783458576691e-05
1.310309394416003249e-05
1.314445828817053525e-05
1.318967368947795429e-05
1.323245731978813601e-05
1.326757071303073352e-05
1.329225724621440258e-05
1.330634831166975530e-05
1.331130192135192145e-05
1.330892693521501142e-05
1.330046240711565777e-05
1.328629063380045076e-05
1.326620455770566023e-05
1.323996502898595488e-05
1.320784006595565556e-05
1.317087367923364249e-05
1.313077918848963928e-05
1.308955032205573223e-05
1.304902600557642553e-05
1.301063558460287476e-05
1.297539863887658829e-05
1.294407232790202272e-05
1.291726064370459550e-05
1.289537341588463194e-05
1.287848381650260243e-05
1.286625295116075506e-05
1.285807125106407103e-05
1.285341605612761171e-05
1.285225339505853357e-05
1.285525086858249741e-05
1.286366655383262691e-05
1.287896041774242665e-05
1.290230049196967516e-05
1.293412205402769896e-05
1.297378985363696933e-05
1.301934056126243545e-05
1.306732992070181881e-05
1.311292914165034003e-05
1.315046882892258800e-05
1.317451336405959175e-05
1.318129166437784843e-05
1.317005247913735614e-05
1.314380728318744130e-05
1.310904246720808399e-05
1.307428932921420283e-05
1.304783295518615078e-05
1.303519954884176503e-05
1.303726865972727479e-05
1.304980177439644938e-05
1.306479068021212237e-05
1.307334813968758670e-05
1.306910845882791703e-05
1.305065330618913744e-05
1.302169916598748162e-05
1.298877176167904217e-05
1.295746063873326093e-05
1.292930119939545664e-05
1.290113542380390911e-05
1.286737927694570173e-05
1.282379826592177757e-05
1.277041279165646755e-05
1.271175512488774839e-05
1.265446505520628355e-05
1.260387120442022308e-05
1.256163989535308878e-05
1.252564824750310896e-05
1.249177058403687855e-05
1.245627403019982321e-05
1.241748036848552019e-05
1.237604920664932418e-05
1.233410565359092688e-05
1.229398480643671546e-05
1.225739176681801163e-05
1.222536120090812917e-05
1.219882334437436905e-05
1.217918656183420300e-05
1.216836201281779854e-05
1.216806147611983486e-05
1.217872186426585280e-05
1.219870202812774266e-05
1.222427281393196786e-05
1.225047719699894125e-05
1.227247278322278224e-05
1.228676462752341930e-05
1.229186774712587333e-05
1.228826214887011805e-05
1.227780061365667415e-05
1.226287078357284790e-05
1.224560415753709751e-05
1.222733822827921593e-05
1.220843021455559558e-05
1.218841268267780265e-05
1.216638795399076250e-05
1.214150258905988914e-05
1.211334053137586779e-05
1.208211960106269671e-05
1.204865602325595533e-05
1.201415542952378833e-05
1.197996340420221417e-05
1.194742156837989983e-05
1.191790360706690705e-05
1.189297604385565481e-05
1.187451123136993588e-05
1.186455252299493021e-05
1.186484035489380097e-05
1.187613500455458468e-05
1.189770404924886781e-05
1.192738869020182824e-05
1.196238236170267893e-05
1.200034610355207846e-05
1.204012111055170544e-05
1.208145667027027383e-05
1.212384437320683083e-05
1.216525646839289906e-05
1.220174806633802806e-05
1.222833318182769377e-05
1.224069165196029889e-05
1.223675204664878594e-05
1.221737254669652224e-05
1.218599308732734425e-05
1.214769978259915386e-05
1.210822084367310815e-05
1.207303612335583698e-05
1.204646242832668056e-05
1.203062820927610458e-05
1.202461583545505996e-05
1.202432588672182739e-05
1.202345224658300849e-05
1.201538264391185385e-05
1.199525853033148579e-05
1.196127386277099013e-05
1.191468663651420898e-05
1.185869967710876417e-05
1.179690711054484318e-05
1.173209473454919037e-05
1.166582431179682418e-05
1.159869960105901294e-05
1.153086621806224598e-05
1.146233803127928956e-05
1.139306939180903828e-05
1.132298720984267277e-05
1.125219338092854774e-05
1.118127319658928142e-05
1.111139974136639580e-05
1.104399048765532351e-05
1.098002555748412440e-05
1.091945991948742108e-05
1.086115508393737588e-05
1.080342169342934110e-05
1.074487991688896089e-05
1.068518986087932253e-05
1.062533762704633181e-05
1.056742995114668551e-05
1.051415685642583760e-05
1.046813900485293022e-05
1.043132204218773267e-05
1.040450603642300270e-05
1.038707049311205870e-05
1.037697530432537258e-05
1.037112645638158151e-05
1.036612101871288533e-05
1.035921628604455209e-05
1.034919164146010026e-05
1.033673293274940996e-05
1.032414463869268354e-05
1.031450159718618701e-05
1.031059281053482844e-05
1.031403743653794608e-05
1.032479315097523790e-05
1.034108637057275720e-05
1.035970133937938435e-05
1.037656599420806008e-05
1.038757277234730150e-05
1.038951259636040804e-05
1.038091780981214336e-05
1.036258793806139356e-05
1.033764626016845327e-05
1.031110062964022043e-05
1.028898410427860101e-05
1.027719550329313686e-05
1.028018038391673354e-05
1.029965883409059970e-05
1.033374817384374815e-05
1.037695646592160474e-05
1.042143011237059792e-05
1.045936535910833338e-05
1.048576703663840525e-05
1.050023556148567810e-05
1.050670314242748259e-05
1.051108426140985088e-05
1.051805483272767816e-05
1.052874867154441999e-05
1.054059573293730433e-05
1.054918327410834127e-05
1.055082420830558788e-05
1.054425530653601629e-05
1.053064709270367915e-05
1.051227081336013726e-05
1.049092608768120601e-05
1.046715801378273422e-05
1.044056615014811288e-05
1.041071242222933044e-05
1.037781898741532602e-05
1.034276046618022304e-05
1.030648006400758012e-05
1.026938231081112117e-05
1.023118170699078365e-05
1.019125653218446305e-05
1.014917491632182278e-05
1.010501465582930215e-05
1.005934160626441904e-05
1.001297598064286773e-05
9.966754425022137390e-06
9.921396310071008416e-06
9.877452618155160074e-06
9.835271891063975851e-06
9.794961103533332032e-06
9.756378539597104505e-06
9.719211250998212225e-06
9.683152066488004764e-06
9.648124942433996024e-06
9.614446419891677244e-06
9.582792068485817858e-06
9.553894875626958816e-06
9.528040885024369197e-06
9.504584379626133321e-06
9.481769907054904466e-06
9.457042071739940963e-06
9.427779640242574583e-06
9.392151956320433668e-06
9.349718278761316655e-06
9.301525207068253354e-06
9.249713172046558502e-06
9.196857236298518418e-06
9.145322361851110178e-06
9.096812175820553529e-06
9.052140728107290751e-06
9.011178084634948523e-06
8.972947061684818966e-06
8.935906404150571338e-06
8.898438960640546734e-06
8.859444467728202574e-06
8.818808582397666892e-06
8.777516680086601257e-06
8.737343561049736205e-06
8.700272315747223666e-06
8.667911393208678196e-06
8.641111551721719741e-06
8.619810986752880869e-06
8.603011673229662753e-06
8.588805673147830515e-06
8.574486837035543435e-06
8.556874499329579785e-06
8.532938406521889030e-06
8.500649981691429943e-06
8.459798445679906631e-06
8.412432482288537545e-06
8.362685896405555217e-06
8.315977016099058953e-06
8.277813078246534843e-06
8.252557267938803541e-06
8.242481542503956256e-06
8.247292475239503356e-06
8.264188893608536264e-06
8.288447877383915197e-06
8.314497406165135730e-06
8.337330319943322135e-06
8.353924460537804058e-06
8.364167657023136908e-06
8.370818065327997586e-06
8.378349161722670543e-06
8.391030580078462538e-06
8.411017466231502640e-06
8.437297626638795990e-06
8.465988415505526133e-06
8.491845116184780582e-06
8.510269374564192278e-06
8.518896110267919433e-06
8.518090842112768297e-06
8.510250338907470995e-06
8.498361424375097168e-06
8.484559351197220269e-06
8.469329185134678078e-06
8.451600275037949558e-06
8.429519902724367245e-06
8.401400973690980440e-06
8.366355099803923971e-06
8.324397050529226577e-06
8.276139951327382495e-06
8.222383027351677691e-06
8.163848796185429975e-06
8.101144246951906661e-06
8.034859648503592518e-06
7.965675843261542133e-06
7.894407361275529743e-06
7.821981424067568861e-06
7.749382094488989928e-06
7.677577906881852022e-06
7.607438558290279570e-06
7.539654074671530315e-06
7.474686154925928293e-06
7.412781656587445242e-06
7.354055076502413055e-06
7.298615442836218660e-06
7.246693159954026622e-06
7.198721529645275480e-06
7.155339801970531814e-06
7.117301141747158692e-06
7.085288537637811553e-06
7.059669114589387462e-06
7.040252380389996639e-06
7.026146128267754728e-06
7.015799836164521391e-06
7.007272209837144796e-06
6.998668218834311488e-06
6.988604380789516549e-06
6.976531124870858149e-06
6.962793550341852506e-06
6.948424000655509549e-06
6.934770372333829837e-06
6.923111901221033796e-06
6.914379356054214660e-06
6.909013462172463707e-06
6.906926645836887062e-06
6.907522395866079716e-06
6.909765356414910203e-06
6.912332691312079950e-06
6.913865246906049461e-06
6.913274769124269692e-06
6.910000643559919925e-06
6.904104186628475828e-06
6.896155142724243079e-06
6.886961252374817086e-06
6.877252952021720259e-06
6.867426724385657119e-06
6.857391426368365107e-06
6.846504219358791048e-06
6.833568396938016373e-06
6.816896276133098046e-06
6.794480926893363500e-06
6.764325975452877673e-06
6.724930744095977633e-06
6.675836066079184728e-06
6.618054817977456647e-06
6.554196235992115153e-06
6.488170473937754330e-06
6.424505265439238256e-06
6.367453937969856648e-06
6.320152040380133722e-06
6.284054173245209469e-06
6.258775182697094647e-06
6.242330409605484583e-06
6.231674136000729478e-06
6.223394334174963531e-06
6.214421039107494344e-06
6.202621242624747251e-06
6.187174978180242999e-06
6.168661156969377573e-06
6.148834824549413957e-06
6.130144018342781723e-06
6.115095844758244277e-06
6.105618374896167197e-06
6.102567741152224105e-06
6.105499141526023116e-06
6.112762078764846213e-06
6.121902167546726434e-06
6.130268295580148394e-06
6.135658321511449799e-06
6.136816244439729853e-06
6.133635330254913789e-06
6.127016727847777662e-06
6.118447846320324852e-06
6.109454654609364560e-06
6.101112941346406992e-06
6.093766592968076434e-06
6.087014538479013569e-06
6.079928359269448034e-06
6.071388392845127377e-06
6.060403530010514562e-06
6.046312028318393796e-06
6.028827193322926708e-06
6.007959243898310178e-06
5.983883609798778904e-06
5.956825167106950406e-06
5.926997676817525497e-06
5.894600141490478502e-06
5.859846708282071946e-06
5.823001494357801649e-06
5.784398913191286955e-06
5.744442921905238253e-06
5.703587227807348872e-06
5.662301651430114159e-06
5.621030745970822668e-06
5.580152326028349792e-06
5.539945554155770171e-06
5.500578217104363329e-06
5.462118985646262760e-06
5.424573574495614835e-06
5.387936667777241492e-06
5.352247140867186066e-06
5.317633671156221232e-06
5.284340512553209877e-06
5.252727264613751101e-06
5.223240496717016530e-06
5.196358774063612682e-06
5.172516633257188544e-06
5.152018089510542170e-06
5.134955930895429846e-06
5.121157222280329181e-06
5.110174810894841714e-06
5.101336634270987317e-06
5.093849680622867424e-06
5.086937903621935118e-06
5.079980321910707528e-06
5.072613382275746478e-06
5.064772594826751262e-06
5.056668513861182456e-06
5.048712749238704071e-06
5.041421851677287849e-06
5.035326020669249030e-06
5.030897995536921490e-06
5.028503133892962083e-06
5.028363272480100571e-06
5.030528657828606202e-06
5.034861089092770914e-06
5.041039461036888700e-06
5.048598618818205981e-06
5.057002020319871989e-06
5.065733446224520521e-06
5.074381892703664178e-06
5.082693622497558591e-06
5.090576481828696100e-06
5.098058028327069224e-06
5.105212540968714327e-06
5.112077176949347692e-06
5.118574439640881781e-06
5.124451220569640136e-06
5.129239471879611194e-06
5.132243079458949406e-06
5.132558759309123616e-06
5.129141636329729169e-06
5.120923679740075123e-06
5.106982516419796387e-06
5.086740528423150968e-06
5.060155229135612907e-06
5.027850121840810195e-06
4.991138268967451242e-06
4.951911547193780422e-06
4.912402626694898807e-06
4.874863054502296181e-06
4.841226088152846352e-06
4.812827534419921704e-06
4.790240634850203513e-06
4.773249643767655027e-06
4.760953453739039904e-06
4.751966116344710116e-06
4.744669968030834518e-06
4.737477360754559813e-06
4.729063464852739185e-06
4.718540815717479414e-06
4.705554882347716256e-06
4.690290124495337218e-06
4.673389032584523074e-06
4.655801599651827366e-06
4.638596036781853298e-06
4.622768768496046442e-06
4.609089769971446943e-06
4.598008368256194994e-06
4.589628351204135044e-06
4.583744987757094645e-06
4.579925143369613223e-06
4.577607399362677764e-06
4.576201351010898607e-06
4.575171390667586078e-06
4.574097138573901626e-06
4.572708063040515694e-06
4.570893084712020601e-06
4.568687711943549789e-06
4.566242569661978429e-06
4.563778742113536723e-06
4.561537066160012001e-06
4.559729671593522232e-06
4.558501840511448195e-06
4.557910235048782302e-06
4.557920004987682081e-06
4.558419131784699259e-06
4.559244751943465667e-06
4.560214120401167039e-06
4.561152799845522726e-06
4.561914453126263090e-06
4.562389600368664424e-06
4.562503937236902548e-06
4.562209379567127897e-06
4.561472289610794645e-06
4.560263176014854867e-06
4.558550826498993877e-06
4.556301910861774970e-06
4.553485252788681669e-06
4.550078739550534063e-06
4.546076458656798159e-06
4.541494043843079149e-06
4.536371069237521031e-06
4.530770267550772719e-06
4.524774053393832279e-06
4.518479168443040423e-06
4.511990274051774293e-06
4.505413149581397740e-06
4.498847986949597018e-06
4.492383196046817202e-06
4.486090161188837009e-06
4.480019439612510052e-06
4.474198879659451716e-06
4.468634001805224957e-06
4.463310731184364523e-06
4.458200252581504641e-06
4.453265455421792698e-06
4.448468219273780392e-06
4.443776699669296624e-06
4.439171810974184253e-06
4.434652243713329384e-06
4.430237551059846168e-06
4.425969054239591140e-06
4.421908514874112734e-06
4.418134691853811593e-06
4.414738044156666998e-06
4.411813972859171055e-06
4.409455128379292620e-06
4.407743441137675560e-06
4.406742644447353451e-06
4.406492112222387069e-06
4.407002781756886763e-06
4.408255749092468145e-06
4.410203805230419931e-06
4.412775772395988870e-06
4.415883077096513328e-06
4.419427659152072113e-06
4.423310150239330260e-06
4.427437308016630196e-06
4.431727948995804557e-06
4.436117011409247097e-06
4.440557786375075787e-06
4.445022664363604831e-06
4.449502870904393126e-06
4.454007596055971162e-06
4.458562707220137406e-06
4.463208980125152361e-06
4.467999608716113517e-06
4.472996744481231008e-06
4.478266996790116668e-06
4.483876137345214746e-06
4.489883588360555839e-06
4.496337504858706900e-06
4.503271290131973217e-06
4.510702177302257381e-06
4.518632116328433912e-06
4.527050726570399202e-06
4.535939641928555811e-06
4.545277296778577583e-06
4.555043135157874971e-06
4.565220369445173009e-06
4.575796709344068289e-06
4.586762842412215742e-06
4.598108791751626001e-06
4.609818546591969768e-06
4.621863540837652950e-06
4.634195655589504908e-06
4.646740474642486332e-06
4.659391560731738742e-06
4.672006554276275219e-06
4.684405914630768129e-06
4.696375090853255781e-06
4.707670773046130697e-06
4.718031596260866059e-06
4.727193224931218932e-06
4.734907158360349944e-06
4.740961933946847191e-06
4.745204774342306832e-06
4.747561259334430045e-06
4.748050433928502685e-06
4.746792982740590738e-06
4.744010730061794847e-06
4.740016710479044764e-06
4.735196253371366200e-06
4.729980738911424217e-06
4.724816698014322763e-06
4.720133557303906521e-06
4.716313464996699206e-06
4.713666257265510276e-06
4.712411832803285089e-06
4.712671152836867880e-06
4.714465978042795880e-06
4.717726474419800389e-06
4.722305101214175095e-06
4.727994798478601846e-06
4.734549405778915100e-06
4.741704407760840840e-06
4.749196423409120762e-06
4.756780244919584542e-06
4.764242622280554126e-06
4.771412336337981000e-06
4.778166395250083529e-06
4.784432428919008501e-06
4.790187554386213840e-06
4.795454152788584918e-06
4.800293137378785090e-06
4.804795397590751551e-06
4.809072170518024908e-06
4.813245106170273811e-06
4.817436755537683232e-06
4.821762119590822060e-06
4.826321760880435705e-06
4.831196813443579921e-06
4.836446044230776379e-06
4.842104941677516043e-06
4.848186647708214376e-06
4.854684423806179922e-06
4.861575255133619329e-06
4.868824155438713445e-06
4.876388735185434064e-06
4.884223632813356542e-06
4.892284475521788659e-06
4.900531121165603887e-06
4.908930027253932321e-06
4.917455687539109168e-06
4.926091162808764912e-06
4.934827803534313375e-06
4.943664315703847991e-06
4.952605352656240215e-06
4.961659828225120008e-06
4.970839140112125998e-06
4.980155469437000725e-06
4.989620290242678500e-06
4.999243182122009669e-06
5.009030997529587363e-06
5.018987395682992152e-06
5.029112720636765733e-06
5.039404174201277562e-06
5.049856217673883768e-06
5.060461126770808340e-06
5.071209625786947304e-06
5.082091532046224494e-06
5.093096355444669432e-06
5.104213810961609500e-06
5.115434219118059358e-06
5.126748783132505610e-06
5.138149744982374425e-06
5.149630432005025514e-06
5.161185212626648484e-06
5.172809383245365640e-06
5.184499009053015139e-06
5.196250740539625365e-06
5.208061624213686797e-06
5.219928923058057102e-06
5.231849957444037848e-06
5.243821974413686625e-06
5.255842048898121524e-06
5.267907018200423072e-06
5.280013448482027739e-06
5.292157630669209982e-06
5.304335601661193972e-06
5.316543186486658971e-06
5.328776056569316343e-06
5.341029799060482786e-06
5.353299992814322259e-06
5.365582286629569349e-06
5.377872475779956407e-06
5.390166573614627701e-06
5.402460875556676831e-06
5.414752013229944577e-06
5.427036997386779955e-06
5.439313248727200175e-06
5.451578616262204944e-06
5.463831383531866511e-06
5.476070263534697370e-06
5.488294383061186368e-06
5.500503258285366101e-06
5.512696762847628912e-06
5.524875090278168466e-06
5.537038712294463720e-06
5.549188334898637993e-06
5.561324853232953397e-06
5.573449307079849057e-06
5.585562837947860484e-06
5.597666648342450265e-06
5.609761964569653948e-06
5.621850002921772612e-06
5.633931940144974554e-06
5.646008888050743071e-06
5.658081872475943128e-06
5.670151816578495614e-06
5.682219528185432556e-06
5.694285691343932358e-06
5.706350861488061715e-06
5.718415464126475087e-06
5.730479796853145561e-06
5.742544033950627228e-06
5.754608233670957284e-06
5.766672347435750116e-06
5.778736230678695067e-06
5.790799654985345290e-06
5.802862320966644655e-06
5.814923871471089119e-06
5.826983905022572396e-06
5.839041988654506353e-06
5.851097670351309451e-06
5.863150490376007890e-06
5.875199991802901427e-06
5.887245729417399530e-06
5.899287277650164605e-06
5.911324236849151254e-06
5.923356238287507310e-06
5.935382947828012012e-06
5.947404068251482333e-06
5.959419340368330078e-06
5.971428543188653724e-06
5.983431493065881336e-06
5.995428041989292753e-06
6.007418075365187132e-06
6.019401509120987423e-06
6.031378286557861593e-06
6.043348374769071769e-06
6.055311761034508187e-06
6.067268449039240202e-06
6.079218455143018010e-06
6.091161804760248654e-06
6.103098528859075867e-06
6.115028660604546997e-06
6.126952232230285705e-06
6.138869272288613902e-06
6.150779802927878689e-06
6.162683837656338739e-06
6.174581379239481240e-06
6.186472417940738694e-06
6.198356929991005421e-06
6.210234876332094669e-06
6.222106201560754497e-06
6.233970833083372097e-06
6.245828680592572650e-06
6.257679635526097412e-06
6.269523570906441741e-06
6.281360341200478867e-06
6.293189782312211835e-06
6.305011711781445924e-06
6.316825929002451904e-06
6.328632215571757754e-06
6.340430335731591597e-06
6.352220036838219759e-06
6.364001049894976988e-06
6.375773090180415068e-06
6.387535857843955029e-06
6.399289038624094003e-06
6.411032304451889095e-06
6.422765314282719171e-06
6.434487714753961054e-06
6.446199140959418187e-06
6.457899217238518181e-06
6.469587557871116142e-06
6.481263767987568057e-06
6.492927444198362563e-06
6.504578175535263492e-06
6.516215544084204420e-06
6.527839125936152608e-06
6.539448491872705088e-06
6.551043208183744819e-06
6.562622837451978692e-06
6.574186939376201043e-06
6.585735071482963108e-06
6.597266789994553945e-06
6.608781650499547288e-06
6.620279208791057541e-06
6.631759021610231416e-06
6.643220647387673662e-06
6.654663646993398174e-06
6.666087584415587684e-06
6.677492027551528564e-06
6.688876548888422871e-06
6.700240726147118144e-06
6.711584143009081050e-06
6.722906389760505808e-06
6.734207063901224992e-06
6.745485770753949838e-06
6.756742124122560539e-06
6.767975746779965877e-06
6.779186271034614951e-06
6.790373339284576162e-06
6.801536604400508755e-06
6.812675730278503438e-06
6.823790392211647784e-06
6.834880277281110662e-06
6.845945084694545446e-06
6.856984526130521572e-06
6.867998325955219273e-06
6.878986221481453958e-06
6.889947963211900023e-06
6.900883314929181275e-06
6.911792053802658072e-06
