8.208402778970529112e-02
2.764350068474138766e-05
4.142830591623578105e-06
5.031793197047001472e-06
5.548323712756183085e-06
5.828042401761840817e-06
5.981104346502030173e-06
6.068806759765634650e-06
6.123178340334202648e-06
6.160569901044392910e-06
6.189246113309243952e-06
6.213367434315600148e-06
6.235026553802379584e-06
6.255277993584642640e-06
6.274655805547794757e-06
6.293433181212383075e-06
6.311752471050724071e-06
6.329690266717391790e-06
6.347289976596679066e-06
6.364578136943991440e-06
6.381572586993647890e-06
6.398286574127297201e-06
6.414730822726412880e-06
6.430914583719490730e-06
6.446846173388307367e-06
6.462533255831203167e-06
6.477982996253482449e-06
6.493202148856523633e-06
6.508197111150629570e-06
6.522973960749085911e-06
6.537538482665253880e-06
6.551896191257074664e-06
6.566052348821774481e-06
6.580011982006926347e-06
6.593779896595291579e-06
6.607360690992747987e-06
6.620758768633921713e-06
6.633978349420640429e-06
6.647023480340406974e-06
6.659898045293218211e-06
6.672605774174337435e-06
6.685150251376801781e-06
6.697534923617307008e-06
6.709763107275833538e-06
6.721837995173578686e-06
6.733762662898585161e-06
6.745540074691803507e-06
6.757173088953346668e-06
6.768664463313956612e-06
6.780016859456661456e-06
6.791232847526774577e-06
6.802314910330150737e-06
6.813265447213556670e-06
6.824086777712050006e-06
6.834781144964741280e-06
6.845350718929041711e-06
6.855797599439970028e-06
6.866123819005973600e-06
6.876331345518169244e-06
6.886422084813852021e-06
6.896397883041553527e-06
6.906260529014020642e-06
6.916011756314725486e-06
6.925653245456688129e-06
6.935186625828317097e-06
6.944613477628979607e-06
6.953935333715756163e-06
6.963153681380907855e-06
6.972269964082637413e-06
6.981285583121443646e-06
6.990201899268364402e-06
6.999020234370785870e-06
7.007741872913081298e-06
7.016368063518835787e-06
7.024900020486607655e-06
7.033338925249439052e-06
7.041685927834236127e-06
7.049942148292442406e-06
7.058108678100516293e-06
7.066186581598867248e-06
7.074176897298412580e-06
7.082080639274170265e-06
7.089898798532344708e-06
7.097632344232031165e-06
7.105282225049534248e-06
7.112849370410996532e-06
7.120334691717251396e-06
7.127739083536817256e-06
7.135063424831871031e-06
7.142308579997378850e-06
7.149475400041984488e-06
7.156564723548453252e-06
7.163577377750089075e-06
7.170514179432324851e-06
7.177375935863391420e-06
7.184163445601495069e-06
7.190877499321829169e-06
7.197518880507292266e-06
7.204088366115032712e-06
7.210586727148419517e-06
7.217014729262226219e-06
7.223373133082921989e-06
7.229662694712335213e-06
7.235884165991481380e-06
7.242038294748494714e-06
7.248125824952267241e-06
7.254147496817450381e-06
7.260104046874319922e-06
7.265996207868574563e-06
7.271824708673922112e-06
7.277590274139782964e-06
7.283293624819099451e-06
7.288935476718530578e-06
7.294516540894901812e-06
7.300037523104359800e-06
7.305499123324953257e-06
7.310902035219052497e-06
7.316246945660916806e-06
7.321534534124210001e-06
7.326765472084249279e-06
7.331940422379866685e-06
7.337060038511613520e-06
7.342124964016642401e-06
7.347135831761185724e-06
7.352093263185179299e-06
7.356997867582004835e-06
7.361850241451748931e-06
7.366650967636303676e-06
7.371400614678044959e-06
7.376099736028439431e-06
7.380748869343197043e-06
7.385348535703171839e-06
7.389899238908505682e-06
7.394401464735062076e-06
7.398855680185263641e-06
7.403262332782812672e-06
7.407621849819969376e-06
7.411934637603778952e-06
7.416201080799610043e-06
7.420421541653907140e-06
7.424596359284420169e-06
7.428725848938056248e-06
7.432810301289300930e-06
7.436849981720230880e-06
7.440845129661290156e-06
7.444795957777287313e-06
7.448702651479349415e-06
7.452565368086918460e-06
7.456384236300209099e-06
7.460159355549755091e-06
7.463890795567560759e-06
7.467578595726085796e-06
7.471222764705942380e-06
7.474823280081928150e-06
7.478380088019643570e-06
7.481893103139051010e-06
7.485362208341372558e-06
7.488787254805706968e-06
7.492168062209569085e-06
7.495504418928513490e-06
7.498796082444223963e-06
7.502042779824060339e-06
7.505244208506055608e-06
7.508400037126579759e-06
7.511509906448373645e-06
7.514573430673280639e-06
7.517590198663818075e-06
7.520559775441894471e-06
7.523481703876096617e-06
7.526355506504283408e-06
7.529180687346076257e-06
7.531956734104944013e-06
7.534683120270139781e-06
7.537359307488392332e-06
7.539984747902880010e-06
7.542558886609013876e-06
7.545081164239119779e-06
7.547551019511315509e-06
7.549967891810390534e-06
7.552331223839944089e-06
7.554640464182300852e-06
7.556895069936091074e-06
7.559094509139184094e-06
7.561238263366053879e-06
7.563325830046923049e-06
7.565356724867429240e-06
7.567330483850267016e-06
7.569246665515243860e-06
7.571104852835479045e-06
7.572904655107438930e-06
7.574645709669552413e-06
7.576327683439983151e-06
7.577950274289272709e-06
7.579513212452893361e-06
7.581016261505943302e-06
7.582459219526128813e-06
7.583841919791959122e-06
7.585164231642727942e-06
7.586426060990360232e-06
7.587627350852343313e-06
7.588768081698558896e-06
7.589848271657529687e-06
7.590867976840421339e-06
7.591827291270250832e-06
7.592726346913281745e-06
7.593565313587659051e-06
7.594344398878631280e-06
7.595063847804880527e-06
7.595723942638902338e-06
7.596325002434374876e-06
7.596867382759947482e-06
7.597351475082041643e-06
7.597777706231117745e-06
7.598146537933874025e-06
7.598458465859070733e-06
7.598714019055829544e-06
7.598913758937107630e-06
7.599058278359160042e-06
7.599148200501264090e-06
7.599184177605914545e-06
7.599166889727603502e-06
7.599097043200114266e-06
7.598975369114917295e-06
7.598802621520810140e-06
7.598579575582857451e-06
7.598307025555639344e-06
7.597985782810541308e-06
7.597616673415939476e-06
7.597200536083158426e-06
7.596738219586806937e-06
7.596230580433935587e-06
7.595678480387507241e-06
7.595082784022896724e-06
7.594444356208841103e-06
7.593764059815959754e-06
7.593042753316249442e-06
7.592281288642981038e-06
7.591480508973661928e-06
7.590641246870874934e-06
7.589764322460368882e-06
7.588850541833755216e-06
7.587900695595760092e-06
7.586915557669022774e-06
7.585895884149872711e-06
7.584842412710837570e-06
7.583755861781351474e-06
7.582636930118298279e-06
7.581486296568001248e-06
7.580304619911736950e-06
7.579092538919004306e-06
7.577850672355556168e-06
7.576579619414889748e-06
7.575279959806112744e-06
7.573952254359141598e-06
7.572597045172579053e-06
7.571214856370231462e-06
7.569806194354884097e-06
7.568371548394303953e-06
7.566911391080071563e-06
7.565426178796938051e-06
7.563916352236252457e-06
7.562382336866983209e-06
7.560824543435590377e-06
7.559243368449126686e-06
7.557639194734982292e-06
7.556012391840461566e-06
7.554363316751698074e-06
7.552692314421351019e-06
7.550999718295520724e-06
7.549285851185464960e-06
7.547551025903722390e-06
7.545795545901066096e-06
7.544019706414890519e-06
7.542223794989937669e-06
7.540408092570443624e-06
7.538572874408052810e-06
7.536718411020309479e-06
7.534844969232914807e-06
7.532952813195079687e-06
7.531042205249971362e-06
7.529113407159282510e-06
7.527166681006329301e-06
7.525202290189043368e-06
7.523220500536600094e-06
7.521221581146559910e-06
7.519205805418143458e-06
7.517173451997420408e-06
7.515124805726628415e-06
7.513060158464500806e-06
7.510979810307317940e-06
7.508884070246496999e-06
7.506773257274194453e-06
7.504647701367202582e-06
7.502507744561809731e-06
7.500353741932610402e-06
7.498186062836197807e-06
7.496005092024791957e-06
7.493811231042737807e-06
7.491604899584819147e-06
7.489386536830342268e-06
7.487156603232729386e-06
7.484915582004993358e-06
7.482663981030803251e-06
7.480402334685772046e-06
7.478131205866333478e-06
7.475851188033896814e-06
7.473562907521057530e-06
7.471267025737608221e-06
7.468964241455658163e-06
7.466655293350008781e-06
7.464340962417521159e-06
7.462022074423545389e-06
7.459699502483771024e-06
7.457374169319931711e-06
7.455047049957886351e-06
7.452719173999518160e-06
7.450391627856810326e-06
7.448065557080204907e-06
7.445742168249374332e-06
7.443422730986390024e-06
7.441108579694235501e-06
7.438801115112880435e-06
7.436501805642293604e-06
7.434212188491756484e-06
7.431933870487086496e-06
7.429668528820528827e-06
7.427417911343036159e-06
7.425183836712412193e-06
7.422968194083395842e-06
7.420772942820079996e-06
7.418600111522730802e-06
7.416451797126304055e-06
7.414330163315003653e-06
7.412237439042522661e-06
7.410175916281290424e-06
7.408147947909169408e-06
7.406155944901043775e-06
7.404202373544992234e-06
7.402289751926779440e-06
7.400420646549518603e-06
7.398597668287782191e-06
7.396823468389665712e-06
7.395100733719329757e-06
7.393432182131190446e-06
7.391820557442946596e-06
7.390268623904598572e-06
7.388779160700332865e-06
7.387354956181077291e-06
7.385998801546414477e-06
7.384713484713498198e-06
7.383501783803900253e-06
7.382366460335821167e-06
7.381310252570880175e-06
7.380335868411258607e-06
7.379445978300098422e-06
7.378643208250813231e-06
7.377930132503522706e-06
7.377309266276585076e-06
7.376783058698477337e-06
7.376353885643874335e-06
7.376024042631454539e-06
7.375795737916169324e-06
7.375671085642685820e-06
7.375652099447456533e-06
7.375740686058577360e-06
7.375938639030743965e-06
7.376247633385985385e-06
7.376669219901707518e-06
7.377204820273822437e-06
7.377855722485830375e-06
7.378623076603349430e-06
7.379507891064646575e-06
7.380511029477578337e-06
7.381633207864400138e-06
7.382874992461276346e-06
7.384236797707861974e-06
7.385718885161917199e-06
7.387321362648649117e-06
7.389044183778974461e-06
7.390887147930449496e-06
7.392849900927170664e-06
7.394931935560158594e-06
7.397132593111930156e-06
7.399451064689375118e-06
7.401886393363927176e-06
7.404437476184141354e-06
7.407103067084811710e-06
7.409881779801634586e-06
7.412772091247683523e-06
7.415772345594344550e-06
7.418880758366610365e-06
7.422095421680157148e-06
7.425414309407353613e-06
7.428835283386780770e-06
7.432356100288634712e-06
7.435974419033673896e-06
7.439687808903371576e-06
7.443493758595797453e-06
7.447389685857295394e-06
7.451372947713488616e-06
7.455440851422617637e-06
7.459590665996313219e-06
7.463819634114258263e-06
7.468124984265751201e-06
7.472503943137141873e-06
7.476953747971423739e-06
7.481471658573712954e-06
7.486054969416315649e-06
7.490701020589826326e-06
7.495407208392234857e-06
7.500170994816922850e-06
7.504989916321490069e-06
7.509861590965858632e-06
7.514783724385943222e-06
7.519754114560619530e-06
7.524770654748910107e-06
7.529831335317402886e-06
7.534934243858751939e-06
7.540077563908256546e-06
7.545259572739045442e-06
7.550478637528005052e-06
7.555733210954371833e-06
7.561021826074560377e-06
7.566343090915546174e-06
7.571695682990500077e-06
7.577078344364892535e-06
7.582489877670856290e-06
7.587929143427895806e-06
7.593395058953256464e-06
7.598886599720848315e-06
7.604402803488606393e-06
7.609942776883157983e-06
7.615505705590319306e-06
7.621090867565242643e-06
7.626697649223744192e-06
7.632325565163677316e-06
7.637974279862607289e-06
7.643643631913553358e-06
7.649333659472502074e-06
7.655044626459937482e-06
7.660777048576380673e-06
7.666531718544401905e-06
7.672309729170541018e-06
7.678112494229848343e-06
7.683941766222849627e-06
7.689799650299832562e-06
7.695688614703832982e-06
7.701611496954464964e-06
7.707571506417789989e-06
7.713572223385404088e-06
7.719617594627631763e-06
7.725711926293492526e-06
7.731859874474172813e-06
7.738066433581063089e-06
7.744336922869953248e-06
7.750676971446345462e-06
7.757092501383880870e-06
7.763589708721822867e-06
7.770175042248020188e-06
7.776855179226937245e-06
7.783636997317980994e-06
7.790527542388008380e-06
7.797533991448908451e-06
7.804663610527720082e-06
7.811923706805580774e-06
7.819321576090221881e-06
7.826864445416177845e-06
7.834559412427910102e-06
7.842413382261117518e-06
7.850433004384292196e-06
7.858624610435738884e-06
7.866994155520317406e-06
7.875547164640680275e-06
7.884288685736177068e-06
7.893223250159809215e-06
7.902354841960932530e-06
7.911686875433754482e-06
7.921222180738485735e-06
7.930962996808210022e-06
7.940910970417469769e-06
7.951067159760397541e-06
7.961432041484833394e-06
7.972005519504899695e-06
7.982786934916326460e-06
7.993775076356943312e-06
8.004968189956060621e-06
8.016363989679137195e-06
8.027959668510827639e-06
8.039751910921875849e-06
8.051736907795399166e-06
8.063910375225349767e-06
8.076267577754141902e-06
8.088803356948445086e-06
8.101512165705001021e-06
8.114388108563462657e-06
8.127424987323180768e-06
8.140616350735247310e-06
8.153955547713511741e-06
8.167435781429469447e-06
8.181050163260613470e-06
8.194791764076497307e-06
8.208653661240613479e-06
8.222628979890601820e-06
8.236710927406303695e-06
8.250892820253127180e-06
8.265168103561476218e-06
8.279530363892362145e-06
8.293973336256809767e-06
8.308490906861660350e-06
8.323077113776877731e-06
8.337726146765391251e-06
8.352432348391419738e-06
8.367190218228092420e-06
8.381994419662077949e-06
8.396839790827417715e-06
8.411721358291807980e-06
8.426634351609759238e-06
8.441574216501254886e-06
8.456536623783864431e-06
8.471517469399453818e-06
8.486512862637628874e-06
8.501519098945777798e-06
8.516532614753414255e-06
8.531549923667956960e-06
8.546567535039237230e-06
8.561581859570787398e-06
8.576589107462107879e-06
8.591585188805608896e-06
8.606565627327372132e-06
8.621525499986811827e-06
8.636459414434236281e-06
8.651361535633300060e-06
8.666225668241619187e-06
8.681045398328937745e-06
8.695814291141968749e-06
8.710526135627318862e-06
8.725175221536001307e-06
8.739756630032320409e-06
8.754266516969834368e-06
8.768702368328623072e-06
8.783063211098509384e-06
8.797349767683265308e-06
8.811564549502777253e-06
8.825711893833370193e-06
8.839797952930503631e-06
8.853830651151760515e-06
8.867819627302485819e-06
8.881776178471887997e-06
8.895713217570462499e-06
8.909645249224533534e-06
8.923588359711171627e-06
8.937560207494472375e-06
8.951579988220205504e-06
8.965668345541593956e-06
8.979847193587774340e-06
8.994139422195973841e-06
9.008568468075520605e-06
9.023157752918682106e-06
9.037930013009222316e-06
9.052906569723324394e-06
9.068106610051912631e-06
9.083546557121847964e-06
9.099239608580483277e-06
9.115195504033938266e-06
9.131420551622302452e-06
9.147917908043003295e-06
9.164688067655050091e-06
9.181729485929225452e-06
9.199039245742272222e-06
9.216613672370611247e-06
9.234448819521846205e-06
9.252540773368612140e-06
9.270885753704345087e-06
9.289480024862268654e-06
9.308319654646703543e-06
9.327400179698695201e-06
9.346716245441366182e-06
9.366261290073575382e-06
9.386027336363222614e-06
9.406004941605146863e-06
9.426183339024259315e-06
9.446550781107765013e-06
9.467095071037794581e-06
9.487804241347206914e-06
9.508667318035295376e-06
9.529675087913022264e-06
9.550820781316227888e-06
9.572100583201236719e-06
9.593513901214484893e-06
9.615063342356078112e-06
9.636754380868801592e-06
9.658594730853131894e-06
9.680593465563528923e-06
9.702759945894491730e-06
9.725102633271599407e-06
9.747627864013103522e-06
9.770338658525289726e-06
9.793233630810241984e-06
9.816306054627827257e-06
9.839543135486652475e-06
9.862925535033990616e-06
9.886427190733321809e-06
9.910015474091195804e-06
9.933651721987469274e-06
9.957292163542953194e-06
9.980889240611942714e-06
1.000439328634009716e-05
1.002775448484370030e-05
1.005092499349642580e-05
1.007386106871097577e-05
1.009652501167591451e-05
1.011888673629367476e-05
1.014092477296204757e-05
1.016262654823663143e-05
1.018398783625683876e-05
1.020501135706891728e-05
1.022570460473885282e-05
1.024607712253904399e-05
1.026613758088408493e-05
1.028589113175881550e-05
1.030533756360757528e-05
1.032447072073480413e-05
1.034327945589217074e-05
1.036175007660390760e-05
1.037986987921167187e-05
1.039763105549926566e-05
1.041503410745054315e-05
1.043208999478046161e-05
1.044882056225143799e-05
1.046525725988506860e-05
1.048143862753729478e-05
1.049740731408291322e-05
1.051320745392255125e-05
1.052888305074830896e-05
1.054447772906304425e-05
1.056003594830931872e-05
1.057560559100591194e-05
1.059124169157667873e-05
1.060701080810156229e-05
1.062299504318786989e-05
1.063929404979203917e-05
1.065602284923062283e-05
1.067330344881124725e-05
1.069124950248531051e-05
1.070994558732536656e-05
1.072942541142835058e-05
1.074965525456528805e-05
1.077052897805184723e-05
1.079187848690589756e-05
1.081349911067924191e-05
1.083518453548920002e-05
1.085676257714473173e-05
1.087812262775309541e-05
1.089922823610328393e-05
1.092011292035568028e-05
1.094086213244918326e-05
1.096158758194062496e-05
1.098240097432461650e-05
1.100339279239946463e-05
1.102461902491782696e-05
1.104609597912664151e-05
1.106780146404702256e-05
1.108968009227920841e-05
1.111165098227303696e-05
1.113361713814012268e-05
1.115547655016246603e-05
1.117713514313803863e-05
1.119852105499242186e-05
1.121959870125700288e-05
1.124038023385719455e-05
1.126093183474403978e-05
1.128137300193488032e-05
1.130186841221406929e-05
1.132261361678563923e-05
1.134381719385338287e-05
1.136568262985950282e-05
1.138839297567474022e-05
1.141210034910570534e-05
1.143692094223392814e-05
1.146293474232885631e-05
1.149018803505349396e-05
1.151869618515057828e-05
1.154844429891149450e-05
1.157938416062184900e-05
1.161142718602389105e-05
1.164443480938448542e-05
1.167820932395779044e-05
1.171248919667347957e-05
1.174695271647117683e-05
1.178123219526999087e-05
1.181493806373643571e-05
1.184768905869419601e-05
1.187914272412513544e-05
1.190902081801659227e-05
1.193712696602832585e-05
1.196335746566989195e-05
1.198770794708490038e-05
1.201027667027078149e-05
1.203125998606125469e-05
1.205093043393742731e-05
1.206958828655005271e-05
1.208748672333469078e-05
1.210474777893275841e-05
1.212130295132422357e-05
1.213689732272607752e-05
1.215118024125147013e-05
1.216386960592143493e-05
1.217493404503845174e-05
1.218471018840988485e-05
1.219388121801119322e-05
1.220329327990391924e-05
1.221366117900125821e-05
1.222527925229090181e-05
1.223787095815040517e-05
1.225066370634728831e-05
1.226267804908794470e-05
1.227311668185407700e-05
1.228168350599363345e-05
1.228869255711682339e-05
1.229493390056949705e-05
1.230139355707931182e-05
1.230899878250489288e-05
1.231852459113934183e-05
1.233066636974927585e-05
1.234614314367567792e-05
1.236565353651535861e-05
1.238960879996951918e-05
1.241775355675546065e-05
1.244891911563168025e-05
1.248112534811996853e-05
1.251205950807821004e-05
1.253973703138653052e-05
1.256304065724257523e-05
1.258190607932232177e-05
1.259711478845694963e-05
1.260983864775717044e-05
1.262115683866119041e-05
1.263172309069445968e-05
1.264165827873515607e-05
1.265064791813742519e-05
1.265816792740919781e-05
1.266374298516452932e-05
1.266714892035603148e-05
1.266849985993327905e-05
1.266820894060725733e-05
1.266686304061355719e-05
1.266508190290265578e-05
1.266342276907088106e-05
1.266235043640122625e-05
1.266224910325646168e-05
1.266343648268099644e-05
1.266615928763199264e-05
1.267058159522035871e-05
1.267679419793598446e-05
1.268486034876617353e-05
1.269488352588570556e-05
1.270706143437712906e-05
1.272169429804354762e-05
1.273914046212472069e-05
1.275973886529717118e-05
1.278372768527647796e-05
1.281117793945798136e-05
1.284194232919850423e-05
1.287561018397071946e-05
1.291146766322066826e-05
1.294848329023079439e-05
1.298535754470163842e-05
1.302067474037920984e-05
1.305316406920549423e-05
1.308201592218177858e-05
1.310713251561774848e-05
1.312916302708004826e-05
1.314922780689389049e-05
1.316838095678877397e-05
1.318703719431443742e-05
1.320468760718777239e-05
1.322015047863095336e-05
1.323233599868840047e-05
1.324116129099555121e-05
1.324803788982806084e-05
1.325545254174051355e-05
1.326561126155673588e-05
1.327873017171581048e-05
1.329197551102333297e-05
1.329993725355109388e-05
1.329679059485201337e-05
1.327928620523594431e-05
1.324902116536676455e-05
1.321259055667432756e-05
1.317923852015938527e-05
1.315698189189849109e-05
1.314907768610825396e-05
1.315260641017182512e-05
1.315989061801333447e-05
1.316203995596058336e-05
1.315286637306639445e-05
1.313127959161953698e-05
1.310111834118394099e-05
1.306876250543695207e-05
1.304005023352180203e-05
1.301829082533348916e-05
1.300431807569729592e-05
1.299809735586209060e-05
1.300036844625949041e-05
1.301292283494382085e-05
1.303727959399728608e-05
1.307282343535193541e-05
1.311589333550662664e-05
1.316057897237262779e-05
1.320074134631022618e-05
1.323200493198282069e-05
1.325266242586124080e-05
1.326327295404293321e-05
1.326550049637021479e-05
1.326096008198362220e-05
1.325057333614937984e-05
1.323453288465127553e-05
1.321269800575134787e-05
1.318513279608583423e-05
1.315250277481655159e-05
1.311614735053796980e-05
1.307782726873415965e-05
1.303932453803869215e-05
1.300213151320714938e-05
1.296736549091507478e-05
1.293586754345475737e-05
1.290832607291777064e-05
1.288528770566918216e-05
1.286705053644761302e-05
1.285356713890697754e-05
1.284451012615081009e-05
1.283954522730883447e-05
1.283869273444797678e-05
1.284256461624813412e-05
1.285232022407220898e-05
1.286934864731639533e-05
1.289482731969859749e-05
1.292931265697187225e-05
1.297240707002822579e-05
1.302245450425143619e-05
1.307626440752873894e-05
1.312902503538817346e-05
1.317467742790983515e-05
1.320692808258181818e-05
1.322078332726397855e-05
1.321415829062014982e-05
1.318895321011659213e-05
1.315109724850389009e-05
1.310937894000760514e-05
1.307327375784166216e-05
1.305032099415316043e-05
1.304382230987853059e-05
1.305167212880654098e-05
1.306690600552671882e-05
1.308002135856023849e-05
1.308238483758487058e-05
1.306939715144035730e-05
1.304195338591998749e-05
1.300537948331023877e-05
1.296628195409813494e-05
1.292896788042571935e-05
1.289345560510631035e-05
1.285620373997803078e-05
1.281299276946968009e-05
1.276202610453267169e-05
1.270526452753319866e-05
1.264730505600516324e-05
1.259277695181174967e-05
1.254404813154818266e-05
1.250055109029257666e-05
1.245979781286941052e-05
1.241913793889574285e-05
1.237712489377839112e-05
1.233388566441925702e-05
1.229061359799008982e-05
1.224875061520424468e-05
1.220943872342841181e-05
1.217351417805462767e-05
1.214191815438142503e-05
1.211612339692796407e-05
1.209816115262555433e-05
1.209007643638693158e-05
1.209300130800387874e-05
1.210630324120455066e-05
1.212727865290690206e-05
1.215161168017592097e-05
1.217445216659622267e-05
1.219168877832078349e-05
1.220093630654399900e-05
1.220191536148790553e-05
1.219616579489706424e-05
1.218627105001259233e-05
1.217489922706700195e-05
1.216397389000694723e-05
1.215420125214659464e-05
1.214504355486222787e-05
1.213508616862723116e-05
1.212263637530042576e-05
1.210633941712600100e-05
1.208561300464774316e-05
1.206078443462130361e-05
1.203294469864664587e-05
1.200365992354617144e-05
1.197473138225082129e-05
1.194812767801566485e-05
1.192605505061795653e-05
1.191097959860737670e-05
1.190537633877442095e-05
1.191111309725149568e-05
1.192865027042589838e-05
1.195650596886261269e-05
1.199147432051303971e-05
1.202973322431719565e-05
1.206835666182183177e-05
1.210630071664896031e-05
1.214412066740905425e-05
1.218250291620198075e-05
1.222058031590730040e-05
1.225522362782335863e-05
1.228184621355546696e-05
1.229622049530219470e-05
1.229618002164314995e-05
1.228230142333090432e-05
1.225746135986065247e-05
1.222585361794473894e-05
1.219212197881377972e-05
1.216079567068200241e-05
1.213574255251943523e-05
1.211935169467752118e-05
1.211160251700914619e-05
1.210960757377112557e-05
1.210816985454308416e-05
1.210134214117393308e-05
1.208433313382140966e-05
1.205486458822170183e-05
1.201340901967383825e-05
1.196237372159736309e-05
1.190481122436464174e-05
1.184333986372846024e-05
1.177966482764318902e-05
1.171465395365620234e-05
1.164864298511294858e-05
1.158167132025076553e-05
1.151359298653307928e-05
1.144421822159113792e-05
1.137361212784880186e-05
1.130243567221432327e-05
1.123201642578925679e-05
1.116392944635749390e-05
1.109922993666201441e-05
1.103780619679167557e-05
1.097831201870824974e-05
1.091878033225940361e-05
1.085759577959908445e-05
1.079432087377945999e-05
1.073001203067998406e-05
1.066697008795454188e-05
1.060811991618771516e-05
1.055628650484544752e-05
1.051356160780457858e-05
1.048084696410500349e-05
1.045761035611648347e-05
1.044191206761052925e-05
1.043078280499201113e-05
1.042096986319371166e-05
1.040989636160589272e-05
1.039649769673120756e-05
1.038156761851454955e-05
1.036743794315734922e-05
1.035712895584581789e-05
1.035333115369990277e-05
1.035757518246447022e-05
1.036976860984584897e-05
1.038810179118232802e-05
1.040927203582208942e-05
1.042901183598353258e-05
1.044291169975230479e-05
1.044743612615203489e-05
1.044089965623689127e-05
1.042411240179358713e-05
1.040047792464834163e-05
1.037548597840950208e-05
1.035569368491546153e-05
1.034737099317016081e-05
1.035501911502977485e-05
1.038002862978043342e-05
1.041986740054917665e-05
1.046828348684587233e-05
1.051685582328835839e-05
1.055767821344980944e-05
1.058620343505493796e-05
1.060283835519952777e-05
1.061227540697065567e-05
1.062073606883287880e-05
1.063257544260174250e-05
1.064814023680864500e-05
1.066400494724945474e-05
1.067523069731865015e-05
1.067811310213096969e-05
1.067177418675249327e-05
1.065788260434626374e-05
1.063903104387936861e-05
1.061701932009781192e-05
1.059210825558332678e-05
1.056348237881876236e-05
1.053032440244076969e-05
1.049261692756446807e-05
1.045116312880082228e-05
1.040699013493092696e-05
1.036072245520909982e-05
1.031240780499005242e-05
1.026182661817336599e-05
1.020894840233944996e-05
1.015418297644221493e-05
1.009832732188580657e-05
1.004234830231908288e-05
9.987185149666908939e-06
9.933644840362626754e-06
9.882353431880614182e-06
9.833711470244091887e-06
9.787855871138669917e-06
9.744676292418691808e-06
9.703926689127455695e-06
9.665422203352319966e-06
9.629250043480717892e-06
9.595879423844546377e-06
9.566056972074552417e-06
9.540445806831324399e-06
9.519105300519615969e-06
9.501050299504762808e-06
9.484167158662707835e-06
9.465631667415798570e-06
9.442718182611329429e-06
9.413662322388648027e-06
9.378193509524875308e-06
9.337523815856721792e-06
9.293854860509144958e-06
9.249669529849028173e-06
9.207098089373983325e-06
9.167515094700161472e-06
9.131365402641278484e-06
9.098157153011469976e-06
9.066609136128520141e-06
9.034998240126708790e-06
9.001709199315077359e-06
8.965844096649264799e-06
8.927630218526871441e-06
8.888408319766799126e-06
8.850192759602259143e-06
8.815021171438540426e-06
8.784383234132573442e-06
8.758897467178374476e-06
8.738214132245275813e-06
8.721025371487415624e-06
8.705122278007206997e-06
8.687571413576186547e-06
8.665148018229013743e-06
8.635076962256711750e-06
8.595935784190560750e-06
8.548399356593460892e-06
8.495482026695104922e-06
8.442096924662143749e-06
8.394022213647640141e-06
8.356593640152520534e-06
8.333514904167603875e-06
8.326081711467624060e-06
8.332947623418457929e-06
8.350435724332430060e-06
8.373352868503566038e-06
8.396222285844884471e-06
8.414729450421137139e-06
8.426989646328907852e-06
8.434134008168158036e-06
8.439836456429268850e-06
8.448800119517786594e-06
8.464724509202774925e-06
8.488601885803264517e-06
8.518119331435177312e-06
8.548461744720367334e-06
8.574151939166200825e-06
8.591076220540929141e-06
8.597787383028953015e-06
8.595569196859607981e-06
8.587361193355094299e-06
8.576155393546412925e-06
8.563646780889004617e-06
8.549699633875690937e-06
8.532728860670069695e-06
8.510643786631653330e-06
8.481793333077535812e-06
8.445470205396081172e-06
8.401865181994645150e-06
8.351680042207048984e-06
8.295722595391499425e-06
8.234699973402388845e-06
8.169228479556049321e-06
8.099945644817200581e-06
8.027603755230663357e-06
7.953094324043955381e-06
7.877415105189528079e-06
7.801605654383435246e-06
7.726664483642565210e-06
7.653457045013049818e-06
7.582637870597760877e-06
7.514621599374804578e-06
7.449626477624106597e-06
7.387783438990439093e-06
7.329274292026699950e-06
7.274450275281432327e-06
7.223888147680264737e-06
7.178355940245080097e-06
7.138678158559913882e-06
7.105513004820267701e-06
7.079086876264715531e-06
7.058968527014613392e-06
7.043985414706811355e-06
7.032361322318416505e-06
7.022078739824930604e-06
7.011368025506143544e-06
6.999151856153196602e-06
6.985276770195109878e-06
6.970451447254146478e-06
6.955938860695870292e-06
6.943144726763495485e-06
6.933256316922088223e-06
6.927018145865705775e-06
6.924640578908721694e-06
6.925789340290104246e-06
6.929622380383873617e-06
6.934890979920235943e-06
6.940142602370238110e-06
6.944020968674543756e-06
6.945581942813148212e-06
6.944498275952749385e-06
6.941058457193592654e-06
6.935959685703599286e-06
6.929987715295864526e-06
6.923706802792266540e-06
6.917242131353411018e-06
6.910168219291528777e-06
6.901475981813309941e-06
6.889603087442797425e-06
6.872555820046941186e-06
6.848178119587851732e-06
6.814596171513043332e-06
6.770783271767231033e-06
6.717090405434257967e-06
6.655535082878590906e-06
6.589680896879135428e-06
6.524071542762084260e-06
6.463350398087532051e-06
6.411319257262435164e-06
6.370208381892551890e-06
6.340342935942841361e-06
6.320251084046683672e-06
6.307135310161097735e-06
6.297561641644394439e-06
6.288209101619233679e-06
6.276537771439419379e-06
6.261258466026668394e-06
6.242519594978499746e-06
6.221775674507332014e-06
6.201366912895724501e-06
6.183905225593846322e-06
6.171608193615187207e-06
6.165735475766642047e-06
6.166260561893751180e-06
6.171859964892117308e-06
6.180229128871079709e-06
6.188650108787039721e-06
6.194660170506210075e-06
6.196630706876260131e-06
6.194085622310548808e-06
6.187669655796866360e-06
6.178793581619422848e-06
6.169089981368436374e-06
6.159868461809784604e-06
6.151743423932116113e-06
6.144531019549673741e-06
6.137408124748118268e-06
6.129236600577285464e-06
6.118913855633495887e-06
6.105627355666594449e-06
6.088952074385705834e-06
6.068803525580011107e-06
6.045310966893787184e-06
6.018687120551580595e-06
5.989146634871436328e-06
5.956886345665559105e-06
5.922108992117218373e-06
5.885060444028747312e-06
5.846056548833502606e-06
5.805488897736938572e-06
5.763809455304186342e-06
5.721498827342229541e-06
5.679024374990720941e-06
5.636795845976463855e-06
5.595128356963992911e-06
5.554223237908555939e-06
5.514174169625724704e-06
5.474999350257070756e-06
5.436692766463017208e-06
5.399282245188810409e-06
5.362880553086097521e-06
5.327717972496667311e-06
5.294148779437431399e-06
5.262628256732939543e-06
5.233660752659961806e-06
5.207723453279541599e-06
5.185175849726731277e-06
5.166171188069016951e-06
5.150591417054600555e-06
5.138027739344052622e-06
5.127821676316955195e-06
5.119166356160912096e-06
5.111248671598550249e-06
5.103397541408122072e-06
5.095199195315471157e-06
5.086550396275000876e-06
5.077641372715231271e-06
5.068882966876733433e-06
5.060807003278768700e-06
5.053969351918910165e-06
5.048873394748269649e-06
5.045915915001783501e-06
5.045347592741374538e-06
5.047241472061514308e-06
5.051472288069850675e-06
5.057718799401048911e-06
5.065501695491532310e-06
5.074258740356895319e-06
5.083442079347466647e-06
5.092609984948710743e-06
5.101484526497362684e-06
5.109958408369400486e-06
5.118052086502590609e-06
5.125837149768946767e-06
5.133347759289386022e-06
5.140498633028288118e-06
5.147020591353625099e-06
5.152419078696737923e-06
5.155960647135685710e-06
5.156695964629117922e-06
5.153530879146803274e-06
5.145354073165257456e-06
5.131217903664344387e-06
5.110549700634569029e-06
5.083350525563593170e-06
5.050326473498396255e-06
5.012902251333150461e-06
4.973090660300852845e-06
4.933229252501328590e-06
4.895634262935143180e-06
4.862247362374713266e-06
4.834353055173072864e-06
4.812423465408156132e-06
4.796112112915006086e-06
4.784382754915829177e-06
4.775734597188208923e-06
4.768475199805428054e-06
4.760994315672203283e-06
4.751999761792089171e-06
4.740685720653371636e-06
4.726813596307515292e-06
4.710697146306859793e-06
4.693098142606830755e-06
4.675054752528982779e-06
4.657678003511302369e-06
4.641957326951219037e-06
4.628611623863795257e-06
4.618008709491970943e-06
4.610157958629830500e-06
4.604764413660593288e-06
4.601322211623930919e-06
4.599222641942942717e-06
4.597856062466426866e-06
4.596694045689938688e-06
4.595345226534342495e-06
4.593583444422675399e-06
4.591349696155455372e-06
4.588731081339347008e-06
4.585921437158392776e-06
4.583170207207022093e-06
4.580727883781917780e-06
4.578797191095150361e-06
4.577498227968679830e-06
4.576852866466854152e-06
4.576789414730406557e-06
4.577164063774257319e-06
4.577792228795300199e-06
4.578481473585951456e-06
4.579058528697686040e-06
4.579385551966701273e-06
4.579364315063288589e-06
4.578930346871654579e-06
4.578041320511546922e-06
4.576664651196846584e-06
4.574768433550547661e-06
4.572317981917752725e-06
4.569278080614089279e-06
4.565619303310551285e-06
4.561325864847268072e-06
4.556402510821407775e-06
4.550878695525502869e-06
4.544809334347493854e-06
4.538272337539910818e-06
4.531363691033369751e-06
4.524191003544463779e-06
4.516866321206086526e-06
4.509498811493703115e-06
4.502187794919975449e-06
4.495016596135253175e-06
4.488047748008449200e-06
4.481320105083574371e-06
4.474848324829980777e-06
4.468624932371435063e-06
4.462624842044260398e-06
4.456811852047873083e-06
4.451146345646097588e-06
4.445593282838879653e-06
4.440129565793722863e-06
4.434749988184591917e-06
4.429471185197808963e-06
4.424333237924226775e-06
4.419398811369565996e-06
4.414749901550693303e-06
4.410482434851651791e-06
4.406699117284966196e-06
4.403501088662252697e-06
4.400979098389429402e-06
4.399205064103802940e-06
4.398224957296162835e-06
4.398053925750139071e-06
4.398674372929812330e-06
4.400037359609313052e-06
4.402067221421367718e-06
4.404668795318280184e-06
4.407736239705208308e-06
4.411162219177165905e-06
4.414846271218212088e-06
4.418701463549565618e-06
4.422658904258816873e-06
4.426670147393631169e-06
4.430707900868399413e-06
4.434765595950057678e-06
4.438856290229723402e-06
4.443011121099017796e-06
4.447277225232309415e-06
4.451714839127253381e-06
4.456393296618668254e-06
4.461385862905739881e-06
4.466763720105856094e-06
4.472589809069177126e-06
4.478913481914618233e-06
4.485766920106700492e-06
4.493163995131157514e-06
4.501101760808733099e-06
4.509564202067623238e-06
4.518527379832759937e-06
4.527964832207346049e-06
4.537852070961009897e-06
4.548169232793162620e-06
4.558901321343013311e-06
4.570035904905783242e-06
4.581558519078222096e-06
4.593446306963610921e-06
4.605660602210684863e-06
4.618139247702314457e-06
4.630789488291531561e-06
4.643482311653761613e-06
4.656049146716529898e-06
4.668281836619997220e-06
4.679936733697715462e-06
4.690743555655221025e-06
4.700419251896594097e-06
4.708686546660102540e-06
4.715296098811832393e-06
4.720050446642704830e-06
4.722827239083028011e-06
4.723598850629663788e-06
4.722445480659139553e-06
4.719559323441906012e-06
4.715238347666348598e-06
4.709869524842372983e-06
4.703902785037703361e-06
4.697818298367838704e-06
4.692090636733304223e-06
4.687153780158885845e-06
4.683370730271090608e-06
4.681010736113527543e-06
4.680235993980596606e-06
4.681098381856487435e-06
4.683545567776080326e-06
4.687434876337140387e-06
4.692552713310931888e-06
4.698637148941760741e-06
4.705401381809196529e-06
4.712556145868066515e-06
4.719829569546127150e-06
4.726983456373410170e-06
4.733825375962278274e-06
4.740216307380368531e-06
4.746073868820756122e-06
4.751371409932208772e-06
4.756133449475585048e-06
4.760428116392535516e-06
4.764357390549038587e-06
4.768046029871144505e-06
4.771630100923348609e-06
4.775245992855482532e-06
4.779020689562512343e-06
4.783063909964492113e-06
4.787462522319410731e-06
4.792277411422372298e-06
4.797542756094897233e-06
4.803267476529704335e-06
4.809438455519880354e-06
4.816025034697277626e-06
4.822984240811087232e-06
4.830266206093719711e-06
4.837819300976239989e-06
4.845594589763512526e-06
4.853549332658646050e-06
4.861649380070433484e-06
4.869870424554012090e-06
4.878198180707392693e-06
4.886627647219634754e-06
4.895161663370397878e-06
4.903809002032370001e-06
4.912582245533436844e-06
4.921495670500206817e-06
4.930563331167418530e-06
4.939797481302903412e-06
4.949207420110392325e-06
4.958798794045513972e-06
4.968573338775227225e-06
4.978529006705197532e-06
4.988660399828714387e-06
4.998959413137000762e-06
5.009415992253695095e-06
5.020018915968889129e-06
5.030756529909069150e-06
5.041617375877242553e-06
5.052590683214996336e-06
5.063666706952507648e-06
5.074836915161875903e-06
5.086094040850608989e-06
5.097432022192445893e-06
5.108845858967028949e-06
5.120331414631778740e-06
5.131885191199608512e-06
5.143504099517660493e-06
5.155185244004638822e-06
5.166925734789529570e-06
5.178722535972139897e-06
5.190572354247333826e-06
5.202471568580150595e-06
5.214416199666726313e-06
5.226401915034723175e-06
5.238424065053991628e-06
5.250477744296919470e-06
5.262557871881819302e-06
5.274659285010244954e-06
5.286776839421400041e-06
5.298905511474676815e-06
5.311040496665736552e-06
5.323177300431517068e-06
5.335311817292823911e-06
5.347440396026586920e-06
5.359559888710015708e-06
5.371667682853794004e-06
5.383761716483220921e-06
5.395840476785960966e-06
5.407902983678900983e-06
5.419948760150382480e-06
5.431977791515764556e-06
5.443990476291638167e-06
5.455987570665407438e-06
5.467970129535999436e-06
5.479939446021357071e-06
5.491896991606249095e-06
5.503844358399600401e-06
5.515783205257767103e-06
5.527715208214105931e-06
5.539642016636877535e-06
5.551565214850263263e-06
5.563486290086195131e-06
5.575406606317552279e-06
5.587327384264877451e-06
5.599249686928149620e-06
5.611174410742718174e-06
5.623102281752916273e-06
5.635033856315823262e-06
5.646969525958968125e-06
5.658909525782773506e-06
5.670853945951933217e-06
5.682802745488587387e-06
5.694755767891383849e-06
5.706712757995140404e-06
5.718673379420420651e-06
5.730637232169230605e-06
5.742603869666151851e-06
5.754572815153751825e-06
5.766543576713203721e-06
5.778515660828117303e-06
5.790488584358761616e-06
5.802461884565908791e-06
5.814435127246656652e-06
5.826407913164414215e-06
5.838379882516735362e-06
5.850350717732770512e-06
5.862320144868179959e-06
5.874287933484073381e-06
5.886253895463193209e-06
5.898217882697644272e-06
5.910179784240150898e-06
5.922139522578078410e-06
5.934097049654982051e-06
5.946052342547189043e-06
5.958005398997635254e-06
5.969956232958428857e-06
5.981904870200404125e-06
5.993851344114646769e-06
6.005795691695330079e-06
6.017737949827947088e-06
6.029678151903483558e-06
6.041616324675335369e-06
6.053552485652800094e-06
6.065486640548710928e-06
6.077418781345548659e-06
6.089348884447365703e-06
6.101276909299258773e-06
6.113202797195686696e-06
6.125126470342488993e-06
6.137047831243373146e-06
6.148966762156416747e-06
6.160883124814144291e-06
6.172796760347197645e-06
6.184707489208691773e-06
6.196615111373200562e-06
6.208519406543181291e-06
6.220420134505229915e-06
6.232317035508879279e-06
6.244209830680218861e-06
6.256098222699563478e-06
6.267981896186522091e-06
6.279860518421090504e-06
6.291733739962224276e-06
6.303601195290885810e-06
6.315462503574533092e-06
6.327317269309617894e-06
6.339165083110780775e-06
6.351005522440155767e-06
6.362838152465877225e-06
6.374662526730910599e-06
6.386478188025080475e-06
6.398284669199036205e-06
6.410081493972914258e-06
6.421868177760070989e-06
6.433644228548368748e-06
6.445409147690864198e-06
6.457162430816778696e-06
6.468903568623056514e-06
6.480632047799609416e-06
6.492347351840980054e-06
6.504048961974147129e-06
6.515736357928191195e-06
6.527409018880544813e-06
6.539066424252562316e-06
6.550708054653499909e-06
6.562333392629032762e-06
6.573941923586967995e-06
6.585533136586077994e-06
6.597106525183504359e-06
6.608661588274188729e-06
6.620197830856193309e-06
6.631714764864653932e-06
6.643211909894173808e-06
6.654688793994413613e-06
6.666144954396409539e-06
6.677579938187266375e-06
6.688993303058864331e-06
6.700384617910905837e-06
6.711753463465256682e-06
6.723099432950462136e-06
6.734422132534379195e-06
6.745721181910591043e-06
6.756996214799831917e-06
6.768246879330469231e-06
6.779472838456846369e-06
6.790673770312566575e-06
6.801849368513180179e-06
6.812999342405230067e-06
6.824123417271018512e-06
6.835221334462608631e-06
6.846292851541915164e-06
6.857337742284967593e-06
6.868355796759760937e-06
6.879346821162326080e-06
6.890310637814682493e-06
6.901247084960942153e-06
6.912156016570447233e-06
