3.037233832065092468e-02
3.204232152802475447e-02
2.560894456034586500e-02
2.152088801592540873e-02
1.897961678759436596e-02
1.747981868928412050e-02
1.669509447962196427e-02
1.641048402188967706e-02
1.648182542640556567e-02
1.681079135824150791e-02
1.732926270426561263e-02
1.798936880188244450e-02
1.875702938282302820e-02
1.960769839543246434e-02
2.052351554702126768e-02
2.149137216042427620e-02
2.250157983325786967e-02
2.354694219238187558e-02
2.462209983500840069e-02
2.572306277615052025e-02
2.684687314758449697e-02
2.799135941054077190e-02
2.915495556223127518e-02
3.033656697651824705e-02
3.153547003243589719e-02
3.275123645050130594e-02
3.398367585648584543e-02
3.523279190483216694e-02
3.649874856962282560e-02
3.778184411711986435e-02
3.908249092309555583e-02
4.040119976719541706e-02
4.173856757812370588e-02
4.309526785408106242e-02
4.447204316814729053e-02
4.586969930620927310e-02
4.728910068837851449e-02
4.873116680278370000e-02
5.019686943977251514e-02
5.168723055970920327e-02
5.320332066222191458e-02
5.474625755152066897e-02
5.631720541319601425e-02
5.791737413413382968e-02
5.954801880993616792e-02
6.121043939431459330e-02
6.290598045295045515e-02
6.463603099074932690e-02
6.640202432664203680e-02
6.820543799435016541e-02
7.004779365108143585e-02
7.193065697910823453e-02
7.385563756773685928e-02
7.582438876541879036e-02
7.783860749373444632e-02
7.990003401681165796e-02
8.201045166139429854e-02
8.417168648439042611e-02
8.638560688622150263e-02
8.865412316977414053e-02
9.097918704619308017e-02
9.336279109013514987e-02
9.580696814850120369e-02
9.831379070799690922e-02
1.008853702281763409e-01
1.035238564478928869e-01
1.062314366742823091e-01
1.090103350645375002e-01
1.118628119117775349e-01
1.147911629472603279e-01
1.177977186720050862e-01
1.208848437315663826e-01
1.240549363482450623e-01
1.273104278253317512e-01
1.306537821381769382e-01
1.340874956267918416e-01
1.376140968044440860e-01
1.412361462961779501e-01
1.449562369204585033e-01
1.487769939261295860e-01
1.527010753956209721e-01
1.567311728238214019e-01
1.608700118802581513e-01
1.651203533601936502e-01
1.694849943279706228e-01
1.739667694533966469e-01
1.785685525392382011e-01
1.832932582349020845e-01
1.881438439282570874e-01
1.931233118042056662e-01
1.982347110551880009e-01
2.034811402252267309e-01
2.088657496654972856e-01
2.143917440757816817e-01
2.200623851025150235e-01
2.258809939606168105e-01
2.318509540428488336e-01
2.379757134772195748e-01
2.442587875899608629e-01
2.507037612288849360e-01
2.573142908996269851e-01
2.640941066653078040e-01
2.710470137587359107e-01
2.781768938553064729e-01
2.854877059543879936e-01
2.929834868171954931e-01
3.006683509100360197e-01
3.085464898032477254e-01
3.166221709784141636e-01
3.248997359991668277e-01
3.333835980044815295e-01
3.420782384874645476e-01
3.509882033274360214e-01
3.601180980485097494e-01
3.694725822838368368e-01
3.790563634311541197e-01
3.888741894923340436e-01
3.989308410970070495e-01
4.092311227182252598e-01
4.197798530962771335e-01
4.305818548953136427e-01
4.416419436260752285e-01
4.529649158769608608e-01
4.645555369046680538e-01
4.764185276446206152e-01
4.885585512104635431e-01
5.009801989607198802e-01
5.136879762193821142e-01
5.266862877455962266e-01
5.399794230555106100e-01
5.535715417067904598e-01
5.674666586631018639e-01
5.816686298618991557e-01
5.961811381139290322e-01
6.110076794670289413e-01
6.261515501696950370e-01
6.416158343715636647e-01
6.574033926981481812e-01
6.735168518358772838e-01
6.899585952604921912e-01
7.067307552370686308e-01
7.238352062134417730e-01
7.412735597202509963e-01
7.590471608804786330e-01
7.771570866189403404e-01
7.956041456480309471e-01
8.143888802898544554e-01
8.335115701770663410e-01
8.529722378553898920e-01
8.727706562898136511e-01
8.929063582546076239e-01
9.133786475643648206e-01
9.341866120797023276e-01
9.553291383977403628e-01
9.768049281137449746e-01
9.986125155175221701e-01
1.020750286566117104e+00
1.043216498953949634e+00
1.066009303082959603e+00
1.089126763719133528e+00
1.112566882108365407e+00
1.136327618314298737e+00
1.160406913534056894e+00
1.184802712144516601e+00
1.209512983232832406e+00
1.234535741369587214e+00
1.259869066391831050e+00
1.285511121976120608e+00
1.311460172798120549e+00
1.337714600095242456e+00
1.364272915471902881e+00
1.391133772812390479e+00
1.418295978194194840e+00
1.445758497723533598e+00
1.473520463244988976e+00
1.501581175907242827e+00
1.529940107596949650e+00
1.558596900281582487e+00
1.587551363329736454e+00
1.616803468902992424e+00
1.646353345536843094e+00
1.676201270049238135e+00
1.706347657933299233e+00
1.736793052406543580e+00
1.767538112301335840e+00
1.798583598991371435e+00
1.829930362556252410e+00
1.861579327390767924e+00
1.893531477468067159e+00
1.925787841465549155e+00
1.958349477960430685e+00
1.991217460897191538e+00
2.024392865522949503e+00
2.057876754977768563e+00
2.091670167716312534e+00
2.125774105923930346e+00
2.160189525074867056e+00
2.194917324762552635e+00
2.229958340911700976e+00
2.265313339459875674e+00
2.300983011571542391e+00
2.336967970421930829e+00
2.373268749560390134e+00
2.409885802834871082e+00
2.446819505830751140e+00
2.484070158749369206e+00
2.521637990624885362e+00
2.559523164753435331e+00
2.597725785186614456e+00
2.636245904122812345e+00
2.675083530015180067e+00
2.714238636205509536e+00
2.753711169887270049e+00
2.793501061201714375e+00
2.833608232274936967e+00
2.874032606013530611e+00
2.914774114490213730e+00
2.955832706768251050e+00
2.997208356034314569e+00
3.038901065932315682e+00
3.080910876015435118e+00
3.123237866258746998e+00
3.165882160599862605e+00
3.208843929499008762e+00
3.252123391532341756e+00
3.295720814052302661e+00
3.339636512965977744e+00
3.383870851696518578e+00
3.428424239403578433e+00
3.473297128545980605e+00
3.518490011874662926e+00
3.564003418944551083e+00
3.609837912233806900e+00
3.655994082954900914e+00
3.702472546637522122e+00
3.749273938557160513e+00
3.796398909077048689e+00
3.843848118963581140e+00
3.891622234729926522e+00
3.939721924055679114e+00
3.988147851325615001e+00
4.036900673325986233e+00
4.085981035133511519e+00
4.135389566228950819e+00
4.185126876865433054e+00
4.235193554719653086e+00
4.285590161852560698e+00
4.336317232004674338e+00
4.387375268249148696e+00
4.438764741023678795e+00
4.490486086559437595e+00
4.542539705721715393e+00
4.594925963273296610e+00
4.647645187566425307e+00
4.700697670664986560e+00
4.754083668892251424e+00
4.807803403795098518e+00
4.861857063509781085e+00
4.916244804509458888e+00
4.970966753709832098e+00
5.026023010905056765e+00
5.081413651503612350e+00
5.137138729532505721e+00
5.193198280876494266e+00
5.249592326720061486e+00
5.306320877160508154e+00
5.363383934962372201e+00
5.420781499426063910e+00
5.478513570346181361e+00
5.536580152038186320e+00
5.594981257415324372e+00
5.653716912100605008e+00
5.712787158561334344e+00
5.772192060256360335e+00
5.831931705787404496e+00
5.892006213047960017e+00
5.952415733362866668e+00
6.013160455612974964e+00
6.074240610337668045e+00
6.135656473807594047e+00
6.197408372058408332e+00
6.259496684874152450e+00
6.321921849706991559e+00
6.384684365517173887e+00
6.447784796515017902e+00
6.511223775783527401e+00
6.575002008758410454e+00
6.639120276539240528e+00
6.703579439004258234e+00
6.768380437698756857e+00
6.833524298466953084e+00
6.899012133795492829e+00
6.964845144837740420e+00
7.031024623088216075e+00
7.097551951677862903e+00
7.164428606263269828e+00
7.231656155485246096e+00
7.299236260976047497e+00
7.367170676897867310e+00
7.435461249000069550e+00
7.504109913187033243e+00
7.573118693593923645e+00
7.642489700172074407e+00
7.712225125792049774e+00
7.782327242875927809e+00
7.852798399576847999e+00
7.923641015527255860e+00
7.994857577181801567e+00
8.066450632784860630e+00
8.138422786995230140e+00
8.210776695203707121e+00
8.283515057580329355e+00
8.356640612891048647e+00
8.430156132122254675e+00
8.504064411953546454e+00
8.578368268117316120e+00
8.653070528683718621e+00
8.728174027307231242e+00
8.803681596469258963e+00
8.879596060749015862e+00
8.955920230151340533e+00
9.032656893517378549e+00
9.109808812040309789e+00
9.187378712904191502e+00
9.265369283060488570e+00
9.343783163152048488e+00
9.422622941590390155e+00
9.501891148787636965e+00
9.581590251540522019e+00
9.661722647558995902e+00
9.742290660128736235e+00
9.823296532892523913e+00
9.904742424732379646e+00
9.986630404731320354e+00
1.006896244719054323e+01
1.015174042667729815e+01
1.023496611307538018e+01
1.031864116661211028e+01
1.040276713283385490e+01
1.048734543750487269e+01
1.057237738140584327e+01
1.065786413501130170e+01
1.074380673303017630e+01
1.083020606879828840e+01
1.091706288851720608e+01
1.100437778534194067e+01
1.109215119332651511e+01
1.118038338124565279e+01
1.126907444631911481e+01
1.135822430787383475e+01
1.144783270099015660e+01
1.153789917018438693e+01
1.162842306319132746e+01
1.171940352491683868e+01
1.181083949163746638e+01
1.190272968553136224e+01
1.199507260962733568e+01
1.208786654326369359e+01
1.218110953814874620e+01
1.227479941511448303e+01
1.236893376165303593e+01
1.246350993032126020e+01
1.255852503809166798e+01
1.265397596672230307e+01
1.274985936420686805e+01
1.284617164735623973e+01
1.294290900555192358e+01
1.304006740569693434e+01
1.313764259837830295e+01
1.323563012524024174e+01
1.333402532755391690e+01
1.343282335595585053e+01
1.353201918131378356e+01
1.363160760666720606e+01
1.373158328017672147e+01
1.383194070900813699e+01
1.393267427406674841e+01
1.403377824549007258e+01
1.413524679880159063e+01
1.423707403162308616e+01
1.433925398084025815e+01
1.444178064011522089e+01
1.454464797763828088e+01
1.464784995401455880e+01
1.475138054018126432e+01
1.485523373525720636e+01
1.495940358422891237e+01
1.506388419538439294e+01
1.516866975740998491e+01
1.527375455607367982e+01
1.537913299042255844e+01
1.548479958843024562e+01
1.559074902203516899e+01
1.569697612151600552e+01
1.580347588915681634e+01
1.591024351215758337e+01
1.601727437474974636e+01
1.612456406947971388e+01
1.623210840762395080e+01
1.633990342870089663e+01
1.644794540904452518e+01
1.655623086940380517e+01
1.666475658153094130e+01
1.677351957371897839e+01
1.688251713524799769e+01
1.699174681969730827e+01
1.710120644707795989e+01
1.721089410474139569e+01
1.732080814701830462e+01
1.743094719354374078e+01
1.754131012622815078e+01
1.765189608483798978e+01
1.776270446115725932e+01
1.787373489171034180e+01
1.798498724903754820e+01
1.809646163152910958e+01
1.820815835183829279e+01
1.832007792391222267e+01
1.843222104869763101e+01
1.854458859859822439e+01
1.865718160078117194e+01
1.877000121944860567e+01
1.888304873721006771e+01
1.899632553570813442e+01
1.910983307566385747e+01
1.922357287652045343e+01
1.933754649587232777e+01
1.945175550886861515e+01
1.956620148778108614e+01
1.968088598192213823e+01
1.979581049808722781e+01
1.991097648168198120e+01
2.002638529868002948e+01
2.014203821853045184e+01
2.025793639811461944e+01
2.037408086682177100e+01
2.049047251278660653e+01
2.060711207030273684e+01
2.072400010839666606e+01
2.084113702051996597e+01
2.095852301529076556e+01
2.107615810819341462e+01
2.119404211412354400e+01
2.131217464065212042e+01
2.143055508186801106e+01
2.154918261265559210e+01
2.166805618326095484e+01
2.178717451400794047e+01
2.190653609003436131e+01
2.202613915594059080e+01
2.214598171026202067e+01
2.226606149971028614e+01
2.238637601316075987e+01
2.250692247540240132e+01
2.262769784070943757e+01
2.274869878633529297e+01
2.286992170607451413e+01
2.299136270408129334e+01
2.311301758916858518e+01
2.323488186985107617e+01
2.335695075041850899e+01
2.347921912834734570e+01
2.360168159336954830e+01
2.372433242851757740e+01
2.384716561345314290e+01
2.397017483036822938e+01
2.409335347271623107e+01
2.421669465698552770e+01
2.434019123768598547e+01
2.446383582565364279e+01
2.458762080972312347e+01
2.471153838174598505e+01
2.483558056486828747e+01
2.495973924490958495e+01
2.508400620462114716e+01
2.520837316053542665e+01
2.533283180206388963e+01
2.545737383244645002e+01
2.558199101111276619e+01
2.570667519698221426e+01
2.583141839220271052e+01
2.595621278581268498e+01
2.608105079681062222e+01
2.620592511611615194e+01
2.633082874693035791e+01
2.645575504302517089e+01
2.658069774453090872e+01
2.670565101083663961e+01
2.683060945027036581e+01
2.695556814628583453e+01
2.708052267994704110e+01
2.720546914856625165e+01
2.733040418042168795e+01
2.745532494554054992e+01
2.758022916260014057e+01
2.770511510205202654e+01
2.782998158562082835e+01
2.795482798237073752e+01
2.807965420155839453e+01
2.820446068250701188e+01
2.832924838174637472e+01
2.845401875765091404e+01
2.857877375280211751e+01
2.870351577427074830e+01
2.882824767198843929e+01
2.895297271534518302e+01
2.907769456811101350e+01
2.920241726175002484e+01
2.932714516716156083e+01
2.945188296486326962e+01
2.957663561361167837e+01
2.970140831745717236e+01
2.982620649123163403e+01
2.995103572448987350e+01
3.007590174395474492e+01
3.020081037455759443e+01
3.032576749921243220e+01
3.045077901751922056e+01
3.057585080364453844e+01
3.070098866368392976e+01
3.082619829286008439e+01
3.095148523294756515e+01
3.107685483034653728e+01
3.120231219523716959e+01
3.132786216224510412e+01
3.145350925302568967e+01
3.157925764113691613e+01
3.170511111951547534e+01
3.183107307080137716e+01
3.195714644067245302e+01
3.208333371426316205e+01
3.220963689563865273e+01
3.233605749020156850e+01
3.246259648980656465e+01
3.258925436026679279e+01
3.271603103085143260e+01
3.284292588530454537e+01
3.296993775385747938e+01
3.309706490568026283e+01
3.322430504119964212e+01
3.335165528373504884e+01
3.347911216994605610e+01
3.360667163866122564e+01
3.373432901776390480e+01
3.386207900894450518e+01
3.398991567028769367e+01
3.411783239684256586e+01
3.424582189951745193e+01
3.437387618283973723e+01
3.450198652232157315e+01
3.463014344235411812e+01
3.475833669571899520e+01
3.488655524594006607e+01
3.501478725379266876e+01
3.514302006934062916e+01
3.527124023087233695e+01
3.539943347205822022e+01
3.552758473855395494e+01
3.565567821512127722e+01
3.578369736414606450e+01
3.591162497619684046e+01
3.603944323300172670e+01
3.616713378292564585e+01
3.629467782872253423e+01
3.642205622701732182e+01
3.654924959865286382e+01
3.667623844872911576e+01
3.680300329486676247e+01
3.692952480196347409e+01
3.705578392147481992e+01
3.718176203306561689e+01
3.730744108633647471e+01
3.743280374024785573e+01
3.755783349784800151e+01
3.768251483395860646e+01
3.780683331359446697e+01
3.793077569908118818e+01
3.805433004409373154e+01
3.817748577315141034e+01
3.830023374547286608e+01
3.842256630249195126e+01
3.854447729876072515e+01
3.866596211638297120e+01
3.878701766353312763e+01
3.890764235798171455e+01
3.902783609687050159e+01
3.914760021423008141e+01
3.926693742790914143e+01
3.938585177767611611e+01
3.950434855626239283e+01
3.962243423504313711e+01
3.974011638591243667e+01
3.985740360070850130e+01
3.997430540930839271e+01
4.009083219725454938e+01
4.020699512351372107e+01
4.032280603873588376e+01
4.043827740417592054e+01
4.055342221128682212e+01
4.066825390190830092e+01
4.078278628893637858e+01
4.089703347739907002e+01
4.101100978593991897e+01
4.112472966884255499e+01
4.123820763887287200e+01
4.135145819136913303e+01
4.146449573015357259e+01
4.157733449593863639e+01
4.168998849796719242e+01
4.180247144962836359e+01
4.191479670873189889e+01
4.202697722301105898e+01
4.213902548125668091e+01
4.225095347027705373e+01
4.236277263765020251e+01
4.247449385998835680e+01
4.258612741620306252e+01
4.269768296503419691e+01
4.280916952591545055e+01
4.292059546207988063e+01
4.303196846468310355e+01
4.314329553662032879e+01
4.325458297464980717e+01
4.336583634841296231e+01
4.347706047494390447e+01
4.358825938732984895e+01
4.369943629629099036e+01
4.381059354363338798e+01
4.392173254678813521e+01
4.403285373398888680e+01
4.414395647007514611e+01
4.425503897342134252e+01
4.436609822507070078e+01
4.447712987178888255e+01
4.458812812539712667e+01
4.469908566137838335e+01
4.480999352032323202e+01
4.492084101626276293e+01
4.503161565627701890e+01
4.514230307595915548e+01
4.525288699529887992e+01
4.536334919936065546e+01
4.547366954771744929e+01
4.558382601601195461e+01
4.569379477223595387e+01
4.580355028938952699e+01
4.591306549512092516e+01
4.602231195779366857e+01
4.613126010721220638e+01
4.623987948699758732e+01
4.634813903438711691e+01
4.645600738207354397e+01
4.656345317565109099e+01
4.667044539934761360e+01
4.677695370204344982e+01
4.688294871515961404e+01
4.698840235388764341e+01
4.709328809347039169e+01
4.719758121284108654e+01
4.730125899890880703e+01
4.740430090611033620e+01
4.750668866749597186e+01
4.760840635551224409e+01
4.770944039269070913e+01
4.780977951454493535e+01
4.790941468898112277e+01
4.800833899833244089e+01
4.810654749158648258e+01
4.820403701541214048e+01
4.830080603311284193e+01
4.839685444060216923e+01
4.849218338791983030e+01
4.858679511372145043e+01
4.868069279866469401e+01
4.877388044181363114e+01
4.886636276220666275e+01
4.895814512578032662e+01
4.904923349602920268e+01
4.913963440528063131e+01
4.922935494237025722e+01
4.931840275189736644e+01
4.940678604014022568e+01
4.949451358309585913e+01
4.958159473288721841e+01
4.966803941985255477e+01
4.975385814882422153e+01
4.983906198926626985e+01
4.992366255992026680e+01
5.000767200925407963e+01
5.009110299326538041e+01
5.017396865200764466e+01
5.025628258564162110e+01
5.033805882996706060e+01
5.041931183041211995e+01
5.050005641253873989e+01
5.058030774644178962e+01
5.066008130212905769e+01
5.073939279316211781e+01
5.081825810651891828e+01
5.089669321773546784e+01
5.097471409173201096e+01
5.105233657111635637e+01
5.112957625493317693e+01
5.120644837157600904e+01
5.128296764973649147e+01
5.135914819073209969e+01
5.143500334439362121e+01
5.151054558901602576e+01
5.158578641393269493e+01
5.166073620133644084e+01
5.173540410236880405e+01
5.180979790149355324e+01
5.188392386298720282e+01
5.195778655414031277e+01
5.203138864146387732e+01
5.210473065873853926e+01
5.217781074892444337e+01
5.225062438548618360e+01
5.232316408226617455e+01
5.239541910433933936e+01
5.246737519499680502e+01
5.253901433591395431e+01
5.261031455846610072e+01
5.268124982398680345e+01
5.275178998949446196e+01
5.282190087308707405e+01
5.289154442994052374e+01
5.296067904574647400e+01
5.302925994970058809e+01
5.309723974393672563e+01
5.316456904083593571e+01
5.323119719411628381e+01
5.329707310429731848e+01
5.336214607428659917e+01
5.342636668676287570e+01
5.348968767204953423e+01
5.355206473355109864e+01
5.361345729787656467e+01
5.367382915863961301e+01
5.373314898672184370e+01
5.379139068544248659e+01
5.384853357638154137e+01
5.390456241017848527e+01
5.395946720595207324e+01
5.401324293239621710e+01
5.406588905242465160e+01
5.411740896071646034e+01
5.416780934903452760e+01
5.421709953722314879e+01
5.426529080800583671e+01
5.431239578104219845e+01
5.435842785628788931e+01
5.440340074901210698e+01
5.444732812950820744e+01
5.449022337046680065e+01
5.453209939516766980e+01
5.457296861109550434e+01
5.461284290727700608e+01
5.465173369031256101e+01
5.468965193422109650e+01
5.472660822292413485e+01
5.476261277109053083e+01
5.479767541839306944e+01
5.483180560274428217e+01
5.486501232834337571e+01
5.489730415271809960e+01
5.492868922188535663e+01
5.495917538302676775e+01
5.498877039903932484e+01
5.501748227901504862e+01
5.504531972403592732e+01
5.507229267035797449e+01
5.509841289448604584e+01
5.512369462954593047e+01
5.514815513245542178e+01
5.517181513884946753e+01
5.519469914875119088e+01
5.521683550053956679e+01
5.523825621235075545e+01
5.525899659589803292e+01
5.527909467411048183e+01
5.529859045695531705e+01
5.531752514568074730e+01
5.533594034185563970e+01
5.535387733287080891e+01
5.537137651061101451e+01
5.538847695701516471e+01
5.540521620266520841e+01
5.542163013644675829e+01
5.543775301970661218e+01
5.545361754054379588e+01
5.546925483511415678e+01
5.548469440399033914e+01
5.549996386221320677e+01
5.551508848012755237e+01
5.553009049597999081e+01
5.554498820777762091e+01
5.555979487816289009e+01
5.557451750947674896e+01
5.558915556469871433e+01
5.560369972217358026e+01
5.561813075733451939e+01
5.563241864306677087e+01
5.564652195251613165e+01
5.566038763503443221e+01
5.567395121868770502e+01
5.568713747243383239e+01
5.569986153869123768e+01
5.571203052334704608e+01
5.572354550601164647e+01
5.573430390921479471e+01
5.574420214213109404e+01
5.575313841340678067e+01
5.576101559016094456e+01
5.576774396785691579e+01
5.577324381021377775e+01
5.577744752123625460e+01
5.578030132391766927e+01
5.578176634266600331e+01
5.578181901845772472e+01
5.578045082551111022e+01
5.577766730311508070e+01
5.577348646255895659e+01
5.576793667272897181e+01
5.576105416483095212e+01
5.575288032331667409e+01
5.574345894396676471e+01
5.573283363991551909e+01
5.572104556213577808e+01
5.570813157345629207e+01
5.569412297626901420e+01
5.567904484598117421e+01
5.566291596795245056e+01
5.564574931885771036e+01
5.562755297891055761e+01
5.560833131480411140e+01
5.558808624087718897e+01
5.556681835390493518e+01
5.554452774991882791e+01
5.552121437200030840e+01
5.549687780510843282e+01
5.547151652261902655e+01
5.544512668997244020e+01
5.541770073048701306e+01
5.538922594132905886e+01
5.535968349774642405e+01
5.532904818712080441e+01
5.529728916241305114e+01
5.526437189609318779e+01
5.523026135890454924e+01
5.519492626060736740e+01
5.515834399822476541e+01
5.512050579224686686e+01
5.508142138421118972e+01
5.504112264623497452e+01
5.499966552963599042e+01
5.495712995506907106e+01
5.491361750166594646e+01
5.486924705120986090e+01
5.482414883706545083e+01
5.477845758483516647e+01
5.473230556843029149e+01
5.468581641487732270e+01
5.463910037097769390e+01
5.459225151704794854e+01
5.454534711924149804e+01
5.449844900451363827e+01
5.445160657200641197e+01
5.440486086089225637e+01
5.435824899889880157e+01
5.431180835978610588e+01
5.426557984754993669e+01
5.421960987555289790e+01
5.417395079210488262e+01
5.412865969413380185e+01
5.408379574623791086e+01
5.403941626792994413e+01
5.399557195693704159e+01
5.395230167556617573e+01
5.390962724007719942e+01
5.386754862480575667e+01
5.382603993358996064e+01
5.378504641448083845e+01
5.374448271378198427e+01
5.370423249331515336e+01
5.366414947591987072e+01
5.362405993758985545e+01
5.358376662408240776e+01
5.354305402674941661e+01
5.350169489913303522e+01
5.345945782858934336e+01
5.341611559662470654e+01
5.337145397313334882e+01
5.332528050226482463e+01
5.327743276289650964e+01
5.322778553814965363e+01
5.317625632049785622e+01
5.312280862521841840e+01
5.306745269470557247e+01
5.301024335125227793e+01
5.295127498695170232e+01
5.289067394410884049e+01
5.282858880400019075e+01
5.276517932529591093e+01
5.270060491741958231e+01
5.263501357321023022e+01
5.256853211661395875e+01
5.250125846699506837e+01
5.243325642218850646e+01
5.236455325987358833e+01
5.229514027836514600e+01
5.222497624535770200e+01
5.215399357622684562e+01
5.208210689417382611e+01
5.200922341532006499e+01
5.193525435841422677e+01
5.186012633185097798e+01
5.178379144922740096e+01
5.170623482553521200e+01
5.162747816441228821e+01
5.154757840759238974e+01
5.146662090478949381e+01
5.138470726399870614e+01
5.130193889516925054e+01
5.121839814190166607e+01
5.113412963597991734e+01
5.104912492467239815e+01
5.096331336356101360e+01
5.087656167387368100e+01
5.078868347579626885e+01
5.069945867074052614e+01
5.060866096617346699e+01
5.051609035466914577e+01
5.042160621144835631e+01
5.032515608064311863e+01
5.022679536179245474e+01
5.012669409126782938e+01
5.002512880993833733e+01
4.992245989821971364e+01
4.981909732124545087e+01
4.971545990813730498e+01
4.961193455449950562e+01
4.950884174077329192e+01
4.940641247371809186e+01
4.930477949849165498e+01
4.920398295593921745e+01
4.910398820592445901e+01
4.900471181709941249e+01
4.890605099871159211e+01
4.880791199223703103e+01
4.871023388711083868e+01
4.861300559994524662e+01
4.851627500802906923e+01
4.842015022993123097e+01
4.832479373796041244e+01
4.823041043900349933e+01
4.813723118734030493e+01
4.804549346504641250e+01
4.795542115754405899e+01
4.786720536489280420e+01
4.778098792641406334e+01
4.769684878434130582e+01
4.761479757938023027e+01
4.753476915566731265e+01
4.745662216430023506e+01
4.738013982954778669e+01
4.730503218999984938e+01
4.723093962914830968e+01
4.715743806323195031e+01
4.708404654887896612e+01
4.701023817357230428e+01
4.693545488541086286e+01
4.685912650294125115e+01
4.678069365863467510e+01
4.669963396005581302e+01
4.661549019819717188e+01
4.652789893641639196e+01
4.643661726083740149e+01
4.634154496558593905e+01
4.624273918779226733e+01
4.614041870005589629e+01
4.603495579761958112e+01
4.592685491848829571e+01
4.581671865289218459e+01
4.570520346842561565e+01
4.559296911975706479e+01
4.548062705250360693e+01
4.536869374055630999e+01
4.525755440047728939e+01
4.514744076387385263e+01
4.503842391962103875e+01
4.493042048628387164e+01
4.482320847597887337e+01
4.471644874651180857e+01
4.460970886470892083e+01
4.450248793519840973e+01
4.439424271545759382e+01
4.428441654342499589e+01
4.417247295680847685e+01
4.405793528550353955e+01
4.394043189215047818e+01
4.381974413321073314e+01
4.369585084928662866e+01
4.356896017626818463e+01
4.343951809767657579e+01
4.330818477294221225e+01
4.317577476576794027e+01
4.304316497567261735e+01
4.291118223622833483e+01
4.278048866512924064e+01
4.265148501675030701e+01
4.252424986627593029e+01
4.239852619576601711e+01
4.227375858059921399e+01
4.214917571459201895e+01
4.202390609150835843e+01
4.189711004968865637e+01
4.176810903932311447e+01
4.163649260326803869e+01
4.150218534385004432e+01
4.136546085435811904e+01
4.122689786918292043e+01
4.108728508403135748e+01
4.094749267880944643e+01
4.080833677930589687e+01
4.067046465787413467e+01
4.053428238479213519e+01
4.039993483050426448e+01
4.026733448307375340e+01
4.013622494756323533e+01
4.000626017380751165e+01
3.987708178572871986e+01
3.974838240490051788e+01
3.961994958819614254e+01
3.949169045295199254e+01
3.936364016561325485e+01
3.923595843442228670e+01
3.910891772046870329e+01
3.898288570757977567e+01
3.885830312290840283e+01
3.873565683921876968e+01
3.861544798443532756e+01
3.849815589216408540e+01
3.838420075523336550e+01
3.827390968871242904e+01
3.816749135953818239e+01
3.806502283811014564e+01
3.796644931880494056e+01
3.787159401330338682e+01
3.778017311031382519e+01
3.769181005473413393e+01
3.760604469960357932e+01
3.752233560853262162e+01
3.744005689063492781e+01
3.735849325909646979e+01
3.727683775891491536e+01
3.719419588063791338e+01
3.710959844838905042e+01
3.702202486976276674e+01
3.693043855176984636e+01
3.683383676670455742e+01
3.673131629760479200e+01
3.662215244844669115e+01
3.650588291435779809e+01
3.638238220886906049e+01
3.625191030840523609e+01
3.611512277896628831e+01
3.597303755948040305e+01
3.582696203867516971e+01
3.567838978807810690e+01
3.552887885486907038e+01
3.537992472059830362e+01
3.523284218649544641e+01
3.508867049179306008e+01
3.494811291423976485e+01
3.481151583919861281e+01
3.467888526312658115e+01
3.454993364152392132e+01
3.442414754266450672e+01
3.430086546847203266e+01
3.417935428917120078e+01
3.405887225136517316e+01
3.393870779319102837e+01
3.381818786745938610e+01
3.369665768765699454e+01
3.357344433428625052e+01
3.344782544443119576e+01
3.331902607616112277e+01
3.318625907851414780e+01
3.304880947416454973e+01
3.290614818919181772e+01
3.275805117581392523e+01
3.260469827445082558e+01
3.244672935866709906e+01
3.228524013466651610e+01
3.212170616233801468e+01
3.195783380331521428e+01
3.179535256411121225e+01
3.163578171352511603e+01
3.148021744866878890e+01
3.132918731124907552e+01
3.118260349365949935e+01
3.103982151242118803e+01
3.089978579421025273e+01
3.076122799108188488e+01
3.062288007054382533e+01
3.048366889074386066e+01
3.034286637775485218e+01
3.020017627714063835e+01
3.005574547274787633e+01
2.991009778413499376e+01
2.976400216546926103e+01
2.961830269592966758e+01
2.947374883003158885e+01
2.933086523467817841e+01
2.918988910802233150e+01
2.905078257676165165e+01
2.891330607488994531e+01
2.877712347903698031e+01
2.864190612052522056e+01
2.850741048952344769e+01
2.837351861339221770e+01
2.824024372120505788e+01
2.810771168188106017e+01
2.797613009504682324e+01
2.784575485522665872e+01
2.771686175059657842e+01
2.758972867850809152e+01
2.746463060905701070e+01
2.734184383518781303e+01
2.722165087823970353e+01
2.710433662851201220e+01
2.699017116742351163e+01
2.687938208885201874e+01
2.677212404991835726e+01
2.666845318312935476e+01
2.656831041110826064e+01
2.647151421002609695e+01
2.637776229384311222e+01
2.628664241393209622e+01
2.619765261144968704e+01
2.611022953126508028e+01
2.602378114069390591e+01
2.593771971959625233e+01
2.585149253055844554e+01
2.576460859179376328e+01
2.567665813584379464e+01
2.558731789820659941e+01
2.549633470758406162e+01
2.540348516342841023e+01
2.530851896206180029e+01
2.521110229626810550e+01
2.511078078531184588e+01
2.500697735704432034e+01
2.489903143384391271e+01
2.478627468341274565e+01
2.466812839810993907e+01
2.454420145842867029e+01
2.441436867515266229e+01
2.427881691763595740e+01
2.413805589245751193e+01
2.399289529030528811e+01
2.384438905405599840e+01
2.369374722374984543e+01
2.354222333493266461e+01
2.339099830939984415e+01
2.324108790988265483e+01
2.309329064166390921e+01
2.294817206965917222e+01
2.280606708952779371e+01
2.266708547331046120e+01
2.253112212986964025e+01
2.239788487392745253e+01
2.226694835753336577e+01
2.213782843330374561e+01
2.201006015958959949e+01
2.188326215043525025e+01
2.175717591138669249e+01
2.163167403863632998e+01
2.150673483214361781e+01
2.138238717939308842e+01
2.125863931952495989e+01
2.113541241859081055e+01
2.101249842420682512e+01
2.088955191810853762e+01
2.076611436003790345e+01
2.064166223600841477e+01
2.051566888631568375e+01
2.038767030009272219e+01
2.025732578771537007e+01
2.012446555916719504e+01
1.998912002574698832e+01
1.985152969158778902e+01
1.971213743172961586e+01
1.957156445849813053e+01
1.943056779842764925e+01
1.928997460081721371e+01
1.915059201550973356e+01
1.901310205376006834e+01
1.887796376086406980e+01
1.874535121138063687e+01
1.861514899295831427e+01
1.848700872251175298e+01
1.836044971565840100e+01
1.823497415276818145e+01
1.811016666417058119e+01
1.798575805495515212e+01
1.786164676900717296e+01
1.773788364519363014e+01
1.761463232906942977e+01
1.749211928732910692e+01
1.737058540676472873e+01
1.725024738228572829e+01
1.713127262419928698e+01
1.701376720666295483e+01
1.689777364797984660e+01
1.678327488471337148e+01
1.667020218104233820e+01
1.655844630835844811e+01
1.644787187540248041e+01
1.633833430412987653e+01
1.622969856908296293e+01
1.612185879017429357e+01
1.601475742069873931e+01
1.590840159564064393e+01
1.580287301308336723e+01
1.569832802861208876e+01
1.559498688119426468e+01
1.549311389278347662e+01
1.539299255552846546e+01
1.529490023853210445e+01
1.519908717871033588e+01
1.510576337116610901e+01
1.501509441796704358e+01
1.492720372347123536e+01
1.484217550475762870e+01
1.476005288670512172e+01
1.468082814620871979e+01
1.460442635596928085e+01
1.453068720730223085e+01
1.445935146436408480e+01
1.439005803684956142e+01
1.432235518085489367e+01
1.425572534694010507e+01
1.418961891396005726e+01
1.412348926565435292e+01
1.405682176840078057e+01
1.398915218104719216e+01
1.392007438427980226e+01
1.384924099359223781e+01
1.377636191222436146e+01
1.370120488292716665e+01
1.362359944374373022e+01
1.354344281825553153e+01
1.346070451306538729e+01
1.337542641673816490e+01
1.328771675277814523e+01
1.319773841251831925e+01
1.310569392154749480e+01
1.301180991157607814e+01
1.291632345167689166e+01
1.281947143178845216e+01
1.272148306570170462e+01
1.262257498333063666e+01
1.252294835387217198e+01
1.242278759957596712e+01
1.232225999792816928e+01
1.222151478155948645e+01
1.212067994819528316e+01
1.201985587173396652e+01
1.191910714328002996e+01
1.181845660818115284e+01
1.171788626632325858e+01
1.161734743367415490e+01
1.151677832335504448e+01
1.141612364376044653e+01
1.131535026747440043e+01
1.121445572634933718e+01
1.111347023361659225e+01
1.101245547723697094e+01
1.091150320392515383e+01
1.081073432585210625e+01
1.071029694890935424e+01
1.061036111487707423e+01
1.051110951807754113e+01
1.041272584762382714e+01
1.031538398487916197e+01
1.021924092536589868e+01
1.012443415298096383e+01
1.003108153686084769e+01
9.939280211613278126e+00
9.849101308905668262e+00
9.760579714610459590e+00
9.673701130277697402e+00
9.588391117326784396e+00
9.504511328973620721e+00
9.421866495575757838e+00
9.340222598969393886e+00
9.259333310145482443e+00
9.178969375786532936e+00
9.098944842326799787e+00
9.019134719793619581e+00
8.939480433566490802e+00
8.859981742083880007e+00
8.780676471114949422e+00
8.701612205182435389e+00
8.622816465183891665e+00
8.544273037318712127e+00
8.465911208562356904e+00
8.387611545320677209e+00
8.309227302900321632e+00
8.230616066940701359e+00
8.151673360094616072e+00
8.072359630800951535e+00
7.992714233517716593e+00
7.912853804743199326e+00
7.832956512859325926e+00
7.753236803446918124e+00
7.673916769468264398e+00
7.595200067913097541e+00
7.517252796378974367e+00
7.440193576552210253e+00
7.364092882297830656e+00
7.288979849189709093e+00
7.214853674361121350e+00
7.141696365276728464e+00
7.069483983735813659e+00
6.998194474044516333e+00
6.927811361638982923e+00
6.858323721181586841e+00
6.789723570749957027e+00
6.722002131991408724e+00
6.655146251668520030e+00
6.589135867295624394e+00
6.523942907396097723e+00
6.459531593548528683e+00
6.395859832403158585e+00
6.332881259360391368e+00
6.270547489045408263e+00
6.208810197519018637e+00
6.147622772436534433e+00
6.086941399078712678e+00
6.026725589161227248e+00
5.966938290718909244e+00
5.907545819316573521e+00
5.848517897546470223e+00
5.789828061378097246e+00
5.731454585743466446e+00
5.673381918217867970e+00
5.615602429268824913e+00
5.558118139716783368e+00
5.500942014753657183e+00
5.444098445230852512e+00
5.387622671732057889e+00
5.331559118452646295e+00
5.275958841143213007e+00
5.220876491185169499e+00
5.166367294700757284e+00
5.112484505790076739e+00
5.059277624477272362e+00
5.006791426590265992e+00
4.955065616394124461e+00
4.904134761339980386e+00
4.854028145660509885e+00
4.804769281262317726e+00
4.756374994624846586e+00
4.708854202029423952e+00
4.662206632562812203e+00
4.616421821632854083e+00
4.571478668207244134e+00
4.527345742330977529e+00
4.483982377297549782e+00
4.441340420708502101e+00
4.399366385526024104e+00
4.358003662538282974e+00
4.317194444139434317e+00
4.276881067952714055e+00
4.237006607145050729e+00
4.197514690782103486e+00
4.158348702489909954e+00
4.119450645785808440e+00
4.080760049533188827e+00
4.042213296897342545e+00
4.003743691149230344e+00
3.965282434211510942e+00
3.926760516479262275e+00
3.888111335553391612e+00
3.849273714009302516e+00
3.810194901326432237e+00
3.770833137836366422e+00
3.731159427765516234e+00
3.691158297859068238e+00
3.650827480854496265e+00
3.610176627978606501e+00
3.569225292136292804e+00
3.528000510798946721e+00
3.486534342342217041e+00
3.444861671320892160e+00
3.403018508362057659e+00
3.361040890102934497e+00
3.318964360406924996e+00
3.276823912215239165e+00
3.234654209838505601e+00
3.192489903189398071e+00
3.150365884050745358e+00
3.108317403600621365e+00
3.066380046403164084e+00
3.024589614871198595e+00
2.982982002596344273e+00
2.941593119744210671e+00
2.900458887254396156e+00
2.859615257805279587e+00
2.819098173556984221e+00
2.778943353114312398e+00
2.739185822242191204e+00
2.699859160441722139e+00
2.660994512215873797e+00
2.622619484551791391e+00
2.584757098367959749e+00
2.547424966856796757e+00
2.510634835579468760e+00
2.474392548332930541e+00
2.438698418738018958e+00
2.403547912478771753e+00
2.368932497492086231e+00
2.334840508593821973e+00
2.301257897749894088e+00
2.268168791044555377e+00
2.235555832875333770e+00
2.203400351419628755e+00
2.171682415486959616e+00
2.140380866436497609e+00
2.109473401335799636e+00
2.078936761110801612e+00
2.048747048245378899e+00
2.018880170183018574e+00
1.989312382150104863e+00
1.960020888900284586e+00
1.930984458615389032e+00
1.902184002196858126e+00
1.873603075428744269e+00
1.845228268439821351e+00
1.817049455703914962e+00
1.789059890173916756e+00
1.761256136804774775e+00
1.733637853131294149e+00
1.706207436703332636e+00
1.678969569676809881e+00
1.651930698339604264e+00
1.625098488817817266e+00
1.598481299310885229e+00
1.572087704314871104e+00
1.545926098368333612e+00
1.520004397166618393e+00
1.494329843730578311e+00
1.468908917764041533e+00
1.443747338147606030e+00
1.418850142125414271e+00
1.394221820329460071e+00
1.369866484381715432e+00
1.345788043363973063e+00
1.321990366841894415e+00
1.298477415199328577e+00
1.275253322517301724e+00
1.252322422740197227e+00
1.229689215925470647e+00
1.207358277419579684e+00
1.185334118279747218e+00
1.163621009671739204e+00
1.142222786946207158e+00
1.121142650429848064e+00
1.100382979647118065e+00
1.079945175872173646e+00
1.059829544897058273e+00
1.040035228080574914e+00
1.020560185540494436e+00
1.001401231185738538e+00
9.825541155187910158e-01
9.640136490529599422e-01
9.457738569691214181e-01
9.278281543649169461e-01
9.101695311152623313e-01
8.927907358756522749e-01
8.756844499686766703e-01
8.588434436114061876e-01
8.422607089639622124e-01
8.259295666096890809e-01
8.098437441389314539e-01
7.939974273594720966e-01
7.783852861942626156e-01
7.630024784911076940e-01
7.478446357370887032e-01
7.329078350539770526e-01
7.181885618866531429e-01
7.036836675392190710e-01
6.893903252283379857e-01
6.753059876795185490e-01
6.614283485581144983e-01
6.477553092651204825e-01
6.342849518940277820e-01
6.210155184830362662e-01
6.079453961402465634e-01
5.950731071893029522e-01
5.823973031888707297e-01
5.699167615205369408e-01
5.576303832067218691e-01
5.455371906964678885e-01
5.336363245218257445e-01
5.219270379574323382e-01
5.104086890869332649e-01
4.990807299684505982e-01
4.879426928759194038e-01
4.769941738540870446e-01
4.662348140462752033e-01
4.556642794224579629e-01
4.452822396425065166e-01
4.350883468315009939e-01
4.250822150224364826e-01
4.152634009429476136e-01
4.056313866984180838e-01
3.961855647491707155e-01
3.869252254115529976e-01
3.778495469488061254e-01
3.689575881730279283e-01
3.602482833656930339e-01
3.517204392480542952e-01
3.433727336955608722e-01
3.352037158894250468e-01
3.272118076264317055e-01
3.193953055562626653e-01
3.117523841740927892e-01
3.042810994562071270e-01
2.969793930805312843e-01
2.898450972175166118e-01
2.828759399070321368e-01
2.760695510535131625e-01
2.694234690755860084e-01
2.629351482398541995e-01
2.566019666939344801e-01
2.504212351937536440e-01
2.443902064965737253e-01
2.385060853663158176e-01
2.327660391127140127e-01
2.271672085621238568e-01
2.217067193362756705e-01
2.163816932970039908e-01
2.111892600007102272e-01
2.061265679969385978e-01
2.011907958014536313e-01
1.963791623760545446e-01
1.916889369551446620e-01
1.871174480725895928e-01
1.826620916610001699e-01
1.783203381185555769e-01
1.740897382645674174e-01
1.699679281330262748e-01
1.659526325819876136e-01
1.620416677245705150e-01
1.582329422134558239e-01
1.545244574340262356e-01
1.509143066811103051e-01
1.474006734101228344e-01
1.439818286651041168e-01
1.406561277937573573e-01
1.374220065633657561e-01
1.342779767917212375e-01
1.312226216045204452e-01
1.282545904255291691e-01
1.253725937987835992e-01
1.225753981336848708e-01
1.198618204545905674e-01
1.172307232267566224e-01
1.146810093206566822e-01
1.122116171670839713e-01
1.098215161461677802e-01
1.075097022447553397e-01
1.052751940085818044e-01
1.031170288082991771e-01
1.010342594318685144e-01
9.902595100993796806e-02
9.709117827571189796e-02
9.522902315635353721e-02
9.343857268914691760e-02
9.171891725248000615e-02
9.006914909904845112e-02
8.848836117658603895e-02
8.697564621980735655e-02
8.553009609604010632e-02
8.415080138623881600e-02
8.283685118264096092e-02
8.158733308419932606e-02
8.040133337107292777e-02
7.927793733988995617e-02
7.821622978206513310e-02
7.721529558823672645e-02
7.627422046281129298e-02
7.539209173358188409e-02
7.456799924246738931e-02
7.380103630455447927e-02
7.309030072373294551e-02
7.243489585433830757e-02
7.183393169933276201e-02
