2.590543242796175191e-02
4.315057416293565962e-05
2.563615417121153479e-06
4.074971456047241311e-06
4.991882450010975095e-06
5.496164482155657242e-06
5.769460610387179221e-06
5.920631482747998034e-06
6.008786221237947500e-06
6.064690946635196481e-06
6.104051790773054317e-06
6.134817741884134674e-06
6.161000153161037048e-06
6.184625335008732213e-06
6.206721932393636276e-06
6.227817586843881941e-06
6.248188136508471240e-06
6.267982521444764693e-06
6.287285380859196171e-06
6.306148444783506785e-06
6.324606302619227425e-06
6.342684349457392857e-06
6.360402814141482833e-06
6.377778822515058494e-06
6.394827473518380968e-06
6.411562417423806252e-06
6.427996181421427404e-06
6.444140365439152330e-06
6.460005770110912561e-06
6.475602487982807788e-06
6.490939973930768112e-06
6.506027102924597767e-06
6.520872219402042310e-06
6.535483180720410749e-06
6.549867395882080795e-06
6.564031860477291332e-06
6.577983188357023496e-06
6.591727640425953626e-06
6.605271150905297646e-06
6.618619351289898758e-06
6.631777592275985995e-06
6.644750963774481603e-06
6.657544313249096632e-06
6.670162262506881251e-06
6.682609223060286170e-06
6.694889410240263828e-06
6.707006856100623914e-06
6.718965421278342006e-06
6.730768805869236458e-06
6.742420559374578043e-06
6.753924089865585795e-06
6.765282672408028561e-06
6.776499456731977051e-06
6.787577474347725081e-06
6.798519645000342422e-06
6.809328782693186118e-06
6.820007601099310240e-06
6.830558718654497113e-06
6.840984663139645423e-06
6.851287875910294565e-06
6.861470715826581380e-06
6.871535462830312811e-06
6.881484321207589432e-06
6.891319422635276329e-06
6.901042828976227926e-06
6.910656534853511740e-06
6.920162470002668850e-06
6.929562501478120380e-06
6.938858435694259396e-06
6.948052020326606201e-06
6.957144946074088325e-06
6.966138848307248063e-06
6.975035308649519152e-06
6.983835856440011166e-06
6.992541970161996704e-06
7.001155078768013117e-06
7.009676563014606863e-06
7.018107756721919783e-06
7.026449948023204149e-06
7.034704380560022577e-06
7.042872254750876375e-06
7.050954728977169411e-06
7.058952920818268543e-06
7.066867908303195548e-06
7.074700731154444182e-06
7.082452392064983146e-06
7.090123858029564873e-06
7.097716061648238930e-06
7.105229902525583533e-06
7.112666248647395816e-06
7.120025937842224318e-06
7.127309779242698166e-06
7.134518554769319593e-06
7.141653020670760307e-06
7.148713909101708546e-06
7.155701929653565178e-06
7.162617770999892451e-06
7.169462102411265505e-06
7.176235575474489207e-06
7.182938825624649525e-06
7.189572473718450958e-06
7.196137127672348618e-06
7.202633383954005532e-06
7.209061829086296205e-06
7.215423041115728868e-06
7.221717590973031106e-06
7.227946043855991293e-06
7.234108960429408657e-06
7.240206897967969426e-06
7.246240411452778414e-06
7.252210054525648363e-06
7.258116380258078799e-06
7.263959941946138013e-06
7.269741293628254301e-06
7.275460990548933464e-06
7.281119589469042229e-06
7.286717648792703097e-06
7.292255728571760752e-06
7.297734390389617418e-06
7.303154197002739718e-06
7.308515711941025142e-06
7.313819498874968484e-06
7.319066120880797235e-06
7.324256139509341813e-06
7.329390113877527510e-06
7.334468599353119517e-06
7.339492146419568329e-06
7.344461299232218374e-06
7.349376594178078410e-06
7.354238558322081881e-06
7.359047707693705290e-06
7.363804545706707949e-06
7.368509561374522505e-06
7.373163227536403620e-06
7.377765999089616847e-06
7.382318311258215096e-06
7.386820577760864863e-06
7.391273189116494887e-06
7.395676510979987368e-06
7.400030882522528153e-06
7.404336614845874663e-06
7.408593989590695155e-06
7.412803257591844632e-06
7.416964637608153387e-06
7.421078315209933925e-06
7.425144441812214835e-06
7.429163133880759202e-06
7.433134472182796207e-06
7.437058501283165272e-06
7.440935229181160001e-06
7.444764627049208350e-06
7.448546629219805452e-06
7.452281133211043188e-06
7.455968000028153917e-06
7.459607054548944350e-06
7.463198085993537997e-06
7.466740848743020652e-06
7.470235062963232728e-06
7.473680415697357052e-06
7.477076561869314944e-06
7.480423125270734088e-06
7.483719699995351395e-06
7.486965851659185138e-06
7.490161118830421436e-06
7.493305014514369738e-06
7.496397027599846963e-06
7.499436624442011876e-06
7.502423250599101963e-06
7.505356332302243117e-06
7.508235278288090968e-06
7.511059481399530879e-06
7.513828320402539899e-06
7.516541161743010176e-06
7.519197361308681676e-06
7.521796266208302695e-06
7.524337216696349606e-06
7.526819548015519183e-06
7.529242592231475655e-06
7.531605680246134520e-06
7.533908143740180147e-06
7.536149317163334003e-06
7.538328539853624318e-06
7.540445158149869309e-06
7.542498527369081529e-06
7.544488014353811032e-06
7.546412999485798496e-06
7.548272879100173280e-06
7.550067067943029736e-06
7.551795001386892705e-06
7.553456138302946100e-06
7.555049963221785158e-06
7.556575989243012728e-06
7.558033760415611919e-06
7.559422854502682813e-06
7.560742885674108539e-06
7.561993507121739846e-06
7.563174413738132569e-06
7.564285344770173103e-06
7.565326086338791352e-06
7.566296473962470091e-06
7.567196395063397766e-06
7.568025791248753530e-06
7.568784660413371672e-06
7.569473058826533486e-06
7.570091102908913647e-06
7.570638970941251496e-06
7.571116904209495535e-06
7.571525208340978425e-06
7.571864253951724641e-06
7.572134477151481166e-06
7.572336379741577607e-06
7.572470528918840748e-06
7.572537556727705691e-06
7.572538159275187409e-06
7.572473095165834911e-06
7.572343183993433230e-06
7.572149304323617423e-06
7.571892391278694499e-06
7.571573433884641358e-06
7.571193472113901014e-06
7.570753593808113593e-06
7.570254931221035215e-06
7.569698657406560805e-06
7.569085982849096591e-06
7.568418151598332766e-06
7.567696437605429585e-06
7.566922141276969697e-06
7.566096585892199359e-06
7.565221114292648342e-06
7.564297085744408188e-06
7.563325873182896663e-06
7.562308860434383859e-06
7.561247440053658536e-06
7.560143011306215225e-06
7.558996978475258130e-06
7.557810749547438884e-06
7.556585735183545499e-06
7.555323347970319855e-06
7.554025002046049655e-06
7.552692112881340211e-06
7.551326097283805303e-06
7.549928373723829282e-06
7.548500362643058161e-06
7.547043487043596578e-06
7.545559173023214885e-06
7.544048850538410633e-06
7.542513954006917509e-06
7.540955922968805235e-06
7.539376202752211041e-06
7.537776245059058711e-06
7.536157508469362521e-06
7.534521458799982114e-06
7.532869569427155703e-06
7.531203321428699967e-06
7.529524203647426556e-06
7.527833712404130062e-06
7.526133351412749197e-06
7.524424631168795453e-06
7.522709068253608714e-06
7.520988184689899852e-06
7.519263506583340281e-06
7.517536563043372522e-06
7.515808884478697004e-06
7.514082000876719452e-06
7.512357439887337890e-06
7.510636724209061655e-06
7.508921369179710875e-06
7.507212879883007829e-06
7.505512747923050069e-06
7.503822448073173649e-06
7.502143434576315644e-06
7.500477137214908336e-06
7.498824957228952051e-06
7.497188263212182885e-06
7.495568386391450512e-06
7.493966616537889403e-06
7.492384197147581725e-06
7.490822321150576518e-06
7.489282126418374330e-06
7.487764691527843449e-06
7.486271031577987604e-06
7.484802094586992218e-06
7.483358757578185960e-06
7.481941823752073019e-06
7.480552019273997918e-06
7.479189991262091594e-06
7.477856305529867611e-06
7.476551445183842219e-06
7.475275809824435852e-06
7.474029714717229316e-06
7.472813391152915523e-06
7.471626986555873016e-06
7.470470565663693237e-06
7.469344111862461894e-06
7.468247528711093008e-06
7.467180642360456703e-06
7.466143203583229290e-06
7.465134890840665842e-06
7.464155312757029910e-06
7.463204011476088643e-06
7.462280465580869230e-06
7.461384093475265149e-06
7.460514256501069136e-06
7.459670262513148479e-06
7.458851368810174781e-06
7.458056785726714510e-06
7.457285679734579143e-06
7.456537176815066623e-06
7.455810365627882711e-06
7.455104300841622022e-06
7.454418006365517199e-06
7.453750478882116878e-06
7.453100691110329344e-06
7.452467595502732358e-06
7.451850127787781085e-06
7.451247210948708095e-06
7.450657759099103131e-06
7.450080681748785331e-06
7.449514887968565129e-06
7.448959291015007718e-06
7.448412812949094502e-06
7.447874389352754110e-06
7.447342974302160445e-06
7.446817545370658245e-06
7.446297108687830840e-06
7.445780703965828387e-06
7.445267409660258306e-06
7.444756347985674881e-06
7.444246689854354785e-06
7.443737659717775621e-06
7.443228540260161860e-06
7.442718676919347855e-06
7.442207482106679895e-06
7.441694439381512205e-06
7.441179107005464767e-06
7.440661121624499254e-06
7.440140201343154816e-06
7.439616148600011477e-06
7.439088852799180101e-06
7.438558292329913539e-06
7.438024536547031498e-06
7.437487747286231136e-06
7.436948180031123135e-06
7.436406184681117037e-06
7.435862206256462673e-06
7.435316784758974229e-06
7.434770555154327256e-06
7.434224246971315528e-06
7.433678683311561102e-06
7.433134779735349205e-06
7.432593542898168614e-06
7.432056068734367239e-06
7.431523540327762119e-06
7.430997225762817624e-06
7.430478475213665969e-06
7.429968718365827853e-06
7.429469461076976499e-06
7.428982282053849525e-06
7.428508829382394564e-06
7.428050816569194674e-06
7.427610018766621954e-06
7.427188268416023640e-06
7.426787451491706958e-06
7.426409502667516714e-06
7.426056401169158051e-06
7.425730166434584927e-06
7.425432853422489597e-06
7.425166548322680444e-06
7.424933364156422589e-06
7.424735436427281157e-06
7.424574918804530419e-06
7.424453979050214496e-06
7.424374794974277897e-06
7.424339550602053135e-06
7.424350432383834030e-06
7.424409625795540217e-06
7.424519311801057781e-06
7.424681663851168493e-06
7.424898844691196980e-06
7.425173003798180405e-06
7.425506274584384959e-06
7.425900771932341726e-06
7.426358590111098200e-06
7.426881800509177803e-06
7.427472449584284114e-06
7.428132557370345166e-06
7.428864115448381644e-06
7.429669085538905839e-06
7.430549398068543694e-06
7.431506950665935535e-06
7.432543607094719343e-06
7.433661195753487080e-06
7.434861508836869699e-06
7.436146300991651618e-06
7.437517288479867431e-06
7.438976148121271118e-06
7.440524516213614669e-06
7.442163987827470293e-06
7.443896115753276129e-06
7.445722409576547376e-06
7.447644334847844990e-06
7.449663312176685900e-06
7.451780716244985106e-06
7.453997874842631586e-06
7.456316068094465698e-06
7.458736527134600622e-06
7.461260433449887123e-06
7.463888917482896180e-06
7.466623057828459108e-06
7.469463880068695712e-06
7.472412355638392480e-06
7.475469400822183333e-06
7.478635876023945595e-06
7.481912584582453957e-06
7.485300272320061848e-06
7.488799626679191996e-06
7.492411276853060722e-06
7.496135793190134155e-06
7.499973687645903417e-06
7.503925414268339536e-06
7.507991369975112245e-06
7.512171895713216200e-06
7.516467278013561889e-06
7.520877750847602399e-06
7.525403497764643178e-06
7.530044654384899708e-06
7.534801310989819130e-06
7.539673515546797627e-06
7.544661276488016000e-06
7.549764565723323161e-06
7.554983321530929186e-06
7.560317451372391414e-06
7.565766834343780412e-06
7.571331323175378228e-06
7.577010746198682864e-06
7.582804908386294532e-06
7.588713592066531940e-06
7.594736556951040486e-06
7.600873539681760918e-06
7.607124252359313778e-06
7.613488381037205208e-06
7.619965582987524983e-06
7.626555484140797890e-06
7.633257675563430360e-06
7.640071709904400470e-06
7.646997097902161837e-06
7.654033304646900670e-06
7.661179746200970876e-06
7.668435786811516998e-06
7.675800736654137685e-06
7.683273850732820289e-06
7.690854328506999035e-06
7.698541315069660956e-06
7.706333904008255581e-06
7.714231141614773940e-06
7.722232032856087401e-06
7.730335549304312272e-06
7.738540638697844962e-06
7.746846236163599860e-06
7.755251277209254689e-06
7.763754712074423002e-06
7.772355520927072390e-06
7.781052730309384052e-06
7.789845430125118825e-06
7.798732790520370578e-06
7.807714078929914534e-06
7.816788676600932884e-06
7.825956094245638164e-06
7.835215986550331000e-06
7.844568165418495964e-06
7.854012611511513672e-06
7.863549483898226141e-06
7.873179127911468912e-06
7.882902080607874333e-06
7.892719074318471040e-06
7.902631037557780706e-06
7.912639093623433711e-06
7.922744556916605507e-06
7.932948926373672524e-06
7.943253876327617744e-06
7.953661244661388939e-06
7.964173018490841273e-06
7.974791316373235452e-06
7.985518368133581076e-06
7.996356492218509451e-06
8.007308070188877573e-06
8.018375519040708393e-06
8.029561261461918550e-06
8.040867694990574833e-06
8.052297160115406375e-06
8.063851907748374067e-06
8.075534067406868921e-06
8.087345616264979791e-06
8.099288349843605521e-06
8.111363854615971173e-06
8.123573483505411091e-06
8.135918334371529948e-06
8.148399231432452728e-06
8.161016710087070044e-06
8.173771005140414506e-06
8.186662041646629775e-06
8.199689429206087469e-06
8.212852458173962655e-06
8.226150098673743708e-06
8.239581001511653500e-06
8.253143500887312383e-06
8.266835618974453404e-06
8.280655072223492872e-06
8.294599279263870024e-06
8.308665370630133345e-06
8.322850200553875852e-06
8.337150360831360206e-06
8.351562196292332550e-06
8.366081823037024721e-06
8.380705148018033023e-06
8.395427890788307589e-06
8.410245606515020611e-06
8.425153709953629431e-06
8.440147500181604525e-06
8.455222184596251862e-06
8.470372902929853708e-06
8.485594749453388811e-06
8.500882793646994203e-06
8.516232099021260908e-06
8.531637739090608359e-06
8.547094811726010363e-06
8.562598450812646870e-06
8.578143836621903728e-06
8.593726204651969055e-06
8.609340854200916280e-06
8.624983156466570203e-06
8.640648563647962410e-06
8.656332619223722029e-06
8.672030969287173967e-06
8.687739375955210973e-06
8.703453732194400900e-06
8.719170077173819708e-06
8.734884612519415515e-06
8.750593717810159584e-06
8.766293964429081430e-06
8.781982126348093811e-06
8.797655187938774904e-06
8.813310346521762993e-06
8.828945010560141916e-06
8.844556793255304474e-06
8.860143501915008428e-06
8.875703125181312275e-06
8.891233819628481148e-06
8.906733898573246204e-06
8.922201825565122645e-06
8.937636216007530828e-06
8.953035848727888550e-06
8.968399690350806224e-06
8.983726933245652507e-06
8.999017047116090364e-06
9.014269843691877910e-06
9.029485551690794655e-06
9.044664899284776531e-06
9.059809199665910278e-06
9.074920436132587068e-06
9.090001341778214798e-06
9.105055470102739072e-06
9.120087253967718588e-06
9.135102050664624005e-06
9.150106171978336086e-06
9.165106898739854442e-06
9.180112480905932180e-06
9.195132121689522309e-06
9.210175947104435375e-06
9.225254957889021621e-06
9.240380963169967486e-06
9.255566491419512176e-06
9.270824675526051579e-06
9.286169109112833882e-06
9.301613670855276114e-06
9.317172319097886924e-06
9.332858858568443474e-06
9.348686688933074501e-06
9.364668546033056657e-06
9.380816251729513704e-06
9.397140488812159444e-06
9.413650619263389858e-06
9.430354558794165458e-06
9.447258718605391938e-06
9.464368016599785288e-06
9.481685954497038799e-06
9.499214749248050706e-06
9.516955502514287327e-06
9.534908388078901445e-06
9.553072836494698789e-06
9.571447699793602829e-06
9.590031382033173407e-06
9.608821928806877806e-06
9.627817075298146876e-06
9.647014259166036539e-06
9.666410609078515876e-06
9.686002923863203448e-06
9.705787657977262472e-06
9.725760927722693116e-06
9.745918550353499773e-06
9.766256120812917058e-06
9.786769126714153032e-06
9.807453093677294010e-06
9.828303746912592687e-06
9.849317169257190333e-06
9.870489933177168369e-06
9.891819182665763041e-06
9.913302644717514282e-06
9.934938553642795451e-06
9.956725480537338216e-06
9.978662068405765102e-06
1.000074668229012780e-05
1.002297699351593145e-05
1.004534952264183673e-05
1.006785917226600171e-05
1.009049878106486316e-05
1.011325873355359228e-05
1.013612665521611628e-05
1.015908722121293390e-05
1.018212210098443229e-05
1.020521005477897340e-05
1.022832719021625315e-05
1.025144737886938396e-05
1.027454282182986090e-05
1.029758474261055005e-05
1.032054417393661404e-05
1.034339279572115131e-05
1.036610377066435893e-05
1.038865252093626520e-05
1.041101738767406332e-05
1.043318011971871074e-05
1.045512614971076139e-05
1.047684463093500464e-05
1.049832823084242345e-05
1.051957270092210348e-05
1.054057626899598647e-05
1.056133892425375853e-05
1.058186168371124370e-05
1.060214593793809299e-05
1.062219297053631695e-05
1.064200372459614802e-05
1.066157885794373571e-05
1.068091908119302924e-05
1.070002572538289624e-05
1.071890144571450790e-05
1.073755094112053208e-05
1.075598157186188501e-05
1.077420378085241061e-05
1.079223127341263298e-05
1.081008096916000447e-05
1.082777279739656580e-05
1.084532944958328610e-05
1.086277621538045608e-05
1.088014100779172383e-05
1.089745461859031566e-05
1.091475114861228318e-05
1.093206843402925267e-05
1.094944817544181460e-05
1.096693539865298771e-05
1.098457689269521528e-05
1.100241840719322967e-05
1.102050066541544845e-05
1.103885461346605774e-05
1.105749669506462098e-05
1.107642518409552100e-05
1.109561860858174802e-05
1.111503699612321221e-05
1.113462610334979963e-05
1.115432409580702920e-05
1.117406952955866163e-05
1.119380914029565007e-05
1.121350398704843550e-05
1.123313290971901315e-05
1.125269290233098293e-05
1.127219667848424393e-05
1.129166821411339307e-05
1.131113729056410908e-05
1.133063402070131844e-05
1.135018411680970903e-05
1.136980537834139218e-05
1.138950564862322494e-05
1.140928235756977834e-05
1.142912370582829265e-05
1.144901148370140536e-05
1.146892538588287395e-05
1.148884846104384533e-05
1.150877305432604724e-05
1.152870636081873912e-05
1.154867460739241932e-05
1.156872499352025209e-05
1.158892485644836130e-05
1.160935800761287747e-05
1.163011869718250023e-05
1.165130406461892112e-05
1.167300612534002017e-05
1.169530429223635562e-05
1.171825917098446321e-05
1.174190799392789056e-05
1.176626168366730815e-05
1.179130326359834721e-05
1.181698722641028385e-05
1.184323954027981165e-05
1.186995818736575974e-05
1.189701440515284141e-05
1.192425505183636204e-05
1.195150662877573538e-05
1.197858139716629050e-05
1.200528569323124650e-05
1.203143003852840163e-05
1.205684009871161260e-05
1.208136715709352794e-05
1.210489670158870540e-05
1.212735402101848152e-05
1.214870625693584104e-05
1.216896091249821330e-05
1.218816114790629754e-05
1.220637821465154758e-05
1.222370128691681763e-05
1.224022509921799560e-05
1.225603648692275055e-05
1.227120208772210234e-05
1.228576053572292892e-05
1.229972259706218309e-05
1.231308114249438634e-05
1.232582964241859390e-05
1.233798402525344776e-05
1.234960005757400457e-05
1.236077862880974176e-05
1.237165513418646895e-05
1.238237546092562294e-05
1.239306722657461984e-05
1.240381780783595000e-05
1.241466847375155899e-05
1.242562727746565280e-05
1.243669549399958139e-05
1.244789752221274077e-05
1.245930494648076004e-05
1.247105087743859908e-05
1.248333620122038432e-05
1.249642968539841414e-05
1.251065742073286015e-05
1.252636870437920566e-05
1.254386464104695891e-05
1.256328966956691932e-05
1.258451223495082633e-05
1.260704452397115249e-05
1.263005391377971543e-05
1.265249099957355274e-05
1.267330983829540842e-05
1.269171028777154083e-05
1.270731608142905826e-05
1.272022589101995673e-05
1.273092606099268919e-05
1.274010655820754644e-05
1.274845159407619607e-05
1.275647390232766978e-05
1.276443410417351318e-05
1.277235022882859661e-05
1.278007248733255920e-05
1.278738329830206374e-05
1.279408378858634087e-05
1.280004208621500051e-05
1.280519916492686385e-05
1.280954659931298892e-05
1.281309989774930242e-05
1.281588778174343914e-05
1.281796482135371175e-05
1.281944003962998553e-05
1.282050542525145358e-05
1.282144914207750472e-05
1.282264615729377844e-05
1.282452849415247780e-05
1.282754382217033276e-05
1.283211322682839213e-05
1.283859777674720649e-05
1.284728038490031450e-05
1.285836523560498882e-05
1.287199208201474730e-05
1.288825768432660420e-05
1.290723279875355146e-05
1.292896200005090543e-05
1.295343667010758734e-05
1.298053956521503193e-05
1.300997186770041373e-05
1.304118731576409191e-05
1.307336657603252770e-05
1.310546086499920289e-05
1.313631277742149544e-05
1.316482914616577302e-05
1.319015092833221926e-05
1.321175824486661128e-05
1.322947579751595943e-05
1.324339577614868397e-05
1.325378258969402862e-05
1.326103194596645179e-05
1.326571053642614142e-05
1.326862222907136545e-05
1.327078419894013428e-05
1.327320753684826162e-05
1.327648237263729136e-05
1.328032699837965587e-05
1.328337951138552160e-05
1.328348770518631817e-05
1.327854807306612046e-05
1.326762815354668161e-05
1.325184704574567549e-05
1.323446906844691503e-05
1.321996147147910656e-05
1.321227346825658958e-05
1.321305519749788064e-05
1.322068062290752520e-05
1.323064209543214427e-05
1.323725414953403807e-05
1.323594374307775821e-05
1.322506710900650757e-05
1.320639700844489097e-05
1.318410820871829816e-05
1.316289985022687427e-05
1.314634494311944340e-05
1.313633000667346967e-05
1.313365331286017146e-05
1.313902787245109608e-05
1.315349691156371298e-05
1.317781275441652057e-05
1.321123519573860311e-05
1.325074710855671011e-05
1.329143031795468754e-05
1.332791457921609966e-05
1.335607517451562353e-05
1.337404855526850715e-05
1.338215228282208770e-05
1.338197108106219379e-05
1.337523225907802496e-05
1.336301477400835875e-05
1.334551939990370043e-05
1.332233429641724950e-05
1.329297419870439708e-05
1.325742965089631766e-05
1.321649571024584656e-05
1.317175340312810557e-05
1.312523795311788841e-05
1.307897741649962903e-05
1.303463327772271393e-05
1.299338406180083796e-05
1.295602295252485418e-05
1.292310984981752362e-05
1.289501920951301133e-05
1.287185030113791685e-05
1.285331296932190150e-05
1.283875081578287930e-05
1.282737539776042786e-05
1.281862884145307484e-05
1.281248745194979334e-05
1.280954022706650675e-05
1.281080119780985267e-05
1.281734887135349905e-05
1.282994055095494886e-05
1.284870658109750657e-05
1.287294912770383275e-05
1.290103051265933675e-05
1.293036616250384799e-05
1.295759609460283319e-05
1.297902635858095264e-05
1.299136527057613683e-05
1.299264039219026383e-05
1.298302789094972997e-05
1.296523441708762449e-05
1.294411698848339967e-05
1.292544550929466812e-05
1.291406662485854391e-05
1.291208454041606241e-05
1.291784478591061669e-05
1.292633436611152942e-05
1.293107639612433945e-05
1.292687346815681011e-05
1.291217946970020209e-05
1.288982342718771710e-05
1.286546282206300901e-05
1.284432411075883352e-05
1.282790107658702233e-05
1.281258281279710783e-05
1.279127807911738059e-05
1.275736232610363274e-05
1.270875275535851857e-05
1.264968070061006877e-05
1.258903776221240670e-05
1.253620507435387249e-05
1.249670944656929497e-05
1.247001654387995332e-05
1.245042112024787297e-05
1.243026924483289517e-05
1.240365501634013097e-05
1.236875018252344940e-05
1.232786799786873479e-05
1.228563489162879935e-05
1.224656866413112539e-05
1.221348059463508048e-05
1.218740884163945797e-05
1.216871527094137947e-05
1.215824180110443093e-05
1.215750774359463819e-05
1.216773951091985571e-05
1.218844298728762045e-05
1.221658543937972516e-05
1.224702565243592815e-05
1.227398691117611952e-05
1.229274280905369238e-05
1.230067569528069343e-05
1.229736520715756834e-05
1.228393307721923146e-05
1.226214189277529753e-05
1.223366842297386118e-05
1.219973701683585622e-05
1.216109802413251147e-05
1.211822972439060767e-05
1.207160533312099224e-05
1.202188405309801749e-05
1.196995694726315911e-05
1.191687256408317122e-05
1.186372225971164826e-05
1.181155025694965236e-05
1.176130153268098357e-05
1.171378979706194323e-05
1.166968161655923028e-05
1.162952409692206180e-05
1.159384755423153920e-05
1.156332942085407719e-05
1.153893265336129295e-05
1.152188979856276637e-05
1.151345403771136198e-05
1.151448664826449736e-05
1.152510511125543253e-05
1.154463058374535602e-05
1.157187681383837433e-05
1.160553212801227241e-05
1.164425289380720435e-05
1.168627648327640777e-05
1.172877187172263893e-05
1.176745988515815932e-05
1.179698071933177087e-05
1.181206839216837963e-05
1.180909548736433807e-05
1.178731926888616736e-05
1.174932602058596918e-05
1.170057116682335251e-05
1.164824845477744700e-05
1.159981720540668078e-05
1.156144475623944277e-05
1.153658130482600255e-05
1.152497214460861133e-05
1.152250939616737709e-05
1.152221538118385632e-05
1.151624729929996794e-05
1.149828950511685924e-05
1.146538988820490501e-05
1.141845755563805838e-05
1.136124925488278272e-05
1.129841557791333717e-05
1.123362205367737115e-05
1.116862616055765443e-05
1.110355552703356115e-05
1.103790862161589762e-05
1.097146911269483519e-05
1.090458379266897077e-05
1.083785009032337688e-05
1.077169695852461399e-05
1.070629865497038538e-05
1.064184714217758938e-05
1.057884134115949734e-05
1.051805219889967071e-05
1.046014382482661412e-05
1.040524876806013151e-05
1.035283876098686729e-05
1.030200663546850010e-05
1.025199883415751346e-05
1.020271377865599098e-05
1.015494588471175413e-05
1.011030714537427885e-05
1.007088257578836194e-05
1.003872818215397711e-05
1.001532419941207376e-05
1.000109280410356714e-05
9.995095632580981232e-06
9.995027807151943085e-06
9.997589177811133808e-06
9.999214531233971041e-06
9.996995183358271385e-06
9.989492259452284896e-06
9.977121928658255217e-06
9.961935075261597379e-06
9.946863900988790183e-06
9.934726986752306918e-06
9.927349748356210658e-06
9.925055808573497054e-06
9.926609720959071335e-06
9.929550754480263083e-06
9.930791073709686531e-06
9.927332395466284545e-06
9.916949651947507661e-06
9.898700470166923930e-06
9.873165800569620555e-06
9.842405560577215513e-06
9.809683142143580886e-06
9.779031370023162081e-06
9.754697416853090836e-06
9.740460672577873637e-06
9.738829328503568201e-06
9.750226771351725420e-06
9.772448328169753659e-06
9.800781988651688226e-06
9.829074400571429537e-06
9.851607121607213927e-06
9.865092912826685010e-06
9.869798650242239468e-06
9.869090286538133376e-06
9.867524139019067953e-06
9.868474073636330869e-06
9.872578523606058269e-06
9.877782692531294643e-06
9.880776783365974637e-06
9.878845627775857398e-06
9.871041890956782304e-06
9.858172240868726311e-06
9.841890199111456275e-06
9.823670614599847541e-06
9.804334319234613690e-06
9.784260829181879747e-06
9.763899542671293993e-06
9.744036025951783746e-06
9.725551613130699116e-06
9.708868601765338570e-06
9.693532857204639449e-06
9.678269349839384910e-06
9.661484643807505349e-06
9.641889231820662660e-06
9.618885462981719998e-06
9.592580580648348378e-06
9.563533557159791567e-06
9.532449378747847682e-06
9.499970882322828538e-06
9.466589276732809477e-06
9.432613614855335304e-06
9.398145005012890522e-06
9.363056410524653306e-06
9.327023950845071720e-06
9.289653655550597134e-06
9.250696336577654078e-06
9.210268405689643416e-06
9.168943683009898174e-06
9.127600640480155303e-06
9.087021186154137098e-06
9.047395682389083933e-06
9.007992428947132803e-06
8.967209172336912555e-06
8.923041661059951494e-06
8.873785447774836836e-06
8.818667173282495846e-06
8.758147863204686923e-06
8.693811993031420134e-06
8.627941742368182377e-06
8.562975495752160759e-06
8.501031686988257444e-06
8.443587079551881952e-06
8.391310788521626801e-06
8.344027652238780287e-06
8.300812683381465263e-06
8.260245664641467124e-06
8.220824343509024477e-06
8.181445705429495063e-06
8.141784386427525084e-06
8.102405343091583881e-06
8.064561709739632297e-06
8.029777911494867770e-06
7.999399302389041623e-06
7.974253953539868492e-06
7.954464433709545814e-06
7.939362910408943362e-06
7.927465199204487712e-06
7.916531057991149501e-06
7.903800886930867681e-06
7.886479930084447113e-06
7.862429857932371185e-06
7.830886338638110632e-06
7.792941790531377372e-06
7.751574427812598641e-06
7.711156221985666275e-06
7.676558597557465375e-06
7.652104144021649071e-06
7.640633469311739807e-06
7.642886191303188359e-06
7.657300731820920346e-06
7.680274409947829652e-06
7.706886793745676680e-06
7.732017871921011078e-06
7.751650601040366726e-06
7.763982895840201636e-06
7.769911571402070101e-06
7.772598784820451101e-06
7.776180421155318948e-06
7.784072531055460464e-06
7.797560272527426648e-06
7.815267129167228057e-06
7.833719601750995835e-06
7.848728256474972803e-06
7.856949958758673291e-06
7.856954157565247055e-06
7.849393603482318724e-06
7.836317830727925217e-06
7.820041369514064422e-06
7.802119888788908226e-06
7.782858657994258189e-06
7.761470958272755657e-06
7.736684785618926284e-06
7.707421734165147240e-06
7.673214337739962359e-06
7.634236183942349742e-06
7.591051202387110847e-06
7.544306192590118047e-06
7.494548874168716295e-06
7.442218351473930022e-06
7.387737233900118486e-06
7.331603715055216657e-06
7.274426221860393522e-06
7.216902716545907225e-06
7.159773284515688597e-06
7.103765529336398570e-06
7.049535974282107142e-06
6.997610296112430712e-06
6.948338210994045195e-06
6.901886527197344998e-06
6.858284046054153343e-06
6.817509753572071299e-06
6.779595944979499547e-06
6.744711089947313895e-06
6.713193165504787626e-06
6.685516270901845854e-06
6.662186794862794205e-06
6.643581005762481942e-06
6.629756356825827589e-06
6.620291146178272297e-06
6.614219363915552158e-06
6.610114106072578614e-06
6.606327813704465184e-06
6.601334268741561267e-06
6.594065910010012252e-06
6.584130872105118016e-06
6.571837369228554737e-06
6.558029446654184744e-06
6.543808662649051920e-06
6.530245343767318267e-06
6.518160558997441416e-06
6.508006988467416213e-06
6.499830640013273200e-06
6.493283012875775258e-06
6.487673087138570401e-06
6.482072830147867458e-06
6.475488751982850068e-06
6.467078845956549764e-06
6.456352774569782683e-06
6.443278687711541641e-06
6.428250065098997350e-06
6.411924928489221006e-06
6.395000791090799160e-06
6.378001789596624803e-06
6.361127755321243129e-06
6.344173406822107790e-06
6.326500349332245081e-06
6.307049920268414319e-06
6.284411249617963013e-06
6.256980214320370721e-06
6.223236886931161271e-06
6.182124969931344818e-06
6.133453729021852591e-06
6.078194851140452199e-06
6.018545952114633089e-06
5.957690810632454151e-06
5.899284829435894506e-06
5.846790521946975526e-06
5.802838772229531727e-06
5.768777107038007856e-06
5.744499470580081830e-06
5.728568551300638716e-06
5.718575655689953301e-06
5.711648536138150616e-06
5.705007927107349641e-06
5.696475733209552952e-06
5.684846422548716650e-06
5.670052850472317425e-06
5.653094185298306905e-06
5.635743527819304604e-06
5.620102529189487148e-06
5.608103699632989107e-06
5.601069101253078279e-06
5.599417868141542737e-06
5.602581559024555554e-06
5.609142781660003284e-06
5.617164301499908865e-06
5.624630028742750046e-06
5.629887372505347922e-06
5.631975765296767840e-06
5.630756028334094035e-06
5.626813950936926919e-06
5.621180001452348890e-06
5.614960920046204095e-06
5.608999004173296363e-06
5.603655622508033825e-06
5.598766170236647846e-06
5.593753732869178627e-06
5.587839892090273773e-06
5.580269528215441309e-06
5.570477031000301199e-06
5.558156158329993013e-06
5.543238003722386576e-06
5.525813135707825197e-06
5.506044102118224187e-06
5.484103647378287383e-06
5.460152031288584968e-06
5.434346365642690646e-06
5.406864410873630761e-06
5.377925973483754795e-06
5.347802272577063694e-06
5.316811294544201050e-06
5.285301573826936794e-06
5.253628036659787457e-06
5.222123629389214604e-06
5.191071136364361023e-06
5.160680783637885108e-06
5.131079526145348676e-06
5.102316127139413997e-06
5.074382385639441282e-06
5.047246547476413796e-06
5.020891737723316649e-06
4.995351183586413731e-06
4.970733017446041119e-06
4.947229772946382120e-06
4.925110371962308312e-06
4.904694842026421872e-06
4.886314120692785383e-06
4.870259395716961686e-06
4.856727780092382489e-06
4.845773534107401417e-06
4.837275615037922932e-06
4.830931691464985156e-06
4.826284821999853527e-06
4.822781855782420159e-06
4.819853993876177322e-06
4.817002830782051223e-06
4.813872585720790898e-06
4.810292679645779341e-06
4.806283410654552972e-06
4.802028049828889856e-06
4.797823086628632419e-06
4.794021479907416928e-06
4.790981015050216997e-06
4.789023444638015005e-06
4.788403823444626832e-06
4.789286658262639215e-06
4.791727170369087293e-06
4.795660244572120657e-06
4.800902982808751373e-06
4.807176191351921897e-06
4.814145033684605466e-06
4.821471748358495606e-06
4.828867556487522614e-06
4.836129767755790813e-06
4.843154294186515880e-06
4.849921287813194581e-06
4.856459025276690005e-06
4.862795600908749013e-06
4.868908507950843325e-06
4.874679893266945723e-06
4.879862387677096644e-06
4.884058858154535239e-06
4.886719815615601242e-06
4.887163606646537595e-06
4.884624989010839176e-06
4.878335305033031753e-06
4.867631314808505310e-06
4.852080652663771656e-06
4.831602443619949457e-06
4.806555574840453890e-06
4.777767910989426890e-06
4.746488950073195654e-06
4.714264638048893030e-06
4.682751928110390819e-06
4.653506250507830146e-06
4.627782161645973539e-06
4.606383824496080344e-06
4.589589287078332614e-06
4.577155465144201118e-06
4.568394848513439302e-06
4.562304255939672312e-06
4.557721664396165170e-06
4.553487887711624888e-06
4.548593236467524475e-06
4.542293296312542389e-06
4.534182015649566080e-06
4.524214911003473058e-06
4.512681108741464355e-06
4.500130131109149138e-06
4.487266641101184667e-06
4.474831860974481626e-06
4.463492254122288454e-06
4.453753475633801224e-06
4.445911156513080351e-06
4.440041624214254503e-06
4.436027540128829392e-06
4.433607684896935599e-06
4.432437799151795624e-06
4.432150372357491598e-06
4.432404534455171625e-06
4.432921319048038930e-06
4.433503274654383568e-06
4.434039958883298370e-06
4.434502125404962683e-06
4.434927715012655881e-06
4.435402578644873030e-06
4.436038599344771536e-06
4.436951721344494790e-06
4.438242287816709910e-06
4.439979856196492623e-06
4.442194131819344709e-06
4.444872790387210285e-06
4.447965859626012774e-06
4.451395236392574717e-06
4.455067093330911928e-06
4.458884591954759761e-06
4.462758539400142091e-06
4.466614334634098443e-06
4.470394549370762448e-06
4.474057523354391217e-06
4.477573173891516690e-06
4.480917659054594189e-06
4.484068527599218901e-06
4.487001599519675003e-06
4.489690192551802550e-06
4.492106630871797080e-06
4.494225419165561995e-06
4.496027151115913648e-06
4.497502185741677630e-06
4.498653320770060402e-06
4.499497026757625108e-06
4.500063161732471743e-06
4.500393371902892996e-06
4.500538543523159835e-06
4.500555706234516949e-06
4.500504731711962376e-06
4.500445077263516262e-06
4.500432741426958190e-06
4.500517550701432082e-06
4.500740886080500567e-06
4.501133968490152939e-06
4.501716825334038424e-06
4.502498041584041577e-06
4.503475349779385084e-06
4.504637038169825795e-06
4.505964073802704478e-06
4.507432759619959685e-06
4.509017691048622504e-06
4.510694752954424323e-06
4.512443904336238417e-06
4.514251532541941069e-06
4.516112211985035987e-06
4.518029763115114589e-06
4.520017569523448171e-06
4.522098165970449342e-06
4.524302153443377393e-06
4.526666531932551125e-06
4.529232566384339880e-06
4.532043323150195571e-06
4.535141032313684016e-06
4.538564447962403429e-06
4.542346389606546890e-06
4.546511648961872313e-06
4.551075430114911407e-06
4.556042455164884741e-06
4.561406809829117875e-06
4.567152530696383522e-06
4.573254857098329456e-06
4.579681999842428466e-06
4.586397228791539098e-06
4.593361064199360361e-06
4.600533371851581800e-06
4.607875211083216260e-06
4.615350350816305548e-06
4.622926438833975730e-06
4.630575865544677111e-06
4.638276393038477681e-06
4.646011618176006322e-06
4.653771308961227303e-06
4.661551608067852612e-06
4.669355053726995711e-06
4.677190342035771676e-06
4.685071757817370043e-06
4.693018236525602875e-06
4.701052079127343882e-06
4.709197413139414411e-06
4.717478555084889185e-06
4.725918467651286287e-06
4.734537506327919113e-06
4.743352613390284965e-06
4.752377048740879583e-06
4.761620660401780182e-06
4.771090609949943289e-06
4.780792396345623303e-06
4.790730976930689586e-06
4.800911771552862308e-06
4.811341355708732141e-06
4.822027690428239555e-06
4.832979795689122938e-06
4.844206835821270068e-06
4.855716644932128175e-06
4.867513771215331514e-06
4.879597160709078928e-06
4.891957633984264006e-06
4.904575336218627585e-06
4.917417363478214592e-06
4.930435785994399686e-06
4.943566300464988610e-06
4.956727743596097598e-06
4.969822681010968071e-06
4.982739244392553408e-06
4.995354320521519834e-06
5.007538097065869879e-06
5.019159847265248242e-06
5.030094698502689868e-06
5.040230991449490650e-06
5.049477717824238502e-06
5.057771443890987127e-06
5.065082100540229015e-06
5.071417060757994434e-06
5.076823034750939338e-06
5.081385484537094729e-06
5.085225475645822188e-06
5.088494121211098212e-06
5.091365001519336719e-06
5.094025133017101027e-06
5.096665189773519469e-06
5.099469732927549301e-06
5.102608175442232275e-06
5.106227107251899650e-06
5.110444447991237129e-06
5.115345702505896300e-06
5.120982395487328078e-06
5.127372577845406827e-06
5.134503148860283629e-06
5.142333634392256422e-06
5.150801005421634398e-06
5.159825112372933954e-06
5.169314335240527512e-06
5.179171104403519404e-06
5.189297011772114448e-06
5.199597306078610925e-06
5.209984634765181657e-06
5.220381958143636472e-06
5.230724614915483676e-06
5.240961561320998480e-06
5.251055840527083519e-06
5.260984365016955947e-06
5.270737112607916544e-06
5.280315850007390975e-06
5.289732502693625854e-06
5.299007291392384500e-06
5.308166750765033528e-06
5.317241736275330055e-06
5.326265512221155624e-06
5.335271998187831929e-06
5.344294232287174721e-06
5.353363091869244173e-06
5.362506293340185127e-06
5.371747676575257664e-06
5.381106764334596228e-06
5.390598575592842722e-06
5.400233662372865504e-06
5.410018334216614798e-06
5.419955030556179957e-06
5.430042801307848447e-06
5.440277856852955785e-06
5.450654151847319652e-06
5.461163971452143830e-06
5.471798493704305567e-06
5.482548306892286660e-06
5.493403866632312680e-06
5.504355882003748148e-06
5.515395625629503312e-06
5.526515166241658188e-06
5.537707526320749274e-06
5.548966769948658891e-06
5.560288028568676879e-06
5.571667473592859973e-06
5.583102245742699191e-06
5.594590351260368631e-06
5.606130535028695685e-06
5.617722139885530136e-06
5.629364960623248322e-06
5.641059100135758577e-06
5.652804833470945623e-06
5.664602484834345299e-06
5.676452320916034405e-06
5.688354462574245793e-06
5.700308816286226072e-06
5.712315024957866152e-06
5.724372437793744892e-06
5.736480097370798157e-06
5.748636742060251132e-06
5.760840821519507887e-06
5.773090522549916629e-06
5.785383802816499972e-06
5.797718429846838371e-06
5.810092022800123983e-06
5.822502095038853641e-06
5.834946095606549127e-06
5.847421447835823837e-06
5.859925584252950354e-06
5.872455976776682273e-06
5.885010161644216303e-06
5.897585759025946088e-06
5.910180487293125724e-06
5.922792172231130141e-06
5.935418751649909642e-06
5.948058275912784100e-06
5.960708905123991186e-06
5.973368903656634992e-06
5.986036632443859509e-06
5.998710540121553846e-06
6.011389153291089320e-06
6.024071066464938422e-06
6.036754932274791833e-06
6.049439452304357164e-06
6.062123368660846646e-06
6.074805456710561692e-06
6.087484518843242168e-06
6.100159379712500169e-06
6.112828882417684333e-06
6.125491886166030792e-06
6.138147264755167219e-06
6.150793906246093740e-06
6.163430713372886840e-06
6.176056604619357015e-06
6.188670515917701346e-06
6.201271402641328930e-06
6.213858241871384670e-06
6.226430034757532595e-06
6.238985808865497503e-06
6.251524620469498652e-06
6.264045556528319177e-06
6.276547736538240638e-06
6.289030313952553352e-06
6.301492477383812083e-06
6.313933451414111997e-06
6.326352496930185909e-06
6.338748911359674806e-06
6.351122028390612554e-06
6.363471217425613117e-06
6.375795882824131824e-06
6.388095462946798748e-06
6.400369428850047763e-06
6.412617283001109966e-06
6.424838557776000643e-06
6.437032813936548100e-06
6.449199638979840701e-06
6.461338645529041296e-06
6.473449469782659628e-06
6.485531769850625570e-06
6.497585224306768258e-06
6.509609530661846932e-06
6.521604404036440038e-06
6.533569575821654006e-06
6.545504792536419897e-06
6.557409814734163603e-06
6.569284415980436236e-06
6.581128381983103615e-06
6.592941509769895909e-06
6.604723607065620734e-06
6.616474491615662502e-06
6.628193990662074757e-06
6.639881940543533286e-06
6.651538186296234527e-06
6.663162581340006333e-06
6.674754987220782005e-06
6.686315273460451841e-06
6.697843317304316878e-06
6.709339003683057957e-06
6.720802225057563525e-06
6.732232881433141151e-06
6.743630880214175991e-06
6.754996136244143777e-06
6.766328571721094717e-06
6.777628116259093029e-06
6.788894706794203062e-06
6.800128287609274324e-06
6.811328810291013009e-06
6.822496233670959891e-06
6.833630523836295923e-06
6.844731654044692561e-06
6.855799604677045624e-06
6.866834363120419582e-06
6.877835923700254424e-06
6.888804287563381940e-06
6.899739462569763894e-06
6.910641463103701092e-06
6.921510309976821000e-06
