7.896357693050066670e-03
4.336647157939856750e-02
3.203954641885777693e-02
2.432120836822139476e-02
1.904924206924060032e-02
1.546727345816751968e-02
1.307344095239457854e-02
1.152874706956449370e-02
1.060038285427596094e-02
1.012598935174654179e-02
9.990709109870857599e-03
1.011220014964160814e-02
1.043069525433110156e-02
1.090231107343600861e-02
1.149448271550873937e-02
1.218280839923515345e-02
1.294884206841850210e-02
1.377853132266296070e-02
1.466109985114423184e-02
1.558823949275402014e-02
1.655352028595840491e-02
1.755195556888027031e-02
1.857967845071427718e-02
1.963369904052637491e-02
2.071172077151038626e-02
2.181200035189559752e-02
2.293324019787917889e-02
2.407450525014781170e-02
2.523515823995054266e-02
2.641480902141733755e-02
2.761327470687276880e-02
2.883054815727512446e-02
3.006677297803512020e-02
3.132222361248864634e-02
3.259728945430938329e-02
3.389246214676911589e-02
3.520832542283255928e-02
3.654554698142018637e-02
3.790487200317897709e-02
3.928711799214085199e-02
4.069317069384238011e-02
4.212398089038445204e-02
4.358056191187697354e-02
4.506398773432272048e-02
4.657539155809486270e-02
4.811596478026684137e-02
4.968695628920908464e-02
5.128967202196689501e-02
5.292547473460928326e-02
5.459578394350302760e-02
5.630207600173262050e-02
5.804588427993560146e-02
5.982879942495704373e-02
6.165246967307418113e-02
6.351860119733314380e-02
6.542895847084750915e-02
6.738536462986745301e-02
6.938970182211851023e-02
7.144391152739124062e-02
7.354999483870205967e-02
7.571001269359360630e-02
7.792608604631644231e-02
8.020039597279890464e-02
8.253518370144070915e-02
8.493275056393882749e-02
8.739545786151917128e-02
8.992572664316343667e-02
9.252603739365250490e-02
9.519892963051403145e-02
9.794700141025401707e-02
1.007729087455423167e-01
1.036793649363164233e-01
1.066691398190577900e-01
1.097450589397047649e-01
1.129100026568677778e-01
1.161669051830898219e-01
1.195187535728890332e-01
1.229685866671738209e-01
1.265194940043299354e-01
1.301746147087992911e-01
1.339371363683134475e-01
1.378102939110437686e-01
1.417973684938293177e-01
1.459016864122672508e-01
1.501266180428293961e-01
1.544755768262854323e-01
1.589520183005496412e-01
1.635594391896331434e-01
1.683013765537057504e-01
1.731814070032933195e-01
1.782031459784474137e-01
1.833702470912764171e-01
1.886864015275901973e-01
1.941553375005447835e-01
1.997808197462099533e-01
2.055666490478192665e-01
2.115166617722772646e-01
2.176347293992240139e-01
2.239247580197161192e-01
2.303906877783959972e-01
2.370364922299407484e-01
2.438661775777198337e-01
2.508837817599380848e-01
2.580933733462725810e-01
2.654990502060740609e-01
2.731049379078124284e-01
2.809151878085502374e-01
2.889339747919718593e-01
2.971654946139199449e-01
3.056139608155737930e-01
3.142836011663143747e-01
3.231786536011331257e-01
3.323033616210259167e-01
3.416619691292859806e-01
3.512587146818823003e-01
3.610978251362286229e-01
3.711835086894940683e-01
3.815199473051114065e-01
3.921112885343799315e-01
4.029616367486443806e-01
4.140750438066954087e-01
4.254554991913812589e-01
4.371069196590095518e-01
4.490331384547232574e-01
4.612378941565752899e-01
4.737248192203679653e-01
4.864974283062964977e-01
4.995591064770416034e-01
5.129130973648874381e-01
5.265624914127762235e-01
5.405102143007535220e-01
5.547590156748455348e-01
5.693114583000934426e-01
5.841699077630013726e-01
5.993365228510253440e-01
6.148132467377735999e-01
6.306017991022483393e-01
6.467036693086234411e-01
6.631201107695654517e-01
6.798521366108704056e-01
6.969005167482849039e-01
7.142657764782845975e-01
7.319481966738625722e-01
7.499478156632789494e-01
7.682644328549124157e-01
7.868976141542677327e-01
8.058466992003812113e-01
8.251108104281471567e-01
8.446888639408246524e-01
8.645795821533704961e-01
8.847815081426273487e-01
9.052930216151702236e-01
9.261123563782308610e-01
9.472376191740428109e-01
9.686668097138138034e-01
9.903978417247691901e-01
1.012428564803017128e+00
1.034756786846912080e+00
1.057380296830403799e+00
1.080296887664643490e+00
1.103504378888432225e+00
1.127000638924971376e+00
1.150783606643754897e+00
1.174851311972150647e+00
1.199201895311795552e+00
1.223833625529614499e+00
1.248744916312312325e+00
1.273934340695816569e+00
1.299400643607237393e+00
1.325142752285568548e+00
1.351159784478400017e+00
1.377451054344375647e+00
1.404016076024512394e+00
1.430854564879348256e+00
1.457966436422216461e+00
1.485351803011732308e+00
1.513010968397695777e+00
1.540944420244233726e+00
1.569152820781248181e+00
1.597636995760017609e+00
1.626397921910679667e+00
1.655436713118159098e+00
1.684754605548590023e+00
1.714352941970039401e+00
1.744233155519744782e+00
1.774396753174131147e+00
1.804845299178355900e+00
1.835580398688162695e+00
1.866603681868980624e+00
1.897916788685188649e+00
1.929521354596349880e+00
1.961418997357531113e+00
1.993611305097477082e+00
2.026099825821983114e+00
2.058886058461033564e+00
2.091971445547172515e+00
2.125357367580515966e+00
2.159045139103079602e+00
2.193036006472728339e+00
2.227331147295685376e+00
2.261931671447094061e+00
2.296838623582234007e+00
2.332052987017332768e+00
2.367575688838789105e+00
2.403407606083987957e+00
2.439549572825053581e+00
2.476002387979780117e+00
2.512766823671234384e+00
2.549843633958483125e+00
2.587233563766060840e+00
2.624937357848072583e+00
2.662955769633774228e+00
2.701289569814951275e+00
2.739939554550317791e+00
2.778906553178054128e+00
2.818191435344421514e+00
2.857795117472453406e+00
2.897718568510945225e+00
2.937962814919145682e+00
2.978528944855999949e+00
3.019418111556072315e+00
3.060631535884302146e+00
3.102170508071999233e+00
3.144036388643793867e+00
3.186230608552063082e+00
3.228754668540205763e+00
3.271610137760648129e+00
3.314798651676591490e+00
3.358321909279433637e+00
3.402181669656309637e+00
3.446379747944658511e+00
3.490918010713307762e+00
3.535798370812309077e+00
3.581022781737028815e+00
3.626593231555279573e+00
3.672511736450306596e+00
3.718780333936045679e+00
3.765401075805655307e+00
3.812376020877457972e+00
3.859707227606897995e+00
3.907396746635452445e+00
3.955446613350180218e+00
4.003858840528922158e+00
4.052635411146378708e+00
4.101778271415609467e+00
4.151289324137329650e+00
4.201170422425628104e+00
4.251423363874526906e+00
4.302049885223197201e+00
4.353051657571110233e+00
4.404430282186003964e+00
4.456187286938866343e+00
4.508324123391246552e+00
4.560842164550106936e+00
4.613742703296576764e+00
4.667026951485717667e+00
4.720696039705720715e+00
4.774751017677424159e+00
4.829192855268200191e+00
4.884022444088617299e+00
4.939240599635624562e+00
4.994848063942962213e+00
5.050845508696690800e+00
5.107233538773130910e+00
5.164012696155371174e+00
5.221183464185094714e+00
5.278746272107002646e+00
5.336701499864023646e+00
5.395049483102464905e+00
5.453790518347274130e+00
5.512924868308509474e+00
5.572452767280730690e+00
5.632374426597245076e+00
5.692690040101960669e+00
5.753399789601655101e+00
5.814503850261268703e+00
5.876002395905902453e+00
5.937895604192814147e+00
6.000183661617997544e+00
6.062866768322224154e+00
6.125945142662954090e+00
6.189419025519257822e+00
6.253288684298725641e+00
6.317554416616552260e+00
6.382216553618447641e+00
6.447275462920509348e+00
6.512731551140564790e+00
6.578585265996396814e+00
6.644837097948017579e+00
6.711487581361538446e+00
6.778537295174255739e+00
6.845986863041231274e+00
6.913836952946213366e+00
6.982088276261113613e+00
7.050741586242446068e+00
7.119797675955239491e+00
7.189257375620954349e+00
7.259121549389671912e+00
7.329391091544135151e+00
7.400066922149185267e+00
7.471149982167927028e+00
7.542641228073200033e+00
7.614541625991694929e+00
7.686852145425202565e+00
7.759573752601819585e+00
7.832707403516717903e+00
7.906254036729030155e+00
7.980214565986209152e+00
8.054589872752464075e+00
8.129380798720100998e+00
8.204588138384753648e+00
8.280212631765200726e+00
8.356254957347223566e+00
8.432715725327719625e+00
8.509595471230413821e+00
8.586894649959022630e+00
8.664613630345863626e+00
8.742752690245259473e+00
8.821312012211775411e+00
8.900291679792768917e+00
8.979691674453475159e+00
9.059511873141413929e+00
9.139752046485391190e+00
9.220411857612111461e+00
9.301490861551634737e+00
9.382988505192342288e+00
9.464904127733392514e+00
9.547236961574162351e+00
9.629986133568507967e+00
9.713150666564160929e+00
9.796729481139644591e+00
9.880721397443481990e+00
9.965125137036650926e+00
1.004993932463512962e+01
1.013516248964721278e+01
1.022079306740205595e+01
1.030682939996701997e+01
1.039326973645756880e+01
1.048011223275129566e+01
1.056735495052756768e+01
1.065499585556886863e+01
1.074303281527455312e+01
1.083146359535877146e+01
1.092028585572350075e+01
1.100949714552299419e+01
1.109909489746009470e+01
1.118907642138143643e+01
1.127943889726544135e+01
1.137017936772374682e+01
1.146129473016141276e+01
1.155278172876555054e+01
1.164463694651202808e+01
1.173685679739783261e+01
1.182943751911933283e+01
1.192237516642441975e+01
1.201566560537029460e+01
1.210930450871481945e+01
1.220328735266195430e+01
1.229760941516693507e+01
1.239226577598803480e+01
1.248725131864729399e+01
1.258256073443418543e+01
1.267818852855478085e+01
1.277412902849371790e+01
1.287037639462161742e+01
1.296692463304255050e+01
1.306376761064037950e+01
1.316089907224842648e+01
1.325831265983219964e+01
1.335600193354591880e+01
1.345396039449567382e+01
1.355218150901885998e+01
1.365065873427082721e+01
1.374938554489407316e+01
1.384835546053513511e+01
1.394756207396867254e+01
1.404699907958514871e+01
1.414666030200241487e+01
1.424653972456680684e+01
1.434663151751860433e+01
1.444693006561075421e+01
1.454742999498493639e+01
1.464812619912754599e+01
1.474901386374819268e+01
1.485008849044499080e+01
1.495134591904384536e+01
1.505278234852116093e+01
1.515439435644274013e+01
1.525617891687199190e+01
1.535813341672184151e+01
1.546025567054146777e+01
1.556254393374420708e+01
1.566499691429432772e+01
1.576761378287883275e+01
1.587039418159317705e+01
1.597333823117048901e+01
1.607644653677850144e+01
1.617972019239963544e+01
1.628316078379853238e+01
1.638677039006264735e+01
1.649055158368652840e+01
1.659450742914654597e+01
1.669864147989320813e+01
1.680295777366637822e+01
1.690746082601712175e+01
1.701215562190305519e+01
1.711704760520899171e+01
1.722214266603609190e+01
1.732744712559765787e+01
1.743296771856762106e+01
1.753871157273632875e+01
1.764468618585415172e+01
1.775089939957187113e+01
1.785735937042986521e+01
1.796407453789693776e+01
1.807105358951762852e+01
1.817830542329060250e+01
1.828583910747033059e+01
1.839366383805101890e+01
1.850178889426418394e+01
1.861022359248208247e+01
1.871897723897815169e+01
1.882805908204167622e+01
1.893747826397748923e+01
1.904724377354057552e+01
1.915736439935978908e+01
1.926784868488848090e+01
1.937870488539234870e+01
1.948994092743774331e+01
1.960156437128364004e+01
1.971358237651170597e+01
1.982600167114515344e+01
1.993882852442439102e+01
2.005206872331512002e+01
2.016572755273573492e+01
2.027980977940071483e+01
2.039431963909333589e+01
2.050926082710004650e+01
2.062463649146806333e+01
2.074044922868283791e+01
2.085670108130798184e+01
2.097339353708714071e+01
2.109052752897634520e+01
2.120810343555697841e+01
2.132612108127921147e+01
2.144457973599944722e+01
2.156347811331008657e+01
2.168281436721461830e+01
2.180258608677255339e+01
2.192279028843802280e+01
2.204342340592600280e+01
2.216448127757363196e+01
2.228595913130854456e+01
2.240785156748773232e+01
2.253015254002783507e+01
2.265285533639846349e+01
2.277595255719171519e+01
2.289943609610319086e+01
2.302329712125877137e+01
2.314752605888863712e+01
2.327211258038336794e+01
2.339704559376383841e+01
2.352231324055300732e+01
2.364790289895958963e+01
2.377380119416835669e+01
2.389999401639029841e+01
2.402646654715579189e+01
2.415320329415012424e+01
2.428018813469340387e+01
2.440740436776948030e+01
2.453483477430919635e+01
2.466246168524700266e+01
2.479026705669655328e+01
2.491823255143249938e+01
2.504633962573072026e+01
2.517456962050538749e+01
2.530290385559026234e+01
2.543132372594704904e+01
2.555981079854230487e+01
2.568834690861851300e+01
2.581691425409869467e+01
2.594549548689840535e+01
2.607407379998493369e+01
2.620263300911623716e+01
2.633115762830633955e+01
2.645963293820978635e+01
2.658804504677857139e+01
2.671638094172936206e+01
2.684462853454978060e+01
2.697277669597589878e+01
2.710081528306718468e+01
2.722873515819535939e+01
2.735652820043216948e+01
2.748418730996419868e+01
2.761170640627572936e+01
2.773908042091008852e+01
2.786630528565767406e+01
2.799337791700436640e+01
2.812029619762583721e+01
2.824705895562340885e+01
2.837366594207472659e+01
2.850011780732435085e+01
2.862641607626945017e+01
2.875256312272145109e+01
2.887856214274623667e+01
2.900441712671923256e+01
2.913013282968870854e+01
2.925571473952864210e+01
2.938116904229049453e+01
2.950650258414164639e+01
2.963172282931196833e+01
2.975683781355469648e+01
2.988185609277448762e+01
3.000678668666177273e+01
3.013163901740448125e+01
3.025642284380128899e+01
3.038114819135956779e+01
3.050582527921374165e+01
3.063046444492362852e+01
3.075507606838707986e+01
3.087967049622497129e+01
3.100425796804803369e+01
3.112884854599971973e+01
3.125345204888332162e+01
3.137807799203105219e+01
3.150273553387318870e+01
3.162743342991767292e+01
3.175217999457770546e+01
3.187698307099238093e+01
3.200185000868534502e+01
3.212678764860980607e+01
3.225180231483710713e+01
3.237689981187094190e+01
3.250208542631250452e+01
3.262736393137257096e+01
3.275273959252984213e+01
3.287821617248206252e+01
3.300379693344589072e+01
3.312948463483402861e+01
3.325528152440455187e+01
3.338118932113614790e+01
3.350720918834755935e+01
3.363334169595864154e+01
3.375958677126316587e+01
3.388594363815713706e+01
3.401241074539515097e+01
3.413898568512656340e+01
3.426566510363429785e+01
3.439244460683941185e+01
3.451931866369915269e+01
3.464628051107612094e+01
3.477332206397709768e+01
3.490043383520671227e+01
3.502760486847503785e+01
3.515482268881105909e+01
3.528207327379636382e+01
3.540934104865628029e+01
3.553660890765230107e+01
3.566385826354562738e+01
3.579106912616549607e+01
3.591822021034833767e+01
3.604528907273803640e+01
3.617225227616516037e+01
3.629908557957400461e+01
3.642576415074524476e+01
3.655226279838418435e+01
3.667855621951581213e+01
3.680461925757170150e+01
3.693042716607084941e+01
3.705595587243412581e+01
3.718118223623528706e+01
3.730608429611589116e+01
3.743064149970537358e+01
3.755483491120667594e+01
3.767864739184388867e+01
3.780206374912070544e+01
3.792507085179583726e+01
3.804765770859957286e+01
3.816981550996707995e+01
3.829153763336633176e+01
3.841281961410076917e+01
3.853365908468261125e+01
3.865405568693081051e+01
3.877401096178429185e+01
3.889352822238009111e+01
3.901261241618915676e+01
3.913126998192051786e+01
3.924950870650035029e+01
3.936733758673882733e+01
3.948476669936508188e+01
3.960180708201009026e+01
3.971847062652017968e+01
3.983476998479073217e+01
3.995071848618793808e+01
4.006633006468008062e+01
4.018161919307367924e+01
4.029660082131489673e+01
4.041129031569820995e+01
4.052570339602682026e+01
4.063985606826859964e+01
4.075376455102040296e+01
4.086744519502570228e+01
4.098091439603351205e+01
4.109418850230306219e+01
4.120728371896940700e+01
4.132021601217932982e+01
4.143300101632139132e+01
4.154565394776318499e+01
4.165818952826674604e+01
4.177062192072568791e+01
4.188296467910549126e+01
4.199523071358179038e+01
4.210743227095161245e+01
4.221958092953192221e+01
4.233168760704826639e+01
4.244376257945975084e+01
4.255581550830510196e+01
4.266785547392084510e+01
4.277989101173839970e+01
4.289193014872827803e+01
4.300398043688032601e+01
4.311604898034367039e+01
4.322814245250194887e+01
4.334026709888564000e+01
4.345242872148745761e+01
4.356463263987900092e+01
4.367688362463361784e+01
4.378918579904460984e+01
4.390154250607549358e+01
4.401395613890394287e+01
4.412642793528265628e+01
4.423895773816365562e+01
4.435154372745488871e+01
4.446418213022908361e+01
4.457686691898801712e+01
4.468958950951139286e+01
4.480233847123072621e+01
4.491509926385391083e+01
4.502785401406590182e+01
4.514058134554494472e+01
4.525325627431904252e+01
4.536585017972777933e+01
4.547833085906506767e+01
4.559066267146453555e+01
4.570280677386307389e+01
4.581472144898806675e+01
4.592636252234652972e+01
4.603768386213744890e+01
4.614863795292976789e+01
4.625917653084654546e+01
4.636925126497316541e+01
4.647881446684534268e+01
4.658781980735431461e+01
4.669622301842463230e+01
4.680398255561000553e+01
4.691106019755340384e+01
4.701742155927935585e+01
4.712303649866395006e+01
4.722787939922684330e+01
4.733192931751434429e+01
4.743516998961142406e+01
4.753758969837734583e+01
4.763918101040627562e+01
4.773994039893015184e+01
4.783986777534791912e+01
4.793896595723224863e+01
4.803724010405520062e+01
4.813469715315104480e+01
4.823134528740885685e+01
4.832719346288323692e+01
4.842225101914319652e+01
4.851652738816584076e+01
4.861003190948672170e+01
4.870277375083226445e+01
4.879476192531208056e+01
4.888600538916060145e+01
4.897651319862185915e+01
4.906629470135495552e+01
4.915535973699947192e+01
4.924371882332687278e+01
4.933138330854412601e+01
4.941836547634228793e+01
4.950467859755639921e+01
4.959033692996304410e+01
4.967535567486115866e+01
4.975975090472815765e+01
4.984353947959989739e+01
4.992673897035680852e+01
5.000936760458843366e+01
5.009144424545211649e+01
5.017298840660761527e+01
5.025402029804985915e+01
5.033456088983140120e+01
5.041463197468124235e+01
5.049425620760738553e+01
5.057345710147420448e+01
5.065225896237932801e+01
5.073068675683337858e+01
5.080876591298120104e+01
5.088652206866979100e+01
5.096398078813610510e+01
5.104116727475582138e+01
5.111810610841389746e+01
5.119482103220681779e+01
5.127133480474117988e+01
5.134766912244611348e+01
5.142384460283776093e+01
5.149988080661866263e+01
5.157579626583854093e+01
5.165160847872072480e+01
5.172733383019422604e+01
5.180298740098083243e+01
5.187858263688699623e+01
5.195413086272780134e+01
5.202964064062349081e+01
5.210511698858597640e+01
5.218056049065826585e+01
5.225596634291289888e+01
5.233132338924455951e+01
5.240661320644605325e+01
5.248180929941969453e+01
5.255687646482657982e+01
5.263177037564945948e+01
5.270643743081082278e+01
5.278081490390000141e+01
5.285483141378384175e+01
5.292840772775803515e+01
5.300145789500504634e+01
5.307389069441596519e+01
5.314561136623026982e+01
5.321652358156722329e+01
5.328653158815817648e+01
5.335554245530580175e+01
5.342346832748530971e+01
5.349022858565484029e+01
5.355575180993834294e+01
5.361997743844797526e+01
5.368285702584096697e+01
5.374435502226729255e+01
5.380444901833907068e+01
5.386312943337367898e+01
5.392039866022223293e+01
5.397626971758750614e+01
5.403076449648689561e+01
5.408391171803523179e+01
5.413574474189181274e+01
5.418629937610877789e+01
5.423561183818367937e+01
5.428371700333173067e+01
5.433064704998095351e+01
5.437643057593079732e+01
5.442109221433584310e+01
5.446465273042683464e+01
5.450712953223700197e+01
5.454853748652692502e+01
5.458888989958688143e+01
5.462819950597100416e+01
5.466647930968459690e+01
5.470374314331807852e+01
5.474000585040793254e+01
5.477528305176844725e+01
5.480959052215776950e+01
5.484294327171335937e+01
5.487535448785763492e+01
5.490683453799854874e+01
5.493739025225324468e+01
5.496702469191571794e+01
5.499573756074207864e+01
5.502352633495506495e+01
5.505038808274968432e+01
5.507632182919016373e+01
5.510133121605429096e+01
5.512542712799300659e+01
5.514862992378396456e+01
5.517097093569380206e+01
5.519249298290433359e+01
5.521324977726610683e+01
5.523330426136647731e+01
5.525272608259690799e+01
5.527158854284864020e+01
5.528996544601540819e+01
5.530792827867607286e+01
5.532554410055224281e+01
5.534287440175545925e+01
5.535997502570756978e+01
5.537689708804762745e+01
5.539368867080837333e+01
5.541039695992004965e+01
5.542707043586734983e+01
5.544376072520621790e+01
5.546052376897585390e+01
5.547742005126731613e+01
5.549451374279410487e+01
5.551187073536187455e+01
5.552955565995918619e+01
5.554762808216682402e+01
5.556613814479572255e+01
5.558512197354608020e+01
5.560459717546098801e+01
5.562455874486065710e+01
5.564497565394267298e+01
5.566578835442783202e+01
5.568690736175417300e+01
5.570821304149730224e+01
5.572955667219524400e+01
5.575076281859100646e+01
5.577163301016337016e+01
5.579195067583950163e+01
5.581148723191148520e+01
5.583000915394567443e+01
5.584728578624869044e+01
5.586309755970573576e+01
5.587724420962950234e+01
5.588955252142027774e+01
5.589988309615601025e+01
5.590813563282864607e+01
5.591425227793706654e+01
5.591821870027899166e+01
5.592006270545189750e+01
5.591985039840687222e+01
5.591768011285555673e+01
5.591367452716377784e+01
5.590797155067777879e+01
5.590071467083502199e+01
5.589204348950818968e+01
5.588208514938462201e+01
5.587094727048100395e+01
5.585871289909904647e+01
5.584543782842593629e+01
5.583115048511860579e+01
5.581585438683840295e+01
5.579953295950595304e+01
5.578215626589974363e+01
5.576368895802113457e+01
5.574409855545631132e+01
5.572336300911070595e+01
5.570147647249477529e+01
5.567845230271039725e+01
5.565432256872374239e+01
5.562913375418776951e+01
5.560293887864829543e+01
5.557578686612658458e+01
5.554771057525687894e+01
5.551871536136583529e+01
5.548877025829907694e+01
5.545780376126431577e+01
5.542570572475920443e+01
5.539233608847971624e+01
5.535754010096457733e+01
5.532116857365316775e+01
5.528310065352476244e+01
5.524326585251004929e+01
5.520166180334143746e+01
5.515836455598413579e+01
5.511352921595713639e+01
5.506738024481588667e+01
5.502019253399676302e+01
5.497226605740106464e+01
5.492389811672622102e+01
5.487535762035907538e+01
5.482686537322545917e+01
5.477858311963181848e+01
5.473061238420326902e+01
5.468300240404821722e+01
5.463576501987002842e+01
5.458889354784626846e+01
5.454238245919091099e+01
5.449624505109171224e+01
5.445052699457090029e+01
5.440531446545269745e+01
5.436073633359840329e+01
5.431696052398017116e+01
5.427418517022884714e+01
5.423262558719308402e+01
5.419249840472838287e+01
5.415400439928431098e+01
5.411731157700825889e+01
5.408253986558235482e+01
5.404974838623145672e+01
5.401892579763125468e+01
5.398998376690960299e+01
5.396275335452074984e+01
5.393698406146614133e+01
5.391234545404626743e+01
5.388843155294247111e+01
5.386476841586599562e+01
5.384082543986747282e+01
5.381603080200250133e+01
5.378979115573203984e+01
5.376151526420748894e+01
5.373064075124027283e+01
5.369666264067962658e+01
5.365916187191260889e+01
5.361783156429098796e+01
5.357249852344448016e+01
5.352313742933634444e+01
5.346987541089922047e+01
5.341298535542349413e+01
5.335286733183608021e+01
5.329001886822845080e+01
5.322499636459418326e+01
5.315837136764925930e+01
5.309068640606499656e+01
5.302241521165235127e+01
5.295393127180896187e+01
5.288548697688266742e+01
5.281720370381948726e+01
5.274907169292036713e+01
5.268095798327941282e+01
5.261262097924982584e+01
5.254373101114000377e+01
5.247389695183193226e+01
5.240269911160108762e+01
5.232972808771333462e+01
5.225462805960633972e+01
5.217714137696972898e+01
5.209714944227312117e+01
5.201470324584586535e+01
5.193003610497512312e+01
5.184355195695431462e+01
5.175578551670985661e+01
5.166733563438322108e+01
5.157877928755802088e+01
5.149057914650829559e+01
5.140300082524522907e+01
5.131605568390506278e+01
5.122948133777409652e+01
5.114276578825035102e+01
5.105521375949832930e+01
5.096604677190497767e+01
5.087452265404966312e+01
5.078005614347760144e+01
5.068232046042202654e+01
5.058131100314768247e+01
5.047735741187897673e+01
5.037107931981825715e+01
5.026329282707929025e+01
5.015488614657060396e+01
5.004669030486509484e+01
4.993937145255460308e+01
4.983336478290016913e+01
4.972885850157988585e+01
4.962582372496254379e+01
4.952407663307078423e+01
4.942335508963497404e+01
4.932339334417909527e+01
4.922398348942250124e+01
4.912501844449123212e+01
4.902651621681656735e+01
4.892862801749249257e+01
4.883163349080939497e+01
4.873592557781927326e+01
4.864198638015572129e+01
4.855035482145074610e+01
4.846158751920019370e+01
4.837621591381719810e+01
4.829470439342122745e+01
4.821741466674657772e+01
4.814458027333297707e+01
4.807629223460687484e+01
4.801249366931289586e+01
4.795297910491984084e+01
4.789739404454256544e+01
4.784523208772208136e+01
4.779582982274133940e+01
4.774836266764781101e+01
4.770184667624739916e+01
4.765515131995191922e+01
4.760702651770075988e+01
4.755614469167581859e+01
4.750115665086251227e+01
4.744075928825196797e+01
4.737377286057310499e+01
4.729922466949086868e+01
4.721643341660525550e+01
4.712508499562345321e+01
4.702528794977499871e+01
4.691759708517798089e+01
4.680299707058733105e+01
4.668284293015521769e+01
4.655875961537114449e+01
4.643250803791538317e+01
4.630583074649760533e+01
4.618029661941928765e+01
4.605716805189640439e+01
4.593731256847825506e+01
4.582117188161353027e+01
4.570878736189684588e+01
4.559986697690112578e+01
4.549387035481822039e+01
4.539008834217399624e+01
4.528770024297293872e+01
4.518580249520422143e+01
4.508341340969693789e+01
4.497946772090737255e+01
4.487282102651459326e+01
4.476228606427324053e+01
4.464671750232515990e+01
4.452514794702376122e+01
4.439695781254378915e+01
4.426204278687878002e+01
4.412093322419180197e+01
4.397482440847105067e+01
4.382549364213402043e+01
4.367510379023590872e+01
4.352591744477181379e+01
4.337996734366520002e+01
4.323874360809462303e+01
4.310296179083383095e+01
4.297246283657058541e+01
4.284626718815304969e+01
4.272276911951038159e+01
4.260002739703746499e+01
4.247609417826054568e+01
4.234932541261147776e+01
4.221862531537329488e+01
4.208358826697686794e+01
4.194451427007751931e+01
4.180229383854025116e+01
4.165818621261063726e+01
4.151354361080020539e+01
4.136955070693529990e+01
4.122704272709083284e+01
4.108643796615982069e+01
4.094778234209784529e+01
4.081087071049122272e+01
4.067539436477772341e+01
4.054106947728694621e+01
4.040772053400355190e+01
4.027531461633615351e+01
4.014395736994369912e+01
4.001386682470587175e+01
3.988533966450161472e+01
3.975872032118296318e+01
3.963437876137444960e+01
3.951269846792187224e+01
3.939407214465988716e+01
3.927890004384880740e+01
3.916758528759906710e+01
3.906052184150346562e+01
3.895807311425171804e+01
3.886054208608033633e+01
3.876813715890950363e+01
3.868094065934806025e+01
3.859888735771389889e+01
3.852175692645123206e+01
3.844917757019628368e+01
3.838063208066069620e+01
3.831545730271709260e+01
3.825283452718408483e+01
3.819177669477289072e+01
3.813112174975002233e+01
3.806953798979487402e+01
3.800554125679614259e+01
3.793752181972207183e+01
3.786378372947030613e+01
3.778260797624204059e+01
3.769235482427307460e+01
3.759161237810151590e+01
3.747937726179163320e+01
3.735522976843110854e+01
3.721945581416418491e+01
3.707307988643747620e+01
3.691779921441316503e+01
3.675583208016969650e+01
3.658970247145423826e+01
3.642198609131582998e+01
3.625505127850913567e+01
3.609084016605285683e+01
3.593073292401539476e+01
3.577551193681692610e+01
3.562540862847332335e+01
3.548019870240921136e+01
3.533931899345763838e+01
3.520199450583181999e+01
3.506736934814957607e+01
3.493462899096828522e+01
3.480309405385887089e+01
3.467226477375128013e+01
3.454180142393909136e+01
3.441144041166268153e+01
3.428086829468968944e+01
3.414959718824182033e+01
3.401688984134195692e+01
3.388176524872496742e+01
3.374308750522033051e+01
3.359971966937794008e+01
3.345071770568969072e+01
3.329553861063141085e+01
3.313422994417702228e+01
3.296755544066137134e+01
3.279700662724687987e+01
3.262466673407182327e+01
3.245293043099484720e+01
3.228412701817006081e+01
3.212012801619155766e+01
3.196203088059324315e+01
3.180999544651939459e+01
3.166327253110233997e+01
3.152041501796344036e+01
3.137961560550705187e+01
3.123908687043438093e+01
3.109739604687763403e+01
3.095368673202387200e+01
3.080775361975534565e+01
3.065997357883804142e+01
3.051112741725135535e+01
3.036216518376560813e+01
3.021397227811778308e+01
3.006718620906914907e+01
2.992209779664108993e+01
2.977864925833684140e+01
2.963651908141627800e+01
2.949526440198813049e+01
2.935447986139071475e+01
2.921393132972398377e+01
2.907363519703671173e+01
2.893387476426534377e+01
2.879516415933047213e+01
2.865817834643436157e+01
2.852366593211588963e+01
2.839235826993591516e+01
2.826489037607465349e+01
2.814175297575853207e+01
2.802329023011126097e+01
2.790973906611370836e+01
2.780128262527099636e+01
2.769808051030398843e+01
2.760025295346511953e+01
2.750782604443609358e+01
2.742066924172254261e+01
2.733845890139747681e+01
2.726068439863954396e+01
2.718669078518951565e+01
2.711573652843816973e+01
2.704704076775648502e+01
2.697980069427881844e+01
2.691317500888154868e+01
2.684625053525951799e+01
2.677802554648537381e+01
2.670744152979795061e+01
2.663347050992678433e+01
2.655523044096155516e+01
2.647207934533053830e+01
2.638364532372854754e+01
2.628978055169134365e+01
2.619046338595364531e+01
2.608569316127371707e+01
2.597541883857042322e+01
2.585952158306163184e+01
2.573784608203047242e+01
2.561025816914705899e+01
2.547670353599602677e+01
2.533725277014097799e+01
2.519213245473426710e+01
2.504174812244656323e+01
2.488669744654239580e+01
2.472776066173939924e+01
2.456585603730630396e+01
2.440196618200987189e+01
2.423706138219100836e+01
2.407204815824601951e+01
2.390774986845475070e+01
2.374489967302241666e+01
2.358411930922450850e+01
2.342587740740500024e+01
2.327045049461780124e+01
2.311792061873180870e+01
2.296822365201850147e+01
2.282122723966816835e+01
2.267679640530416307e+01
2.253481482744304998e+01
2.239516093416691689e+01
2.225766489729705455e+01
2.212207792427287956e+01
2.198807124423030146e+01
2.185526280856126746e+01
2.172325635183369741e+01
2.159167394284088459e+01
2.146016918722805400e+01
2.132842104005307959e+01
2.119612089279727840e+01
2.106296935439100082e+01
2.092869063035327315e+01
2.079305879884697461e+01
2.065592405585361746e+01
2.051723384619238644e+01
2.037705579168178005e+01
2.023561160385588309e+01
2.009331681990272145e+01
1.995080003380154920e+01
1.980886718563721161e+01
1.966839426640603605e+01
1.953016855267846807e+01
1.939473088620161079e+01
1.926227741554674822e+01
1.913265443509444808e+01
1.900544021113989501e+01
1.888007575197858046e+01
1.875599682875110830e+01
1.863273171205206680e+01
1.850995145703098999e+01
1.838747856210191145e+01
1.826526804774924173e+01
1.814337388132102546e+01
1.802190956827991997e+01
1.790100939254411117e+01
1.778079616101085136e+01
1.766135981141704292e+01
1.754274790338214984e+01
1.742496560300835284e+01
1.730798146315898478e+01
1.719173628962520795e+01
1.707615414177050894e+01
1.696115571786297949e+01
1.684667486090992483e+01
1.673267886015698380e+01
1.661919214000687006e+01
1.650632037547617870e+01
1.639426919751165102e+01
1.628335100362190602e+01
1.617397634381793736e+01
1.606663118493807119e+01
1.596184483612741367e+01
1.586015404618564872e+01
1.576206800189424406e+01
1.566803807264862591e+01
1.557843477441045010e+01
1.549353166471349574e+01
1.541349266540138174e+01
1.533835819695485192e+01
1.526802799410258160e+01
1.520224322747004919e+01
1.514057452418395933e+01
1.508242330691043520e+01
1.502704122764369465e+01
1.497356773996872903e+01
1.492108112014983945e+01
1.486865532693335012e+01
1.481541470057411125e+01
1.476057997296372015e+01
1.470350101899069095e+01
1.464367342240954351e+01
1.458073768196935305e+01
1.451446267695382453e+01
1.444471884112215498e+01
1.437144972089929063e+01
1.429465084561860344e+01
1.421436094529995309e+01
1.413066395597733838e+01
1.404369456102723213e+01
1.395363872613495637e+01
1.386072461772896958e+01
1.376520576992329126e+01
1.366734299637442795e+01
1.356739147739123119e+01
1.346559550291036089e+01
1.336218912879423115e+01
1.325739962720453313e+01
1.315145194063521394e+01
1.304457347440752990e+01
1.293699724419764330e+01
1.282895893304742430e+01
1.272068364547244812e+01
1.261236321711187358e+01
1.250413218294836604e+01
1.239605410511958539e+01
1.228812614775739576e+01
1.218030055732227623e+01
1.207251334158200073e+01
1.196470835855174997e+01
1.185684985514333256e+01
1.174892440349251821e+01
1.164093921068415582e+01
1.153292487420533341e+01
1.142494670662132883e+01
1.131712207782761048e+01
1.120963542441434946e+01
1.110274095348060186e+01
1.099674686282251557e+01
1.089198235044728591e+01
1.078875586528564767e+01
1.068731618670624250e+01
1.058782568182483530e+01
1.049034925644279603e+01
1.039485665296101580e+01
1.030123288169059848e+01
1.020929244221430388e+01
1.011879596157107741e+01
1.002947035327768432e+01
9.941033835502071980e+00
9.853225141692888656e+00
9.765833356460005277e+00
9.678722574652054433e+00
9.591844964853715183e+00
9.505237107877855252e+00
9.418997637997104988e+00
9.333248934382631035e+00
9.248090943082283744e+00
9.163559315517970205e+00
9.079600742948002789e+00
8.996074403216400839e+00
8.912780638254691468e+00
8.829509207146756466e+00
8.746093248257718500e+00
8.662453819186945125e+00
8.578623679448178052e+00
8.494745890834833446e+00
8.411050028816287494e+00
8.327813996666590057e+00
8.245321524419367165e+00
8.163824585938639800e+00
8.083517137107248729e+00
8.004522945503277143e+00
7.926896845026545790e+00
7.850636163164853798e+00
7.775697659188533173e+00
7.702015141979046575e+00
7.629513852547559871e+00
7.558119349731689418e+00
7.487760537612743406e+00
7.418368105055509254e+00
7.349870622587157953e+00
7.282190708147109781e+00
7.215243135274644892e+00
7.148935800780355621e+00
7.083173440172620516e+00
7.017863171292545665e+00
6.952920528360164276e+00
6.888274645195142654e+00
6.823871567407946870e+00
6.759675169967747088e+00
6.695665682611928737e+00
6.631836278107601679e+00
6.568188504098550595e+00
6.504727514890713991e+00
6.441458069613970494e+00
6.378382097113828308e+00
6.315498298314627945e+00
6.252803820410705704e+00
6.190297593526540965e+00
6.127984580105031220e+00
6.065880028241302568e+00
6.004012860995477929e+00
5.942427539654286939e+00
5.881184050583925682e+00
5.820356023104580778e+00
5.760027333110274483e+00
5.700287820417498708e+00
5.641228877026989608e+00
5.582939596931798754e+00
5.525503919573967693e+00
5.468998827215703074e+00
5.413493304258399696e+00
5.359047565538645586e+00
5.305712081240026023e+00
5.253526146898291671e+00
5.202516068618166400e+00
5.152693325559673632e+00
5.104053226338852944e+00
5.056574544924639980e+00
5.010220424041072818e+00
4.964940539726916846e+00
4.920674220117364328e+00
4.877353986437480415e+00
4.834908887185475734e+00
4.793267043145607254e+00
4.752356993156655385e+00
4.712107686678212559e+00
4.672447255409021061e+00
4.633300957369378636e+00
4.594588874585539884e+00
4.556224024489077706e+00
4.518111498207498578e+00
4.480149070809067879e+00
4.442229467017607902e+00
4.404244158455042246e+00
4.366088274046248330e+00
4.327665981941760442e+00
4.288895593439216114e+00
4.249713667483054458e+00
4.210077551353654357e+00
4.169966047081554272e+00
4.129378194494185195e+00
4.088330453925355989e+00
4.046852801125981003e+00
4.004984373360062300e+00
3.962769309112326166e+00
3.920253309218483029e+00
3.877481244165433605e+00
3.834495889284706749e+00
3.791337642973133804e+00
3.748044923266616646e+00
3.704654876136050490e+00
3.661204068185944127e+00
3.617728952284859467e+00
3.574266042261936338e+00
3.530851861791031610e+00
3.487522803241293268e+00
3.444315028095115583e+00
3.401264472692188789e+00
3.358406925194916237e+00
3.315778054913935069e+00
3.273413240061601837e+00
3.231347071391420300e+00
3.189612498253007189e+00
3.148239699691980142e+00
3.107254865354036610e+00
3.066679122730679996e+00
3.026527829823928872e+00
2.986810370395345249e+00
2.947530468633281941e+00
2.908686918844927582e+00
2.870274539544457326e+00
2.832285132686618301e+00
2.794708260989971382e+00
2.757531734019963654e+00
2.720741790088951451e+00
2.684323047409169494e+00
2.648258352767228985e+00
2.612528670103757555e+00
2.577113128372150008e+00
2.541989300622621073e+00
2.507133730531068583e+00
2.472522672699819513e+00
2.438132977762586862e+00
2.403943035289228369e+00
2.369933684704606414e+00
2.336089012710175439e+00
2.302396970872691018e+00
2.268849766236786358e+00
2.235443999438134544e+00
2.202180547803306965e+00
2.169064213968584287e+00
2.136103181546280094e+00
2.103308335726462364e+00
2.070692516053925569e+00
2.038269769622268246e+00
2.006054665753973953e+00
1.974061719565246342e+00
1.942304954324037825e+00
1.910797614143030509e+00
1.879552021830400266e+00
1.848579563336187892e+00
1.817890770943233258e+00
1.787495472181095169e+00
1.757402969968052009e+00
1.727622221129275104e+00
1.698161984619991127e+00
1.669030916970021039e+00
1.640237600129911932e+00
1.611790495441899118e+00
1.583697826181693413e+00
1.555967399241328097e+00
1.528606383268604318e+00
1.501621065277912503e+00
1.475016609948763824e+00
1.448796845378813813e+00
1.422964096123530364e+00
1.397519079392646191e+00
1.372460873957141780e+00
1.347786964432084345e+00
1.323493356920100394e+00
1.299574756205076120e+00
1.276024790280811949e+00
1.252836265277097461e+00
1.230001432886309143e+00
1.207512253085315512e+00
1.185360637031116937e+00
1.163538658125114589e+00
1.142038722983985677e+00
1.120853698013333455e+00
1.099976991079087973e+00
1.079402591097975428e+00
1.059125070994625162e+00
1.039139561263982880e+00
1.019441702294977103e+00
1.000027583702534084e+00
9.808936782997029757e-01
9.620367771894923203e-01
9.434539309612696156e-01
9.251424003350393610e-01
9.070996179834222017e-01
8.893231618158855545e-01
8.718107388283810044e-01
8.545601777561401269e-01
8.375694282288989045e-01
8.208365638968790901e-01
8.043597870311479658e-01
7.881374323509009461e-01
7.721679682364706032e-01
7.564499939953350793e-01
7.409822324074410993e-01
7.257635173387940730e-01
7.107927767349956349e-01
6.960690117500943908e-01
6.815912730976810829e-01
6.673586359052614547e-01
6.533701743974726917e-01
6.396249376312850288e-01
6.261219272776350486e-01
6.128600781247116602e-01
5.998382416164071973e-01
5.870551723869815719e-01
5.745095174574973429e-01
5.621998075573230169e-01
5.501244499434859714e-01
5.382817221117727202e-01
5.266697659088603878e-01
5.152865817351175437e-01
5.041300227378042731e-01
4.931977891007351955e-01
4.824874227112207481e-01
4.719963026105045145e-01
4.617216417017906971e-01
4.516604852013598737e-01
4.418097112803027193e-01
4.321660342677104971e-01
4.227260106824157759e-01
4.134860482403953097e-01
4.044424178579507645e-01
3.955912685442489751e-01
3.869286449569451225e-01
3.784505072861884534e-01
3.701527530401373944e-01
3.620312402326016921e-01
3.540818114240054104e-01
3.463003180423160909e-01
3.386826444118326562e-01
3.312247309437086895e-01
3.239225959904405983e-01
3.167723559333432415e-01
3.097702431521824895e-01
3.029126216142600803e-01
2.961959999105888697e-01
2.896170416543009107e-01
2.831725732368904902e-01
2.768595890080177147e-01
2.706752540025645914e-01
2.646169043836523738e-01
2.586820458025606007e-01
2.528683498970981658e-01
2.471736491604248354e-01
2.415959304145053888e-01
2.361333271181171589e-01
2.307841107305496076e-01
2.255466813401171833e-01
2.204195577528379468e-01
2.154013672218751951e-01
2.104908349832132763e-01
2.056867737480399805e-01
2.009880732874717302e-01
1.963936902307450993e-01
1.919026381837325157e-01
1.875139782606358718e-01
1.832268101078754485e-01
1.790402634855476904e-01
1.749534904584529316e-01
1.709656582355773558e-01
1.670759426842878537e-01
1.632835225333936768e-01
1.595875742678903308e-01
1.559872677077334957e-01
1.524817622535179495e-01
1.490702037736632013e-01
1.457517221006035535e-01
1.425254290976833149e-01
1.393904172539739694e-01
1.363457587609973320e-01
1.333905050233382406e-01
1.305236865543107361e-01
1.277443132080241239e-01
1.250513747003233200e-01
1.224438413730062208e-01
1.199206651582870181e-01
1.174807807035508633e-01
1.151231066199263353e-01
1.128465468218863010e-01
1.106499919289408301e-01
1.085323207043246141e-01
1.064924015093748760e-01
1.045290937559109901e-01
1.026412493423371070e-01
1.008277140623455859e-01
9.908732897791951155e-02
9.741893175086772938e-02
9.582135792930863982e-02
9.429344218736264438e-02
9.283401951784242545e-02
9.144192637895873221e-02
9.011600179697484836e-02
8.885508842742169400e-02
8.765803357793348904e-02
8.652369019598672717e-02
8.545091782490141230e-02
8.443858353140024087e-02
8.348556280782871986e-02
8.259074045187354829e-02
8.175301142630354845e-02
8.097128170088956078e-02
8.024446907826708608e-02
7.957150400515655697e-02
