2.590543242796175191e-02
2.839369965381732808e-01
2.112049498129160430e-01
1.602384683027984480e-01
1.238912293310399093e-01
9.755173267823885608e-02
7.818758940132984614e-02
6.376907690648703220e-02
5.291465366112488994e-02
4.466893851492796663e-02
3.836123379601808631e-02
3.351389697961253133e-02
2.978208370114785244e-02
2.691354695099405087e-02
2.472144965366735933e-02
2.306573931329673754e-02
2.184023043306908621e-02
2.096353946549530181e-02
2.037265091791590210e-02
2.001830079102920323e-02
1.986162886773144148e-02
1.987172616677705672e-02
2.002382031427117626e-02
2.029791997144941851e-02
2.067779275765956049e-02
2.115018770019483352e-02
2.170423859782046050e-02
2.233100241092179222e-02
2.302309929142885153e-02
2.377442975534059533e-02
2.457995087493428793e-02
2.543549797534825838e-02
2.633764167720296229e-02
2.728357259172018920e-02
2.827100779827428426e-02
2.929811459336274446e-02
3.036344802023280623e-02
3.146589945973438107e-02
3.260465415010582041e-02
3.377915595332398740e-02
3.498907803262821248e-02
3.623429837510347418e-02
3.751487930342344013e-02
3.883105028591422869e-02
4.018319348442645628e-02
4.157183158294793651e-02
4.299761752242266949e-02
4.446132583340286354e-02
4.596384531145641938e-02
4.750617282336570824e-02
4.908940806719052502e-02
5.071474913784318472e-02
5.238348877323824315e-02
5.409701117533011888e-02
5.585678931623673515e-02
5.766438265280502545e-02
5.952143518392762761e-02
6.142967379404664502e-02
6.339090683394561776e-02
6.540702289637237432e-02
6.747998974949333262e-02
6.961185339581847653e-02
7.180473722820403248e-02
7.406084125796794093e-02
7.638244139310451652e-02
7.877188874720982004e-02
8.123160896199596581e-02
8.376410152834286305e-02
8.637193909265791780e-02
8.905776673698974355e-02
9.182430122287218999e-02
9.467433019027254870e-02
9.761071130431633880e-02
1.006363713436743967e-01
1.037543052255999049e-01
1.069675749636364720e-01
1.102793085549700347e-01
1.136926987952455170e-01
1.172110020194385704e-01
1.208375367680490919e-01
1.245756823784524431e-01
1.284288775017027040e-01
1.324006185454487394e-01
1.364944580438429700e-01
1.407140029554490301e-01
1.450629128901346765e-01
1.495448982658068859e-01
1.541637183955617829e-01
1.589231795054654173e-01
1.638271326826094276e-01
1.688794717525000100e-01
1.740841310840423872e-01
1.794450833195448125e-01
1.849663370261610540e-01
1.906519342641587456e-01
1.965059480662277869e-01
2.025324798208261723e-01
2.087356565512705486e-01
2.151196280809614114e-01
2.216885640737630558e-01
2.284466509372249376e-01
2.353980885749569207e-01
2.425470869732296864e-01
2.498978626056211627e-01
2.574546346384831708e-01
2.652216209190555452e-01
2.732030337273675946e-01
2.814030752725977802e-01
2.898259329144564633e-01
2.984757740903846712e-01
3.073567409300552722e-01
3.164729445398538621e-01
3.258284589417204113e-01
3.354273146531203675e-01
3.452734918978774270e-01
3.553709134413205462e-01
3.657234370476308838e-01
3.763348475624157530e-01
3.872088486294844589e-01
3.983490540574214367e-01
4.097589788588643644e-01
4.214420299934155123e-01
4.334014968535375711e-01
4.456405415418627225e-01
4.581621889975458495e-01
4.709693170388730143e-01
4.840646463987750003e-01
4.974507308393343874e-01
5.111299474403362408e-01
5.251044871653701707e-01
5.393763458167083469e-01
5.539473154967560209e-01
5.688189766994043994e-01
5.839926911584714109e-01
5.994695955827411549e-01
6.152505964075293265e-01
6.313363656909107835e-01
6.477273382789127121e-01
6.644237103575965087e-01
6.814254395012330212e-01
6.987322463144214346e-01
7.163436177522671811e-01
7.342588121864398465e-01
7.524768662663431362e-01
7.709966036039103132e-01
7.898166452878315758e-01
8.089354222088378510e-01
8.283511891521552206e-01
8.480620405869943035e-01
8.680659280563346458e-01
8.883606790439152467e-01
9.089440171696233639e-01
9.298135835400896942e-01
9.509669590587218613e-01
9.724016874789955800e-01
9.941152989675509088e-01
1.016105333928939203e+00
1.038369366833523655e+00
1.060905029782712283e+00
1.083710035542970296e+00
1.106782199781147336e+00
1.130119462238984962e+00
1.153719906594107725e+00
1.177581778768130194e+00
1.201703503459820022e+00
1.226083698701864622e+00
1.250721188263954176e+00
1.275615011751951133e+00
1.300764432282569105e+00
1.326168941645075483e+00
1.351828262895611088e+00
1.377742350365109170e+00
1.403911387098598862e+00
1.430335779780877115e+00
1.457016151240958957e+00
1.483953330664514292e+00
1.511148341679444673e+00
1.538602388513401253e+00
1.566316840453597869e+00
1.594293214867116504e+00
1.622533159063765273e+00
1.651038431302450649e+00
1.679810881255462407e+00
1.708852430252136623e+00
1.738165051624019908e+00
1.767750751467385806e+00
1.797611550125585600e+00
1.827749464673923185e+00
1.858166492663213543e+00
1.888864597346394669e+00
1.919845694575716966e+00
1.951111641517475181e+00
1.982664227288619241e+00
2.014505165575362966e+00
2.046636089250445156e+00
2.079058546963646226e+00
2.111774001641193887e+00
2.144783830794987356e+00
2.178089328512535339e+00
2.211691708974850012e+00
2.245592111331356833e+00
2.279791605749705852e+00
2.314291200452836428e+00
2.349091849556277367e+00
2.384194461524222319e+00
2.419599908072832761e+00
2.455309033362685245e+00
2.491322663337835142e+00
2.527641615086216209e+00
2.564266706113281558e+00
2.601198763437908124e+00
2.638438632435043729e+00
2.675987185363310594e+00
2.713845329527060812e+00
2.752014015031410299e+00
2.790494242094718302e+00
2.829287067887156670e+00
2.868393612865057563e+00
2.907815066571140861e+00
2.947552692869068736e+00
2.987607834578683619e+00
3.027981917476464613e+00
3.068676453624052058e+00
3.109693043987216576e+00
3.151033380309034015e+00
3.192699246203622998e+00
3.234692517442210313e+00
3.277015161410394395e+00
3.319669235724536094e+00
3.362656886006541779e+00
3.405980342828579310e+00
3.449641917852813933e+00
3.493643999205012118e+00
3.537989046134876858e+00
3.582679583028981263e+00
3.627718192853946366e+00
3.673107510118437169e+00
3.718850213450409115e+00
3.764949017892638139e+00
3.811406667023702344e+00
3.858225925012964019e+00
3.905409568718041680e+00
3.952960379930213097e+00
4.000881137869330750e+00
4.049174612023437092e+00
4.097843555420983108e+00
4.146890698415040433e+00
4.196318743049629596e+00
4.246130358067933486e+00
4.296328174611763195e+00
4.346914782650872944e+00
4.397892728169144227e+00
4.449264511124086496e+00
4.501032584184562424e+00
4.553199352241132480e+00
4.605767172672567078e+00
4.658738356342440490e+00
4.712115169289989858e+00
4.765899835070751323e+00
4.820094537694845194e+00
4.874701425103401320e+00
4.929722613117667684e+00
4.985160189790279972e+00
5.041016220083550436e+00
5.097292750796182048e+00
5.153991815657209763e+00
5.211115440503455432e+00
5.268665648455598038e+00
5.326644465006332041e+00
5.385053922934102566e+00
5.443896066955383084e+00
5.503172958029229456e+00
5.562886677228976673e+00
5.623039329097943018e+00
5.683633044409027946e+00
5.744669982252332829e+00
5.806152331379987430e+00
5.868082310743886865e+00
5.930462169170120923e+00
5.993294184122304635e+00
6.056580659516325404e+00
6.120323922559301799e+00
6.184526319596892918e+00
6.249190210964557401e+00
6.314317964848786602e+00
6.379911950176385460e+00
6.445974528558589434e+00
6.512508045327585648e+00
6.579514819709894269e+00
6.646997134190431922e+00
6.714957223125966657e+00
6.783397260674485452e+00
6.852319348110963659e+00
6.921725500606527248e+00
6.991617633552283273e+00
7.061997548514745482e+00
7.132866918914626986e+00
7.204227275526370988e+00
7.276079991901617028e+00
7.348426269824862800e+00
7.421267124915484459e+00
7.494603372494998084e+00
7.568435613843425003e+00
7.642764222971403676e+00
7.717589334038114757e+00
7.792910829544863915e+00
7.868728329434703461e+00
7.945041181224945959e+00
8.021848451295456428e+00
8.099148917448989238e+00
8.176941062850810127e+00
8.255223071444682148e+00
8.333992824929413956e+00
8.413247901365563663e+00
8.492985575466580173e+00
8.573202820610728025e+00
8.653896312592642914e+00
8.735062435113551516e+00
8.816697286990486049e+00
8.898796691045289364e+00
8.981356204613726746e+00
9.064371131597233955e+00
9.147836535959736892e+00
9.231747256554385217e+00
9.316097923147109938e+00
9.400882973486384131e+00
9.486096671252600032e+00
9.571733124704122631e+00
9.657786305822021689e+00
9.744250069741731579e+00
9.831118174246073593e+00
9.918384299083870204e+00
1.000604206486756276e+01
1.009408505129835021e+01
1.018250681446224526e+01
1.027130090294223130e+01
1.036046087249725467e+01
1.044998029906885151e+01
1.053985278989449981e+01
1.063007199252980683e+01
1.072063160161276762e+01
1.081152536324064073e+01
1.090274707687445499e+01
1.099429059473644443e+01
1.108614981872094951e+01
1.117831869489861418e+01
1.127079120575503524e+01
1.136356136036654618e+01
1.145662318277608627e+01
1.154997069888772465e+01
1.164359792224869139e+01
1.173749883913023773e+01
1.183166739334943252e+01
1.192609747129659148e+01
1.202078288764009351e+01
1.211571737217628630e+01
1.221089455827560677e+01
1.230630797334444892e+01
1.240195103168331947e+01
1.249781703006894595e+01
1.259389914633053387e+01
1.269019044112440220e+01
1.278668386304418192e+01
1.288337225713355139e+01
1.298024837680001653e+01
1.307730489906390225e+01
1.317453444301523824e+01
1.327192959129655669e+01
1.336948291438272918e+01
1.346718699738904590e+01
1.356503446910586952e+01
1.366301803293479367e+01
1.376113049938399868e+01
1.385936481977119605e+01
1.395771412077871432e+01
1.405617173951022991e+01
1.415473125870465942e+01
1.425338654178033515e+01
1.435213176739835639e+01
1.445096146326046416e+01
1.454987053888354254e+01
1.464885431712468744e+01
1.474790856426779762e+01
1.484702951851858899e+01
1.494621391679687328e+01
1.504545901975419575e+01
1.514476263498459296e+01
1.524412313843562927e+01
1.534353949405793571e+01
1.544301127176276545e+01
1.554253866377682769e+01
1.564212249949901334e+01
1.574176425896715692e+01
1.584146608503886000e+01
1.594123079437594548e+01
1.604106188729735649e+01
1.614096355653208192e+01
1.624094069486212888e+01
1.634099890159686908e+01
1.644114448776545956e+01
1.654138447985561555e+01
1.664172662186797780e+01
1.674217937539324552e+01
1.684275191736457700e+01
1.694345413508274945e+01
1.704429661807040475e+01
1.714529064627787136e+01
1.724644817414646880e+01
1.734778181003497366e+01
1.744930479053682504e+01
1.755103094926269591e+01
1.765297467973113399e+01
1.775515089211049613e+01
1.785757496367621400e+01
1.796026268299540618e+01
1.806323018801509050e+01
1.816649389841176898e+01
1.827007044274327896e+01
1.837397658113001242e+01
1.847822912436288689e+01
1.858284485048773149e+01
1.868784042003814605e+01
1.879323229117306582e+01
1.889903663601776884e+01
1.900526925950484625e+01
1.911194552196046814e+01
1.921908026658839219e+01
1.932668775287128682e+01
1.943478159674249639e+01
1.954337471819384220e+01
1.965247929677797245e+01
1.976210673525501704e+01
1.987226763142356845e+01
1.998297175797512182e+01
2.009422805002360235e+01
2.020604459978914491e+01
2.031842865775890772e+01
2.043138663950967171e+01
2.054492413725049360e+01
2.065904593503658049e+01
2.077375602650843334e+01
2.088905763393402282e+01
2.100495322727098468e+01
2.112144454193533960e+01
2.123853259395667692e+01
2.135621769124097469e+01
2.147449943974143238e+01
2.159337674347442615e+01
2.171284779750652660e+01
2.183291007328662658e+01
2.195356029599352254e+01
2.207479441391501496e+01
2.219660756024835635e+01
2.231899400810394241e+01
2.244194711988387425e+01
2.256545929257081440e+01
2.268952190078740117e+01
2.281412523974253403e+01
2.293925847036378229e+01
2.306490956900253053e+01
2.319106528409280443e+01
2.331771110203944986e+01
2.344483122441308254e+01
2.357240855825371639e+01
2.370042472093749097e+01
2.382886006067181128e+01
2.395769369326151121e+01
2.408690355536243999e+01
2.421646647401958674e+01
2.434635825189377201e+01
2.447655376722673992e+01
2.460702708727788135e+01
2.473775159370724808e+01
2.486870011815662096e+01
2.499984508611193590e+01
2.513115866699677881e+01
2.526261292835409478e+01
2.539417999191277531e+01
2.552583218930992359e+01
2.565754221525056522e+01
2.578928327593360592e+01
2.592102923066690678e+01
2.605275472473596210e+01
2.618443531179038786e+01
2.631604756426314751e+01
2.644756917065199531e+01
2.657897901884407688e+01
2.671025726507009779e+01
2.684138538848253219e+01
2.697234623177950397e+01
2.710312402869080373e+01
2.723370441950049781e+01
2.736407445607372324e+01
2.749422259806743440e+01
2.762413870212805733e+01
2.775381400590067926e+01
2.788324110860060401e+01
2.801241394973320098e+01
2.814132778729815954e+01
2.826997917649641323e+01
2.839836594958924465e+01
2.852648719715149284e+01
2.865434325053557529e+01
2.878193566494152478e+01
2.890926720208942413e+01
2.903634181113614687e+01
2.916316460619571060e+01
2.928974183863918768e+01
2.941608086227778429e+01
2.954219008960999915e+01
2.966807893753273362e+01
2.979375776129312925e+01
2.991923777597639145e+01
3.004453096545352864e+01
3.016964997942171678e+01
3.029460801990262198e+01
3.041941871926195518e+01
3.054409601242367600e+01
3.066865400642044293e+01
3.079310685071215659e+01
3.091746861178574690e+01
3.104175315543874802e+01
3.116597403983525894e+01
3.129014442196649526e+01
3.141427697957265508e+01
3.153838384994344679e+01
3.166247658635483120e+01
3.178656613225577843e+01
3.191066281270716587e+01
3.203477634201573920e+01
3.215891584598330155e+01
3.228308989670158979e+01
3.240730655735401200e+01
3.253157343401913693e+01
3.265589773102260551e+01
3.278028630596006110e+01
3.290474572015096300e+01
3.302928228002686950e+01
3.315390206485896130e+01
3.327861093634832201e+01
3.340341452597768779e+01
3.352831819669214042e+01
3.365332697643926707e+01
3.377844546233531275e+01
3.390367769568433687e+01
3.402902700967583627e+01
3.415449585322937764e+01
3.428008559602736227e+01
3.440579632116764941e+01
3.453162661297514546e+01
3.465757334825661928e+01
3.478363149961691647e+01
3.490979395936040675e+01
3.503605139200176666e+01
3.516239212255685942e+01
3.528880206664986474e+01
3.541526470714909181e+01
3.554176112061787762e+01
3.566827005541852458e+01
3.579476806190030658e+01
3.592122967376848663e+01
3.604762763848812313e+01
3.617393319341033475e+01
3.630011638320110023e+01
3.642614641307628887e+01
3.655199203128732677e+01
3.667762193325749820e+01
3.680300517876675315e+01
3.692811161267403719e+01
3.705291227892189454e+01
3.717737981708876305e+01
3.730148883061963971e+01
3.742521621618688954e+01
3.754854144445096864e+01
3.767144678386268453e+01
3.779391746104428051e+01
3.791594175366052610e+01
3.803751101442190219e+01
3.815861962781934125e+01
3.827926490415738670e+01
3.839944691826235612e+01
3.851916830266634406e+01
3.863843400693598085e+01
3.875725103597970644e+01
3.887562818053785918e+01
3.899357575259183761e+01
3.911110533717724280e+01
3.922822957011512557e+01
3.934496194865486984e+01
3.946131667911210883e+01
3.957730856251436791e+01
3.969295291622793087e+01
3.980826552676660413e+01
3.992326262665497438e+01
4.003796088652308072e+01
4.015237741265858773e+01
4.026652974014933761e+01
4.038043581252528469e+01
4.049411394043088563e+01
4.060758273420215403e+01
4.072086100812315124e+01
4.083396765730275035e+01
4.094692151126781710e+01
4.105974117115350452e+01
4.117244483948744005e+01
4.128505015275391088e+01
4.139757402703566669e+01
4.151003252606478355e+01
4.162244075909521257e+01
4.173481281342234439e+01
4.184716172347580709e+01
4.195949947561491200e+01
4.207183704542745062e+01
4.218418446274121436e+01
4.229655089880952801e+01
4.240894477018191111e+01
4.252137385435887040e+01
4.263384541315512166e+01
4.274636632033052308e+01
4.285894319019013921e+01
4.297158250325913542e+01
4.308429072378325486e+01
4.319707440183709934e+01
4.330994025058382846e+01
4.342289518716444974e+01
4.353594632432458411e+01
4.364910089963551343e+01
4.376236613038744849e+01
4.387574898504932719e+01
4.398925586652627828e+01
4.410289220800596155e+01
4.421666198850282115e+01
4.433056718167988208e+01
4.444460715753744040e+01
4.455877806150434850e+01
4.467307219890627579e+01
4.478747745441579298e+01
4.490197677586181868e+01
4.501654774982547735e+01
4.513116229309533622e+01
4.524578647973890355e+01
4.536038051871422283e+01
4.547489889201175117e+01
4.558929065853556750e+01
4.570349992443672704e+01
4.581746647629412195e+01
4.593112656923468506e+01
4.604441385748857840e+01
4.615726044978615050e+01
4.626959806626982896e+01
4.638135926731980874e+01
4.649247871818333522e+01
4.660289444710959117e+01
4.671254904957532261e+01
4.682139078795992049e+01
4.692937453554112182e+01
4.703646251657131216e+01
4.714262480088704876e+01
4.724783952201951109e+01
4.735209280173896929e+01
4.745537838057970248e+01
4.755769697196526380e+01
4.765905537565271288e+01
4.775946540274399865e+01
4.785894267791748291e+01
4.795750539344367525e+01
4.805517309296778450e+01
4.815196556040509535e+01
4.824790188062483054e+01
4.834299972446384430e+01
4.843727489212302828e+01
4.853074112770200088e+01
4.862341019538191489e+01
4.871529218653135729e+01
4.880639600872509476e+01
4.889672999400104914e+01
4.898630255596860650e+01
4.907512282441334150e+01
4.916320119209026274e+01
4.925054972105231599e+01
4.933718237412959695e+01
4.942311505937048821e+01
4.950836549914573936e+01
4.959295295848698970e+01
4.967689788613732560e+01
4.976022153389908453e+01
4.984294562286605412e+01
4.992509211776459210e+01
5.000668315304798028e+01
5.008774112850744586e+01
5.016828896152218675e+01
5.024835045260336130e+01
5.032795069604028271e+01
5.040711645331630564e+01
5.048587640705884638e+01
5.056426122875669193e+01
5.064230342248954031e+01
5.072003694481188063e+01
5.079749664097247575e+01
5.087471757228342994e+01
5.095173433185707523e+01
5.102858045146660260e+01
5.110528798943138185e+01
5.118188736010177564e+01
5.125840742460457733e+01
5.133487581685577794e+01
5.141131943585570951e+01
5.148776500163607039e+01
5.156423955275207049e+01
5.164077076036964087e+01
5.171738694771213574e+01
5.179411673162903185e+01
5.187098824139286535e+01
5.194802791356269722e+01
5.202525890559947186e+01
5.210269920989676962e+01
5.218035957994140261e+01
5.225824139879403418e+01
5.233633462611373943e+01
5.241461595449878530e+01
5.249304729153090676e+01
5.257157466409586277e+01
5.265012761999185642e+01
5.272861918143735238e+01
5.280694638744834180e+01
5.288499144699562038e+01
5.296262351077104569e+01
5.303970105361496934e+01
5.311607483946816188e+01
5.319159141405871338e+01
5.326609703689991449e+01
5.333944192493669334e+01
5.341148463874369412e+01
5.348209640362910733e+01
5.355116512846522880e+01
5.361859887082233200e+01
5.368432850336502327e+01
5.374830936688280758e+01
5.381052175033650542e+01
5.387097011512597788e+01
5.392968107330140981e+01
5.398670022881590569e+01
5.404208808680221665e+01
5.409591531791556207e+01
5.414825772424259753e+01
5.419919128393015484e+01
5.424878765031564853e+01
5.429711044750906979e+01
5.434421263989638362e+01
5.439013516167945994e+01
5.443490688007204881e+01
5.447854584015074408e+01
5.452106161103773019e+01
5.456245843459460332e+01
5.460273878258963975e+01
5.464190686929347862e+01
5.467997165417533978e+01
5.471694891057559573e+01
5.475286203259314988e+01
5.478774139972540524e+01
5.482162230609793596e+01
5.485454167031719663e+01
5.488653394808494568e+01
5.491762684249230375e+01
5.494783751424242979e+01
5.497717000725068459e+01
5.500561450507719741e+01
5.503314881735213504e+01
5.505974218011569121e+01
5.508536107919587010e+01
5.510997643000924029e+01
5.513357114067318321e+01
5.515614691723405372e+01
5.517772919259689957e+01
5.519836929424033656e+01
5.521814338621867790e+01
5.523714825929454264e+01
5.525549459618833481e+01
5.527329879228591381e+01
5.529067466808044173e+01
5.530772641341334861e+01
5.532454385775834282e+01
5.534120072370704690e+01
5.535775598948048071e+01
5.537425796978254056e+01
5.539075031615183065e+01
5.540727889609375723e+01
5.542389844959813416e+01
5.544067802002681589e+01
5.545770436962198602e+01
5.547508286886454698e+01
5.549293565166819775e+01
5.551139712405078797e+01
5.553060717930287638e+01
5.555070268697980396e+01
5.557180796561771530e+01
5.559402500334171293e+01
5.561742415163161013e+01
5.564203589892328949e+01
5.566784416462128604e+01
5.569478138358237373e+01
5.572272551697908938e+01
5.575149905280181173e+01
5.578087004961031425e+01
5.581055530907504902e+01
5.584022580018962145e+01
5.586951446227982387e+01
5.589802645586609486e+01
5.592535179725532402e+01
5.595108010958968947e+01
5.597481697012521096e+01
5.599620106149010468e+01
5.601492108087467159e+01
5.603073116640901929e+01
5.604346350588734538e+01
5.605303683708562090e+01
5.605945975849446938e+01
5.606282815256560781e+01
5.606331655992254781e+01
5.606116397477351398e+01
5.605665516404460647e+01
5.605009912848979070e+01
5.604180661696837262e+01
5.603206862096286045e+01
5.602113754095987019e+01
5.600921232861362853e+01
5.599642849589753979e+01
5.598285353779262152e+01
5.596848805453775100e+01
5.595327262474791752e+01
5.593710018385265670e+01
5.591983324253435939e+01
5.590132473821006442e+01
5.588144071121210033e+01
5.586008243602369561e+01
5.583720523195417229e+01
5.581283104872870382e+01
5.578705219398781878e+01
5.576002434558113663e+01
5.573194830829464763e+01
5.570304174122771457e+01
5.567350404447888934e+01
5.564347935983546023e+01
5.561302377136792074e+01
5.558208293173188963e+01
5.555048532345799117e+01
5.551795426307069192e+01
5.548413885122440803e+01
5.544866078994406422e+01
5.541117083896966022e+01
5.537140623027336517e+01
5.532923918582948630e+01
5.528470729750059576e+01
5.523801917860798483e+01
5.518953325012122946e+01
5.513971294054653782e+01
5.508906663278974492e+01
5.503808396593056784e+01
5.498718060738249847e+01
5.493666120059242530e+01
5.488670563318947870e+01
5.483737845725673310e+01
5.478865672866159997e+01
5.474046879919267639e+01
5.469273604785202991e+01
5.464541080037204068e+01
5.459850592044178796e+01
5.455211385412352598e+01
5.450641464020129945e+01
5.446167338339329689e+01
5.441822814750113224e+01
5.437646956789721031e+01
5.433681401496654928e+01
5.429967286796354387e+01
5.426542107403945892e+01
5.423436824399602330e+01
5.420673482392896858e+01
5.418263450736458253e+01
5.416206249728088551e+01
5.414488809461604291e+01
5.413084981098892712e+01
5.411955185036872251e+01
5.411046208073349106e+01
5.410291299748680416e+01
5.409610812462445040e+01
5.408913645735891151e+01
5.408099688944412264e+01
5.407063335997924014e+01
5.405698009704244100e+01
5.403901511940306079e+01
5.401581912682194542e+01
5.398663593508368308e+01
5.395092961219795313e+01
5.390843257977005720e+01
5.385917846995280200e+01
5.380351378634936310e+01
5.374208360587540767e+01
5.367578881627715504e+01
5.360571584832959502e+01
5.353304447053483273e+01
5.345894425339867695e+01
5.338447415820957787e+01
5.331050031566723391e+01
5.323764319029726977e+01
5.316625772236333347e+01
5.309644153239849373e+01
5.302806044615186920e+01
5.296077978494713534e+01
5.289409387874621871e+01
5.282735269134547451e+01
5.275979024454540678e+01
5.269056258768875978e+01
5.261880277892888103e+01
5.254369705132526036e+01
5.246458049388358091e+01
5.238104274503076141e+01
5.229302578933398138e+01
5.220088980997628880e+01
5.210542274624196324e+01
5.200777705013885566e+01
5.190933228842375513e+01
5.181150049477676589e+01
5.171550681560054841e+01
5.162218631793253820e+01
5.153183675124976304e+01
5.144415716569503871e+01
5.135828616150032389e+01
5.127293496395313355e+01
5.118659350562174382e+01
5.109777521730328687e+01
5.100525941006467434e+01
5.090828897498150951e+01
5.080668615459575221e+01
5.070086187617518902e+01
5.059171514569487726e+01
5.048044495527005893e+01
5.036832014876245012e+01
5.025646343995482113e+01
5.014569892173211230e+01
5.003649009602737152e+01
4.992896669026871592e+01
4.982301463477449488e+01
4.971839264198209207e+01
4.961484222287843693e+01
4.951217072720918111e+01
4.941030144319841355e+01
4.930929501992279285e+01
4.920935067949317698e+01
4.911079541799681181e+01
4.901406705766434868e+01
4.891969411547523805e+01
4.882827272090177928e+01
4.874043905567130963e+01
4.865683590190811003e+01
4.857807396777008080e+01
4.850469146344714488e+01
4.843711697222812518e+01
4.837563969401278285e+01
4.832038790281114160e+01
4.827131261814560048e+01
4.822817112065001055e+01
4.819050558263594297e+01
4.815761607484576956e+01
4.812853320773735533e+01
4.810200074817623772e+01
4.807647958315037329e+01
4.805018024725487891e+01
4.802112414331357826e+01
4.798722814264788639e+01
4.794640695465299984e+01
4.789669157124124155e+01
4.783636479187038759e+01
4.776411072902838129e+01
4.767916407732882078e+01
4.758143336181130678e+01
4.747156875312322910e+01
4.735095248737029294e+01
4.722160407344024691e+01
4.708600644182093475e+01
4.694687050808183670e+01
4.680686674561189164e+01
4.666836393526042315e+01
4.653322103925285802e+01
4.640266968214558574e+01
4.627730140684161597e+01
4.615714589655863165e+01
4.604180646411359135e+01
4.593061289453552831e+01
4.582275642359944356e+01
4.571738174095069240e+01
4.561362271262451173e+01
4.551058105441246227e+01
4.540726161882772516e+01
4.530249497391043434e+01
4.519489284464108891e+01
4.508288355573191808e+01
4.496485384103585403e+01
4.483938521145778822e+01
4.470553641955427793e+01
4.456310624585292857e+01
4.441281481000572029e+01
4.425635507971036020e+01
4.409628002175656292e+01
4.393570975531824985e+01
4.377787890201600618e+01
4.362559721473582641e+01
4.348074502909488359e+01
4.334393736248454587e+01
4.321444964126722965e+01
4.309041875070825967e+01
4.296925371815107297e+01
4.284814568511962563e+01
4.272456547407732330e+01
4.259666209284777949e+01
4.246350493418818672e+01
4.232513792695640120e+01
4.218244182308264101e+01
4.203683816128572914e+01
4.188990974081522012e+01
4.174303957205977866e+01
4.159716515525014557e+01
4.145270413926626674e+01
4.130964676753596621e+01
4.116775633178766469e+01
4.102679322296228293e+01
4.088668817029476799e+01
4.074762549503844866e+01
4.061003653414978487e+01
4.047452859795284041e+01
4.034178202447506578e+01
4.021244574172903441e+01
4.008705811848759737e+01
3.996601276846052286e+01
3.984957298418686378e+01
3.973791774844234936e+01
3.963119080795561899e+01
3.952953112420193804e+01
3.943308093378500701e+01
3.934198043667590383e+01
3.925635719958762593e+01
3.917630944297496143e+01
3.910187709412169710e+01
3.903299816884715057e+01
3.896945610444660701e+01
3.891082856232194587e+01
3.885644815761639137e+01
3.880538433439600254e+01
3.875645450257012925e+01
3.870826712561301264e+01
3.865928692302445313e+01
3.860789939434045692e+01
3.855245056347948918e+01
3.849125379723060547e+01
3.842258182062818150e+01
3.834468343313640304e+01
3.825586580255389180e+01
3.815465769651768113e+01
3.804002567295709980e+01
3.791157966574694882e+01
3.776970265754833633e+01
3.761557275510206466e+01
3.745108529635490413e+01
3.727869547886503199e+01
3.710119162787837865e+01
3.692141094927402634e+01
3.674194108758928223e+01
3.656488000958621143e+01
3.639170992788325520e+01
3.622328475171818951e+01
3.605988882554840558e+01
3.590133076453177097e+01
3.574706405771343043e+01
3.559633247994756289e+01
3.544832065752974870e+01
3.530228005378591405e+01
3.515761209148352151e+01
3.501390342231280783e+01
3.487090830812201148e+01
3.472847389415367303e+01
3.458642196317841666e+01
3.444442338171104012e+01
3.430190576215313314e+01
3.415802087921414198e+01
3.401168552452406146e+01
3.386170522599206834e+01
3.370698070653094902e+01
3.354676985599913763e+01
3.338094349363929325e+01
3.321015659725308211e+01
3.303587327238992088e+01
3.286022391027632494e+01
3.268571313089208985e+01
3.251482391006657480e+01
3.234958317627351221e+01
3.219117642732547324e+01
3.203971359995919954e+01
3.189422951965640252e+01
3.175293755889632052e+01
3.161366857658721230e+01
3.147436453818918523e+01
3.133348808655605566e+01
3.119025149420189891e+01
3.104463379679990354e+01
3.089721634714103615e+01
3.074890845358487823e+01
3.060065022773772014e+01
3.045317002861305156e+01
3.030684516152570041e+01
3.016167832525113468e+01
3.001737239354330455e+01
2.987347031999225067e+01
2.972952268609646964e+01
2.958524628569929504e+01
2.944064231742900617e+01
2.929605488875640162e+01
2.915216653364211297e+01
2.900993886274890698e+01
2.887051024264667376e+01
2.873506483253342836e+01
2.860469462521555783e+01
2.848028535991676691e+01
2.836245815175701068e+01
2.825158292475863675e+01
2.814784881843299402e+01
2.805134627969102823e+01
2.796210806574464414e+01
2.788008230956010536e+01
2.780505498334604297e+01
2.773657113005706520e+01
2.767390429973348276e+01
2.761609606368638126e+01
2.756205097393518955e+01
2.751064408596943878e+01
2.746078951472300034e+01
2.741143648255253851e+01
2.736150086851969832e+01
2.730978437641265444e+01
2.725494923556141558e+01
2.719558782175437983e+01
2.713037009621942630e+01
2.705820559247405654e+01
2.697835071067443025e+01
2.689042572034063383e+01
2.679435258125620223e+01
2.669025531364652437e+01
2.657836721625750798e+01
2.645897104135608302e+01
2.633237477718546771e+01
2.619890986502813135e+01
2.605893641362510138e+01
2.591284879114356698e+01
2.576108456848825057e+01
2.560413946118723061e+01
2.544258120771242915e+01
2.527704920027704105e+01
2.510823457210351961e+01
2.493685143818086303e+01
2.476361783204168532e+01
2.458925610767116510e+01
2.441450442212195071e+01
2.424011807565355525e+01
2.406684238896390937e+01
2.389535763001714486e+01
2.372622018092990359e+01
2.355983469456959156e+01
2.339647675092249912e+01
2.323635036758698291e+01
2.307963454271502002e+01
2.292647409974003736e+01
2.277690708200475100e+01
2.263076934778998606e+01
2.248764093920558693e+01
2.234687963159650081e+01
2.220773773621336389e+01
2.206951163703947216e+01
2.193165806368108406e+01
2.179383327801310699e+01
2.165585473050036924e+01
2.151762181187102030e+01
2.137904211817638966e+01
2.123999135574443997e+01
2.110030779161696302e+01
2.095980903724717592e+01
2.081832658008756809e+01
2.067576613585593392e+01
2.053219743239188588e+01
2.038795067529181182e+01
2.024366924297176240e+01
2.010026789991812990e+01
1.995878315258436331e+01
1.982015727282075446e+01
1.968503443757078131e+01
1.955364288243734094e+01
1.942579575798448843e+01
1.930099198463778265e+01
1.917856476180779524e+01
1.905782238219838831e+01
1.893814754549779522e+01
1.881904961750631600e+01
1.870018219077581634e+01
1.858134010047359652e+01
1.846244264591731365e+01
1.834350426549588420e+01
1.822459536351884779e+01
1.810580085136228234e+01
1.798718600146769120e+01
1.786877618640208354e+01
1.775055170680786887e+01
1.763245494037134620e+01
1.751440575851871984e+01
1.739632153016643912e+01
1.727813891832581561e+01
1.715983592154659121e+01
1.704145409977282810e+01
1.692312147952501178e+01
1.680507491818078591e+01
1.668767735284958675e+01
1.657142327264494241e+01
1.645692740670279619e+01
1.634489632216777366e+01
1.623608724539967341e+01
1.613126061269139200e+01
1.603113269026690446e+01
1.593633311044662548e+01
1.584736970816921087e+01
1.576459991624293266e+01
1.568820577977290576e+01
1.561817047170776007e+01
1.555425815990517435e+01
1.549600339846057118e+01
1.544271728413565370e+01
1.539351415156753866e+01
1.534735674221950852e+01
1.530311337807522420e+01
1.525962011285142594e+01
1.521574331768758803e+01
1.517044044351298560e+01
1.512281591873126452e+01
1.507216545769514759e+01
1.501799895168587362e+01
1.496003380151878126e+01
1.489815844464683714e+01
1.483237681560908960e+01
1.476275240385441201e+01
1.468937009464601395e+01
1.461232432009922810e+01
1.453172813682630782e+01
1.444772773294372037e+01
1.436050664225539464e+01
1.427027342803519083e+01
1.417723910919192498e+01
1.408159752282413280e+01
1.398351893377525457e+01
1.388315781582642749e+01
1.378066771292794535e+01
1.367621508961032539e+01
1.356998884714055542e+01
1.346220644557603130e+01
1.335311673633994189e+01
1.324299555476880030e+01
1.313212905672187425e+01
1.302078527562429677e+01
1.290918293261092664e+01
1.279747058063619392e+01
1.268572444938773458e+01
1.257396313095036255e+01
1.246216920987139076e+01
1.235030749938862193e+01
1.223833594135808056e+01
1.212621318479408039e+01
1.201391089446627092e+01
1.190143641685205012e+01
1.178886379082153013e+01
1.167636251892166044e+01
1.156420935780920445e+01
1.145277205197918491e+01
1.134246438823045899e+01
1.123368387011476877e+01
1.112675032831347366e+01
1.102186249405845864e+01
1.091908139536432643e+01
1.081833924325837515e+01
1.071946527724143650e+01
1.062221828043028005e+01
1.052631832247609367e+01
1.043147488569585057e+01
1.033741199027656954e+01
1.024389177158562880e+01
1.015073637958666986e+01
1.005784538777154324e+01
9.965203767941671842e+00
9.872875298340684225e+00
9.780978755025998339e+00
9.689649111795532122e+00
9.598991768157645765e+00
9.509042161644986280e+00
9.419743667787830788e+00
9.330952414720364629e+00
9.242469616567763779e+00
9.154093185297336177e+00
9.065674171325262876e+00
8.977162350576868732e+00
8.888629210043527351e+00
8.800263825610228352e+00
8.712344822773896880e+00
8.625197242998856595e+00
8.539145414126638300e+00
8.454471933535749884e+00
8.371389651750721583e+00
8.290029429079678991e+00
8.210442581272801021e+00
8.132614097199370562e+00
8.056481280774493214e+00
7.981952491063457167e+00
7.908921892856334956e+00
7.837278116678709772e+00
7.766906870324742584e+00
7.697689281300474917e+00
7.629498688855442801e+00
7.562198605217052005e+00
7.495643752113140046e+00
7.429684787359721376e+00
7.364176008817534758e+00
7.298984363131728159e+00
7.233997730567828022e+00
7.169130713382024567e+00
7.104326840396087306e+00
7.039556947849585633e+00
6.974814271950895872e+00
6.910107355429659037e+00
6.845452184006500573e+00
6.780865027829003466e+00
6.716357272283595137e+00
6.651933097927368976e+00
6.587590272232676014e+00
6.523323673641968412e+00
6.459130643874321009e+00
6.395016986279252080e+00
6.331002431709232603e+00
6.267124617797542818e+00
6.203440968844502912e+00
6.140028239404045962e+00
6.076979857482349701e+00
6.014401551325968320e+00
5.952406018796374099e+00
5.891107518963806022e+00
5.830617162250605112e+00
5.771039352839670400e+00
5.712469400673764852e+00
5.654991939809221435e+00
5.598679617546852505e+00
5.543591614041885940e+00
5.489771855134382150e+00
5.437247146631554173e+00
5.386025725580745771e+00
5.336096785303225509e+00
5.287431367158871964e+00
5.239984688467660412e+00
5.193699606896797327e+00
5.148510623922102347e+00
5.104347685832488324e+00
5.061139079366003379e+00
5.018812919296212094e+00
4.977297031979626141e+00
4.936517383051743479e+00
4.896395512236166425e+00
4.856845667765993468e+00
4.817772436458878538e+00
4.779069620595623569e+00
4.740620919839910741e+00
4.702302663019080065e+00
4.663988455051080173e+00
4.625555231775213549e+00
4.586889926128150385e+00
4.547895803744204990e+00
4.508497555003533996e+00
4.468644427244910844e+00
4.428311004808857199e+00
4.387495631436167720e+00
4.346216844751646491e+00
4.304508485518568683e+00
4.262414301499845237e+00
4.219982861135659569e+00
4.177263433685269867e+00
4.134303221298059050e+00
4.091146011088390821e+00
4.047832027478379224e+00
4.004398572381320243e+00
3.960880980593604495e+00
3.917313488870571181e+00
3.873729781046446163e+00
3.830163165324608876e+00
3.786646497204683826e+00
3.743212034615878370e+00
3.699891386587550013e+00
3.656715615885261172e+00
3.613715428821019593e+00
3.570921288454219411e+00
3.528363262889091079e+00
3.486070480784703385e+00
3.444070190247269903e+00
3.402386558853948806e+00
3.361039458682212988e+00
3.320043511088812682e+00
3.279407609457783757e+00
3.239135013381075900e+00
3.199223957126777762e+00
3.159668588181324456e+00
3.120459986813850062e+00
3.081587030442388464e+00
3.043036946110777130e+00
3.004795509669264231e+00
2.966846962986114722e+00
2.929173798470474210e+00
2.891756586547526986e+00
2.854573997702584354e+00
2.817603111656299397e+00
2.780820033903662836e+00
2.744200774319414116e+00
2.707722296689810459e+00
2.671363625974907396e+00
2.635106898989944213e+00
2.598938257811293617e+00
2.562848507410045329e+00
2.526833485579162542e+00
2.490894121932070160e+00
2.455036192274257623e+00
2.419269803230238214e+00
2.383608666905503437e+00
2.348069243245797022e+00
2.312669835791548500e+00
2.277429723483572754e+00
2.242368398002201335e+00
2.207504955696944826e+00
2.172857669444189455e+00
2.138443742685248949e+00
2.104279228461596318e+00
2.070379082154142125e+00
2.036757308255228160e+00
2.003427158379219364e+00
1.970401338968213123e+00
1.937692191843902068e+00
1.905311818085872799e+00
1.873272124973042407e+00
1.841584786200757273e+00
1.810261116467703824e+00
1.779311871872484963e+00
1.748746996364494599e+00
1.718575340831493659e+00
1.688804384594401409e+00
1.659439988815040179e+00
1.630486207749881622e+00
1.601945177474806803e+00
1.573817093564120695e+00
1.546100280307535435e+00
1.518791345470645870e+00
1.491885407277409703e+00
1.465376374888628153e+00
1.439257260532368798e+00
1.413520500668911106e+00
1.388158264942009890e+00
1.363162734785907659e+00
1.338526337910085351e+00
1.314241929911042828e+00
1.290302919414054728e+00
1.266703337939075302e+00
1.243437859722913208e+00
1.220501779743292659e+00
1.197890960043420661e+00
1.175601755143791616e+00
1.153630926964344772e+00
1.131975558469262566e+00
1.110632973446833871e+00
1.089600667724202276e+00
1.068876254948493143e+00
1.048457428054371920e+00
1.028341935836393439e+00
1.008527572740702594e+00
9.890121791167231224e-01
9.697936487109156678e-01
9.508699400972318028e-01
9.322390889599964092e-01
9.138992186052627975e-01
8.958485467038745931e-01
8.780853869919926780e-01
8.606081454013218002e-01
8.434153107914933445e-01
8.265054410451825317e-01
8.098771457065722101e-01
7.935290665573003777e-01
7.774598575182629645e-01
7.616681650579539831e-01
7.461526099262210110e-01
7.309117705872623105e-01
7.159441682797325068e-01
7.012482532633924626e-01
6.868223915803549628e-01
6.726648515957527330e-01
6.587737896858710807e-01
6.451472346807126668e-01
6.317830709916379961e-01
6.186790207047250245e-01
6.058326252409521606e-01
5.932412274334890601e-01
5.809019550244566288e-01
5.688117066310313108e-01
5.569671411804780758e-01
5.453646716820168550e-01
5.340004640113807932e-01
5.228704411532901775e-01
5.119702930975773558e-01
5.012954923332622048e-01
4.908413146452995646e-01
4.806028647026645562e-01
4.705751057429016782e-01
4.607528925150688459e-01
4.511310065452242002e-01
4.417041927390506495e-01
4.324671963348923343e-01
4.234147992640397429e-01
4.145418550574851979e-01
4.058433215513331804e-01
3.973142907765064846e-01
3.889500155622790944e-01
3.807459325277128825e-01
3.726976812719718368e-01
3.648011196975280424e-01
3.570523355053076275e-01
3.494476539860997266e-01
3.419836422981088475e-01
3.346571104679958997e-01
3.274651093846679406e-01
3.204049260744718519e-01
3.134740765564055232e-01
3.066702965792078017e-01
2.999915305409551758e-01
2.934359188877054825e-01
2.870017842817645382e-01
2.806876168227825374e-01
2.744920585961423964e-01
2.684138878128209948e-01
2.624520027926702803e-01
2.566054060286126481e-01
2.508731885523028393e-01
2.452545148022672594e-01
2.397486081735588359e-01
2.343547374037634468e-01
2.290722039242941988e-01
2.239003302788682703e-01
2.188384496835303061e-01
2.138858967753096696e-01
2.090419995702534617e-01
2.043060726267764693e-01
1.996774113876871037e-01
1.951552876541564063e-01
1.907389461278258536e-01
1.864276019432822284e-01
1.822204391023862224e-01
1.781166097144380733e-01
1.741152339416970063e-01
1.702154005482247046e-01
1.664161679510201830e-01
1.627165656757101619e-01
1.591155961242365358e-01
1.556122365687144238e-01
1.522054412935087142e-01
1.488941438162424413e-01
1.456772591276122020e-01
1.425536858991500733e-01
1.395223086172505123e-01
1.365819996106176493e-01
1.337316209465556904e-01
1.309700261791519049e-01
1.282960619392274626e-01
1.257085693619056366e-01
1.232063853527429614e-01
1.207883436976068814e-01
1.184532760248265953e-01
1.162000126307171505e-01
1.140273831813850419e-01
1.119342173048757938e-01
1.099193450882819806e-01
1.079815974944849238e-01
1.061198067128752698e-01
1.043328064576953540e-01
1.026194322267440645e-01
1.009785215320828516e-01
9.940891411317678839e-02
9.790945214165204524e-02
9.647898042560634768e-02
9.511634662018200737e-02
9.382040144996109388e-02
9.258999894769834316e-02
9.142399671293924279e-02
9.032125619322901866e-02
8.928064298990638636e-02
8.830102718984753074e-02
8.738128372401661459e-02
8.652029275328029789e-02
8.571694008160567202e-02
8.497011759650131835e-02
8.427872373638829739e-02
