9.789326998588989814e-04
3.351422756938651076e-02
2.677731493844260138e-02
2.250300934107555412e-02
1.984658588838558030e-02
1.827530700480370709e-02
1.744603389382830619e-02
1.713343279277012438e-02
1.718687988475612466e-02
1.750403323158139166e-02
1.801430216088473549e-02
1.866831741390593755e-02
1.943111009174006490e-02
2.027762381645584547e-02
2.118971890886311646e-02
2.215414520153891065e-02
2.316115261056129332e-02
2.420352718086677887e-02
2.527591452804859098e-02
2.637433971015419945e-02
2.749586287465037582e-02
2.863832977376788019e-02
2.980018925893049980e-02
3.098035854124970775e-02
3.217812284896783698e-02
3.339306008857942376e-02
3.462498384752411146e-02
3.587389997001894093e-02
3.713997326249072334e-02
3.842350182016717602e-02
3.972489713201637906e-02
4.104466859899882220e-02
4.238341144629932666e-02
4.374179726233763665e-02
4.512056658265674314e-02
4.652052307397442493e-02
4.794252897601067320e-02
4.938750153554075095e-02
5.085641022523452320e-02
5.235027458407062739e-02
5.387016255000188353e-02
5.541718918166918528e-02
5.699251568623741465e-02
5.859734868624821152e-02
6.023293967084020206e-02
6.190058458652232531e-02
6.360162353056283968e-02
6.533744051636863892e-02
6.710946328538894279e-02
6.891916314428915558e-02
7.076805480969297624e-02
7.265769624574984487e-02
7.458968848239097560e-02
7.656567540436477748e-02
7.858734350318760664e-02
8.065642158598373967e-02
8.277468043690371091e-02
8.494393242842504521e-02
8.716603108140423550e-02
8.944287057422570242e-02
9.177638520285973101e-02
9.416854879507347009e-02
9.662137408339294131e-02
9.913691204279412306e-02
1.017172512003878815e-01
1.043645169256073452e-01
1.070808707106010588e-01
1.098685094516159283e-01
1.127296647431801357e-01
1.156666021977535014e-01
1.186816208043053184e-01
1.217770523398595678e-01
1.249552608485058475e-01
1.282186422026361794e-01
1.315696237612238861e-01
1.350106641398237939e-01
1.385442531065943506e-01
1.421729116180432684e-01
1.458991920073465787e-01
1.497256783369936006e-01
1.536549869261751300e-01
1.576897670617032066e-01
1.618327018994246413e-01
1.660865095609721509e-01
1.704539444283530714e-01
1.749377986363084281e-01
1.795409037595911139e-01
1.842661326893003659e-01
1.891164016892643851e-01
1.940946726201403516e-01
1.992039553154250076e-01
2.044473100900862927e-01
2.098278503588692778e-01
2.153487453377751493e-01
2.210132227986117137e-01
2.268245718430375313e-01
2.327861456591515943e-01
2.389013642205260746e-01
2.451737168846536141e-01
2.516067648451614791e-01
2.582041433898956129e-01
2.649695639151189441e-01
2.719068156447109197e-01
2.790197670023899512e-01
2.863123665846523114e-01
2.937886436824488912e-01
3.014527083004962527e-01
3.093087506246629537e-01
3.173610398901112739e-01
3.256139226056695146e-01
3.340718200934661986e-01
3.427392253069831418e-01
3.516206988954257984e-01
3.607208644877080150e-01
3.700444031752279095e-01
3.795960471790800206e-01
3.893805726942541345e-01
3.994027919107788760e-01
4.096675442194921968e-01
4.201796866182848644e-01
4.309440833430396300e-01
4.419655947561770271e-01
4.532490655345252084e-01
4.647993122072316408e-01
4.766211101033959729e-01
4.887191797781759717e-01
5.010981729949016694e-01
5.137626583495354948e-01
5.267171066321478801e-01
5.399658760281598191e-01
5.535131972695435110e-01
5.673631588531536929e-01
5.815196924493802877e-01
5.959865586296694273e-01
6.107673330456320215e-01
6.258653931955107108e-01
6.412839059156215660e-01
6.570258157346675620e-01
6.730938342276974184e-01
6.894904305035504111e-01
7.062178229551187014e-01
7.232779723951966444e-01
7.406725766924566745e-01
7.584030670116881367e-01
7.764706057503447667e-01
7.948760862492479928e-01
8.136201343393574259e-01
8.327031117688580286e-01
8.521251215354481712e-01
8.718860151281143667e-01
8.919854016606681979e-01
9.124226588566971552e-01
9.331969458219778746e-01
9.543072175169620142e-01
9.757522408182488505e-01
9.975306120350873051e-01
1.019640775724937276e+00
1.042081044631359532e+00
1.064849620549041420e+00
1.087944615903983392e+00
1.111364075823390918e+00
1.135106000458944608e+00
1.159168367319990844e+00
1.183549153369528151e+00
1.208246356636216712e+00
1.233258017099870152e+00
1.258582236616252237e+00
1.284217197659142773e+00
1.310161180673708348e+00
1.336412579854616478e+00
1.362969917184936541e+00
1.389831854597128435e+00
1.416997204144780920e+00
1.444464936102699104e+00
1.472234184943002733e+00
1.500304253164863821e+00
1.528674612985936987e+00
1.557344905932256163e+00
1.586314940391551742e+00
1.615584687220664728e+00
1.645154273521614252e+00
1.675023974722277487e+00
1.705194205116046913e+00
1.735665507030891952e+00
1.766438538811183179e+00
1.797514061805937535e+00
1.828892926564702259e+00
1.860576058447374059e+00
1.892564442856855766e+00
1.924859110303598131e+00
1.957461121509464830e+00
1.990371552753979589e+00
2.023591481660020008e+00
2.057121973607785925e+00
2.090964068955222910e+00
2.125118771230587456e+00
2.159587036447712105e+00
2.194369763677304519e+00
2.229467786987954003e+00
2.264881868848606317e+00
2.300612695060237911e+00
2.336660871258866568e+00
2.373026921004538714e+00
2.409711285442829976e+00
2.446714324497041293e+00
2.484036319520735780e+00
2.521677477313391424e+00
2.559637935376520179e+00
2.597917768264966565e+00
2.636516994868702390e+00
2.675435586445080283e+00
2.714673475210535702e+00
2.754230563294628009e+00
2.794106731858238213e+00
2.834301850181636162e+00
2.874815784537077423e+00
2.915648406673615245e+00
2.956799601759270146e+00
2.998269275646169518e+00
3.040057361347337839e+00
3.082163824638558314e+00
3.124588668724253893e+00
3.167331937932048369e+00
3.210393720424745911e+00
3.253774149942164406e+00
3.297473406605061719e+00
3.341491716831987091e+00
3.385829352433997297e+00
3.430486628964107165e+00
3.475463903405573873e+00
3.520761571288574032e+00
3.566380063325688354e+00
3.612319841656276509e+00
3.658581395785871493e+00
3.705165238302281949e+00
3.752071900443466390e+00
3.799301927585547745e+00
3.846855874712135304e+00
3.894734301919140940e+00
3.942937770002906905e+00
3.991466836173782617e+00
4.040322049932306925e+00
4.089503949141596095e+00
4.139013056325932638e+00
4.188849875223811914e+00
4.239014887621250338e+00
4.289508550490037209e+00
4.340331293453949080e+00
4.391483516604229642e+00
4.442965588683827960e+00
4.494777845657176307e+00
4.546920589679395164e+00
4.599394088474960895e+00
4.652198575131922809e+00
4.705334248312582623e+00
4.758801272877090760e+00
4.812599780910891134e+00
4.866729873142141116e+00
4.921191620730251515e+00
4.975985067403055240e+00
5.031110231915564057e+00
5.086567110801859748e+00
5.142355681388897537e+00
5.198475905040464085e+00
5.254927730599821878e+00
5.311711098000637676e+00
5.368825942016898445e+00
5.426272196125641045e+00
5.484049796458680959e+00
5.542158685822443864e+00
5.600598817768577042e+00
5.659370160700298413e+00
5.718472702002800112e+00
5.777906452187857589e+00
5.837671449044704808e+00
5.897767761790675856e+00
5.958195495215433901e+00
6.018954793812894444e+00
6.080045845894280987e+00
6.141468887674546018e+00
6.203224207323153827e+00
6.265312148967826289e+00
6.327733116638003530e+00
6.390487578131735624e+00
6.453576068787807429e+00
6.516999195141276680e+00
6.580757638439478363e+00
6.644852157991335773e+00
6.709283594322990041e+00
6.774052872109009193e+00
6.839161002848943127e+00
6.904609087257634670e+00
6.970398317337678229e+00
7.036529978103976291e+00
7.103005448930491461e+00
7.169826204492751209e+00
7.236993815281590692e+00
7.304509947666937286e+00
7.372376363495192209e+00
7.440594919207080160e+00
7.509167564468503642e+00
7.578096340311155643e+00
7.647383376785455766e+00
7.717030890132914323e+00
7.787041179490228338e+00
7.857416623142462697e+00
7.928159674346774821e+00
7.999272856752266847e+00
8.070758759445681108e+00
8.142620031654590917e+00
8.214859377143797659e+00
8.287479548340957791e+00
8.360483340229993843e+00
8.433873584050873617e+00
8.507653140844547934e+00
8.581824894881416199e+00
8.656391747010731663e+00
8.731356607966468175e+00
8.806722391663578620e+00
8.882492008515628257e+00
8.958668358802393428e+00
9.035254326112445611e+00
9.112252770882404818e+00
9.189666524050645435e+00
9.267498380839874983e+00
9.345751094677581250e+00
9.424427371261090869e+00
9.503529862768015590e+00
9.583061162209512318e+00
9.663023797919976232e+00
9.743420228172173125e+00
9.824252835903704906e+00
9.905523923537076669e+00
9.987235707873004742e+00
1.006939031503385706e+01
1.015198977543217573e+01
1.023503601873863111e+01
1.031853086882253123e+01
1.040247603863847026e+01
1.048687312503419733e+01
1.057172360345686535e+01
1.065702882253724759e+01
1.074278999853575201e+01
1.082900820963998001e+01
1.091568439010738878e+01
1.100281932425535203e+01
1.109041364030686516e+01
1.117846780410921426e+01
1.126698211275059691e+01
1.135595668810925751e+01
1.144539147037817628e+01
1.153528621161677492e+01
1.162564046939090190e+01
1.171645360056814944e+01
1.180772475534410049e+01
1.189945287158035114e+01
1.199163666953906038e+01
1.208427464710374544e+01
1.217736507557467718e+01
1.227090599612975730e+01
1.236489521703775019e+01
1.245933031170772232e+01
1.255420861765271923e+01
1.264952723643819787e+01
1.274528303467727142e+01
1.284147264612411732e+01
1.293809247490599823e+01
1.303513869992154106e+01
1.313260728042074454e+01
1.323049396276785750e+01
1.332879428837611613e+01
1.342750360278894384e+01
1.352661706587070434e+01
1.362612966305668216e+01
1.372603621760238823e+01
1.382633140376073655e+01
1.392700976080790909e+01
1.402806570783099005e+01
1.412949355918401118e+01
1.423128754051525569e+01
1.433344180526493261e+01
1.443595045153116274e+01
1.453880753920219782e+01
1.464200710725292787e+01
1.474554319110750455e+01
1.484940983997177000e+01
1.495360113404455937e+01
1.505811120152118043e+01
1.516293423530837181e+01
1.526806450937550963e+01
1.537349639467274187e+01
1.547922437455338596e+01
1.558524305964287215e+01
1.569154720210149812e+01
1.579813170923505972e+01
1.590499165640814105e+01
1.601212229922176533e+01
1.611951908491620600e+01
1.622717766296411313e+01
1.633509389481716667e+01
1.644326386277183261e+01
1.655168387791648144e+01
1.666035048712211974e+01
1.676926047903675254e+01
1.687841088904102094e+01
1.698779900312075597e+01
1.709742236061056886e+01
1.720727875576216093e+01
1.731736623808945907e+01
1.742768311144557458e+01
1.753822793178919426e+01
1.764899950360138803e+01
1.775999687492232226e+01
1.787121933098498516e+01
1.798266638643445248e+01
1.809433777613445216e+01
1.820623344457831649e+01
1.831835353393809740e+01
1.843069837080384588e+01
1.854326845168464644e+01
1.865606442736239146e+01
1.876908708620855037e+01
1.888233733659266989e+01
1.899581618852797149e+01
1.910952473471415658e+01
1.922346413114903285e+01
1.933763557748829243e+01
1.945204029733792339e+01
1.956667951866242561e+01
1.968155445448889296e+01
1.979666628407774809e+01
1.991201613471752907e+01
2.002760506428481690e+01
2.014343404469034482e+01
2.025950394630701723e+01
2.037581552345330138e+01
2.049236940097500081e+01
2.060916606194311740e+01
2.072620583645593939e+01
2.084348889150873418e+01
2.096101522186652844e+01
2.107878464185639089e+01
2.119679677797226702e+01
2.131505106217282020e+01
2.143354672574093556e+01
2.155228279356596843e+01
2.167125807871171261e+01
2.179047117713588477e+01
2.190992046243981406e+01
2.202960408054298114e+01
2.214951994420051662e+01
2.226966572731010885e+01
2.239003885898790003e+01
2.251063651742968119e+01
2.263145562361580687e+01
2.275249283495715247e+01
2.287374453902448224e+01
2.299520684754193312e+01
2.311687559086547239e+01
2.323874631319803186e+01
2.336081426882081402e+01
2.348307441964037423e+01
2.360552143435932138e+01
2.372814968958164528e+01
2.385095327315066882e+01
2.397392599000165703e+01
2.409706137077784760e+01
2.422035268341959480e+01
2.434379294788989512e+01
2.446737495414175356e+01
2.459109128337427563e+01
2.471493433255768579e+01
2.483889634214232700e+01
2.496296942679838793e+01
2.508714560896891399e+01
2.521141685495569362e+01
2.533577511320181941e+01
2.546021235438279007e+01
2.558472061287689314e+01
2.570929202914786771e+01
2.583391889255321416e+01
2.595859368406939893e+01
2.608330911842835320e+01
2.620805818515776409e+01
2.633283418804019504e+01
2.645763078252832301e+01
2.658244201069075530e+01
2.670726233330766064e+01
2.683208665878648347e+01
2.695691036862573498e+01
2.708172933921960279e+01
2.720653995985668416e+01
2.733133914683689625e+01
2.745612435369107729e+01
2.758089357754881377e+01
2.770564536175586312e+01
2.783037879488913191e+01
2.795509350635511581e+01
2.807978965878659849e+01
2.820446793746969760e+01
2.832912953704061465e+01
2.845377614568503688e+01
2.857840992706442407e+01
2.870303350016602195e+01
2.882764991725019499e+01
2.895226264003374084e+01
2.907687551421490113e+01
2.920149274241308390e+01
2.932611885556678999e+01
2.945075868281061204e+01
2.957541731983666367e+01
2.970010009574058074e+01
2.982481253836047941e+01
2.994956033813073404e+01
3.007434931050630311e+01
3.019918535704643858e+01
3.032407442529719788e+01
3.044902246766227805e+01
3.057403539950451332e+01
3.069911905677470898e+01
3.082427915351042458e+01
3.094952123958676893e+01
3.107485065912752020e+01
3.120027250999899948e+01
3.132579160480447911e+01
3.145141243377882034e+01
3.157713912994383776e+01
3.170297543683483710e+01
3.182892467903891998e+01
3.195498973570810364e+01
3.208117301712074010e+01
3.220747644427149226e+01
3.233390143137147277e+01
3.246044887104597620e+01
3.258711912192556071e+01
3.271391199824379470e+01
3.284082676098750397e+01
3.296786211008906520e+01
3.309501617711995891e+01
3.322228651793253817e+01
3.334967010471334703e+01
3.347716331695453107e+01
3.360476193092385699e+01
3.373246110731232505e+01
3.386025537687250875e+01
3.398813862400940877e+01
3.411610406846509846e+01
3.424414424542074897e+01
3.437225098453832572e+01
3.450041538865495028e+01
3.462862781302260373e+01
3.475687784614996190e+01
3.488515429343021168e+01
3.501344516483937497e+01
3.514173766803551757e+01
3.527001820819854316e+01
3.539827239590302099e+01
3.552648506422073638e+01
3.565464029610654251e+01
3.578272146293420519e+01
3.591071127481927761e+01
3.603859184310832831e+01
3.616634475512598357e+01
3.629395116097123264e+01
3.642139187184026383e+01
3.654864746904342354e+01
3.667569842257530865e+01
3.680252521781601160e+01
3.692910848867153106e+01
3.705542915523668768e+01
3.718146856387210164e+01
3.730720862745243949e+01
3.743263196345304067e+01
3.755772202752729783e+01
3.768246324026848271e+01
3.780684110496464712e+01
3.793084231433554976e+01
3.805445484449084148e+01
3.817766803464736824e+01
3.830047265150472668e+01
3.842286093756057141e+01
3.854482664306144812e+01
3.866636504169629518e+01
3.878747293053646672e+01
3.890814861509230127e+01
3.902839188067074616e+01
3.914820395146899301e+01
3.926758743901820026e+01
3.938654628168576721e+01
3.950508567696371642e+01
3.962321200820395717e+01
3.974093276733614033e+01
3.985825647491073198e+01
3.997519259859095797e+01
4.009175147096265590e+01
4.020794420728941532e+01
4.032378262360520438e+01
4.043927915534075623e+01
4.055444677653041907e+01
4.066929891955376775e+01
4.078384939533228959e+01
4.089811231392756952e+01
4.101210200556428731e+01
4.112583294221816033e+01
4.123931966004828809e+01
4.135257668309851198e+01
4.146561844882644010e+01
4.157845923612133276e+01
4.169111309652932107e+01
4.180359378941013659e+01
4.191591472169657351e+01
4.202808889281492810e+01
4.214012884516736790e+01
4.225204662037316439e+01
4.236385372124743043e+01
4.247556107925055358e+01
4.258717902691981294e+01
4.269871727457094579e+01
4.281018489036740249e+01
4.292159028269316678e+01
4.303294118363147902e+01
4.314424463225969220e+01
4.325550695640137633e+01
4.336673375145537079e+01
4.347792985492800000e+01
4.358909931535633575e+01
4.370024535442287572e+01
4.381137032123482555e+01
4.392247563800291488e+01
4.403356173667737750e+01
4.414462798652690623e+01
4.425567261313921819e+01
4.436669260988871599e+01
4.447768364352885584e+01
4.458863995619871901e+01
4.469955426674395937e+01
4.481041767481939786e+01
4.492121957170192559e+01
4.503194756208938543e+01
4.514258740134038561e+01
4.525312295261714723e+01
4.536353616820044010e+01
4.547380709886210326e+01
4.558391393460573227e+01
4.569383307933421179e+01
4.580353926109723517e+01
4.591300567854685966e+01
4.602220418309634198e+01
4.613110549509571001e+01
4.623967945112686806e+01
4.634789527832536749e+01
4.645572189050542988e+01
4.656312819983346429e+01
4.667008343692457828e+01
4.677655747156051547e+01
4.688252112582013353e+01
4.698794647128406865e+01
4.709280710220006227e+01
4.719707837706292253e+01
4.730073762200266430e+01
4.740376429066029829e+01
4.750614007682178652e+01
4.760784897791121040e+01
4.770887730943955063e+01
4.780921367253160525e+01
4.790884887861354002e+01
4.800777583710995344e+01
4.810598941343560853e+01
4.820348626560380012e+01
4.830026466830623377e+01
4.839632433332387507e+01
4.849166623459936432e+01
4.858629244528329849e+01
4.868020599262290915e+01
4.877341073483476208e+01
4.886591126219959591e+01
4.895771282272008307e+01
4.904882127091616439e+01
4.913924303685895723e+01
4.922898511145417189e+01
4.931805504336888646e+01
4.940646094285653334e+01
4.949421148807486048e+01
4.958131593021209227e+01
4.966778409474287770e+01
4.975362637727659632e+01
4.983885373357753679e+01
4.992347766428264322e+01
5.000751019548994236e+01
5.009096385665035456e+01
5.017385165705859151e+01
5.025618706170674699e+01
5.033798396648209916e+01
5.041925667175895853e+01
5.050001985255460113e+01
5.058028852276415677e+01
5.066007799068876949e+01
5.073940380323937660e+01
5.081828167682476050e+01
5.089672741396499589e+01
5.097475680595250225e+01
5.105238552320412992e+01
5.112962899608955070e+01
5.120650228976304419e+01
5.128301997669092316e+01
5.135919601011014635e+01
5.143504360055790414e+01
5.151057509604082441e+01
5.158580186455856165e+01
5.166073417584628658e+01
5.173538107765030958e+01
5.180975026086358781e+01
5.188384790764522592e+01
5.195767851733737785e+01
5.203124470660282697e+01
5.210454698262070394e+01
5.217758349123013062e+01
5.225034974530771592e+01
5.232283834213728113e+01
5.239503868173268586e+01
5.246693670073501892e+01
5.253851463839861680e+01
5.260975085210299085e+01
5.268061969971768121e+01
5.275109150496040655e+01
5.282113261967268159e+01
5.289070559379331371e+01
5.295976945985317030e+01
5.302828013421894582e+01
5.309619093225399666e+01
5.316345318922678587e+01
5.323001697341727123e+01
5.329583187267192557e+01
5.336084783092314154e+01
5.342501600718893684e+01
5.348828962662162212e+01
5.355062479156019606e+01
5.361198122051860793e+01
5.367232288479770119e+01
5.373161851602348094e+01
5.378984196334202750e+01
5.384697238603082070e+01
5.390299427556664824e+01
5.395789731020673230e+01
5.401167605429051832e+01
5.406432952304474782e+01
5.411586064101603455e+01
5.416627562770891302e+01
5.421558334708340254e+01
5.426379465793612411e+01
5.431092179975893686e+01
5.435697784359012275e+01
5.440197623005344241e+01
5.444593040786081417e+01
5.448885357637262672e+01
5.453075852630635012e+01
5.457165756437171211e+01
5.461156250139524104e+01
5.465048468012771821e+01
5.468843501888261471e+01
5.472542405052103476e+01
5.476146194276369528e+01
5.479655849463157580e+01
5.483072311384952968e+01
5.486396478987943937e+01
5.489629208533084181e+01
5.492771317334589298e+01
5.495823594898746478e+01
5.498786823801839319e+01
5.501661811675779745e+01
5.504449434278917153e+01
5.507150687977379988e+01
5.509766748275541204e+01
5.512299029575745379e+01
5.514749240374068506e+01
5.517119427824015077e+01
5.519412006143734573e+01
5.521629764704103138e+01
5.523775853679680381e+01
5.525853747611070332e+01
5.527867189767255951e+01
5.529820122425534379e+01
5.531716609752795932e+01
5.533560760617723417e+01
5.535356658271323482e+01
5.537108302452622155e+01
5.538819567310051184e+01
5.540494175900206386e+01
5.542135689323026781e+01
5.543747506158928218e+01
5.545332866118074833e+01
5.546894850913128039e+01
5.548436375418414457e+01
5.549960163144751846e+01
5.551468701794210858e+01
5.552964176935771690e+01
5.554448384392430427e+01
5.555922624474251137e+01
5.557387583479179938e+01
5.558843209708763311e+01
5.560288592472117131e+01
5.561721853109880698e+01
5.563140056960366309e+01
5.564539154465838067e+01
5.565913958371001513e+01
5.567258162304381841e+01
5.568564404064543538e+01
5.569824374754301033e+01
5.571028972594965012e+01
5.572168497884202765e+01
5.573232883203390031e+01
5.574211950721869613e+01
5.575095686392070604e+01
5.575874519116823791e+01
5.576539591754177394e+01
5.577083010271074670e+01
5.577498057615912330e+01
5.577779360062529435e+01
5.577922995927176686e+01
5.577926539626177771e+01
5.577789037868717514e+01
5.577510919107031384e+01
5.577093841847747058e+01
5.576540491669755539e+01
5.575854340401183862e+01
5.575039383540219973e+01
5.574099873412676942e+01
5.573040065614633676e+01
5.571863994975097967e+01
5.570575294676054767e+01
5.569177068448688317e+01
5.567671821142727850e+01
5.566061447733059708e+01
5.564347275342149146e+01
5.562530147579101936e+01
5.560610535969944834e+01
5.558588660079683308e+01
5.556464596685759716e+01
5.554238359522876323e+01
5.551909934920606560e+01
5.549479265014233675e+01
5.546946178650352977e+01
5.544310279741252856e+01
5.541570812397357315e+01
5.538726530185502384e+01
5.535775601785896072e+01
5.532715585810793613e+01
5.529543502750608752e+01
5.526256021794090145e+01
5.522849765385021215e+01
5.519321716501869446e+01
5.515669695240796955e+01
5.511892855304558481e+01
5.507992140461975339e+01
5.503970638482371669e+01
5.499833776969320098e+01
5.495589321928515858e+01
5.491247164068846587e+01
5.486818906362871218e+01
5.482317294705676147e+01
5.477755556679705506e+01
5.473146727187466354e+01
5.468503041399065268e+01
5.463835464674887277e+01
5.459153407829231242e+01
5.454464648192517728e+01
5.449775447345017199e+01
5.445090830033834806e+01
5.440414969517134836e+01
5.435751614600645354e+01
5.431104493276919953e+01
5.426477635894315199e+01
5.421875574887662452e+01
5.417303395620166384e+01
5.412766631279768603e+01
5.408271011935075734e+01
5.403822092222316797e+01
5.399424792652214933e+01
5.395082895630750386e+01
5.390798538915211680e+01
5.386571746828455787e+01
5.382400034076882633e+01
5.378278109737272672e+01
5.374197701241561731e+01
5.370147511080599401e+01
5.366113313038025012e+01
5.362078190011549594e+01
5.358022911334351335e+01
5.353926443185591211e+01
5.349766580457810505e+01
5.345520681939172647e+01
5.341166482923149061e+01
5.336682950867914599e+01
5.332051141336351918e+01
5.327255004262809024e+01
5.322282085903833604e+01
5.317124071013601849e+01
5.311777114128977217e+01
5.306241919264687823e+01
5.300523543995628728e+01
5.294630925976073144e+01
5.288576155327727690e+01
5.282373541811605833e+01
5.276038547420324676e+01
5.269586669295826908e+01
5.263032362214140392e+01
5.256388083897122954e+01
5.249663532097795837e+01
5.242865123477908185e+01
5.235995744750579917e+01
5.229054789051686924e+01
5.222038475349403086e+01
5.214940434117309564e+01
5.207752525901248219e+01
5.200465839144737146e+01
5.193071790182137448e+01
5.185563224540292282e+01
5.177935399260240956e+01
5.170186716301006413e+01
5.162319082495393729e+01
5.154337796277773975e+01
5.146250907770917848e+01
5.138068065704894849e+01
5.129798946104282464e+01
5.121451442226543094e+01
5.113029866815390534e+01
5.104533458895822662e+01
5.095955483836640099e+01
5.087283160651518443e+01
5.078498548022331960e+01
5.069580383442247751e+01
5.060506718036696583e+01
5.051258045878627456e+01
5.041820513932545111e+01
5.032188738428423846e+01
5.022367763239900995e+01
5.012373786350225657e+01
5.002233449649193631e+01
4.991981714939578296e+01
4.981658595737979311e+01
4.971305227893746803e+01
4.960959890546454432e+01
4.950654597947666957e+01
4.940412767343894984e+01
4.930248256286242992e+01
4.920165806676836695e+01
4.910162693026547487e+01
4.900231199374359647e+01
4.890361470537514066e+01
4.880544298544509729e+01
4.870773490917345327e+01
4.861047588611683068e+01
4.851370823621840600e+01
4.841753306523210654e+01
4.832210505116277943e+01
4.822762122282401265e+01
4.813430514706804075e+01
4.804238821210605437e+01
4.795208988406009354e+01
4.786359883436485063e+01
4.777705659546332839e+01
4.769254488468041586e+01
4.761007703750569675e+01
4.752959329647552522e+01
4.745095921142670647e+01
4.737396625741167355e+01
4.729833398660494481e+01
4.722371349456206246e+01
4.714969250957349800e+01
4.707580280487025703e+01
4.700153075090324251e+01
4.692633164730039397e+01
4.684964808733902686e+01
4.677093214126500698e+01
4.668967068793902087e+01
4.660541278158240175e+01
4.651779746207996169e+01
4.642657988660577928e+01
4.633165316744469209e+01
4.623306303566062780e+01
4.613101260879765420e+01
4.602585521514538414e+01
4.591807436536613807e+01
4.580825142008679762e+01
4.569702311622826585e+01
4.558503270828699527e+01
4.547287979247731471e+01
4.536107452790140826e+01
4.525000155604828223e+01
4.513989729886068147e+01
4.503084180348758991e+01
4.492276366080154304e+01
4.481545464432873160e+01
4.470859017581649653e+01
4.460175251766296611e+01
4.449445519032316554e+01
4.438616878528148391e+01
4.427634950938337965e+01
4.416447216102651652e+01
4.405006870581467382e+01
4.393277213824415384e+01
4.381236289545471152e+01
4.368881202271520436e+01
4.356231240115256753e+01
4.343328794182553310e+01
4.330237202284702391e+01
4.317035113859537176e+01
4.303807699323331093e+01
4.290635815424025878e+01
4.277584846596917600e+01
4.264695179476493081e+01
4.251976062609491436e+01
4.239404019478840269e+01
4.226926181697276519e+01
4.214468085849895118e+01
4.201944792643904947e+01
4.189273720896871112e+01
4.176387342319711138e+01
4.163243830331577300e+01
4.149833911801976427e+01
4.136182607197252992e+01
4.122345327228791945e+01
4.108398870015904691e+01
4.094428998133258801e+01
4.080517110161553518e+01
4.066728731580077039e+01
4.053106016153640923e+01
4.039665335564480131e+01
4.026399725807399932e+01
4.013284889267436029e+01
4.000286923999634325e+01
3.987370026109329757e+01
3.974502916389612750e+01
3.961663394519899128e+01
3.948840974558896733e+01
3.936037884946948395e+01
3.923268833028189562e+01
3.910559905816364079e+01
3.897946869257442160e+01
3.885472986682443519e+01
3.873186360099708736e+01
3.861136771830149428e+01
3.849372106257528969e+01
3.837934627265640586e+01
3.826857570454402691e+01
3.816162560902562007e+01
3.805858228263593901e+01
3.795940100547791474e+01
3.786391528643385129e+01
3.777185150105072609e+01
3.768284326939404849e+01
3.759644107649657485e+01
3.751211522129460008e+01
3.742925321256030458e+01
3.734715507790985356e+01
3.726503093377442610e+01
3.718200456966180667e+01
3.709712551864500085e+01
3.700939121124669384e+01
3.691778090066218709e+01
3.682130349542230618e+01
3.671906066424655535e+01
3.661032320605076507e+01
3.649461294723071347e+01
3.637177670402493845e+01
3.624203646646952137e+01
3.610600294864303805e+01
3.596464702177473072e+01
3.581923182901697089e+01
3.567121424880317448e+01
3.552212709283988801e+01
3.537345464060804545e+01
3.522651524457364047e+01
3.508236501971644827e+01
3.494173412141633150e+01
3.480500140115799468e+01
3.467220638428677404e+01
3.454309221377508976e+01
3.441717037836372128e+01
3.429379672516309085e+01
3.417224732132141440e+01
3.405178225783743784e+01
3.393168664077305152e+01
3.381128214720990144e+01
3.368991025439447640e+01
3.356689839052049251e+01
3.344152911209307888e+01
3.331303497991338958e+01
3.318063509483834395e+01
3.304361521308292282e+01
3.290143822669905660e+01
3.275386188671178189e+01
3.260103822903292325e+01
3.244357205145591649e+01
3.228252071454147654e+01
3.211932377203153521e+01
3.195566062902166493e+01
3.179324934772850852e+01
3.163361749910446363e+01
3.147788956627193357e+01
3.132663700713402477e+01
3.117982360032724287e+01
3.103685467710245760e+01
3.089671408840889910e+01
3.075815637020938098e+01
3.061991688174012083e+01
3.048090670273187186e+01
3.034036619856536987e+01
3.019795783564778446e+01
3.005378547282656143e+01
2.990833668309895899e+01
2.976235816833050407e+01
2.961668978241242201e+01
2.947209444756557062e+01
2.932912335810470950e+01
2.918804577181479587e+01
2.904885325027490595e+01
2.891132654535210378e+01
2.877513742666792140e+01
2.863995287189143113e+01
2.850551559519864497e+01
2.837168844851919047e+01
2.823846396193689756e+01
2.810594875565478645e+01
2.797433455414817516e+01
2.784386573408364640e+01
2.771481102293691023e+01
2.758744495914757167e+01
2.746204152429401546e+01
2.733887713691455090e+01
2.721823510167550353e+01
2.710040238059746898e+01
2.698565373891986496e+01
2.687422527558238272e+01
2.676628438850945102e+01
2.666190361940439857e+01
2.656104268368838817e+01
2.646353964110108592e+01
2.636911098484902993e+01
2.627736104687688012e+01
2.618780129078472285e+01
2.609987835130191058e+01
2.601300718493503084e+01
2.592660480647327859e+01
2.584012142896908415e+01
2.575306716629367898e+01
2.566503127018921049e+01
2.557568780750671067e+01
2.548478068511356298e+01
2.539208542245255984e+01
2.529735417163367117e+01
2.520025931409719178e+01
2.510035458330350266e+01
2.499706945704696182e+01
2.488974419213565525e+01
2.477770214626135825e+01
2.466034572112310030e+01
2.453725547014575525e+01
2.440827169178139400e+01
2.427354463306511434e+01
2.413354899621825567e+01
2.398906424525452508e+01
2.384112199441423741e+01
2.369092101433951214e+01
2.353971662799678199e+01
2.338870373549060844e+01
2.323892021220203219e+01
2.309118948845263120e+01
2.294610108540238258e+01
2.280401190584822402e+01
2.266505231129005082e+01
2.252913603825540534e+01
2.239598563515746577e+01
2.226518316601472236e+01
2.213624255106102012e+01
2.200868803493479930e+01
2.188212129317043519e+01
2.175626486508373958e+01
2.163097489759609360e+01
2.150621993526448605e+01
2.138202854518714702e+01
2.125841831100938251e+01
2.113532685017854362e+01
2.101256527120728634e+01
2.088980541611379138e+01
2.076660057522277825e+01
2.064243161806859561e+01
2.051676814119363357e+01
2.038913468179856636e+01
2.025917282384470397e+01
2.012669108469577495e+01
1.999169694490305460e+01
1.985440919683527383e+01
1.971525192041944052e+01
1.957483152318510733e+01
1.943389537170300585e+01
1.929326796553661794e+01
1.915376315246418315e+01
1.901608047395787437e+01
1.888070629422652758e+01
1.874784745104136263e+01
1.861742001748602959e+01
1.848909900338043499e+01
1.836241454656760297e+01
1.823686629523575320e+01
1.811202571447514487e+01
1.798760466487898668e+01
1.786348209375311313e+01
1.773969297559188973e+01
1.761639114892024693e+01
1.749379994191042442e+01
1.737216293228860309e+01
1.725170360211028253e+01
1.713259822457026971e+01
1.701496203322105671e+01
1.689884576594465315e+01
1.678423895393071774e+01
1.667107751560928719e+01
1.655925480944871353e+01
1.644863593920954159e+01
1.633907475484395633e+01
1.623043257689348096e+01
1.612259767165462421e+01
1.601550432796298651e+01
1.590914938626224107e+01
1.580360283425853041e+01
1.569900910307323016e+01
1.559557764665999535e+01
1.549356425228760514e+01
1.539324675049837410e+01
1.529489978371902659e+01
1.519877334496039190e+01
1.510507889021268113e+01
1.501398445158655370e+01
1.492561657416574228e+01
1.484006378592867748e+01
1.475737572867025094e+01
1.467755454922828484e+01
1.460053925218792514e+01
1.452618738299085699e+01
1.445426033151520251e+01
1.438441837131538215e+01
1.431622937534103635e+01
1.424919138220016990e+01
1.418276490099657394e+01
1.411640775790365510e+01
1.404960491379745058e+01
1.398188826471934831e+01
1.391284569245452474e+01
1.384212251332385790e+01
1.376942031988809667e+01
1.369449751203464771e+01
1.361717326903990788e+01
1.353733374382377619e+01
1.345493729159736240e+01
1.337001536802055313e+01
1.328266720166769588e+01
1.319304856193191178e+01
1.310135679772023387e+01
1.300781507503852907e+01
1.291265830820096561e+01
1.281612213021119118e+01
1.271843506811650393e+01
1.261981340414589958e+01
1.252045811195112712e+01
1.242055339435898631e+01
1.232026618772168547e+01
1.221974539573285590e+01
1.211911915890865110e+01
1.201848911085723870e+01
1.191792265950720875e+01
1.181744684496702824e+01
1.171704833284785074e+01
1.161668229090828319e+01
1.151628892564946760e+01
1.141581275505287607e+01
1.131521870254706919e+01
1.121450137931916835e+01
1.111368776486877863e+01
1.101283627509296181e+01
1.091203532936716059e+01
1.081140242893833836e+01
1.071108234971686635e+01
1.061124221292895875e+01
1.051206248265222243e+01
1.041372534009924600e+01
1.031640365146375515e+01
1.022025360968502028e+01
1.012541208834380591e+01
1.003199698968551878e+01
9.940107010541309407e+00
9.849817387888734288e+00
9.761170337764880856e+00
9.674162045314854907e+00
9.588730688905572563e+00
9.504750832624406343e+00
9.422038177240704471e+00
9.340365679186266590e+00
9.259488640130852488e+00
9.179173778263624683e+00
9.099226235095418502e+00
9.019508962055653001e+00
8.939950526756403448e+00
8.860539606357145104e+00
8.781307023178195337e+00
8.702298922957947269e+00
8.623547157717974088e+00
8.545044328400408062e+00
8.466730447832345519e+00
8.388495499450291604e+00
8.310197880152253802e+00
8.231694187494699833e+00
8.152872600765677547e+00
8.073681280009459726e+00
7.994144920480829697e+00
7.914366110443374680e+00
7.834512193554429516e+00
7.754791687630762098e+00
7.675426145675755762e+00
7.596623460805048467e+00
7.518557341437234420e+00
7.441355625307576993e+00
7.365097887372316521e+00
7.289820910328317360e+00
7.215529324845594950e+00
7.142208223856582272e+00
7.069834800975939970e+00
6.998386903852188645e+00
6.927847550822471945e+00
6.858205598437335127e+00
6.789453580397633914e+00
6.721584114910447383e+00
6.654586213224317426e+00
6.588442457717010647e+00
6.523127539111182926e+00
6.458608206139159869e+00
6.394844375974614969e+00
6.331790999357828298e+00
6.269400244267712807e+00
6.207623614164971215e+00
6.146413715225179430e+00
6.085725509318192117e+00
6.025517022750899621e+00
5.965749611708000444e+00
5.906387993866543340e+00
5.847400316356739403e+00
5.788758521000593404e+00
5.730439181213879074e+00
5.672424835839620094e+00
5.614705669347674899e+00
5.557281232898370504e+00
5.500161812365213621e+00
5.443369058198233468e+00
5.386935604843506198e+00
5.330903603761588450e+00
5.275322327784653709e+00
5.220245212552142355e+00
5.165726819534770087e+00
5.111820192699998877e+00
5.058574936024555768e+00
5.006036107177843419e+00
4.954243781423301130e+00
4.903232969238221273e+00
4.853033522611358563e+00
4.803669743224503463e+00
4.755159572265235113e+00
4.707513434327367463e+00
4.660732965546119821e+00
4.614809937155444963e+00
4.569725675693591782e+00
4.525451190965775972e+00
4.481948080812476753e+00
4.439170123720043826e+00
4.397065331484846240e+00
4.355578142475749814e+00
4.314651408702312452e+00
4.274227871819241464e+00
4.234250927049560964e+00
4.194664621179743591e+00
4.155412993664675980e+00
4.116439016064577849e+00
4.077683483417056998e+00
4.039084238929912196e+00
4.000576061973639241e+00
3.962091427228572993e+00
3.923562174208182096e+00
3.884921945850045244e+00
3.846109099522236008e+00
3.807069694727948761e+00
3.767760137394080999e+00
3.728149113219881627e+00
3.688218558982029993e+00
3.647963576237666317e+00
3.607391356141903316e+00
3.566519327192558375e+00
3.525372835509721359e+00
3.483982705197510299e+00
3.442383001495359363e+00
3.400609240707106018e+00
3.358697177262951250e+00
3.316682174987706677e+00
3.274599062991061960e+00
3.232482307940038879e+00
3.190366315222843419e+00
3.148285700283610211e+00
3.106275434491995391e+00
3.064370845177111224e+00
3.022607512773049621e+00
2.981021140445301754e+00
2.939647465048860209e+00
2.898522238049687783e+00
2.857681247784789935e+00
2.817160302622427448e+00
2.776995068940038447e+00
2.737220670323738503e+00
2.697871004100082626e+00
2.658977804658364974e+00
2.620569558162060719e+00
2.582670427169151406e+00
2.545299359575841969e+00
2.508469528779542657e+00
2.472188188454024438e+00
2.436456943381917650e+00
2.401272359329455153e+00
2.366626779596738839e+00
2.332509195468490670e+00
2.298906033743595589e+00
2.265801768587120790e+00
2.233179322703188419e+00
2.201020278491537585e+00
2.169304960751829991e+00
2.138012471907684287e+00
2.107120758470266697e+00
2.076606768606557907e+00
2.046446732983363770e+00
2.016616572317895262e+00
1.987092411103511091e+00
1.957851160763473208e+00
1.928871127335058056e+00
1.900132597300347115e+00
1.871618358366273993e+00
1.843314118160556569e+00
1.815208791948182521e+00
1.787294640178647809e+00
1.759567247747373608e+00
1.732025348882112237e+00
1.704670513682444488e+00
1.677506723281288137e+00
1.650539868975599456e+00
1.623777215361091653e+00
1.597226867947812545e+00
1.570897282079825263e+00
1.544796843013388266e+00
1.518933537901278719e+00
1.493314730469034179e+00
1.467947039488113781e+00
1.442836313594644038e+00
1.417987688089147325e+00
1.393405704333741113e+00
1.369094469312916784e+00
1.345057831819484129e+00
1.321299552487378515e+00
1.297823447378384287e+00
1.274633488814872484e+00
1.251733852301746053e+00
1.229128904250470722e+00
1.206823131275087668e+00
1.184821017512527108e+00
1.163126881204296970e+00
1.141744685248565760e+00
1.120677838330272236e+00
1.099929003485060619e+00
1.079499929651386525e+00
1.059391319165094547e+00
1.039602740612034282e+00
1.020132592390385007e+00
1.000978118164811859e+00
9.821354714987553525e-01
9.635998236372123049e-01
9.453655058961589752e-01
9.274261765133704483e-01
9.097750011499547984e-01
8.924048364392717092e-01
8.753084069317245142e-01
8.584784673060966709e-01
8.419079436149365936e-01
8.255900494048635796e-01
8.095183746207282871e-01
7.936869471130789666e-01
7.780902682059023245e-01
7.627233250723077784e-01
7.475815835742286586e-01
7.326609657478042603e-01
7.179578162861808277e-01
7.034688622328449936e-01
6.891911697114717628e-01
6.751221009483304725e-01
6.612592741575599176e-01
6.476005281210894804e-01
6.341438925606136534e-01
6.208875647162055422e-01
6.078298919523239530e-01
5.949693597328419292e-01
5.823045839571305837e-01
5.698343064329781660e-01
5.575573921738070649e-01
5.454728272345017448e-01
5.335797159235279308e-01
5.218772764272204823e-01
5.103648341317361670e-01
4.990418122057401207e-01
4.879077192904360261e-01
4.769621344126558915e-01
4.662046894740292102e-01
4.556350498604164745e-01
4.452528938504348721e-01
4.350578915739561348e-01
4.250496842799618702e-01
4.152278646221596592e-01
4.055919585693501528e-01
3.961414094089489857e-01
3.868755641521913202e-01
3.777936624854715819e-01
3.688948282598775719e-01
3.601780633834064660e-01
3.516422438866413924e-01
3.432861178767205868e-01
3.351083050755324089e-01
3.271072976511301134e-01
3.192814620887208243e-01
3.116290418998708955e-01
3.041481610267157687e-01
2.968368278540290950e-01
2.896929397900898095e-01
2.827142884135975254e-01
2.758985652071851424e-01
2.692433679084599851e-01
2.627462075086630100e-01
2.564045159191534196e-01
2.502156543093934649e-01
2.441769220992597300e-01
2.382855665652879873e-01
2.325387929964564671e-01
2.269337753117111056e-01
2.214676670296218397e-01
2.161376124613676730e-01
2.109407579825281209e-01
2.058742632276244211e-01
2.009353120447947838e-01
1.961211230467936883e-01
1.914289595990008586e-01
1.868561390952545864e-01
1.824000413877182314e-01
1.780581162570140930e-01
1.738278898325424371e-01
1.697069698991286457e-01
1.656930500536699380e-01
1.617839127029584989e-01
1.579774309202937876e-01
1.542715692026257746e-01
1.506643831911950171e-01
1.471540184361927461e-01
1.437387082996523235e-01
1.404167711004226660e-01
1.371866066108636262e-01
1.340466920170799159e-01
1.309955774534788397e-01
1.280318812187855593e-01
1.251542847747594556e-01
1.223615276213878833e-01
1.196524021337181942e-01
1.170257484361798689e-01
1.144804493806459433e-01
1.120154256849194840e-01
1.096296312789971639e-01
1.073220488976135284e-01
1.050916859493114808e-01
1.029375706846543947e-01
1.008587486793410259e-01
9.885427964177932736e-02
9.692323454927563586e-02
9.506469311221152352e-02
9.327774156151437401e-02
9.156147075126506996e-02
8.991497456541004685e-02
8.833734861518979797e-02
8.682768921208143531e-02
8.538509259964131848e-02
8.400865442665418625e-02
8.269746944341069272e-02
8.145063140263529566e-02
8.026723314661102227e-02
7.914636686233043894e-02
7.808712448697417707e-02
7.708859824669343774e-02
7.614988131250097214e-02
7.527006855799608931e-02
7.444825740465770003e-02
7.368354874153355827e-02
7.297504790722161849e-02
7.232186572315350837e-02
7.172311956827806534e-02
