9.467373501500376935e-05
2.227095846570195572e-03
4.497243760473002006e-03
8.347045449234820336e-03
1.360110286425487459e-02
2.012780930877689639e-02
2.782536589888754200e-02
3.661290227281580045e-02
4.642466393010154235e-02
5.720609743792418045e-02
6.891114404817104411e-02
8.150032356269375222e-02
9.493934793011062079e-02
1.091980980928482781e-01
1.242498551415689712e-01
1.400707129071911139e-01
1.566391222593879196e-01
1.739355325416591658e-01
1.919421057042309808e-01
2.106424855895062398e-01
2.300216095935744276e-01
2.500655532770138523e-01
2.707614008842592623e-01
2.920971364525720149e-01
3.140615514490044391e-01
3.366441658022520378e-01
3.598351598891231795e-01
3.836253155574020912e-01
4.080059646639049298e-01
4.329689439111361060e-01
4.585065550016065861e-01
4.846115293126785351e-01
5.112769964392306354e-01
5.384964560658758170e-01
5.662637527216412003e-01
5.945730530434109040e-01
6.234188252335846059e-01
6.527958204457924296e-01
6.826990558719514546e-01
7.131237993366207339e-01
7.440655552315876831e-01
7.755200516462458227e-01
8.074832285681706745e-01
8.399512270442808237e-01
8.729203792065038936e-01
9.063871990772992548e-01
9.403483740803103563e-01
9.748007571897808754e-01
1.009741359659702908e+00
1.045167344279956056e+00
1.081076019112144460e+00
1.117464831662660085e+00
1.154331363454637716e+00
1.191673324964239056e+00
1.229488550889853649e+00
1.267774995725803544e+00
1.306530729614672204e+00
1.345753934454788636e+00
1.385442900241417252e+00
1.425596021622304921e+00
1.466211794649836975e+00
1.507288813713970388e+00
1.548825768641416856e+00
1.590821441948268911e+00
1.633274706234558948e+00
1.676184521710604614e+00
1.719549933846352685e+00
1.763370071136163508e+00
1.807644142972731016e+00
1.852371437624910744e+00
1.897551320315564505e+00
1.943183231396365285e+00
1.989266684617667869e+00
2.035801265492586332e+00
2.082786629755036589e+00
2.130222501912616639e+00
2.178108673895705838e+00
2.226445003804867095e+00
2.275231414759118387e+00
2.324467893848039868e+00
2.374154491191010852e+00
2.424291319106953946e+00
2.474878551398063120e+00
2.525916422750924095e+00
2.577405228258181413e+00
2.629345323063581485e+00
2.681737122132936690e+00
2.734581100152832622e+00
2.787877791558335261e+00
2.841627790690374411e+00
2.895831752082418387e+00
2.950490390875426083e+00
3.005604483358979451e+00
3.061174867635415353e+00
3.117202444403039063e+00
3.173688177852935333e+00
3.230633096673062532e+00
3.288038295152074575e+00
3.345904934373819195e+00
3.404234243492561429e+00
3.463027521077344240e+00
3.522286136512798649e+00
3.582011531442158336e+00
3.642205221237109658e+00
3.702868796477573721e+00
3.764003924423197311e+00
3.825612350457237021e+00
3.887695899481932393e+00
3.950256477243644149e+00
4.013296071564700362e+00
4.076816753458160747e+00
4.140820678100686436e+00
4.205310085638253703e+00
4.270287301799138291e+00
4.335754738287787902e+00
4.401714892934293744e+00
4.468170349573255429e+00
4.535123777627505959e+00
4.602577931372150211e+00
4.670535648856138700e+00
4.738999850459618912e+00
4.807973537067256053e+00
4.877459787839601546e+00
4.947461757566688156e+00
5.017982673590923426e+00
5.089025832288466056e+00
5.160594595101597903e+00
5.232692384117496154e+00
5.305322677191663061e+00
5.378489002618312753e+00
5.452194933352426887e+00
5.526444080792265900e+00
5.601240088134386674e+00
5.676586623316564939e+00
5.752487371567585939e+00
5.828946027586492384e+00
5.905966287377034440e+00
5.983551839766889202e+00
6.061706357644472298e+00
6.140433488949867069e+00
6.219736847459697238e+00
6.299620003409460267e+00
6.380086474000619567e+00
6.461139713842785959e+00
6.542783105385682418e+00
6.625019949398562424e+00
6.707853455558673517e+00
6.791286733213791393e+00
6.875322782387053522e+00
6.959964485095372133e+00
7.045214597055779571e+00
7.131075739855814888e+00
7.217550393666440911e+00
7.304640890576274082e+00
7.392349408626956553e+00
7.480677966628045183e+00
7.569628419828196897e+00
7.659202456516545077e+00
7.749401595623277572e+00
7.840227185383183972e+00
7.931680403118106071e+00
8.023762256185754893e+00
8.116473584132293695e+00
8.209815062074055092e+00
8.303787205321309983e+00
8.398390375242847483e+00
8.493624786355114864e+00
8.589490514604309013e+00
8.685987506793775736e+00
8.783115591093011432e+00
8.880874488548736068e+00
8.979263825503416285e+00
9.078283146812367477e+00
9.177931929737344063e+00
9.278209598383835299e+00
9.379115538538584929e+00
9.480649112757831176e+00
9.582809675550723938e+00
9.685596588500320792e+00
9.789009235164090938e+00
9.893047035599019878e+00
9.997709460360811207e+00
1.010299604383452632e+01
1.020890639676392375e+01
1.031544021785826359e+01
1.042259730436900789e+01
1.053037756154433957e+01
1.063878101088561046e+01
1.074780779714642343e+01
1.085745819403422452e+01
1.096773260859039389e+01
1.107863158424416383e+01
1.119015580255193321e+01
1.130230608365057776e+01
1.141508338546925039e+01
1.152848880175759305e+01
1.164252355900239344e+01
1.175718901231594771e+01
1.187248664038878054e+01
1.198841803960857177e+01
1.210498491745314809e+01
1.222218908527071513e+01
1.234003245056343268e+01
1.245851700889205205e+01
1.257764483552010759e+01
1.269741807691367264e+01
1.281783894220961528e+01
1.293890969476282571e+01
1.306063264387410605e+01
1.318301013679631595e+01
1.330604455110628592e+01
1.342973828752197818e+01
1.355409376323378012e+01
1.367911340580784696e+01
1.380479964770826129e+01
1.393115492147252610e+01
1.405818165556253341e+01
1.418588227090149623e+01
1.431425917809429293e+01
1.444331477531815011e+01
1.457305144685876108e+01
1.470347156225715324e+01
1.483457747602409427e+01
1.496637152787009839e+01
1.509885604339460130e+01
1.523203333517054503e+01
1.536590570416056067e+01
1.550047544139621536e+01
1.563574482985385572e+01
1.577171614646041498e+01
1.590839166416575701e+01
1.604577365402035483e+01
1.618386438720290954e+01
1.632266613694522306e+01
1.646218118030845545e+01
1.660241179976883075e+01
1.674336028457604542e+01
1.688502893185297538e+01
1.702742004740933623e+01
1.717053594624504953e+01
1.731437895272430438e+01
1.745895140040227744e+01
1.760425563149083672e+01
1.775029399594997770e+01
1.789706885019591098e+01
1.804458255541599243e+01
1.819283747548681518e+01
1.834183597448918235e+01
1.849158041382092676e+01
1.864207314890920131e+01
1.879331652552858145e+01
1.894531287573541078e+01
1.909806451343319367e+01
1.925157372959059288e+01
1.940584278713659927e+01
1.956087391556548383e+01
1.971666930528882489e+01
1.987323110177631591e+01
2.003056139953434567e+01
2.018866223597315468e+01
2.034753558521962802e+01
2.050718335193305819e+01
2.066760736518609320e+01
2.082880937247053765e+01
2.099079103389189527e+01
2.115355391661148587e+01
2.131709948959665013e+01
2.148142911873463845e+01
2.164654406236432393e+01
2.181244546727485201e+01
2.197913436521743336e+01
2.214661166997079178e+01
2.231487817499741411e+01
2.248393455172106314e+01
2.265378134845353131e+01
2.282441898999158880e+01
2.299584777790062162e+01
2.316806789149700307e+01
2.334107938953572869e+01
2.351488221260519396e+01
2.368947618622521745e+01
2.386486102463983983e+01
2.404103633529199868e+01
2.421800162396065659e+01
2.439575630053603916e+01
2.457429968540414222e+01
2.475363101640583707e+01
2.493374945632951878e+01
2.511465410089371986e+01
2.529634398716616417e+01
2.547881810236633626e+01
2.566207539298821771e+01
2.584611477417889347e+01
2.603093513930178915e+01
2.621653536961144582e+01
2.640291434396070969e+01
2.659007094846132446e+01
2.677800408601304127e+01
2.696671268561911816e+01
2.715619571140220856e+01
2.734645217123773975e+01
2.753748112492078803e+01
2.772928169178941360e+01
2.792185305772672166e+01
2.811519448147246081e+01
2.830930530017997881e+01
2.850418493416081134e+01
2.869983289076984789e+01
2.889624876739020820e+01
2.909343225348973405e+01
2.929138313172887464e+01
2.949010127811342841e+01
2.968958666119418410e+01
2.988983934032905410e+01
3.009085946303422432e+01
3.029264726145908782e+01
3.049520304803685633e+01
3.069852721036455279e+01
3.090262020538296284e+01
3.110748255293054143e+01
3.131311482875500829e+01
3.151951765707162423e+01
3.172669170276299511e+01
3.193463766331669262e+01
3.214335626060146467e+01
3.235284823258073317e+01
3.256311432506310410e+01
3.277415528358462637e+01
3.298597184551520911e+01
3.319856473247507722e+01
3.341193464313965933e+01
3.362608224650325894e+01
3.384100817566316266e+01
3.405671302217358232e+01
3.427319733100964072e+01
3.449046159616711549e+01
3.470850625691340241e+01
3.492733169469208576e+01
3.514693823066727418e+01
3.536732612388701114e+01
3.558849557002611164e+01
3.581044670066214053e+01
3.603317958302201163e+01
3.625669422013136511e+01
3.648099055128488288e+01
3.670606845275172958e+01
3.693192773862143241e+01
3.715856816169228694e+01
3.738598941430255707e+01
3.761419112900161110e+01
3.784317287896276838e+01
3.807293417804265090e+01
3.830347448039530889e+01
3.853479317956094974e+01
3.876688960695647523e+01
3.899976302970882358e+01
3.923341264778217408e+01
3.946783759036809869e+01
3.970303691152136594e+01
3.993900958503852650e+01
4.017575449859849357e+01
4.041327044719167816e+01
4.065155612588952039e+01
4.089061012201509016e+01
4.113043090679200020e+01
4.137101682656292923e+01
4.161236609367826134e+01
4.185447677716894077e+01
4.209734679332250096e+01
4.234097389629243935e+01
4.258535566887333346e+01
4.283048951357886835e+01
4.307637264416367628e+01
4.332300207772897949e+01
4.357037462755248924e+01
4.381848689678106723e+01
4.406733527312135834e+01
4.431691592466098939e+01
4.456722479694337835e+01
4.481825761141805486e+01
4.507000986537627085e+01
4.532247683347473810e+01
4.557565357093748304e+01
4.582953491851696981e+01
4.608411550927927181e+01
4.633938977726425890e+01
4.659535196805396140e+01
4.685199615126716566e+01
4.710931623497008047e+01
4.736730598198523268e+01
4.762595902804006442e+01
4.788526890169033834e+01
4.814522904591364494e+01
4.840583284125406038e+01
4.866707363036417178e+01
4.892894474377136049e+01
4.919143952666773600e+01
4.945455136649771077e+01
4.971827372109961374e+01
4.998260014713277144e+01
5.024752432850669237e+01
5.051304010451712401e+01
5.077914149737686245e+01
5.104582273883022481e+01
5.131307829553064437e+01
5.158090289286663932e+01
5.184929153692729642e+01
5.211823953430698708e+01
5.238774250946559619e+01
5.265779641938117805e+01
5.292839756525270900e+01
5.319954260104038468e+01
5.347122853866277126e+01
5.374345274970316666e+01
5.401621296351801504e+01
5.428950726167952467e+01
5.456333406872985847e+01
5.483769213927233466e+01
5.511258054146758667e+01
5.538799863706056215e+01
5.566394605810800300e+01
5.594042268063255108e+01
5.621742859547585169e+01
5.649496407667680842e+01
5.677302954774626897e+01
5.705162554625122340e+01
5.733075268716571316e+01
5.761041162547303429e+01
5.789060301853187696e+01
5.817132748873631698e+01
5.845258558700334817e+01
5.873437775762116786e+01
5.901670430497254927e+01
5.929956536262081812e+01
5.958296086520925883e+01
5.986689052356692997e+01
6.015135380336415238e+01
6.043634990757789893e+01
6.072187776296201633e+01
6.100793601062724036e+01
6.129452300075607951e+01
6.158163679139002511e+01
6.186927515114768283e+01
6.215743556564875405e+01
6.244611524735523034e+01
6.273531114847006052e+01
6.302501997648813159e+01
6.331523821194607393e+01
6.360596212789097592e+01
6.389718781056680541e+01
6.418891118080961178e+01
6.448112801564612084e+01
6.477383396960512130e+01
6.506702459526947280e+01
6.536069536263255486e+01
6.565484167685713146e+01
6.594945889407915729e+01
6.624454233494665800e+01
6.654008729563753377e+01
6.683608905614981666e+01
6.713254288571717154e+01
6.742944404525404423e+01
6.772678778679248524e+01
6.802456934992190440e+01
6.832278395530074988e+01
6.862142679535097045e+01
6.892049302229941077e+01
6.921997773377511010e+01
6.951987595620697391e+01
6.982018262632114158e+01
7.012089257106126183e+01
7.042200048630526510e+01
7.072350091478043055e+01
7.102538822361448467e+01
7.132765658199180336e+01
7.163029993940874363e+01
7.193331200504145784e+01
7.223668622876051870e+01
7.254041578432031656e+01
7.284449355525808301e+01
7.314891212401235521e+01
7.345366376474282788e+01
7.375874044029117726e+01
7.406413380366217325e+01
7.436983520433246042e+01
7.467583569961583123e+01
7.498212607120822781e+01
7.528869684694684850e+01
7.559553832769543646e+01
7.590264061916413141e+01
7.620999366835695810e+01
7.651758730423097177e+01
7.682541128204731251e+01
7.713345533079636596e+01
7.744170920299410454e+01
7.775016272607109613e+01
7.805880585451127729e+01
7.836762872185263973e+01
7.867662169162412056e+01
7.898577540628197369e+01
7.929508083319869627e+01
7.960452930678761163e+01
7.991411256586887646e+01
8.022382278544246503e+01
8.053365260210368604e+01
8.084359513242600315e+01
8.115364398374042310e+01
8.146379325686623929e+01
8.177403754048059170e+01
8.208437189696459768e+01
8.239479183972240151e+01
8.270529330213138053e+01
8.301587259845534561e+01
8.332652637721912470e+01
8.363725156771633351e+01
8.394804532048257784e+01
8.425890494272896092e+01
8.456982782986889902e+01
8.488081139441439404e+01
8.519185299361195973e+01
8.550294985729570385e+01
8.581409901747340996e+01
8.612529724119906405e+01
8.643654096825753186e+01
8.674782625513836365e+01
8.705914872666045312e+01
8.737050353646699818e+01
8.768188533740961077e+01
8.799328826261641723e+01
8.830470591776425238e+01
8.861613138479515328e+01
8.892755723701597503e+01
8.923897556522004493e+01
8.955037801418937704e+01
8.986175582866012235e+01
9.017309990761384597e+01
9.048440086556074391e+01
9.079564909933510819e+01
9.110683485881773436e+01
9.141794831996197956e+01
9.172897965847559476e+01
9.203991912255604291e+01
9.235075710314222874e+01
9.266148420025027121e+01
9.297209128407536127e+01
9.328256954970375148e+01
9.359291056441735179e+01
9.390310630675055847e+01
9.421314919662849263e+01
9.452303211608457900e+01
9.483274842023020312e+01
9.514229193831238263e+01
9.545165696486763807e+01
9.576083824112784271e+01
9.606983092699785232e+01
9.637863056406584406e+01
9.668723303025436167e+01
9.699563448686048162e+01
9.730383131887023751e+01
9.761182006956491364e+01
9.791959737057079849e+01
9.822715986862610293e+01
9.853450415046688704e+01
9.884162666732346736e+01
9.914852366063553291e+01
9.945519109063442897e+01
9.976162456949845136e+01
1.000678193007757244e+02
1.003737700267251398e+02
1.006794709851265850e+02
1.009849158769585102e+02
1.012900978461378116e+02
1.015950094722436177e+02
1.018996427768441464e+02
1.022039892436867063e+02
1.025080398526320522e+02
1.028117851268083029e+02
1.031152151920688311e+02
1.034183198474435983e+02
1.037210886449218066e+02
1.040235109765915951e+02
1.043255761669065151e+02
1.046272735676643748e+02
1.049285926531685504e+02
1.052295231130093498e+02
1.055300549399397028e+02
1.058301785104381736e+02
1.061298846557395734e+02
1.064291647213471776e+02
1.067280106133463562e+02
1.070264148301626221e+02
1.073243704787778228e+02
1.076218712747942021e+02
1.079189115261239067e+02
1.082154861004708266e+02
1.085115903771450405e+02
1.088072201841114719e+02
1.091023717215056337e+02
1.093970414731667944e+02
1.096912261080187818e+02
1.099849223733832844e+02
1.102781269825491961e+02
1.105708364991217110e+02
1.108630472208691629e+02
1.111547550659331165e+02
1.114459554644062962e+02
1.117366432583567644e+02
1.120268126134025124e+02
1.123164569448774017e+02
1.126055688614718804e+02
1.128941401289305873e+02
1.131821616559829522e+02
1.134696235041011647e+02
1.137565149219888241e+02
1.140428244049050051e+02
1.143285397780518053e+02
1.146136483023736190e+02
1.148981368002705494e+02
1.151819917979767212e+02
1.154651996807631065e+02
1.157477468566945475e+02
1.160296199244722146e+02
1.163108058408750907e+02
1.165912920834962136e+02
1.168710668048061052e+02
1.171501189740159106e+02
1.174284385037319680e+02
1.177060163589218860e+02
1.179828446462173304e+02
1.182589166820585973e+02
1.185342270385583703e+02
1.188087715663099004e+02
1.190825473936003647e+02
1.193555529017173455e+02
1.196277876761915451e+02
1.198992524340140875e+02
1.201699489270391439e+02
1.204398798220394582e+02
1.207090485581638006e+02
1.209774591829304171e+02
1.212451161683326575e+02
1.215120242091639255e+02
1.217781880062537141e+02
1.220436120379470424e+02
1.223083003238105846e+02
1.225722561851899286e+02
1.228354820078313594e+02
1.230979790122605237e+02
1.233597470379465619e+02
1.236207843474160768e+02
1.238810874563928479e+02
1.241406509956505602e+02
1.243994676096618690e+02
1.246575278961725957e+02
1.249148203897102292e+02
1.251713315906680890e+02
1.254270460401312448e+02
1.256819464390824947e+02
1.259360138091197427e+02
1.261892276904222854e+02
1.264415663714937921e+02
1.266930071442324959e+02
1.269435265772061143e+02
1.271931007996164880e+02
1.274417057883731985e+02
1.276893176509102119e+02
1.279359128968407333e+02
1.281814686922075737e+02
1.284259630908758254e+02
1.286693752385002369e+02
1.289116855453742687e+02
1.291528758253489002e+02
1.293929293988133225e+02
1.296318311584739149e+02
1.298695675973382606e+02
1.301061267989267947e+02
1.303414983903110169e+02
1.305756734591132044e+02
1.308086444361678673e+02
1.310404049460827878e+02
1.312709496285099533e+02
1.315002739335510284e+02
1.317283738953547072e+02
1.319552458886902286e+02
1.321808863740729407e+02
1.324052916379202998e+02
1.326284575352016759e+02
1.328503792430669534e+02
1.330710510349346407e+02
1.332904660852713334e+02
1.335086163156972532e+02
1.337254922928033807e+02
1.339410831870440575e+02
1.341553768000721618e+02
1.343683596649600531e+02
1.345800172199568578e+02
1.347903340521003202e+02
1.349992942025120328e+02
1.352068815210306809e+02
1.354130800545185593e+02
1.356178744510413310e+02
1.358212503615121420e+02
1.360231948212473299e+02
1.362236965961567989e+02
1.364227464815503481e+02
1.366203375453738715e+02
1.368164653116055547e+02
1.370111278830704862e+02
1.372043260057735097e+02
1.373960630787455557e+02
1.375863451143583518e+02
1.377751806540986479e+02
1.379625806441376028e+02
1.381485582738552012e+02
1.383331287791384909e+02
1.385163092109362140e+02
1.386981181685458751e+02
1.388785754965446415e+02
1.390577019443444158e+02
1.392355187880394851e+02
1.394120474155888303e+02
1.395873088782962839e+02
1.397613234139825238e+02
1.399341099500224743e+02
1.401056855973728545e+02
1.402760651496803916e+02
1.404452606042709988e+02
1.406132807239904707e+02
1.407801306601999158e+02
1.409458116573671873e+02
1.411103208583865012e+02
1.412736512268226932e+02
1.414357915977243465e+02
1.415967268626474151e+02
1.417564382875286526e+02
1.419149039545618223e+02
1.420720993119147977e+02
1.422279978086841936e+02
1.423825715874159243e+02
1.425357922033239220e+02
1.426876313382057049e+02
1.428380614780434996e+02
1.429870565262567936e+02
1.431345923291907241e+02
1.432806470962957235e+02
1.434252017039753184e+02
1.435682398787116369e+02
1.437097482612715851e+02
1.438497163590091645e+02
1.439881363972868655e+02
1.441250030835471421e+02
1.442603132987282208e+02
1.443940657306521018e+02
1.445262604630439114e+02
1.446568985323805805e+02
1.447859814631378867e+02
1.449135107905403572e+02
1.450394875787443425e+02
1.451639119415608832e+02
1.452867825721800443e+02
1.454080962877750380e+02
1.455278475941653369e+02
1.456460282749750661e+02
1.457626270092216316e+02
1.458776290215574249e+02
1.459910157711373131e+02
1.461027646888471736e+02
1.462128489786512375e+02
1.463212375065342883e+02
1.464278948087249717e+02
1.465327812574971631e+02
1.466358534253375296e+02
1.467370646842909139e+02
1.468363660651254747e+02
1.469337073804688885e+02
1.470290385888294509e+02
1.471223113460546301e+02
1.472134806622169094e+02
1.473025065606320254e+02
1.473893556262841855e+02
1.474740023359860572e+02
1.475564300819317793e+02
1.476366318307621270e+02
1.477146103965621080e+02
1.477903783421247397e+02
1.478639575527543855e+02
1.479353785469654383e+02
1.480046795974106431e+02
1.480719057339962035e+02
1.481371076920160874e+02
1.482003408544114791e+02
1.482616642219763889e+02
1.483211394309352613e+02
1.483788298254298184e+02
1.484347995839261785e+02
1.484891128935429663e+02
1.485418331643884642e+02
1.485930222762822837e+02
1.486427398515547509e+02
1.486910425488096053e+02
1.487379833729702341e+02
1.487836109967329037e+02
1.488279690887560207e+02
1.488710956462957711e+02
1.489130223363068239e+02
1.489537738603373782e+02
1.489933673743598490e+02
1.490318120126229076e+02
1.490691085806486740e+02
1.491052494917211391e+02
1.491402190193115302e+02
1.491739939223105296e+02
1.492065444710406439e+02
1.492378358630765831e+02
1.492678299745084018e+02
1.492964873510758821e+02
1.493237693106728159e+02
1.493496400086166034e+02
1.493740683120407198e+02
1.493970293401449396e+02
1.494185055515846727e+02
1.494384872968118145e+02
1.494569727985528402e+02
1.494739675734582818e+02
1.494894833566441150e+02
1.495035366318945762e+02
1.495161468977334494e+02
1.495273348097003918e+02
1.495371203317925506e+02
1.495455210084507485e+02
1.495525504384650901e+02
1.495582169999842961e+02
1.495625228467951047e+02
1.495654631737599800e+02
1.495670257357139690e+02
1.495671905994770441e+02
1.495659301114675088e+02
1.495632090703054757e+02
1.495589850994603580e+02
1.495532092135827611e+02
1.495458265590793587e+02
1.495367772839300358e+02
1.495259974579616369e+02
1.495134199320461335e+02
1.494989750051117596e+02
1.494825907732572432e+02
1.494641930734787252e+02
1.494437050068966357e+02
1.494210461263466811e+02
1.493961314863862242e+02
1.493688708586572318e+02
1.493391684857814425e+02
1.493069237550883201e+02
1.492720330979575181e+02
1.492343932550178351e+02
1.491939058091452921e+02
1.491504826214230093e+02
1.491040515739627494e+02
1.490545618942342116e+02
1.490019883535623251e+02
1.489463338029573549e+02
1.488876297915311966e+02
1.488259353321618619e+02
1.487613341534541007e+02
1.486939309449077768e+02
1.486238471403999881e+02
1.485512167107628727e+02
1.484761822925835872e+02
1.483988918169600879e+02
1.483194956581859572e+02
1.482381442207141617e+02
1.481549858305009764e+02
1.480701647921150084e+02
1.479838195094493187e+02
1.478960806356005548e+02
1.478070693016659334e+02
1.477168955536507156e+02
1.476256571765947001e+02
1.475334390831450548e+02
1.474403133788426317e+02
1.473463400944445141e+02
1.472515684222002221e+02
1.471560381488148721e+02
1.470597808894317780e+02
1.469628207332021645e+02
1.468651740292625902e+02
1.467668482575457460e+02
1.466678401943578649e+02
1.465681338285723712e+02
1.464676986407024799e+02
1.463664888768778667e+02
1.462644443239483110e+02
1.461614928504072850e+02
1.460575546761048429e+02
1.459525480348915778e+02
1.458463956528032952e+02
1.457390313169762237e+02
1.456304057725093912e+02
1.455204912509798589e+02
1.454092840855092561e+02
1.452968050785550815e+02
1.451830975392644234e+02
1.450682231802768740e+02
1.449522563359619483e+02
1.448352771936937700e+02
1.447173648598327134e+02
1.445985910623774657e+02
1.444790151109046121e+02
1.443586804347141594e+02
1.442376126872057398e+02
1.441158191277962715e+02
1.439932888298420153e+02
1.438699932277835387e+02
1.437458865940395469e+02
1.436209062031006738e+02
1.434949721729976488e+02
1.433679872360961269e+02
1.432398369196846488e+02
1.431103907302271239e+02
1.429795048613466975e+02
1.428470266611856800e+02
1.427128006503425297e+02
1.425766753984830473e+02
1.424385102009416073e+02
1.422981803743746241e+02
1.421555801549955049e+02
1.420106225674817608e+02
1.418632360970760828e+02
1.417133584116731981e+02
1.415609277067106291e+02
1.414058725558395224e+02
1.412481015521995573e+02
1.410874945287857827e+02
1.409238975692403528e+02
1.407571240221617472e+02
1.405869629990064880e+02
1.404131953194245170e+02
1.402356149221304804e+02
1.400540520558611775e+02
1.398683937999023499e+02
1.396785980076908231e+02
1.394846984609679339e+02
1.392868012451219499e+02
1.390850743273857972e+02
1.388797334520184847e+02
1.386710275799620717e+02
1.384592263991098662e+02
1.382446113144737296e+02
1.380274701773027175e+02
1.378080950749613294e+02
1.375867818866288417e+02
1.373638300405143298e+02
1.371395409846829807e+02
1.369142142870193197e+02
1.366881409506449927e+02
1.364615943415662969e+02
1.362348198850951349e+02
1.360080251945763905e+02
1.357813724107093662e+02
1.355549742275259462e+02
1.353288944499225579e+02
1.351031531183795664e+02
1.348777354044020456e+02
1.346526027596313497e+02
1.344277043190949144e+02
1.342029864482516928e+02
1.339783986935138103e+02
1.337538952492079147e+02
1.335294322107633604e+02
1.333049619970125832e+02
1.330804270159896419e+02
1.328557547052332950e+02
1.326308555693177027e+02
1.324056250567451514e+02
1.321799493679066302e+02
1.319537146779128420e+02
1.317268187019020331e+02
1.314991829249415218e+02
1.312707632704817513e+02
1.310415568223582454e+02
1.308116027675337421e+02
1.305809770024591216e+02
1.303497814433341091e+02
1.301181303752453857e+02
1.298861366712813208e+02
1.296539003098181411e+02
1.294215006291635177e+02
1.291889926913850957e+02
1.289564073848641783e+02
1.287237545876679405e+02
1.284910286755783773e+02
1.282582156237218669e+02
1.280253007428277954e+02
1.277922757193141479e+02
1.275591432729203092e+02
1.273259176715346968e+02
1.270926197769160098e+02
1.268592663034663275e+02
1.266258543963985943e+02
1.263923441284956510e+02
1.261586426580686435e+02
1.259245942160314229e+02
1.256899795451519992e+02
1.254545268028447538e+02
1.252179333979537574e+02
1.249798952523517102e+02
1.247401374353271848e+02
1.244984390513153301e+02
1.242546463780591210e+02
1.240086714099826537e+02
1.237604770164262504e+02
1.235100531980715175e+02
1.232573901127835541e+02
1.230024525055752633e+02
1.227451580478905271e+02
1.224853605390376572e+02
1.222228390175164492e+02
1.219572952531248120e+02
1.216883632766305823e+02
1.214156337973063700e+02
1.211386929165261677e+02
1.208571695808199280e+02
1.205707820902307361e+02
1.202793729242179097e+02
1.199829239499379412e+02
1.196815496410988544e+02
1.193754719860243227e+02
1.190649851090797853e+02
1.187504191283993578e+02
1.184321115311407624e+02
1.181103912857504810e+02
1.177855771628527322e+02
1.174579882415498560e+02
1.171279619463706183e+02
1.167958735078534716e+02
1.164621505660637553e+02
1.161272776905716597e+02
1.157917877155656043e+02
1.154562397031704535e+02
1.151211865436385722e+02
1.147871378750538582e+02
1.144545252389109606e+02
1.141236756183335928e+02
1.137947969821652947e+02
1.134679762479037350e+02
1.131431875081020593e+02
1.128203072847864377e+02
1.124991339364615612e+02
1.121794093512747139e+02
1.118608417600913469e+02
1.115431284237184002e+02
1.112259764260760591e+02
1.109091196830343478e+02
1.105923311258435149e+02
1.102754305188075961e+02
1.099582894720246600e+02
1.096408350139842014e+02
1.093230517053538620e+02
1.090049808608287378e+02
1.086867153145781089e+02
1.083683896646129767e+02
1.080501680495999182e+02
1.077322326093265872e+02
1.074147748759108367e+02
1.070979898823016470e+02
1.067820703183695628e+02
1.064671972479344788e+02
1.061535254365004448e+02
1.058411646006652376e+02
1.055301611835104723e+02
1.052204866905386496e+02
1.049120371785333674e+02
1.046046447455701696e+02
1.042980977294049865e+02
1.039921638988643764e+02
1.036866112823030193e+02
1.033812238852427186e+02
1.030758127463232512e+02
1.027702248525168329e+02
1.024643525355945428e+02
1.021581443718744993e+02
1.018516162877379116e+02
1.015448596234066514e+02
1.012380421192118689e+02
1.009313985019293227e+02
1.006252094087931823e+02
1.003197701850910732e+02
1.000153537615736212e+02
9.971217356597799153e+01
9.941035282920580585e+01
9.910990576133575303e+01
9.881073423468518513e+01
9.851264113212128848e+01
9.821535854124331877e+01
9.791858570524317429e+01
9.762202874680124864e+01
9.732543283583922289e+01
9.702859876490404645e+01
9.673137996176805586e+01
9.643366157389849036e+01
9.613532829100005017e+01
9.583623015263469824e+01
9.553615505427994492e+01
9.523481378145163490e+01
9.493183975905564864e+01
9.462680276964503889e+01
9.431923429951062587e+01
9.400866157041164684e+01
9.369464682032524649e+01
9.337682731903741740e+01
9.305495008190270312e+01
9.272889432886458394e+01
9.239867574796305405e+01
9.206443013747281157e+01
9.172637919731857892e+01
9.138478617700596374e+01
9.103991176352995751e+01
9.069198005829677811e+01
9.034116124922893221e+01
8.998757308367409280e+01
8.963129896502867666e+01
8.927241732582766076e+01
8.891103522557899907e+01
8.854731903175141383e+01
8.818151658126005543e+01
8.781396797197344029e+01
8.744510507549509271e+01
8.707544175426184552e+01
8.670555694839302419e+01
8.633607172027781473e+01
8.596762031159092032e+01
8.560081552243586600e+01
8.523621052970240441e+01
8.487426164901211223e+01
8.451529791435022787e+01
8.415950255740486341e+01
8.380690862472069114e+01
8.345740739809855313e+01
8.311076567502621515e+01
8.276664736175939652e+01
8.242463612550578489e+01
8.208425804938924841e+01
8.174500511347214626e+01
8.140636100669610187e+01
8.106782999274254564e+01
8.072896771933685045e+01
8.038941094246818864e+01
8.004890223492802193e+01
7.970730643914257030e+01
7.936461751605305892e+01
7.902095641573303908e+01
7.867656163215744414e+01
7.833177400900729026e+01
7.798701677458961967e+01
7.764277153161548028e+01
7.729955133622694063e+01
7.695787268542626691e+01
7.661822848722860613e+01
7.628106354146906654e+01
7.594675306351444988e+01
7.561558416330001364e+01
7.528774051295027903e+01
7.496329145657958293e+01
7.464218766972457786e+01
7.432426538467257160e+01
7.400926000918431669e+01
7.369682811549114376e+01
7.338657492136141514e+01
7.307808313862672378e+01
7.277093889441982810e+01
7.246475151654398417e+01
7.215916600989514507e+01
7.185386925566174909e+01
7.154859247443432935e+01
7.124311286220016370e+01
7.093725667732272200e+01
7.063090487357396796e+01
7.032400099588539888e+01
7.001655966220781124e+01
6.970867277764399716e+01
6.940051010599474068e+01
6.909231141272586285e+01
6.878436916927559253e+01
6.847700328991163587e+01
6.817053171829540759e+01
6.786524207835731204e+01
6.756136957157261236e+01
6.725908482637218810e+01
6.695849293958893611e+01
6.665964227765762473e+01
6.636253955106521119e+01
6.606716677471460741e+01
6.577349603596020700e+01
6.548149914508718439e+01
6.519115070001875267e+01
6.490242442900546394e+01
6.461528372813963017e+01
6.432966816824240652e+01
6.404547852454983570e+01
6.376256351740069306e+01
6.348071165285921325e+01
6.319965099241502315e+01
6.291905827676131224e+01
6.263857688065505158e+01
6.235784115690102425e+01
6.207650340645273701e+01
6.179425930704713466e+01
6.151086812889310096e+01
6.122616518862977841e+01
6.094006536512084438e+01
6.065255779597896435e+01
6.036369291235705958e+01
6.007356372818481560e+01
5.978228383887579866e+01
5.948996494674273805e+01
5.919669688521688045e+01
5.890253297029727975e+01
5.860748296586206152e+01
5.831151495409744001e+01
5.801456599256925983e+01
5.771655980373814998e+01
5.741742824203270601e+01
5.711713238061216202e+01
5.681567913589793761e+01
5.651313049145954892e+01
5.620960429167612205e+01
5.590526765603553372e+01
5.560032567940681503e+01
5.529500879961035054e+01
5.498956192662065945e+01
5.468423733473712645e+01
5.437929180456354317e+01
5.407498700914330669e+01
5.377159106061020566e+01
5.346937872540456738e+01
5.316862814143285476e+01
5.286961279867923480e+01
5.257258880405301227e+01
5.227777872012053706e+01
5.198535426173248908e+01
5.169542065917126905e+01
5.140800545749437589e+01
5.112305392263445469e+01
5.084043216619636496e+01
5.055993778227767876e+01
5.028131649046628127e+01
5.000428230218913939e+01
4.972853831276030689e+01
4.945379546251084690e+01
4.917978741277844534e+01
4.890628078720970962e+01
4.863308109843757876e+01
4.836003541707490427e+01
4.808703308773520746e+01
4.781400558284367008e+01
4.754092608774553241e+01
4.726780887213639915e+01
4.699470813040822037e+01
4.672171587220402955e+01
4.644895859928994497e+01
4.617659280735028204e+01
4.590479965246532856e+01
4.563377929214870932e+01
4.536374538724949446e+01
4.509492005644987955e+01
4.482752929869357672e+01
4.456179865066534518e+01
4.429794871029982062e+01
4.403619016572135081e+01
4.377671810604685021e+01
4.351970561088471356e+01
4.326529686359811677e+01
4.301360025424323652e+01
4.276468208444025976e+01
4.251856153163293328e+01
4.227520748097254000e+01
4.203453772670438582e+01
4.179642092154214339e+01
4.156068151755603424e+01
4.132710775281135085e+01
4.109546243434591162e+01
4.086549583410143072e+01
4.063695952618361673e+01
4.040961961352900289e+01
4.018326770169637996e+01
3.995772828523891462e+01
3.973286188453938905e+01
3.950856413096411046e+01
3.928476179097843612e+01
3.906140721382748637e+01
3.883847275936896182e+01
3.861594643200025700e+01
3.839382935073943770e+01
3.817213501780969409e+01
3.795088978962264292e+01
3.773013362508606861e+01
3.750992012838307232e+01
3.729031508993720934e+01
3.707139309010380401e+01
3.685323217794135786e+01
3.663590708534566431e+01
3.641948180634948073e+01
3.620400259656090469e+01
3.598949248250899302e+01
3.577594820062863334e+01
3.556334013793902216e+01
3.535161538922914559e+01
3.514070357175510395e+01
3.493052463929730322e+01
3.472099767720847296e+01
3.451204956403913116e+01
3.430362244397399252e+01
3.409567913839903497e+01
3.388820590032314328e+01
3.368121225028184540e+01
3.347472799550848777e+01
3.326879788932124171e+01
3.306347469092516178e+01
3.285881159003047003e+01
3.265485502663533168e+01
3.245163884595542925e+01
3.224918049409820497e+01
3.204747962480531243e+01
3.184651911581260464e+01
3.164626815411229188e+01
3.144668679870066441e+01
3.124773129818361284e+01
3.104935943176280944e+01
3.085153523599692349e+01
3.065423264404984849e+01
3.045743776345016229e+01
3.026114972010959292e+01
3.006538017365286208e+01
2.987015174228188386e+01
2.967549565320740257e+01
2.948144895579821423e+01
2.928805160773605110e+01
2.909534368610471589e+01
2.890336290507929107e+01
2.871214255682267691e+01
2.852170994264276871e+01
2.833208532939599422e+01
2.814328144675905108e+01
2.795530352638009575e+01
2.776814986672218311e+01
2.758181288359386230e+01
2.739628057603106015e+01
2.721153830392281137e+01
2.702757074305374729e+01
2.684436386086064985e+01
2.666190674699548779e+01
2.648019313980873335e+01
2.629922251404197553e+01
2.611900063495455626e+01
2.593953953620718877e+01
2.576085693752747829e+01
2.558297517657889131e+01
2.540591978011064000e+01
2.522971783552704750e+01
2.505439634027939633e+01
2.487998070045390264e+01
2.470649352238167751e+01
2.453395379617770899e+01
2.436237651474947796e+01
2.419177271444072730e+01
2.402214987249376321e+01
2.385351255869091602e+01
2.368586321792010452e+01
2.351920295790703719e+01
2.335353223009040136e+01
2.318885131772420038e+01
2.302516057891398660e+01
2.286246042845293758e+01
2.270075107647427259e+01
2.254003207040156909e+01
2.238030170683727604e+01
2.222155639054269116e+01
2.206379001852191379e+01
2.190699345969412803e+01
2.175115418693342306e+01
2.159625610100886206e+01
2.144227956766817655e+01
2.128920167164584143e+01
2.113699667582162434e+01
2.098563666047366993e+01
2.083509230654818012e+01
2.068533377809780660e+01
2.053633165276066919e+01
2.038805784590435977e+01
2.024048647452590899e+01
2.009359461167532857e+01
1.994736289109114580e+01
1.980177593426376603e+01
1.965682258700113039e+01
1.951249596801710595e+01
1.936879334623366589e+01
1.922571587475034960e+01
1.908326821667870732e+01
1.894145810084942028e+01
1.880029584404455889e+01
1.865979387170608206e+01
1.851996626216232045e+01
1.838082833152458662e+01
1.824239626862708263e+01
1.810468682257006989e+01
1.796771704012831350e+01
1.783150404677491352e+01
1.769606486338173212e+01
1.756141625063721889e+01
1.742757457456749037e+01
1.729455568883700778e+01
1.716237483222802496e+01
1.703104654230068249e+01
1.690058458819249765e+01
1.677100192640336829e+01
1.664231068299640270e+01
1.651452216392454631e+01
1.638764689241084582e+01
1.626169466892584836e+01
1.613667464589245526e+01
1.601259540640980106e+01
1.588946503454075199e+01
1.576729116439411271e+01
1.564608099648971873e+01
1.552584127263358660e+01
1.540657820446897119e+01
1.528829735558464620e+01
1.517100348204912308e+01
1.505470034096276066e+01
1.493939048058609309e+01
1.482507502839262159e+01
1.471175349472783367e+01
1.459942360950552143e+01
1.448808120758523543e+01
1.437772017536611813e+01
1.426833246703525049e+01
1.415990819424073521e+01
1.405243578814818051e+01
1.394590222827556403e+01
1.384029332849967808e+01
1.373559406740958977e+01
1.363178894787863982e+01
1.352886236939174580e+01
1.342679899629753848e+01
1.332558410571714624e+01
1.322520390026432935e+01
1.312564577291998802e+01
1.302689851422964651e+01
1.292895245529309278e+01
1.283179954359301078e+01
1.273543335233469165e+01
1.263984902741053595e+01
1.254504317912530276e+01
1.245101372823885200e+01
1.235775971755418468e+01
1.226528110113952685e+01
1.217357852332008505e+01
1.208265309887812577e+01
1.199250620457939220e+01
1.190313929035566787e+01
1.181455371638551810e+01
1.172675062010145197e+01
1.163973081496598105e+01
1.155349472083373463e+01
1.146804232395800227e+01
1.138337316328139259e+01
1.129948633861856067e+01
1.121638053570949900e+01
1.113405406289057709e+01
1.105250489426317806e+01
1.097173071469005379e+01
1.089172896265344015e+01
1.081249686789007569e+01
1.073403148170064192e+01
1.065632969883229642e+01
1.057938827078394795e+01
1.050320381121841251e+01
1.042777279483838093e+01
1.035309155156143746e+01
1.027915625810051736e+01
1.020596292912400749e+01
1.013350741005233502e+01
1.006178537327806133e+01
9.990792319211939443e+00
9.920523583101513054e+00
9.850974348085530963e+00
9.782139664475977270e+00
9.714014474831889956e+00
9.646593644033188752e+00
9.579871993292892185e+00
9.513844336869663465e+00
9.448505520162182592e+00
9.383850457872243922e+00
9.319874171004576269e+00
9.256571821613089668e+00
9.193938744387118334e+00
9.131970474381631675e+00
9.070662770414564591e+00
9.010011633868657555e+00
8.950013322831292584e+00
8.890664361676954286e+00
8.831961546334248681e+00
8.773901945582915474e+00
8.716482898794048140e+00
8.659702010562890351e+00
8.603557142691160564e+00
8.548046403961130579e+00
8.493168138113462717e+00
8.438920910399907882e+00
8.385303493036692757e+00
8.332314849840178894e+00
8.279954120284360286e+00
8.228220603186066739e+00
8.177113740194132063e+00
8.126633099239333191e+00
8.076778358086231790e+00
8.027549288119191218e+00
7.978945738488315342e+00
7.930967620736908863e+00
7.883614894027627606e+00
7.836887551080113035e+00
7.790785604924741925e+00
7.745309076568787532e+00
7.700457983658191452e+00
7.656232330204013614e+00
7.612632097425915845e+00
7.569657235746300117e+00
7.527307657950414566e+00
7.485583233508398493e+00
7.444483784036955321e+00
7.404009079861563869e+00
7.364158837624907861e+00
7.324932718874380910e+00
7.286330329551103269e+00
7.248351220295067954e+00
7.210994887475504100e+00
7.174260774852936784e+00
7.138148275778076091e+00
7.102656735834573354e+00
7.067785455834945552e+00
7.033533695083550974e+00
6.999900674825504154e+00
6.966885581806958605e+00
6.934487571878809931e+00
6.902705773582169968e+00
6.871539291662969617e+00
6.840987210468197688e+00
6.811048597185200393e+00
6.781722504891361858e+00
6.753007975388402251e+00
6.724904041802210131e+00
6.697409730934054117e+00
6.670524065355934340e+00
6.644246065245940969e+00
6.618574749966127158e+00
6.593509139387445650e+00
6.569048254971577627e+00
6.545191120621265846e+00
6.521936763314252872e+00
6.499284213537951160e+00
6.477232505542882990e+00
6.455780677435528858e+00
6.434927771130952046e+00
6.414672832186371743e+00
6.395014909537047210e+00
6.375953055155473947e+00
6.357486323653705362e+00
6.339613771848972235e+00
6.322334458310172600e+00
6.305647442902485800e+00
6.289551786345299433e+00
6.274046549797530403e+00
6.259130794481752247e+00
6.244803581358005395e+00
6.231063970855335477e+00
6.217911022667827581e+00
6.205343795620157366e+00
6.193361347605979894e+00
6.181962735600800229e+00
6.171147015749931519e+00
6.160913243530293570e+00
6.151260473984308419e+00
6.142187762022532027e+00
6.133694162791054616e+00
6.125778732099514734e+00
6.118440526903682120e+00
6.111678605837927769e+00
6.105492029791045105e+00
6.099879862519729024e+00
6.094841171293657212e+00
6.090375027566240718e+00
6.086480507665117834e+00
6.083156693497158152e+00
6.080402673262778279e+00
6.078217542174522592e+00
6.076600403176077414e+00
6.075550367657443829e+00
6.075066556163208453e+00
6.075148099091034481e+00
6.075794137378191628e+00
6.077003823174004893e+00
6.078776320497651930e+00
