9.467373501500376935e-05
7.161565218120856391e-04
2.111534287663086908e-03
4.793544867295410246e-03
8.823115455651111758e-03
1.416720273038916261e-02
2.075960449867100821e-02
2.852917866981933420e-02
3.741014831519613726e-02
4.734466041532473662e-02
5.828250112363168173e-02
7.018001346606866919e-02
8.299896661233434336e-02
9.670559658155383764e-02
1.112698454292680300e-01
1.266647683376578848e-01
1.428660693660697423e-01
1.598517326772753433e-01
1.776017245114756837e-01
1.960977483269074062e-01
2.153230407400973101e-01
2.352621994826722129e-01
2.559010370045269323e-01
2.772264549802576084e-01
2.992263360916325721e-01
3.218894502440681760e-01
3.452053729442675079e-01
3.691644139916310796e-01
3.937575549626375904e-01
4.189763942242510364e-01
4.448130984175805991e-01
4.712603595204316043e-01
4.983113567336202587e-01
5.259597225499085260e-01
5.541995124585404886e-01
5.830251778175148392e-01
6.124315414923209300e-01
6.424137759160923888e-01
6.729673832734585082e-01
7.040881775512842777e-01
7.357722682334342235e-01
7.680160454465314590e-01
8.008161663886487203e-01
8.341695428946833690e-01
8.680733300106937556e-01
9.025249154656901363e-01
9.375219099433297343e-01
9.730621380678136090e-01
1.009143630029019967e+00
1.045764613781155372e+00
1.082923507756948123e+00
1.120618914046594972e+00
1.158849611996924267e+00
1.197614552191675230e+00
1.236912850778278949e+00
1.276743784111513902e+00
1.317106783687338245e+00
1.358001431344465271e+00
1.399427454713268570e+00
1.441384722895684201e+00
1.483873242360493894e+00
1.526893153041952722e+00
1.570444724631361533e+00
1.614528353051945642e+00
1.659144557110550977e+00
1.704293975319735921e+00
1.749977362885544840e+00
1.796195588857735448e+00
1.842949633439133539e+00
1.890240585452420019e+00
1.938069639963393875e+00
1.986438096059202074e+00
2.035347354781706031e+00
2.084798917215388236e+00
2.134794382730098139e+00
2.185335447378371487e+00
2.236423902447123524e+00
2.288061633163092079e+00
2.340250617551830725e+00
2.392992925447858799e+00
2.446290717655067670e+00
2.500146245254030397e+00
2.554561849052628730e+00
2.609539959175996238e+00
2.665083094789978624e+00
2.721193863951284708e+00
2.777874963577013467e+00
2.835129179523975029e+00
2.892959386768124919e+00
2.951368549671062880e+00
3.010359722322904830e+00
3.069936048944532203e+00
3.130100764335598917e+00
3.190857194349812964e+00
3.252208756380657206e+00
3.314158959836876583e+00
3.376711406588136732e+00
3.439869791359025708e+00
3.503637902048904351e+00
3.568019619955392852e+00
3.633018919877120112e+00
3.698639870072191638e+00
3.764886632048430215e+00
3.831763460161245138e+00
3.899274700995113641e+00
3.967424792505504616e+00
4.036218262898541909e+00
4.105659729226212917e+00
4.175753895677358329e+00
4.246505551543984680e+00
4.317919568845320022e+00
4.390000899594156181e+00
4.462754572691243204e+00
4.536185690435082130e+00
4.610299424638452770e+00
4.685101012344146554e+00
4.760595751135607401e+00
4.836788994040894352e+00
4.913686144030597447e+00
4.991292648115709163e+00
5.069613991050212043e+00
5.148655688650709550e+00
5.228423280745614576e+00
5.308922323771597007e+00
5.390158383034656886e+00
5.472137024661595461e+00
5.554863807265402187e+00
5.638344273354175762e+00
5.722583940515042933e+00
5.807588292406311581e+00
5.893362769596070194e+00
5.979912760284915585e+00
6.067243590954576327e+00
6.155360516985292740e+00
6.244268713286888151e+00
6.333973264989981367e+00
6.424479158244824184e+00
6.515791271174202315e+00
6.607914365033738413e+00
6.700853075622970501e+00
6.794611905001556096e+00
6.889195213555234787e+00
6.984607212461862780e+00
7.080851956602160158e+00
7.177933337962841165e+00
7.275855079571877049e+00
7.374620730009122660e+00
7.474233658529850111e+00
7.574697050836787682e+00
7.676013905530712833e+00
7.778187031269852447e+00
7.881219044663107631e+00
7.985112368914066394e+00
8.089869233235758017e+00
8.195491673044882575e+00
8.301981530944217980e+00
8.409340458495748294e+00
8.517569918781063620e+00
8.626671189741591306e+00
8.736645368290831826e+00
8.847493375178373753e+00
8.959215960587224359e+00
9.071813710441322343e+00
9.185287053389405543e+00
9.299636268438979059e+00
9.414861493199088827e+00
9.530962732694716166e+00
9.647939868706789213e+00
9.765792669595187547e+00
9.884520800550514963e+00
1.000412383422651708e+01
1.012460126169767172e+01
1.024595250368323640e+01
1.036817692198265917e+01
1.049127383105541433e+01
1.061524250969238992e+01
1.074008221270562835e+01
1.086579218257958246e+01
1.099237166101516472e+01
1.111981990030357181e+01
1.124813617446455183e+01
1.137731979008545480e+01
1.150737009679886924e+01
1.163828649733678944e+01
1.177006845710536886e+01
1.190271551322526733e+01
1.203622728298133637e+01
1.217060347164001577e+01
1.230584387958911918e+01
1.244194840876000718e+01
1.257891706830551115e+01
1.271674997950417030e+01
1.285544737987181385e+01
1.299500962646882485e+01
1.313543719839556623e+01
1.327673069847897303e+01
1.341889085415488481e+01
1.356191851755896138e+01
1.370581466484978073e+01
1.385058039478565028e+01
1.399621692658817373e+01
1.414272559712340716e+01
1.429010785744197065e+01
1.443836526872161663e+01
1.458749949765029541e+01
1.473751231130174943e+01
1.488840557154892608e+01
1.504018122905803523e+01
1.519284131691750872e+01
1.534638794393830352e+01
1.550082328768246853e+01
1.565614958724656525e+01
1.581236913585824944e+01
1.596948427330666931e+01
1.612749737825777885e+01
1.628641086047429454e+01
1.644622715298060456e+01
1.660694870419917279e+01
1.676857797007533790e+01
1.693111740623312755e+01
1.709456946016931056e+01
1.725893656351424355e+01
1.742422112438838155e+01
1.759042551985824332e+01
1.775755208854391753e+01
1.792560312336815898e+01
1.809458086449505387e+01
1.826448749247768788e+01
1.843532512163270809e+01
1.860709579368371180e+01
1.877980147168751301e+01
1.895344403428573798e+01
1.912802527029630895e+01
1.930354687368611977e+01
1.948001043894229056e+01
1.965741745687050823e+01
1.983576931084536099e+01
2.001506727352338189e+01
2.019531250403645117e+01
2.037650604568103674e+01
2.055864882409544592e+01
2.074174164592793801e+01
2.092578519799006287e+01
2.111078004686766718e+01
2.129672663898560003e+01
2.148362530108202151e+01
2.167147624106884152e+01
2.186027954923770267e+01
2.205003519976657955e+01
2.224074305248928596e+01
2.243240285487289043e+01
2.262501424416762319e+01
2.281857674966723337e+01
2.301308979504905849e+01
2.320855270074068955e+01
2.340496468628547078e+01
2.360232487266714330e+01
2.380063228455930258e+01
2.399988585248506467e+01
2.420008441486796968e+01
2.440122671996140369e+01
2.460331142765315349e+01
2.480633711113986806e+01
2.501030225848468902e+01
2.521520527407075107e+01
2.542104447995646765e+01
2.562781811715149871e+01
2.583552434684959920e+01
2.604416125162317996e+01
2.625372683661099771e+01
2.646421903073423820e+01
2.667563568793397977e+01
2.688797458849751365e+01
2.710123344045390326e+01
2.731540988108696055e+01
2.753050147856437135e+01
2.774650573370938389e+01
2.796342008192421602e+01
2.818124189526580992e+01
2.839996848469885649e+01
2.861959710251271360e+01
2.884012494491246770e+01
2.906154915478809642e+01
2.928386682466047120e+01
2.950707499978623005e+01
2.973117068145132080e+01
2.995615083041729321e+01
3.018201237053231978e+01
3.040875219251557482e+01
3.063636715788182840e+01
3.086485410303037824e+01
3.109420984348138717e+01
3.132443117825296497e+01
3.155551489439874757e+01
3.178745777166550468e+01
3.202025658729287727e+01
3.225390812095279358e+01
3.248840915979350541e+01
3.272375650361155408e+01
3.295994697012986308e+01
3.319697740036937006e+01
3.343484466409606881e+01
3.367354566535450999e+01
3.391307734803469742e+01
3.415343670149461985e+01
3.439462076617989084e+01
3.463662663924974083e+01
3.487945148017786323e+01
3.512309251628214213e+01
3.536754704819270501e+01
3.561281245521409033e+01
3.585888620053863463e+01
3.610576583631183212e+01
3.635344900849138128e+01
3.660193346149365112e+01
3.685121704257502984e+01
3.710129770593962206e+01
3.735217351651731832e+01
3.760384265340753274e+01
3.785630341293942536e+01
3.810955421133904508e+01
3.836359358695752064e+01
3.861842020205018144e+01
3.887403284407869819e+01
3.913043042652974890e+01
3.938761198919469564e+01
3.964557669795100736e+01
3.990432384400511268e+01
4.016385284257276567e+01
4.042416323103824283e+01
4.068525466655374601e+01
4.094712692310213953e+01
4.120977988802439285e+01
4.147321355802981913e+01
4.173742803468245199e+01
4.200242351939878915e+01
4.226820030797023975e+01
4.253475878460668724e+01
4.280209941556847042e+01
4.307022274235669101e+01
4.333912937450511293e+01
4.360881998202122389e+01
4.387929528744942331e+01
4.415055605760752400e+01
4.442260309502776749e+01
4.469543722909735806e+01
4.496905930694262565e+01
4.524347018404949949e+01
4.551867071468469561e+01
4.579466174209289164e+01
4.607144408851713280e+01
4.634901854503993235e+01
4.662738586129101037e+01
4.690654673501618532e+01
4.718650180151507101e+01
4.746725162301328282e+01
4.774879667792190219e+01
4.803113735003839224e+01
4.831427391769280888e+01
4.859820654285405794e+01
4.888293526020855495e+01
4.916845996622094361e+01
4.945478040819919840e+01
4.974189617338044656e+01
5.002980667803711867e+01
5.031851115664525054e+01
5.060800865111543345e+01
5.089829800012029182e+01
5.118937782855324059e+01
5.148124653711369803e+01
5.177390229212008421e+01
5.206734301551147581e+01
5.236156637514942247e+01
5.265656977543339679e+01
5.295235034829516252e+01
5.324890494463458879e+01
5.354623012624717404e+01
5.384432215833304269e+01
5.414317700262470368e+01
5.444279031124235502e+01
5.474315742132210261e+01
5.504427335047579106e+01
5.534613279319874835e+01
5.564873011824815308e+01
5.595205936706992844e+01
5.625611425333823234e+01
5.656088816363538996e+01
5.686637415935171447e+01
5.717256497980187646e+01
5.747945304660952104e+01
5.778703046936809073e+01
5.809528905256920694e+01
5.840422030383351171e+01
5.871381544338358083e+01
5.902406541476637614e+01
5.933496089678630625e+01
5.964649231656997586e+01
5.995864986376896155e+01
6.027142350579224228e+01
6.058480300401388519e+01
6.089877793087310920e+01
6.121333768778575291e+01
6.152847152379056439e+01
6.184416855479209829e+01
6.216041778335032575e+01
6.247720811886001258e+01
6.279452839806101849e+01
6.311236740570344494e+01
6.343071389528347481e+01
6.374955660973410687e+01
6.406888430189930261e+01
6.438868575473523492e+01
6.470894980103143723e+01
6.502966534259678610e+01
6.535082136875321623e+01
6.567240697403518368e+01
6.599441137503255561e+01
6.631682392623038425e+01
6.663963413488366427e+01
6.696283167479732867e+01
6.728640639910653931e+01
6.761034835202444526e+01
6.793464777964562984e+01
6.825929513996142362e+01
6.858428111215400236e+01
6.890959660543239806e+01
6.923523276755983602e+01
6.956118099335122906e+01
6.988743293337779505e+01
7.021398050314347472e+01
7.054081589295755350e+01
7.086793157877298199e+01
7.119532033413450733e+01
7.152297524342556301e+01
7.185088971645508593e+01
7.217905750442230328e+01
7.250747271718731213e+01
7.283612984168891558e+01
7.316502376130003427e+01
7.349414977578562969e+01
7.382350362152945422e+01
7.415308149155777073e+01
7.448288005492121044e+01
7.481289647493963457e+01
7.514312842582539531e+01
7.547357410720158555e+01
7.580423225614698879e+01
7.613510215629919742e+01
7.646618364384335109e+01
7.679747711010661249e+01
7.712898350064341457e+01
7.746070431079812124e+01
7.779264157777423350e+01
7.812479786935092818e+01
7.845717626935832811e+01
7.878978036012648545e+01
7.912261420207090623e+01
7.945568231059078812e+01
7.978898963035663883e+01
8.012254150701780020e+01
8.045634365626801809e+01
8.079040213008138949e+01
8.112472327987903498e+01
8.145931371620258687e+01
8.179418026454884227e+01
8.212932991678303551e+01
8.246476977768526240e+01
8.280050700620827797e+01
8.313654875099484798e+01
8.347290207997698985e+01
8.380957390398965856e+01
8.414657089451530680e+01
8.448389939601379695e+01
8.482156533344725347e+01
8.515957411602342120e+01
8.549793053829058920e+01
8.583663868008511599e+01
8.617570180693861914e+01
8.651512227279125966e+01
8.685490142681045711e+01
8.719503952631711741e+01
8.753553565755100863e+01
8.787638766598676909e+01
8.821759209775439103e+01
8.855914415323530875e+01
8.890103765382501422e+01
8.924326502230161395e+01
8.958581727694145513e+01
8.992868403911238318e+01
9.027185355372553488e+01
9.061531272151478333e+01
9.095904714189474305e+01
9.130304116493411470e+01
9.164727795069713068e+01
9.199173953429875894e+01
9.233640689488039754e+01
9.268126002683223419e+01
9.302627801183723477e+01
9.337143909040814549e+01
9.371672073195534836e+01
9.406209970284463395e+01
9.440755213218612596e+01
9.475305357560701225e+01
9.509857907767067786e+01
9.544410323404453322e+01
9.578960025476808937e+01
9.613504403044545654e+01
9.648040820317010002e+01
9.682566624408907785e+01
9.717079153934950853e+01
9.751575748575035618e+01
9.786053759692163112e+01
9.820510562013122069e+01
9.854943566271319355e+01
9.889350232643619165e+01
9.923728084679629546e+01
9.958074723339660750e+01
9.992387840678674138e+01
1.002666523265530856e+02
1.006090481053929011e+02
1.009510461041104037e+02
1.012926280033164375e+02
1.016337768489235032e+02
1.019744770700370964e+02
1.023147144700881057e+02
1.026544761938556150e+02
1.029937506753506682e+02
1.033325275730010588e+02
1.036707977000018985e+02
1.040085529580193366e+02
1.043457862821500015e+02
1.046824916037981410e+02
1.050186638359824087e+02
1.053542988830007943e+02
1.056893936730769923e+02
1.060239462095563567e+02
1.063579556332549885e+02
1.066914222863364898e+02
1.070243477668777530e+02
1.073567349632239285e+02
1.076885880583749895e+02
1.080199124971651798e+02
1.083507149123569491e+02
1.086810030099659627e+02
1.090107854184314817e+02
1.093400715105921392e+02
1.096688712109938137e+02
1.099971948036557308e+02
1.103250527569355484e+02
1.106524555819481037e+02
1.109794137394572857e+02
1.113059376072269231e+02
1.116320375156051483e+02
1.119577238537985835e+02
1.122830072434725679e+02
1.126078987701249901e+02
1.129324102567989172e+02
1.132565545591719314e+02
1.135803458570984787e+02
1.139037999148557248e+02
1.142269342816401121e+02
1.145497684050998970e+02
1.148723236343547001e+02
1.151946230940470173e+02
1.155166914186493017e+02
1.158385543443570072e+02
1.161602381654090124e+02
1.164817690710251270e+02
1.168031723880453256e+02
1.171244717624190770e+02
1.174456883186402649e+02
1.177668398403625503e+02
1.180879400165113680e+02
1.184089977956459023e+02
1.187300168863727095e+02
1.190509954339054985e+02
1.193719258924736693e+02
1.196927951012050073e+02
1.200135845578272438e+02
1.203342708716633496e+02
1.206548263654196660e+02
1.209752197856248443e+02
1.212954170747626250e+02
1.216153821547618890e+02
1.219350776715817233e+02
1.222544656543588957e+02
1.225735080491404005e+02
1.228921670965371931e+02
1.232104055336881174e+02
1.235281866133317550e+02
1.238454739456176412e+02
1.241622311809644117e+02
1.244784215639920433e+02
1.247940073988303880e+02
1.251089494740332668e+02
1.254232065005963221e+02
1.257367346189251833e+02
1.260494870293077696e+02
1.263614137963198516e+02
1.266724618697101619e+02
1.269825753538592892e+02
1.272916960438366800e+02
1.275997642295121750e+02
1.279067197491419421e+02
1.282125032516935050e+02
1.285170576027457514e+02
1.288203293451375089e+02
1.291222701044886492e+02
1.294228378160289878e+02
1.297219976469894789e+02
1.300197225022720033e+02
1.303159930328950793e+02
1.306107971166836137e+02
1.309041288454336893e+02
1.311959871243669227e+02
1.314863740586577308e+02
1.317752933542322751e+02
1.320627489849647418e+02
1.323487443656433697e+02
1.326332822147568606e+02
1.329163651968479769e+02
1.331979973094195770e+02
1.334781858431140904e+02
1.337569436170869324e+02
1.340342910994106376e+02
1.343102579849454514e+02
1.345848838345352476e+02
1.348582174808912839e+02
1.351303150665800956e+02
1.354012367739933893e+02
1.356710425026368227e+02
1.359397869104434449e+02
1.362075143343482750e+02
1.364742541246754115e+02
1.367400168702032488e+02
1.370047918756270917e+02
1.372685461112812391e+02
1.375312247206026939e+02
1.377927530681547523e+02
1.380530402483208832e+02
1.383119839411033070e+02
1.385694764722337595e+02
1.388254118841667548e+02
1.390796937368347983e+02
1.393322432371878676e+02
1.395830071696801724e+02
1.398319650014711328e+02
1.400791345002972719e+02
1.403245752459146729e+02
1.405683895350642274e+02
1.408107203539873638e+02
1.410517462976785339e+02
1.412916735353979334e+02
1.415307251525103425e+02
1.417691284446620443e+02
1.420071009973170817e+02
1.422448366310330528e+02
1.424824924823895174e+02
1.427201785600353503e+02
1.429579510057353957e+02
1.431958099725326008e+02
1.434337025255888420e+02
1.436715303473175709e+02
1.439091613985455922e+02
1.441464441710284348e+02
1.443832228615890756e+02
1.446193517513383995e+02
1.448547072732414449e+02
1.450891966345127173e+02
1.453227623379157762e+02
1.455553824292614138e+02
1.457870667220604730e+02
1.460178495848552984e+02
1.462477801211823305e+02
1.464769107449179444e+02
1.467052852708356170e+02
1.469329277024408782e+02
1.471598328834562039e+02
1.473859600448198535e+02
1.476112299860392341e+02
1.478355261665929845e+02
1.480586993955976709e+02
1.482805752092636453e+02
1.485009625803893414e+02
1.487196624752237426e+02
1.489364750504329606e+02
1.491512049162226958e+02
1.493636646776798216e+02
1.495736776050578669e+02
1.497810804980106809e+02
1.499857274783304888e+02
1.501874946756200586e+02
1.503862848648189754e+02
1.505820304460141585e+02
1.507746930123476545e+02
1.509642582255095533e+02
1.511507257035301564e+02
1.513340948866963913e+02
1.515143491102994631e+02
1.516914411202535575e+02
1.518652837840620577e+02
1.520357495615463677e+02
1.522026812483451010e+02
1.523659145738193104e+02
1.525253106439882629e+02
1.526807934665394271e+02
1.528323855862394396e+02
1.529802339313566790e+02
1.531246188494066871e+02
1.532659420883644543e+02
1.534046937048210566e+02
1.535414026030435366e+02
1.536765793889494773e+02
1.538106622649477231e+02
1.539439760093460166e+02
1.540767106072071044e+02
1.542089206250696805e+02
1.543405405335676619e+02
1.544714068777201703e+02
1.546012772399996607e+02
1.547298390816373796e+02
1.548567079144012837e+02
1.549814213636097691e+02
1.551034402808456036e+02
1.552221676428612795e+02
1.553369902136850556e+02
1.554473391955832255e+02
1.555527583418982545e+02
1.556529647865710899e+02
1.557478902813264483e+02
1.558376967804393303e+02
1.559227668321499607e+02
1.560036730174358297e+02
1.560811309624613443e+02
1.561559388518929268e+02
1.562289054805621902e+02
1.563007704530541275e+02
1.563721240091859670e+02
1.564433382294001262e+02
1.565145235472191700e+02
1.565855227052852285e+02
1.566559481670439027e+02
1.567252598544396562e+02
1.567928705188053584e+02
1.568582590702174002e+02
1.569210700704411465e+02
1.569811809434493739e+02
1.570387259287495567e+02
1.570940747848892443e+02
1.571477722143560811e+02
1.572004496627459105e+02
1.572527247242195472e+02
1.573051055272002543e+02
1.573579180266005153e+02
1.574112716820002333e+02
1.574650719188846040e+02
1.575190760994837831e+02
1.575729764721469621e+02
1.576264840380876251e+02
1.576793865106419048e+02
1.577315632076500265e+02
1.577829564847066592e+02
1.578335160094134437e+02
1.578831412796985489e+02
1.579316454180705875e+02
1.579787512781887528e+02
1.580241157955145184e+02
1.580673678179647368e+02
1.581081427756938069e+02
1.581461036960205035e+02
1.581809473265781207e+02
1.582124008811564124e+02
1.582402162406231696e+02
1.582641652968628705e+02
1.582840359690695777e+02
1.582996265025974481e+02
1.583107370823775000e+02
1.583171612606740553e+02
1.583186826565579395e+02
1.583150825606468288e+02
1.583061607174622054e+02
1.582917659673300932e+02
1.582718285554728936e+02
1.582463848236421597e+02
1.582155888017308314e+02
1.581797118053285658e+02
1.581391360181163179e+02
1.580943472174452324e+02
1.580459250905559543e+02
1.579945216940814987e+02
1.579408167609835232e+02
1.578854475148292238e+02
1.578289280882388823e+02
1.577715894781055113e+02
1.577135724147086648e+02
1.576548859494094756e+02
1.575955105836389976e+02
1.575354952336443262e+02
1.574749926973683216e+02
1.574142061303707862e+02
1.573532663839561394e+02
1.572920997002233321e+02
1.572303529790258949e+02
1.571674147066752028e+02
1.571025215420166887e+02
1.570349022727138788e+02
1.569639032250964021e+02
1.568890623397882962e+02
1.568101339258599864e+02
1.567270883700073227e+02
1.566401079687270510e+02
1.565495778633180635e+02
1.564560496390282367e+02
1.563601535266651297e+02
1.562624582235628736e+02
1.561633122741590682e+02
1.560627252641328369e+02
1.559603433336317266e+02
1.558555406891273378e+02
1.557476030046973392e+02
1.556359429064285109e+02
1.555202784327693735e+02
1.554007239525546993e+02
1.552777777847121854e+02
1.551522251070256289e+02
1.550249959473220827e+02
1.548970217517752417e+02
1.547691235369792082e+02
1.546419472032374927e+02
1.545159444600716370e+02
1.543913860187766716e+02
1.542683897021606469e+02
1.541469500787422930e+02
1.540269658795835426e+02
1.539082718797280336e+02
1.537906866502181629e+02
1.536740816377088095e+02
1.535584606925504545e+02
1.534440198975148064e+02
1.533311477980985842e+02
1.532203367808692178e+02
1.531120086058025436e+02
1.530062985075603876e+02
1.529028715184401506e+02
1.528008440512872426e+02
1.526988511056464404e+02
1.525952498263291659e+02
1.524884060569345934e+02
1.523769882407918033e+02
1.522601954850775883e+02
1.521378666784442544e+02
1.520104462543186798e+02
1.518788141116151280e+02
1.517440195085708297e+02
1.516069864739748141e+02
1.514682717627241857e+02
1.513279448595000645e+02
1.511856198645384950e+02
1.510406130486311156e+02
1.508921523588989544e+02
1.507395513979254815e+02
1.505822891847627432e+02
1.504199926358224388e+02
1.502523691399053973e+02
1.500791534470514819e+02
1.499001095207177912e+02
1.497150821671387462e+02
1.495240556439088948e+02
1.493271706465195336e+02
1.491246800845972018e+02
1.489168690445302161e+02
1.487039955235921127e+02
1.484863031124714325e+02
1.482641148343450936e+02
1.480379646130730293e+02
1.478086952553826450e+02
1.475774694300982617e+02
1.473456906945292246e+02
1.471148791610496573e+02
1.468865589765111110e+02
1.466621884256108217e+02
1.464431224442110135e+02
1.462305727820935033e+02
1.460255378053502113e+02
1.458287033653577964e+02
1.456403464186347492e+02
1.454602847057470001e+02
1.452879017839472056e+02
1.451222441199957132e+02
1.449621526432871406e+02
1.448063740118933822e+02
1.446536083013781138e+02
1.445024864998902103e+02
1.443515145979966974e+02
1.441990466488246057e+02
1.440433405629103163e+02
1.438827101284786352e+02
1.437157360443024743e+02
1.435414655076630766e+02
1.433595318677009800e+02
1.431701599644796943e+02
1.429740679533651644e+02
1.427723081610768077e+02
1.425660957439527294e+02
1.423566603634820353e+02
1.421451380541898573e+02
1.419325089594986196e+02
1.417195813407553828e+02
1.415070163171718605e+02
1.412953778039352812e+02
1.410851831270207697e+02
1.408769306581767182e+02
1.406710952415514271e+02
1.404681036623460955e+02
1.402683171287995094e+02
1.400720438882042629e+02
1.398795827114542192e+02
1.396912716380633697e+02
1.395075059953017274e+02
1.393287045275222340e+02
1.391552322659800893e+02
1.389873122014689955e+02
1.388249609224409085e+02
1.386679696778503796e+02
1.385159351250046313e+02
1.383683312408913650e+02
1.382246030353556705e+02
1.380842502710667077e+02
1.379468612045072859e+02
1.378120652075361647e+02
1.376794048208637378e+02
1.375481703228036565e+02
1.374172680149085863e+02
1.372851865376253500e+02
1.371500843745111524e+02
1.370099694911900485e+02
1.368629085385136932e+02
1.367072042254752091e+02
1.365415084133693995e+02
1.363648726437251923e+02
1.361767554643238327e+02
1.359769999886904088e+02
1.357657764308751212e+02
1.355434730907746825e+02
1.353105301182079643e+02
1.350672410926722193e+02
1.348135792632935193e+02
1.345491155029336596e+02
1.342730724637534081e+02
1.339845118847185290e+02
1.336826017481847941e+02
1.333668813268086808e+02
1.330374485965188001e+02
1.326950316133556669e+02
1.323409533229353769e+02
1.319770336090483056e+02
1.316054784818940391e+02
1.312287867381468800e+02
1.308496754810444713e+02
1.304710058896521332e+02
1.300956890318245200e+02
1.297265656685807755e+02
1.293662734142176021e+02
1.290171278213372830e+02
1.286810436513397633e+02
1.283595082467732027e+02
1.280535972595257874e+02
1.277640056322829309e+02
1.274910644819851910e+02
1.272347304542981874e+02
1.269945602578620338e+02
1.267697041830424070e+02
1.265589546943153039e+02
1.263608655577111932e+02
1.261739218364935056e+02
1.259967089854867766e+02
1.258280187586930339e+02
1.256668501433637317e+02
1.255123078046802334e+02
1.253634461152399382e+02
1.252191287433393541e+02
1.250779609106132000e+02
1.249383140611306118e+02
1.247984241378448331e+02
1.246565244025775030e+02
1.245109759048240079e+02
1.243603738816297692e+02
1.242036238343963674e+02
1.240399892462172460e+02
1.238691131272409791e+02
1.236910111899029943e+02
1.235060304735347358e+02
1.233147687007432722e+02
1.231179593421716874e+02
1.229163430670593442e+02
1.227105600975776269e+02
1.225010997794646244e+02
1.222883270302441190e+02
1.220725732842203399e+02
1.218542461754303901e+02
1.216338970924278442e+02
1.214122021541540164e+02
1.211898554639608534e+02
1.209674202444516879e+02
1.207452051323198532e+02
1.205232159181996252e+02
1.203011892507698661e+02
1.200786737678358236e+02
1.198551117647635920e+02
1.196298949088611181e+02
1.194024009860228688e+02
1.191720381285845178e+02
1.189383151502514693e+02
1.187009309121576450e+02
1.184598541507696012e+02
1.182153639725747780e+02
1.179680393264018221e+02
1.177187092420619052e+02
1.174683897342462870e+02
1.172182316962686315e+02
1.169694900352948252e+02
1.167235061791090232e+02
1.164816829216118492e+02
1.162454287115244114e+02
1.160160594218996124e+02
1.157946649503673058e+02
1.155819667208401569e+02
1.153782010130098712e+02
1.151830575416125555e+02
1.149956856827166689e+02
1.148147605789937842e+02
1.146385871220862498e+02
1.144652165625606841e+02
1.142925573380076401e+02
1.141184731262886487e+02
1.139408702959114947e+02
1.137577791333637975e+02
1.135674280923892638e+02
1.133683019383352075e+02
1.131591695594377001e+02
1.129390706444971784e+02
1.127072629156670587e+02
1.124631478043021389e+02
1.122062034707918485e+02
1.119359524679764064e+02
1.116519760976201212e+02
1.113539655777168491e+02
1.110417831852418971e+02
1.107155041800574935e+02
1.103754240650398799e+02
1.100220377897572490e+02
1.096560154015191557e+02
1.092782026020510813e+02
1.088896625838510346e+02
1.084917530941396677e+02
1.080862099867855619e+02
1.076751959794031706e+02
1.072612780759054090e+02
1.068473196294434615e+02
1.064363050644967075e+02
1.060311420239227687e+02
1.056344931496311830e+02
1.052486734882259043e+02
1.048756185828308674e+02
1.045168998510146281e+02
1.041737526700333945e+02
1.038470924517001492e+02
1.035375163944043351e+02
1.032453088857349996e+02
1.029704745291605548e+02
1.027128110027292394e+02
1.024720107756789105e+02
1.022477586248817829e+02
1.020397832276699432e+02
1.018478319858176775e+02
1.016715656594481345e+02
1.015104025537792438e+02
1.013633669076313595e+02
1.012290012936705637e+02
1.011053839830049128e+02
1.009902547039698391e+02
1.008812102308364729e+02
1.007759030004572338e+02
1.006721754385294929e+02
1.005680913890361410e+02
1.004618705935343002e+02
1.003517707861768429e+02
1.002359767219800801e+02
1.001125421797019897e+02
9.997940041696949720e+01
9.983442860081848380e+01
9.967553655956670866e+01
9.950075312101350278e+01
9.930829709259461424e+01
9.909663332664490554e+01
9.886451972667684629e+01
9.861104843113626828e+01
9.833567916632176775e+01
9.803826038284167055e+01
9.771903577328461665e+01
9.737863760723372764e+01
9.701807062903669987e+01
9.663868977144856842e+01
9.624217293939933882e+01
9.583048867633236512e+01
9.540585852626449537e+01
9.497071469066924010e+01
9.452765405340548455e+01
9.407938944465909969e+01
9.362869864207057446e+01
9.317837167711509494e+01
9.273115754174777692e+01
9.228971182273539853e+01
9.185654661600088389e+01
9.143398331515575705e+01
9.102410805607524935e+01
9.062872936346069253e+01
9.024933826496999245e+01
8.988707281435395657e+01
8.954269117688122037e+01
8.921655927106698414e+01
8.890865913505166418e+01
8.861862154400587599e+01
8.834578083035628993e+01
8.808924290751706110e+01
8.784795211314786911e+01
8.762074164362455519e+01
8.740635731675480713e+01
8.720345371285206681e+01
8.701057165651364755e+01
8.682611225474748551e+01
8.664832269039169432e+01
8.647530305544529483e+01
8.630503483718267432e+01
8.613542449092307152e+01
8.596435299250919115e+01
8.578972482589784931e+01
8.560951524967141779e+01
8.542181933751720635e+01
8.522490739480791433e+01
8.501728822766844473e+01
8.479777581805608122e+01
8.456554882775142801e+01
8.432018868225634378e+01
8.406168281969043221e+01
8.379038591293749505e+01
8.350694255925489529e+01
8.321218695141764954e+01
8.290704370306394821e+01
8.259245495863068243e+01
8.226935056908413912e+01
8.193866293177345028e+01
8.160137190572157806e+01
8.125855464775904125e+01
8.091141464041561449e+01
8.056127375750908470e+01
8.020952688109790074e+01
7.985757388509199473e+01
7.950675259872961931e+01
7.915829532806102975e+01
7.881332139641955337e+01
7.847286335217629016e+01
7.813791107232547972e+01
7.780945119377389574e+01
7.748848145286306988e+01
7.717598932972919101e+01
7.687289782671014393e+01
7.657999325023135384e+01
7.629785645068602662e+01
7.602681822307243920e+01
7.576695206216585632e+01
7.551810577659756518e+01
7.527996131992506434e+01
7.505210345346678480e+01
7.483407540752425291e+01
7.462540445804324918e+01
7.442559069107521452e+01
7.423406453057174303e+01
7.405012851745307501e+01
7.387290307083959817e+01
7.370129356607522197e+01
7.353398855109772114e+01
7.336948944074534040e+01
7.320616394161791618e+01
7.304231106036321819e+01
7.287622540332263554e+01
7.270625158764583773e+01
7.253082415293108909e+01
7.234849269429965091e+01
7.215793503011143173e+01
7.195796282267546928e+01
7.174752437928736981e+01
7.152570864763356440e+01
7.129175290840797174e+01
7.104505463314444569e+01
7.078518587597466194e+01
7.051190701425007035e+01
7.022517617115796895e+01
6.992515140754130698e+01
6.961218444560624619e+01
6.928680663373786786e+01
6.894970940399669246e+01
6.860172219616941902e+01
6.824379067729383053e+01
6.787695731150637357e+01
6.750234527874181367e+01
6.712114570621412213e+01
6.673460735584373538e+01
6.634402739240515245e+01
6.595074165927147192e+01
6.555611298677951027e+01
6.516151639866079393e+01
6.476832059063349334e+01
6.437786566022499812e+01
6.399143771698210514e+01
6.361024167053874834e+01
6.323537414702730075e+01
6.286779903601723873e+01
6.250832846035594770e+01
6.215761178914122809e+01
6.181613453149656578e+01
6.148422756870059658e+01
6.116208543727776714e+01
6.084979068383176326e+01
6.054734014534145814e+01
6.025466872112339445e+01
5.997166689387830019e+01
5.969818973172312582e+01
5.943405694371050885e+01
5.917904528218144122e+01
5.893287579580259461e+01
5.869519895684470612e+01
5.846558056805584158e+01
5.824349082271096734e+01
5.802829822311871766e+01
5.781926946649864618e+01
5.761557594807394622e+01
5.741630713628345717e+01
5.722049061153720118e+01
5.702711793942795282e+01
5.683517479660452665e+01
5.664367301533780363e+01
5.645168163854935983e+01
5.625835383376833931e+01
5.606294670245126355e+01
5.586483169319192399e+01
5.566349449246180114e+01
5.545852485098278351e+01
5.524959859616237878e+01
5.503645570890667216e+01
5.481887934038287824e+01
5.459668060432019132e+01
5.436969273557547666e+01
5.413777594574746388e+01
5.390083156862367986e+01
5.365882161140140738e+01
5.341178832100479923e+01
5.315986828622060756e+01
5.290329696422962513e+01
5.264240195809363598e+01
5.237758619014279304e+01
5.210930453394292527e+01
5.183803884681584151e+01
5.156427637108875928e+01
5.128849522668013350e+01
5.101115862620943631e+01
5.073271712771596498e+01
5.045361632359942661e+01
5.017430630332235353e+01
4.989524920334731917e+01
4.961692206203882449e+01
4.933981369447284493e+01
4.906441594692847019e+01
4.879121106020527776e+01
4.852065767189179724e+01
4.825317811281903602e+01
4.798914917484807319e+01
4.772889764111581457e+01
4.747270081900690997e+01
4.722079132167067428e+01
4.697336456983983766e+01
4.673058703097421329e+01
4.649260312213124280e+01
4.625953897819575644e+01
4.603150188817762967e+01
4.580857504192294272e+01
4.559080817214915982e+01
4.537820554956243058e+01
4.517071341311152821e+01
4.496820914964678906e+01
4.477049431090517118e+01
4.457729290682235757e+01
4.438825547954701278e+01
4.420296844856714813e+01
4.402096734617489204e+01
4.384175201397540178e+01
4.366480169780063392e+01
4.348958824984375582e+01
4.331558622300280348e+01
4.314227937103902377e+01
4.296916378762448119e+01
4.279574849403824999e+01
4.262155463425346369e+01
4.244611452687857422e+01
4.226897167358509932e+01
4.208968248755139285e+01
4.190782006151339800e+01
4.172297983171162628e+01
4.153478659635936765e+01
4.134290208231663399e+01
4.114703215867800168e+01
4.094693287166827389e+01
4.074241468765798402e+01
4.053334462177561193e+01
4.031964623189572450e+01
4.010129771372879759e+01
3.987832850535897222e+01
3.965081488760370831e+01
3.941887506114446182e+01
3.918266411673357652e+01
3.894236921882851021e+01
3.869820521891546861e+01
3.845041081811818628e+01
3.819924531707516024e+01
3.794498592752360366e+01
3.768792557452740510e+01
3.742837109016713271e+01
3.716664168689390380e+01
3.690306759880519394e+01
3.663798878750486665e+01
3.637175362133128687e+01
3.610471744813618500e+01
3.583724099013752351e+01
3.556968849476725580e+01
3.530242558074714054e+01
3.503581672845199080e+01
3.477022238275239374e+01
3.450599566849955124e+01
3.424347876398597634e+01
3.398299903273610312e+01
3.372486507209023188e+01
3.346936288859684083e+01
3.321675244526803539e+01
3.296726483550956743e+01
3.272110031771957495e+01
3.247842739210169327e+01
3.223938302150790491e+01
3.200407399923786045e+01
3.177257936044670927e+01
3.154495363318933698e+01
3.132123064292292725e+01
3.110142753108756963e+01
3.088554863134255513e+01
3.067358886856821698e+01
3.046553640350144576e+01
3.026137433274789146e+01
3.006108135924635505e+01
2.986463145917301887e+01
2.967199267448366484e+01
2.948312524431496939e+01
2.929797934452150798e+01
2.911649272827742863e+01
2.893858855192189594e+01
2.876417363284156892e+01
2.859313732718042189e+01
2.842535114309906419e+01
2.826066912927721830e+01
2.809892900647068714e+01
2.793995394908617058e+01
2.778355487840187266e+01
2.762953310182708933e+01
2.747768312359746901e+01
2.732779545987234826e+01
2.717965931210262909e+01
2.703306498263147617e+01
2.688780595151893849e+01
2.674368056976360108e+01
2.660049335846752072e+01
2.645805593431903091e+01
2.631618760795981871e+01
2.617471572280060244e+01
2.603347581697428126e+01
2.589231169958924639e+01
2.575107553299542218e+01
2.560962800435964581e+01
2.546783865200472974e+01
2.532558638508636051e+01
2.518276020144996252e+01
2.503926007127451925e+01
2.489499791823731201e+01
2.474989860059412194e+01
2.460390077670575693e+01
2.445695753687439478e+01
2.430903669721542570e+01
2.416012068085055731e+01
2.401020595312807160e+01
2.385930202529132416e+01
2.370743008810203634e+01
2.355462137669501743e+01
2.340091539459278636e+01
2.324635813519823202e+01
2.309100043216344744e+01
2.293489654778332465e+01
2.277810307496610420e+01
2.262067818867487645e+01
2.246268124280087619e+01
2.230417267325927000e+01
2.214521414164870095e+01
2.198586883822937210e+01
2.182620185869147278e+01
2.166628057510930816e+01
2.150617493524464052e+01
2.134595764314799737e+01
2.118570419463580023e+01
2.102549276105819231e+01
2.086540393157487472e+01
2.070552033670896819e+01
2.054592618356155853e+01
2.038670673605126638e+01
2.022794777242863873e+01
2.006973504817803899e+01
1.991215378632443489e+01
1.975528821017586623e+01
1.959922112657236326e+01
1.944403356145359751e+01
1.928980444450922249e+01
1.913661033607763429e+01
1.898452518736026562e+01
1.883362012438799127e+01
1.868396324679307696e+01
1.853561943401956214e+01
1.838865015387119328e+01
1.824311327088387813e+01
1.809906285458977848e+01
1.795654899008925653e+01
1.781561759517376231e+01
1.767631024945425366e+01
1.753866404147671432e+01
1.740271143966078427e+01
1.726848019219680452e+01
1.713599325992500511e+01
1.700526878487148252e+01
1.687632009573804837e+01
1.674915575038873428e+01
1.662377961433572082e+01
1.650019097354523723e+01
1.637838467944778387e+01
1.625835132390625404e+01
1.614007744191533789e+01
1.602354573987449982e+01
1.590873534732694239e+01
1.579562208993828598e+01
1.568417878123684517e+01
1.557437553015656739e+01
1.546618006084256258e+01
1.535955804049686257e+01
1.525447341038906401e+01
1.515088871463863285e+01
1.504876542105378512e+01
1.494806422829135428e+01
1.484874535389278627e+01
1.475076879836312038e+01
1.465409458138929644e+01
1.455868294744422187e+01
1.446449453932345897e+01
1.437149053953901046e+01
1.427963278083475807e+01
1.418888382828316530e+01
1.409920703643932782e+01
1.401056658577395453e+01
1.392292750304788562e+01
1.383625567045597116e+01
1.375051782821453372e+01
1.366568157486737256e+01
1.358171536898500875e+01
1.349858853516709267e+01
1.341627127641210038e+01
1.333473469405393885e+01
1.325395081561632615e+01
1.317389263018433354e+01
1.309453413024298918e+01
1.301585035843373284e+01
1.293781745732629673e+01
1.286041272010014858e+01
1.278361463998175829e+01
1.270740295635307504e+01
1.263175869562514286e+01
1.255666420523149007e+01
1.248210317941962266e+01
1.240806067586883188e+01
1.233452312252610561e+01
1.226147831441456937e+01
1.218891540050468514e+01
1.211682486103821965e+01
1.204519847595009807e+01
1.197402928525480270e+01
1.190331154240382716e+01
1.183304066175142388e+01
1.176321316130187000e+01
1.169382660193349643e+01
1.162487952426779891e+01
1.155637138427904453e+01
1.148830248865204950e+01
1.142067393077813264e+01
1.135348752814588025e+01
1.128674576175061084e+01
1.122045171799519281e+01
1.115460903342627219e+01
1.108922184251143683e+01
1.102429472855453696e+01
1.095983267773554282e+01
1.089584103618384958e+01
1.083232546992371503e+01
1.076929192748468900e+01
1.070674660494064767e+01
1.064469591312423269e+01
1.058314644676967831e+01
1.052210495534021817e+01
1.046157831533225568e+01
1.040157350386070156e+01
1.034209757337580626e+01
1.028315762738700734e+01
1.022476079711238306e+01
1.016691421899301950e+01
1.010962501305251138e+01
1.005290026209931398e+01
9.996746991789972725e+00
9.941172151588231642e+00
9.886182596665186395e+00
9.831785070785519665e+00
9.777986190233381336e+00
9.724792428821094958e+00
9.672210104021726096e+00
9.620245364258769527e+00
9.568904177372177244e+00
9.518192320272492069e+00
9.468115369784726454e+00
9.418678694665576501e+00
9.369887448776097472e+00
9.321746565374935400e+00
9.274260752492732962e+00
9.227434489338000034e+00
9.181272023682261363e+00
9.135777370164152700e+00
9.090954309453424642e+00
9.046806388205682836e+00
9.003336919749687084e+00
8.960548985438435921e+00
8.918445436602373988e+00
8.877028897041988387e+00
8.836301766004169167e+00
8.796266221580767208e+00
8.756924224482887098e+00
8.718277522135739588e+00
8.680327653052032133e+00
8.643075951441046456e+00
8.606523552012857792e+00
8.570671394945769350e+00
8.535520230982635681e+00
8.501070626630202298e+00
8.467322969433347168e+00
8.434277473304259587e+00
8.401934183885487073e+00
8.370292983929189745e+00
8.339353598679016599e+00
8.309115601238396209e+00
8.279578417917671018e+00
8.250741333546377732e+00
8.222603496745881202e+00
8.195163925151687678e+00
8.168421510582895451e+00
8.142375024150533491e+00
8.117023121302032962e+00
8.092364346798177621e+00
8.068397139619087000e+00
8.045119837795928319e+00
8.022530683167524046e+00
8.000627826058245518e+00
7.979409329876863133e+00
7.958873175633177866e+00
7.939017266373018522e+00
7.919839431527978313e+00
7.901337431180269988e+00
7.883508960240838803e+00
7.866351652538710937e+00
7.849863084822422898e+00
7.834040780669851323e+00
7.818882214307205203e+00
7.804384814334810905e+00
7.790545967359917334e+00
7.777363021534255516e+00
7.764833289995973331e+00
7.752954054215591029e+00
7.741722567244555542e+00
7.731136056866422912e+00
7.721191728649927200e+00
7.711886768904616218e+00
7.703218347538070887e+00
7.695183620815253533e+00
7.687779734022030631e+00
7.681003824031266802e+00
7.674853021775112083e+00
