5.025233645608086566e-03
5.524752632899466304e-03
6.071036285692191399e-03
6.625043726740963146e-03
7.180402524563284962e-03
7.733964243444798464e-03
8.284214613645302788e-03
8.830487845767447108e-03
9.372539108367614405e-03
9.910327531823876629e-03
1.044390813268875756e-02
1.097337838140992339e-02
1.149885200285262130e-02
1.202044631595027696e-02
1.253827628531849897e-02
1.305245188369426323e-02
1.356307707274399983e-02
1.407024956178506113e-02
1.457406092855263735e-02
1.507459689764072998e-02
1.557193767736369042e-02
1.606615830785966190e-02
1.655732899898253521e-02
1.704551544914218592e-02
1.753077914221813985e-02
1.801317762256464047e-02
1.849276474930143868e-02
1.896959093163095439e-02
1.944370334695544322e-02
1.991514614353186857e-02
2.038396062932266301e-02
2.085018544845012450e-02
2.131385674663863888e-02
2.177500832676008621e-02
2.223367179559338630e-02
2.268987670265646892e-02
2.314365067201569134e-02
2.359501952775137912e-02
2.404400741375696191e-02
2.449063690845522390e-02
2.493492913490901602e-02
2.537690386685782090e-02
2.581657963094951408e-02
2.625397380566899669e-02
2.668910271713413954e-02
2.712198173211308530e-02
2.755262534842727040e-02
2.798104728300611702e-02
2.840726055765553995e-02
2.883127758278945796e-02
2.925311023910234440e-02
2.967276995739099449e-02
3.009026779649615763e-02
3.050561451943159530e-02
3.091882066772475707e-02
3.132989663395633478e-02
3.173885273249994754e-02
3.214569926842824471e-02
3.255044660454572275e-02
3.295310522646374696e-02
3.335368580572808939e-02
3.375219926083976307e-02
3.414865681617972742e-02
3.454307005866290303e-02
3.493545099214952210e-02
3.532581208935173245e-02
3.571416634139532725e-02
3.610052730468884391e-02
3.648490914519358919e-02
3.686732667992420609e-02
3.724779541567524443e-02
3.762633158483562335e-02
3.800295217823629335e-02
3.837767497507076769e-02
3.875051856972362013e-02
3.912150239557470738e-02
3.949064674574123690e-02
3.985797279073229754e-02
4.022350259308287573e-02
4.058725911894774802e-02
4.094926624677811683e-02
4.130954877306868694e-02
4.166813241531734657e-02
4.202504381231534497e-02
4.238031052180488839e-02
4.273396101574695322e-02
4.308602467330339969e-02
4.343653177166313661e-02
4.378551347497325330e-02
4.413300182156073420e-02
4.447902970958390184e-02
4.482363088136189638e-02
4.516683990668163284e-02
4.550869216515697480e-02
4.584922382800239726e-02
4.618847183939471523e-02
4.652647389759568403e-02
4.686326843610792714e-02
4.719889460507908224e-02
4.753339225302472687e-02
4.786680190920146460e-02
4.819916476659819732e-02
4.853052266580354379e-02
4.886091807976783441e-02
4.919039409946881353e-02
4.951899442062882017e-02
4.984676333133302578e-02
5.017374570052583055e-02
5.049998696735673309e-02
5.082553313110981658e-02
5.115043074160933317e-02
5.147472688979636696e-02
5.179846919820831758e-02
5.212170581113651641e-02
5.244448538389323566e-02
5.276685707090555261e-02
5.308887051218077330e-02
5.341057581762395645e-02
5.373202354867712138e-02
5.405326469676133283e-02
5.437435065801434625e-02
5.469533320365853324e-02
5.501626444551967199e-02
5.533719679608057468e-02
5.565818292253094102e-02
5.597927569431088157e-02
5.630052812358527642e-02
5.662199329830228806e-02
5.694372430732057982e-02
5.726577415734172144e-02
5.758819568131786498e-02
5.791104143820988842e-02
5.823436360391964078e-02
5.855821385345065522e-02
5.888264323422882224e-02
5.920770203110052587e-02
5.953343962286871544e-02
5.985990433121510940e-02
6.018714326221533129e-02
6.051520214133117997e-02
6.084412514242115017e-02
6.117395471195608003e-02
6.150473138902468051e-02
6.183649362256721238e-02
6.216927758684091115e-02
6.250311699642029095e-02
6.283804292204051012e-02
6.317408360872311945e-02
6.351126429766150439e-02
6.384960705325858077e-02
6.418913059686170985e-02
6.452985014874475234e-02
6.487177727981408015e-02
6.521491977439135279e-02
6.555928150565412671e-02
6.590486232507095088e-02
6.625165796692927822e-02
6.659965996941258348e-02
6.694885561312405309e-02
6.729922787804372419e-02
6.765075541988456453e-02
6.800341256632007336e-02
6.835716933380046878e-02
6.871199146533785163e-02
6.906784048927452901e-02
6.942467379939973315e-02
6.978244475596880048e-02
7.014110280765675776e-02
7.050059363369877430e-02
7.086085930575061753e-02
7.122183846867620460e-02
7.158346653930725001e-02
7.194567592198169992e-02
7.230839623980150899e-02
7.267155458018127734e-02
7.303507575315473788e-02
7.339888256087036267e-02
7.376289607681868477e-02
7.412703593267688795e-02
7.449122061133522932e-02
7.485536774397409665e-02
7.521939440954654443e-02
7.558321743457596664e-02
7.594675369151884792e-02
7.630992039386115533e-02
7.667263538597580974e-02
7.703481742608978000e-02
7.739638646065674643e-02
7.775726388847931103e-02
7.811737281305666802e-02
7.847663828182621648e-02
7.883498751086735756e-02
7.919235009398745140e-02
7.954865819523718184e-02
7.990384672374237218e-02
8.025785349030239990e-02
8.061061934520717676e-02
8.096208829653657457e-02
8.131220760893401178e-02
8.166092788278100922e-02
8.200820311327905454e-02
8.235399073021452965e-02
8.269825161828314730e-02
8.304095011850784469e-02
8.338205401133477745e-02
8.372153448188694724e-02
8.405936606837192959e-02
8.439552659440784088e-02
8.472999708601378077e-02
8.506276167467355376e-02
8.539380748725969306e-02
8.572312452419407480e-02
8.605070552682886342e-02
8.637654583559448151e-02
8.670064323999784883e-02
8.702299782190250910e-02
8.734361179340387193e-02
8.766248933058698456e-02
8.797963640463578316e-02
8.829506061153530316e-02
8.860877100169398113e-02
8.892077791067971859e-02
8.923109279250286685e-02
8.953972805635776466e-02
8.984669690815610954e-02
9.015201319765406285e-02
9.045569127238345386e-02
9.075774583897364134e-02
9.105819183277434614e-02
9.135704429651109182e-02
9.165431826826263284e-02
9.195002867929895352e-02
9.224419026231137075e-02
9.253681746976630262e-02
9.282792440296072645e-02
9.311752475136955698e-02
9.340563174228380672e-02
9.369225810061287962e-02
9.397741601833034530e-02
9.426111713313897744e-02
9.454337251610162030e-02
9.482419266737153463e-02
9.510358751968303603e-02
9.538156644858408750e-02
9.565813828915722961e-02
9.593331135813490396e-02
9.620709348078670953e-02
9.647949202200219176e-02
9.675051392060930733e-02
9.702016572624466706e-02
9.728845363812491098e-02
9.755538354521350874e-02
9.782096106676602121e-02
9.808519159286592515e-02
9.834808032455276405e-02
9.860963231265991447e-02
9.886985249509719353e-02
9.912874573228563913e-02
9.938631684005196087e-02
9.964257061989141573e-02
9.989751188647202906e-02
1.001511454916468591e-01
1.004034763453803825e-01
1.006545094331992296e-01
1.009042498300538881e-01
1.011527027106926824e-01
1.013998733565903421e-01
1.016457671593208739e-01
1.018903896205219234e-01
1.021337463488615344e-01
1.023758430536063080e-01
1.026166855355101770e-01
1.028562796748695995e-01
1.030946314170206463e-01
1.033317467556738173e-01
1.035676317140829805e-01
1.038022923243050732e-01
1.040357346049816528e-01
1.042679645375318154e-01
1.044989880412864891e-01
1.047288109475548179e-01
1.049574389729253515e-01
1.051848776918847123e-01
1.054111325091498103e-01
1.056362086315917881e-01
1.058601110401526380e-01
1.060828444617193667e-01
1.063044133412390096e-01
1.065248218141075232e-01
1.067440736791073763e-01
1.069621723718806316e-01
1.071791209390234312e-01
1.073949220131543425e-01
1.076095777889215371e-01
1.078230900000619330e-01
1.080354598976765307e-01
1.082466882298572936e-01
1.084567752229272791e-01
1.086657205641182733e-01
1.088735233860985280e-01
1.090801822534414461e-01
1.092856951510303570e-01
1.094900594748016015e-01
1.096932720246219517e-01
1.098953289998872984e-01
1.100962259974355706e-01
1.102959580124995842e-01
1.104945194423760657e-01
1.106919040931263198e-01
1.108881051895313774e-01
1.110831153880126598e-01
1.112769267933007289e-01
1.114695309781428834e-01
1.116609190066180507e-01
1.118510814611123616e-01
1.120400084727374568e-01
1.122276897553872860e-01
1.124141146431605759e-01
1.125992721315747791e-01
1.127831509220813405e-01
1.129657394699282308e-01
1.131470260353304030e-01
1.133269987376485100e-01
1.135056456126273539e-01
1.136829546723369389e-01
1.138589139675725975e-01
1.140335116526600412e-01
1.142067360524037234e-01
1.143785757304238704e-01
1.145490195595484373e-01
1.147180567928685335e-01
1.148856771361044249e-01
1.150518708202862284e-01
1.152166286747039470e-01
1.153799421998722152e-01
1.155418036398734999e-01
1.157022060541330055e-01
1.158611433878720953e-01
1.160186105411853963e-01
1.161746034363064783e-01
1.163291190827045463e-01
1.164821556396758162e-01
1.166337124761522015e-01
1.167837902273370365e-01
1.169323908478231422e-01
1.170795176609973343e-01
1.172251754044224825e-01
1.173693702706720410e-01
1.175121099436651911e-01
1.176534036300596470e-01
1.177932620854525853e-01
1.179316976351507118e-01
1.180687241893445261e-01
1.182043572527516073e-01
1.183386139278484184e-01
1.184715129122388133e-01
1.186030744899043976e-01
1.187333205159402105e-01
1.188622743950115968e-01
1.189899610534112667e-01
1.191164069047673524e-01
1.192416398092823598e-01
1.193656890269334664e-01
1.194885851641315361e-01
1.196103601147095880e-01
1.197310469949007250e-01
1.198506800726323318e-01
1.199692946914903691e-01
1.200869271895975421e-01
1.202036148135442462e-01
1.203193956278865578e-01
1.204343084206257186e-01
1.205483926048310783e-01
1.206616881169523953e-01
1.207742353120747347e-01
1.208860748570804999e-01
1.209972476213478643e-01
1.211077945661975935e-01
1.212177566329152856e-01
1.213271746303834359e-01
1.214360891223281030e-01
1.215445403147047410e-01
1.216525679438840435e-01
1.217602111657162117e-01
1.218675084460274227e-01
1.219744974527552372e-01
1.220812149502616684e-01
1.221876966958461291e-01
1.222939773388747875e-01
1.224000903225852532e-01
1.225060677890364436e-01
1.226119404869571716e-01
1.227177376828714195e-01
1.228234870753248109e-01
1.229292147128071416e-01
1.230349449147131319e-01
1.231407001957241093e-01
1.232465011936829113e-01
1.233523666007843578e-01
1.234583130980781290e-01
1.235643552934395095e-01
1.236705056629658905e-01
1.237767744956963234e-01
1.238831698419479016e-01
1.239896974651938655e-01
1.240963607975595490e-01
1.242031608994108444e-01
1.243100964228788102e-01
1.244171635794812103e-01
1.245243561127044180e-01
1.246316652749769882e-01
1.247390798103648751e-01
1.248465859421237639e-01
1.249541673668333186e-01
1.250618052545694470e-01
1.251694782557241092e-01
1.252771625156096635e-01
1.253848316959091935e-01
1.254924570050492405e-01
1.256000072365589249e-01
1.257074488166837478e-01
1.258147458616004355e-01
1.259218602439888812e-01
1.260287516704322042e-01
1.261353777687131139e-01
1.262416941867106346e-01
1.263476547019573570e-01
1.264532113427405124e-01
1.265583145209315807e-01
1.266629131763822302e-01
1.267669549331996992e-01
1.268703862675717442e-01
1.269731526875153560e-01
1.270751989238914914e-01
1.271764691325821539e-01
1.272769071073608371e-01
1.273764565028562556e-01
1.274750610671557260e-01
1.275726648827322229e-01
1.276692126153808615e-01
1.277646497693153416e-01
1.278589229477508638e-01
1.279519801174184568e-01
1.280437708753063841e-01
1.281342467161202259e-01
1.282233612990967553e-01
1.283110707117460780e-01
1.283973337294316563e-01
1.284821120684566109e-01
1.285653706312364086e-01
1.286470777418207700e-01
1.287272053700029839e-01
1.288057293423859884e-01
1.288826295396106325e-01
1.289578900777759163e-01
1.290314994732271736e-01
1.291034507901451800e-01
1.291737417694960033e-01
1.292423749386720500e-01
1.293093577020755780e-01
1.293747024110461497e-01
1.294384264135877705e-01
1.295005520828340362e-01
1.295611068246603215e-01
1.296201230633629575e-01
1.296776382058059118e-01
1.297336945830431798e-01
1.297883393696552257e-01
1.298416244802680086e-01
1.298936064430230297e-01
1.299443462496935875e-01
1.299939091824771631e-01
1.300423646176454839e-01
1.300897858055444500e-01
1.301362496280194514e-01
1.301818363335514039e-01
1.302266292507378020e-01
1.302707144814633233e-01
1.303141805750125393e-01
1.303571181844483395e-01
1.303996197079521913e-01
1.304417789160207120e-01
1.304836905678312398e-01
1.305254500185929201e-01
1.305671528209583487e-01
1.306088943219822773e-01
1.306507692595096637e-01
1.306928713592191704e-01
1.307352929347559423e-01
1.307781244937679943e-01
1.308214543504042648e-01
1.308653682463092882e-01
1.309099489811937911e-01
1.309552760538309768e-01
1.310014253140386331e-01
1.310484686258002185e-01
1.310964735421618343e-01
1.311455029912051984e-01
1.311956149739113009e-01
1.312468622732163304e-01
1.312992921749173147e-01
1.313529462006824411e-01
1.314078598530906972e-01
1.314640623742807934e-01
1.315215765186562302e-01
1.315804183413976092e-01
1.316405970044957907e-01
1.317021146016312261e-01
1.317649660051334326e-01
1.318291387363833000e-01
1.318946128627771219e-01
1.319613609236784391e-01
1.320293478876923554e-01
1.320985311433589271e-01
1.321688605264307315e-01
1.322402783840073981e-01
1.323127196783933646e-01
1.323861121308959055e-01
1.324603764065690747e-01
1.325354263395879528e-01
1.326111691998127506e-01
1.326875059986150074e-01
1.327643318341314715e-01
1.328415362739996386e-01
1.329190037739356456e-01
1.329966141316646366e-01
1.330742429733932086e-01
1.331517622722780125e-01
1.332290408975363438e-01
1.333059451923557515e-01
1.333823395801376765e-01
1.334580871971610405e-01
1.335330505503898868e-01
1.336070921988302407e-01
1.336800754547026460e-01
1.337518651028186956e-01
1.338223281323688285e-01
1.338913344774518843e-01
1.339587577588707834e-01
1.340244760213983866e-01
1.340883724585889836e-01
1.341503361170004460e-01
1.342102625723634313e-01
1.342680545700944972e-01
1.343236226234377217e-01
1.343768855643842075e-01
1.344277710435710649e-01
1.344762159768790322e-01
1.345221669396881869e-01
1.345655805103359859e-01
1.346064235664120035e-01
1.346446735391823579e-01
1.346803186314108891e-01
1.347133580049841572e-01
1.347438019425564459e-01
1.347716719885545811e-01
1.347970010705999977e-01
1.348198336021370625e-01
1.348402255633293356e-01
1.348582445553242193e-01
1.348739698200307202e-01
1.348874922162481282e-01
1.348989141407346271e-01
1.349083493824957958e-01
1.349159228985334913e-01
1.349217705004788770e-01
1.349260384428596082e-01
1.349288829070104390e-01
1.349304693769255159e-01
1.349309719069140268e-01
1.349305722859309720e-01
1.349294591048179615e-01
1.349278267379712404e-01
1.349258742526356913e-01
1.349238042622429856e-01
1.349218217411662646e-01
1.349201328192941585e-01
1.349189435746240839e-01
1.349184588411408425e-01
1.349188810479216016e-01
1.349204091020511087e-01
1.349232373251726957e-01
1.349275544499848045e-01
1.349335426792236670e-01
1.349413768057687590e-01
1.349512233891749513e-01
1.349632399813753825e-01
1.349775743920346716e-01
1.349943639837116738e-01
1.350137349854750590e-01
1.350358018168014151e-01
1.350606664128878587e-01
1.350884175465490999e-01
1.351191301442109249e-01
1.351528645958859631e-01
1.351896660631147773e-01
1.352295637910936876e-01
1.352725704342982727e-01
1.353186814090915346e-01
1.353678742869371954e-01
1.354201082483856844e-01
1.354753236169623509e-01
1.355334414966917200e-01
1.355943635366355648e-01
1.356579718469027029e-01
1.357241290886340157e-01
1.357926787568823068e-01
1.358634456709844063e-01
1.359362366797802202e-01
1.360108415807115834e-01
1.360870342441613812e-01
1.361645739268864397e-01
1.362432067499450006e-01
1.363226673152486135e-01
1.364026804304218632e-01
1.364829629157394142e-01
1.365632254697133063e-01
1.366431745757996086e-01
1.367225144401584824e-01
1.368009489556429870e-01
1.368781836916588557e-01
1.369539279092451545e-01
1.370278965985668174e-01
1.370998125276471358e-01
1.371694082813837146e-01
1.372364282576358507e-01
1.373006305747157263e-01
1.373617888355485872e-01
1.374196936879023556e-01
1.374741541220392549e-01
1.375249984554836602e-01
1.375720749712955049e-01
1.376152521973026122e-01
1.376544188420364967e-01
1.376894834308158566e-01
1.377203737118720961e-01
1.377470359239445497e-01
1.377694340309529308e-01
1.377875490333367314e-01
1.378013784593712932e-01
1.378109361212427886e-01
1.378162521962790765e-01
1.378173736576980002e-01
1.378143650428978462e-01
1.378073095090354416e-01
1.377963100904065485e-01
1.377814910458714792e-01
1.377629991699402257e-01
1.377410049373543055e-01
1.377157033644223760e-01
1.376873144930788606e-01
1.376560834364535246e-01
1.376222799599182145e-01
1.375861976051571678e-01
1.375481523890462188e-01
1.375084811246238548e-01
1.374675394136047890e-01
1.374256993565301233e-01
1.373833470157725944e-01
1.373408796597197501e-01
1.372987028145362109e-01
1.372572271579732828e-01
1.372168653021872964e-01
1.371780285338401462e-01
1.371411235964976050e-01
1.371065496092607194e-01
1.370746952144363817e-01
1.370459360263029946e-01
1.370206324253622210e-01
1.369991277014109554e-01
1.369817465111936861e-01
1.369687935848975802e-01
1.369605525976860250e-01
1.369572851216742104e-01
1.369592295836447593e-01
1.369666001759500262e-01
1.369795856864232109e-01
1.369983482256849627e-01
1.370230218316877413e-01
1.370537109184185309e-01
1.370904885220254887e-01
1.371333942839702003e-01
1.371824321190564522e-01
1.372375675487026436e-01
1.372987247433312130e-01
1.373657834084557883e-01
1.374385757504852090e-01
1.375168838509648883e-01
1.376004378374606762e-01
1.376889152454100207e-01
1.377819419042175253e-01
1.378790945553248215e-01
1.379799052328423703e-01
1.380838672342081241e-01
1.381904423176051888e-01
1.382990686122931301e-01
1.384091686532090137e-01
1.385201569612735106e-01
1.386314466953893210e-01
1.387424550781044541e-01
1.388526075224433554e-01
1.389613406221227032e-01
1.390681043697758745e-01
1.391723641012131696e-01
1.392736026996674037e-01
1.393713235169365405e-01
1.394650542860939868e-01
1.395543520408668303e-01
1.396388087555052449e-01
1.397180571466629107e-01
1.397917758791275000e-01
1.398596933488106819e-01
1.399215892999152999e-01
1.399772937667801698e-01
1.400266831735813566e-01
1.400696738216521131e-01
1.401062133660648801e-01
1.401362711713696474e-01
1.401598285931129340e-01
1.401768702517046106e-01
1.401873772591473444e-01
1.401913231636891521e-01
1.401886731301782985e-01
1.401793865916286519e-01
1.401634233103156713e-01
1.401407524685878425e-01
1.401113640918679737e-01
1.400752818205621419e-01
1.400325758543952692e-01
1.399833748533421407e-01
1.399278757342962698e-01
1.398663506470067264e-01
1.397991508679538863e-01
1.397267078132319873e-01
1.396495316980350954e-01
1.395682084824654556e-01
1.394833956117322860e-01
1.393958167489657562e-01
1.393062553418464578e-01
1.392155466127554808e-01
1.391245675368958656e-01
1.390342246183964570e-01
1.389454397350203263e-01
1.388591348599450270e-01
1.387762168985854361e-01
1.386975640410756661e-01
1.386240148337732347e-01
1.385563606427853145e-01
1.384953414526499671e-01
1.384416442178550144e-01
1.383959024903708424e-01
1.383586959362466395e-01
1.383305486892972003e-01
1.383119261788483545e-01
1.383032309199878629e-01
1.383047984946579878e-01
1.383168953259044098e-01
1.383397196782807370e-01
1.383734065761375587e-01
1.384180361700786954e-01
1.384736437928636710e-01
1.385402289206772997e-01
1.386177598441717118e-01
1.387061712823670634e-01
1.388053534469556594e-01
1.389151329399976598e-01
1.390352479154215448e-01
1.391653216395809523e-01
1.393048395003830819e-01
1.394531343780647525e-01
1.396093841066835539e-01
1.397726227694446877e-01
1.399417652046186233e-01
1.401156418210650345e-01
1.402930390657985971e-01
1.404727399374100794e-01
1.406535589662757657e-01
1.408343670646629298e-01
1.410141034521564529e-01
1.411917742173219026e-01
1.413664395969139176e-01
1.415371943098733543e-01
1.417031468074932132e-01
1.418634037365353873e-01
1.420170650382578947e-01
1.421632329695987629e-01
1.423010352588543470e-01
1.424296592105208370e-01
1.425483906448988258e-01
1.426566498898596547e-01
1.427540171556223869e-01
1.428402415749834287e-01
1.429152314904509891e-01
1.429790273048996974e-01
1.430317613796695808e-01
1.430736112711677999e-01
1.431047527691473864e-01
1.431253179989015467e-01
1.431353619816182754e-01
1.431348392986146190e-01
1.431235914817420851e-01
1.431013455776421195e-01
1.430677246837810668e-01
1.430222715091962749e-01
1.429644856123318264e-01
1.428938736837978840e-01
1.428100103055647274e-01
1.427126046159798711e-01
1.426015669050454127e-01
1.424770688037477750e-01
1.423395914599691614e-01
1.421899575526610615e-01
1.420293446266059634e-01
1.418592785297926873e-01
1.416816065265150693e-01
1.414984501639154346e-01
1.413121387122557304e-01
1.411251255019077000e-01
1.409398919305851761e-01
1.407588469353908689e-01
1.405842323776929081e-01
1.404180458865063319e-01
1.402619912899426557e-01
1.401174625803628393e-01
1.399855611441780112e-01
1.398671393154298781e-01
1.397628581517526836e-01
1.396732453131884488e-01
1.395987407602255481e-01
1.395397231858370168e-01
1.394965170754818573e-01
1.394693869193248115e-01
1.394585293147957983e-01
1.394640741383062765e-01
1.394861023460675642e-01
1.395246812407403281e-01
1.395799101898792249e-01
1.396519633231160518e-01
1.397411129943874619e-01
1.398477201168335793e-01
1.399721846369753331e-01
1.401148595265807595e-01
1.402759417042760970e-01
1.404553601161854237e-01
1.406526826843911837e-01
1.408670596817799270e-01
1.410972129153801879e-01
1.413414707104434231e-01
1.415978409385837689e-01
1.418641099928178162e-01
1.421379547310080149e-01
1.424170556039333069e-01
1.426992005614071413e-01
1.429823697711927188e-01
1.432647910283840476e-01
1.435449566006049560e-01
1.438215959417571410e-01
1.440936058913280249e-01
1.443599494819277351e-01
1.446195435381625038e-01
1.448711605538899605e-01
1.451133693655838330e-01
1.453445312572750614e-01
1.455628549992603049e-01
1.457664995391129703e-01
1.459537010009341607e-01
1.461228949571801439e-01
1.462728072013123048e-01
1.464024954569920767e-01
1.465113374670414248e-01
1.465989736561023604e-01
1.466652215327291231e-01
1.467099822702153389e-01
1.467331575611067196e-01
1.467345885931032046e-01
1.467140214202844184e-01
1.466710965862487170e-01
1.466053572495868151e-01
1.465162696998697778e-01
1.464032523294333532e-01
1.462657124019210442e-01
1.461030927921476152e-01
1.459149321471935323e-01
1.457009412667523429e-01
1.454610962381575889e-01
1.451957457016967989e-01
1.449057262442447480e-01
1.445924767208807415e-01
1.442581393692195790e-01
1.439056330031311948e-01
1.435386818086413219e-01
1.431617833807283524e-01
1.427801030536719473e-01
1.423992894221792482e-01
1.420252181549630233e-01
1.416636859291454387e-01
1.413200900090612055e-01
1.409991373084623634e-01
1.407046260599921217e-01
1.404393320691111058e-01
1.402050117149377106e-01
1.400025101392025073e-01
1.398319419000624009e-01
1.396928988699770446e-01
1.395846400912992835e-01
1.395062307574507776e-01
1.394566186957130749e-01
1.394346600503163225e-01
1.394391236664064282e-01
1.394687096918975910e-01
1.395221094994666955e-01
1.395981135010962437e-01
1.396957478105291528e-01
1.398143996732362504e-01
1.399538840030148668e-01
1.401144137359003616e-01
1.402964628697422333e-01
1.405005443450155489e-01
1.407269531081251357e-01
1.409755368343486581e-01
1.412455479282422044e-01
1.415356040055589515e-01
1.418437505696597545e-01
1.421675920349637079e-01
1.425044456688324968e-01
1.428514804524915749e-01
1.432058242830423211e-01
1.435646474521490024e-01
1.439252458145573732e-01
1.442851456455110370e-01
1.446422343006996125e-01
1.449948953160085374e-01
1.453421065657012901e-01
1.456834561713848675e-01
1.460190461081129210e-01
1.463492824887725474e-01
1.466745836115457835e-01
1.469950609019923526e-01
1.473102364845916556e-01
1.476188525852882294e-01
1.479188060297331186e-01
1.482072129466236732e-01
1.484805823224718269e-01
1.487350584838848244e-01
1.489666849717419528e-01
1.491716454648004397e-01
1.493464488696094050e-01
1.494880416932001799e-01
1.495938475131685930e-01
1.496617474332500031e-01
1.496900245141647712e-01
1.496772980408466736e-01
1.496224701468049367e-01
1.495246990463419412e-01
1.493834023631190333e-01
1.491982838844174153e-01
1.489693705033297288e-01
1.486970450518525222e-01
1.483820652838252763e-01
1.480255676296796385e-01
1.476290633765171834e-01
1.471944413288693854e-01
1.467239924333444967e-01
1.462204675771647533e-01
1.456871706722016324e-01
1.451280771959918003e-01
1.445479561789009826e-01
1.439524639954776752e-01
1.433481739865830051e-01
1.427425091171050930e-01
1.421435565628048070e-01
1.415597623697661678e-01
1.409995279877013785e-01
1.404707535361829629e-01
1.399803893775772579e-01
1.395340629161978541e-01
1.391358387303091027e-01
1.387881477004141162e-01
1.384918888823870042e-01
1.382466735941267344e-01
1.380511530404812948e-01
1.379033565400836769e-01
1.378009718313419618e-01
1.377415220449903777e-01
1.377224301557535835e-01
1.377410005563133033e-01
1.377943760191115419e-01
1.378795358260457848e-01
1.379933828382903238e-01
1.381329285908180493e-01
1.382955395319562797e-01
1.384791717725334936e-01
1.386825111175107594e-01
1.389049560177746667e-01
1.391464278231071827e-01
1.394070491198655948e-01
1.396867757926681386e-01
1.399850840329777413e-01
1.403007934163705006e-01
1.406320595901378034e-01
1.409765143465779580e-01
1.413314885153656164e-01
1.416942386933979781e-01
1.420621145201911573e-01
1.424326395430658143e-01
1.428035197269485190e-01
1.431726232869573179e-01
1.435379832303005365e-01
1.438978582055713273e-01
1.442508556327149749e-01
1.445960871234291678e-01
1.449333034227469341e-01
1.452629524723982879e-01
1.455861197441387367e-01
1.459043381592140809e-01
1.462192862141608041e-01
1.465324186125461225e-01
1.468445880433392747e-01
1.471557178234547125e-01
1.474645744443406348e-01
1.477686704234910109e-01
1.480643059654392635e-01
1.483467371204112428e-01
1.486104415825098835e-01
1.488494428791598267e-01
1.490576502006570325e-01
1.492291743504828017e-01
1.493585893327310510e-01
1.494411222025687214e-01
1.494727685016883079e-01
1.494503438954914720e-01
1.493714915866061754e-01
1.492346676731259036e-01
1.490391225008534382e-01
1.487848869951466091e-01
1.484727624560908954e-01
1.481043044475351955e-01
1.476817892333614768e-01
1.472081553855707492e-01
1.466869217034684758e-01
1.461220916929197033e-01
1.455180607860539765e-01
1.448795429920089750e-01
1.442115288025474507e-01
1.435192778287154025e-01
1.428083404932954381e-01
1.420845954500789543e-01
1.413542845477250842e-01
1.406240254157247738e-01
1.399007828588971492e-01
1.391917838925084694e-01
1.385043673871645953e-01
1.378457680882963776e-01
1.372228461276338296e-01
1.366417859563126835e-01
1.361078003680641357e-01
1.356248822782985253e-01
1.351956456535477746e-01
1.348212857031936274e-01
1.345016684224076831e-01
1.342355350670391689e-01
1.340207842149438999e-01
1.338547787301129777e-01
1.337346215424431994e-01
1.336573542725458807e-01
1.336200547060116539e-01
1.336198380145524056e-01
1.336537948367149398e-01
1.337189183081538835e-01
1.338120749817574284e-01
1.339300589476467573e-01
1.340697381357778273e-01
1.342282660825475649e-01
1.344033032803404748e-01
1.345931800223042485e-01
1.347969425798219434e-01
1.350142545444770747e-01
1.352451662408273858e-01
1.354898040422297945e-01
1.357480551282630732e-01
1.360193235882681539e-01
1.363024109324841027e-01
1.365955365238399333e-01
1.368964746131215993e-01
1.372027573746702478e-01
1.375118849689346279e-01
1.378214941048369335e-01
1.381294595581686047e-01
1.384339294286908439e-01
1.387333159235025204e-01
1.390262734573708414e-01
1.393116932986606382e-01
1.395887313423612719e-01
1.398568681516721146e-01
1.401159843034505692e-01
1.403664241405088997e-01
1.406090194626584966e-01
1.408450508957589664e-01
1.410761361455598051e-01
1.413040478842253755e-01
1.415304767279048082e-01
1.417567645186955660e-01
1.419836386746406443e-01
1.422109792701825581e-01
1.424376469921667665e-01
1.426613929734224795e-01
1.428788619049799202e-01
1.430856891351103832e-01
1.432766820806959662e-01
1.434460674756479204e-01
1.435877798358248802e-01
1.436957637476433403e-01
1.437642634684961618e-01
1.437880776093420077e-01
1.437627635237951618e-01
1.436847841574049878e-01
1.435515979353452765e-01
1.433616982807264240e-01
1.431146124970353040e-01
1.428108697687095474e-01
1.424519456135987516e-01
1.420401867275377095e-01
1.415787174963702433e-01
1.410713288214262007e-01
1.405223516207619594e-01
1.399365206413343277e-01
1.393188374870584223e-01
1.386744434334488407e-01
1.380085117083696133e-01
1.373261655661625336e-01
1.366324237082756632e-01
1.359321699217243551e-01
1.352301405758620234e-01
1.345309225372660900e-01
1.338389549514727161e-01
1.331585303031213585e-01
1.324937919790805385e-01
1.318487262578457997e-01
1.312271460072714502e-01
1.306326620868219213e-01
1.300686378917706165e-01
1.295381240118703425e-01
1.290437741737634758e-01
1.285877497678969694e-01
1.281716264185270571e-01
1.277963198896841512e-01
1.274620483613809196e-01
1.271683433192191404e-01
1.269141130310136867e-01
1.266977528870782133e-01
1.265172880400185496e-01
1.263705276577095082e-01
1.262552078579926573e-01
1.261691024891800905e-01
1.261100871849461513e-01
1.260761517164765699e-01
1.260653669456657522e-01
1.260758232805933299e-01
1.261055647490257892e-01
1.261525443776633226e-01
1.262146215045903130e-01
1.262896107648555089e-01
1.263753783330945069e-01
1.264699672256267560e-01
1.265717237709882981e-01
1.266793944738551780e-01
1.267921674117615249e-01
1.269096439884451755e-01
1.270317425240792275e-01
1.271585508894157723e-01
1.272901571709846302e-01
1.274264921288489893e-01
1.275672137758427083e-01
1.277116538320834382e-01
1.278588311239690356e-01
1.280075222702596882e-01
1.281563690131806432e-01
1.283039967052453934e-01
1.284491201814790262e-01
1.285906201698619189e-01
1.287275830286236655e-01
1.288593062085427732e-01
1.289852791365250217e-01
1.291051528447189067e-01
1.292187113330154069e-01
1.293258540420585412e-01
1.294265933120213319e-01
1.295210649457782248e-01
1.296095454291293636e-01
1.296924668831115346e-01
1.297704206520629289e-01
1.298441422059121442e-01
1.299144730682143534e-01
1.299822990237257947e-01
1.300484672998882818e-01
1.301136883422779889e-01
1.301784299845968607e-01
1.302428131303780268e-01
1.303065184685338884e-01
1.303687132344945043e-01
1.304280056609723182e-01
1.304824326523689737e-01
1.305294835646622076e-01
1.305661600287347790e-01
1.305890688095893426e-01
1.305945420424262648e-01
1.305787770895093236e-01
1.305379869223166345e-01
1.304685514617541231e-01
1.303671607184584136e-01
1.302309417687820547e-01
1.300575633979516865e-01
1.298453143847011215e-01
1.295931536163885678e-01
1.293007322397325964e-01
1.289683896671552643e-01
1.285971263557443844e-01
1.281885568645157736e-01
1.277448468822006133e-01
1.272686378836646037e-01
1.267629630001018692e-01
1.262311576964076643e-01
1.256767689482880535e-01
1.251034667102113029e-01
1.245149613992449639e-01
1.239149307338566208e-01
1.233069584852358458e-01
1.226944865523572903e-01
1.220807804204894764e-01
1.214689067346345630e-01
1.208617206708059444e-01
1.202618602229105910e-01
1.196717445444182293e-01
1.190935740637545509e-01
1.185293310596608474e-01
1.179807804703607299e-01
1.174494716055844018e-01
1.169367418735801217e-01
1.164437234935970233e-01
1.159713534872680307e-01
1.155203862635041101e-01
1.150914071715901932e-01
1.146848448480834726e-01
1.143009802526269436e-01
1.139399510154761042e-01
1.136017509186936641e-01
1.132862256801610013e-01
1.129930673273513292e-01
1.127218100486755831e-01
1.124718303637902983e-01
1.122423538076187388e-01
1.120324692598959893e-01
1.118411508074325933e-01
1.116672858229203619e-01
1.115097069414302811e-01
1.113672249181751200e-01
1.112386590217915444e-01
1.111228617085252557e-01
1.110187348647940775e-01
1.109252358990022447e-01
1.108413733331566620e-01
1.107661931292445306e-01
1.106987585382747247e-01
1.106381274939739895e-01
1.105833322205768687e-01
1.105333656105144946e-01
1.104871780089062977e-01
1.104436864440350025e-01
1.104017963148049841e-01
1.103604334362967565e-01
1.103185825160601791e-01
1.102753269005213588e-01
1.102298840053389656e-01
1.101816312967855982e-01
1.101301189552459092e-01
1.100750672232425620e-01
1.100163486280989200e-01
1.099539574300194972e-01
1.098879704418683489e-01
1.098185045158700801e-01
1.097456763138734415e-01
1.096695694276156180e-01
1.095902125997629539e-01
1.095075709484759352e-01
1.094215500498239707e-01
1.093320108359644716e-01
1.092387918337796859e-01
1.091417345089952529e-01
1.090407074626510708e-01
1.089356258848242776e-01
1.088264638232190051e-01
1.087132582266808201e-01
1.085961051194884175e-01
1.084751494242538333e-01
1.083505707231379595e-01
1.082225675491535477e-01
1.080913426444879144e-01
1.079570910915353676e-01
1.078199924522406650e-01
1.076802072014723527e-01
1.075378769641734122e-01
1.073931274820818516e-01
1.072460729124304069e-01
1.070968200094012390e-01
1.069454709186815761e-01
1.067921236571199445e-01
1.066368697677114036e-01
1.064797890576303085e-01
1.063209416880500635e-01
1.061603581536822577e-01
1.059980278624849115e-01
1.058338871071985154e-01
1.056678072322788098e-01
1.054995837607110853e-01
1.053289271739852873e-01
1.051554559479220136e-01
1.049786923425490154e-01
1.047980613305247305e-01
1.046128929239442118e-01
1.044224280289329926e-01
1.042258278182127407e-01
1.040221864724631129e-01
1.038105470041464640e-01
1.035899197502261060e-01
1.033593030081303293e-01
1.031177051982812981e-01
1.028641678701586876e-01
1.025977888292096962e-01
1.023177446501540300e-01
1.020233118571676201e-01
1.017138860925678456e-01
1.013889986594059128e-01
1.010483299103157873e-01
1.006917190593072664e-01
1.003191701158557825e-01
9.993085377610769204e-02
9.952710525100146033e-02
9.910841816054637154e-02
9.867543477171487887e-02
9.822893299437820969e-02
9.776981067274853610e-02
9.729906780452346471e-02
9.681778738551223562e-02
9.632711560444834342e-02
9.582824210072837801e-02
9.532238094516608251e-02
9.481075291720902909e-02
9.429456953521390961e-02
9.377501916189159847e-02
9.325325536413581196e-02
9.273038756881631095e-02
9.220747393175740547e-02
9.168551623709421394e-02
9.116545657012450898e-02
9.064817546345557697e-02
9.013449119984634494e-02
8.962515996433793874e-02
8.912087656572449668e-02
8.862227549048165565e-02
8.812993210309758019e-02
8.764436386195384454e-02
8.716603147466789325e-02
8.669533996660136466e-02
8.623263967916944273e-02
8.577822724649494801e-02
8.533234661940750088e-02
8.489519021355262929e-02
8.446690025402447954e-02
8.404757037420956811e-02
8.363724750470251379e-02
8.323593406157400731e-02
8.284359041660548095e-02
8.246013760718233498e-02
8.208546022591367564e-02
8.171940941676726633e-02
8.136180590214951713e-02
8.101244296840670600e-02
8.067108934793539021e-02
8.033749195107381391e-02
8.001137841892720648e-02
7.969245948577952099e-02
7.938043115643965419e-02
7.907497671697838459e-02
7.877576860620287558e-02
7.848247017980659879e-02
7.819473739935862977e-02
7.791222047462550981e-02
7.763456548157986192e-02
7.736141596984660862e-02
7.709241456409260396e-02
7.682720455475204602e-02
7.656543146404932998e-02
7.630674456610438139e-02
7.605079833361219621e-02
7.579725377942829467e-02
7.554577965972644749e-02
7.529605350594116564e-02
7.504776245575070504e-02
7.480060385885951846e-02
7.455428564114999213e-02
7.430852642004748265e-02
7.406305537521341853e-02
7.381761189011225299e-02
7.357194499161998080e-02
7.332581262631952812e-02
7.307898082119930472e-02
7.283122278409155659e-02
7.258231800385750443e-02
7.233205141166126895e-02
7.208021266222514045e-02
7.182659558899451291e-02
7.157099787721751816e-02
7.131322098813269728e-02
7.105307035265816251e-02
7.079035583834587808e-02
7.052489247753580826e-02
7.025650142965202127e-02
6.998501113757717162e-02
6.971025862669213979e-02
6.943209088757863745e-02
6.915036627843006156e-02
6.886495588258269296e-02
6.857574475872105224e-02
6.828263302705281368e-02
6.798553674319815499e-02
6.768438852182571963e-02
6.737913788424881867e-02
6.706975131692331782e-02
6.675621204039020040e-02
6.643851950092639902e-02
6.611668860811623083e-02
6.579074875112563003e-02
6.546074263452150710e-02
6.512672497917253167e-02
6.478876113784766411e-02
6.444692567468951472e-02
6.410130095666044525e-02
6.375197580090756488e-02
6.339904421600735251e-02
6.304260426785268656e-02
6.268275709229195747e-02
6.231960606750839432e-02
6.195325615015147974e-02
6.158381337014549872e-02
6.121138447151813766e-02
6.083607667974598454e-02
6.045799757170681327e-02
6.007725502031618925e-02
5.969395718547335777e-02
5.930821252281803097e-02
5.892012978441077409e-02
5.852981798870815489e-02
5.813738634185132426e-02
5.774294409761956265e-02
5.734660034911967519e-02
5.694846375060129418e-02
5.654864217311877939e-02
5.614724230220080603e-02
5.574436918939411345e-02
5.534012577221234658e-02
5.493461237848740186e-02
5.452792623187836807e-02
5.412016097467629155e-02
5.371140622280515947e-02
5.330174716616740971e-02
5.289126422460762450e-02
5.248003276732951528e-02
5.206812290044035563e-02
5.165559932453088476e-02
5.124252126144591968e-02
5.082894244705196685e-02
5.041491118473615668e-02
5.000047045304507887e-02
4.958565805968436629e-02
4.917050683362884922e-02
4.875504484683847867e-02
4.833929565766153374e-02
4.792327856816262777e-02
4.750700888879962752e-02
4.709049820471287312e-02
4.667375463900973881e-02
4.625678310942422239e-02
4.583958557601772177e-02
4.542216127823435479e-02
4.500450696086080032e-02
4.458661708873210006e-02
4.416848405089938978e-02
4.375009835521821017e-02
4.333144881450982228e-02
4.291252272568858717e-02
4.249330604315899179e-02
4.207378354767672690e-02
4.165393901170238999e-02
4.123375536213212678e-02
4.081321484094431462e-02
4.039229916405582405e-02
3.997098967843972644e-02
3.954926751742208341e-02
3.912711375364395783e-02
3.870450954922106945e-02
3.828143630232884453e-02
3.785787578947927973e-02
3.743381030253727787e-02
3.700922277962506723e-02
3.658409692909993238e-02
3.615841734549961328e-02
3.573216961695233063e-02
3.530534042311847531e-02
3.487791762319455979e-02
3.444989033325392830e-02
3.402124899279670295e-02
3.359198542001145399e-02
3.316209285575236893e-02
3.273156599605855921e-02
3.230040101352096849e-02
3.186859556754183948e-02
3.143614880387458899e-02
3.100306134391065532e-02
3.056933526415660587e-02
3.013497406662063449e-02
2.969998264061835674e-02
2.926436721694802845e-02
2.882813531500507884e-02
2.839129568375597587e-02
2.795385823746974682e-02
2.751583398688575363e-02
2.707723496682082343e-02
2.663807416104316955e-02
2.619836542512527996e-02
2.575812340820557780e-02
2.531736347432077261e-02
2.487610162412060705e-02
2.443435441749275405e-02
2.399213889785847820e-02
2.354947251862259811e-02
2.310637307226507536e-02
2.266285862251065514e-02
2.221894743998229296e-02
2.177465794163600810e-02
2.133000863416815995e-02
2.088501806167838634e-02
2.043970475759866387e-02
1.999408720108258528e-02
1.954818377780102867e-02
1.910201274513221095e-02
1.865559220172997856e-02
1.820894006130334419e-02
1.776207403051097145e-02
1.731501159081957203e-02
1.686776998410126002e-02
1.642036620179905537e-02
1.597281697745712992e-02
1.552513878231194522e-02
1.507734782380639772e-02
1.462946004674439172e-02
1.418149113682167645e-02
1.373345652637161449e-02
1.328537140202392698e-02
1.283725071412289073e-02
1.238910918764844077e-02
1.194096133445367650e-02
1.149282146666295162e-02
1.104470371100777469e-02
1.059662202397809380e-02
1.014859020763268609e-02
9.700621925909428539e-03
9.252730721360255192e-03
8.804930032151516567e-03
8.357233209271345414e-03
7.909653533841404238e-03
7.462204234444951359e-03
7.014898504428632858e-03
6.567749519107067557e-03
6.120770452803792061e-03
5.673974495704593723e-03
5.227374870486813617e-03
4.780984848655625216e-03
4.334817766612562850e-03
3.888887041375102289e-03
3.443206185961885085e-03
2.997788824398583182e-03
2.552648706336539848e-03
2.107799721267763007e-03
1.663255912310984339e-03
1.219031489544728734e-03
7.751408429005205488e-04
3.315985545677720267e-04
-1.115805890908003092e-04
-5.543815861262627086e-04
-9.967892081187005367e-04
-1.438787989830864590e-03
-1.880362219415806710e-03
-2.321495929191415460e-03
-2.762172887021758800e-03
-3.202376588288648965e-03
-3.642090248483398959e-03
-4.081296796456685208e-03
-4.519978868307816290e-03
-4.958118801958951577e-03
-5.395698632413391607e-03
-5.832700087723608449e-03
0.000000000000000000e+00
