4.353248346814247126e-03
4.784661635768404885e-03
5.347813170700706047e-03
5.920674392618411642e-03
6.494024401928684062e-03
7.064573806783039020e-03
7.630880197387526070e-03
8.192360834332963054e-03
8.748842255720892108e-03
9.300344063268205230e-03
9.846973767746378808e-03
1.038887546569290665e-02
1.092620494848128496e-02
1.145911785852000986e-02
1.198776428237221039e-02
1.251228650184492246e-02
1.303281827532946566e-02
1.354948484287055860e-02
1.406240325715325985e-02
1.457168284591767518e-02
1.507742571229536872e-02
1.557972722949148812e-02
1.607867651082253713e-02
1.657435684800782905e-02
1.706684611632553611e-02
1.755621714779916770e-02
1.804253807467155399e-02
1.852587264572481962e-02
1.900628051807627325e-02
1.948381752689381727e-02
1.995853593525618447e-02
2.043048466623476403e-02
2.089970951900332885e-02
2.136625337061363872e-02
2.183015636492478123e-02
2.229145608999058559e-02
2.275018774504024982e-02
2.320638429814234419e-02
2.366007663545936085e-02
2.411129370292466184e-02
2.456006264109310971e-02
2.500640891380381814e-02
2.545035643127803796e-02
2.589192766811437146e-02
2.633114377671121747e-02
2.676802469646046012e-02
2.720258925909636166e-02
2.763485529052992287e-02
2.806483970936574091e-02
2.849255862242418627e-02
2.891802741738420945e-02
2.934126085276834300e-02
2.976227314534730245e-02
3.018107805513449773e-02
3.059768896798841648e-02
3.101211897589991121e-02
3.142438095506413370e-02
3.183448764163181871e-02
3.224245170527265808e-02
3.264828582039833865e-02
3.305200273519090515e-02
3.345361533823182354e-02
3.385313672273451702e-02
3.425058024843231907e-02
3.464595960086230830e-02
3.503928884815517286e-02
3.543058249512127250e-02
3.581985553468006178e-02
3.620712349645250488e-02
3.659240249254448740e-02
3.697570926034183386e-02
3.735706120238677791e-02
3.773647642315459960e-02
3.811397376276272342e-02
3.848957282754807141e-02
3.886329401749494955e-02
3.923515855046796202e-02
3.960518848329701302e-02
3.997340672969609127e-02
4.033983707505538890e-02
4.070450418811336069e-02
4.106743362965847161e-02
4.142865185821799356e-02
4.178818623294901224e-02
4.214606501373085318e-02
4.250231735869456490e-02
4.285697331922444508e-02
4.321006383268179846e-02
4.356162071296476590e-02
4.391167663912975277e-02
4.426026514222680674e-02
4.460742059060299192e-02
4.495317817385560688e-02
4.529757388566153092e-02
4.564064450572487969e-02
4.598242758100608979e-02
4.632296140651408212e-02
4.666228500584007621e-02
4.700043811166384339e-02
4.733746114633045898e-02
4.767339520282845577e-02
4.800828202612162504e-02
4.834216399515450097e-02
4.867508410547446290e-02
4.900708595268015583e-02
4.933821371655384980e-02
4.966851214609015880e-02
4.999802654520750511e-02
5.032680275915035056e-02
5.065488716142281522e-02
5.098232664112763157e-02
5.130916859039327815e-02
5.163546089182910470e-02
5.196125190548571415e-02
5.228659045507608183e-02
5.261152581317810745e-02
5.293610768479297540e-02
5.326038618891651422e-02
5.358441183761085413e-02
5.390823551215997989e-02
5.423190843557260110e-02
5.455548214112353189e-02
5.487900843615195479e-02
5.520253936080538743e-02
5.552612714100749886e-02
5.584982413524086642e-02
5.617368277461812220e-02
5.649775549583520989e-02
5.682209466654455227e-02
5.714675250286652131e-02
5.747178097879168668e-02
5.779723172716237645e-02
5.812315593225172994e-02
5.844960421380954174e-02
5.877662650281118006e-02
5.910427190885699650e-02
5.943258857975891596e-02
5.976162355352344219e-02
6.009142260338447977e-02
6.042203007645775836e-02
6.075348872676299833e-02
6.108583954351939210e-02
6.141912157551644713e-02
6.175337175296130576e-02
6.208862470757323809e-02
6.242491259248535845e-02
6.276226490303200845e-02
6.310070830001481001e-02
6.344026643669573029e-02
6.378095979109132951e-02
6.412280550506883892e-02
6.446581723162334021e-02
6.481000499195355147e-02
6.515537504366020194e-02
6.550192976151245072e-02
6.584966753226716152e-02
6.619858266454752005e-02
6.654866531514025407e-02
6.689990143270210798e-02
6.725227271995674883e-02
6.760575661491194377e-02
6.796032629209150522e-02
6.831595068409947180e-02
6.867259452393997821e-02
6.903021840829677569e-02
6.938877888174679875e-02
6.974822854186842058e-02
7.010851616475513581e-02
7.046958685060322747e-02
7.083138218874150682e-02
7.119384044102607112e-02
7.155689674294643532e-02
7.192048332114854559e-02
7.228452972607329885e-02
7.264896307853685453e-02
7.301370832847003944e-02
7.337868852448999057e-02
7.374382509237792371e-02
7.410903812092441145e-02
7.447424665312066261e-02
7.483936898107042268e-02
7.520432294247689220e-02
7.556902621709787882e-02
7.593339662120000833e-02
7.629735239797469371e-02
7.666081250253863055e-02
7.702369687937751785e-02
7.738592673081380602e-02
7.774742477484161696e-02
7.810811549080724780e-02
7.846792535178016836e-02
7.882678304205414932e-02
7.918461965898217214e-02
7.954136889790341947e-02
7.989696721963342185e-02
8.025135399944054171e-02
8.060447165748120535e-02
8.095626576972687893e-02
8.130668515968653143e-02
8.165568197043575338e-02
8.200321171719378299e-02
8.234923332074020608e-02
8.269370912164340781e-02
8.303660487614394903e-02
8.337788973397547432e-02
8.371753619896049603e-02
8.405552007316449692e-02
8.439182038536252595e-02
8.472641930486699002e-02
8.505930204182676757e-02
8.539045673496092892e-02
8.571987432802007090e-02
8.604754843611933657e-02
8.637347520324345496e-02
8.669765315219235546e-02
8.702008302830258057e-02
8.734076763827552936e-02
8.765971168537753377e-02
8.797692160237775838e-02
8.829240538359763024e-02
8.860617241716169101e-02
8.891823331887309390e-02
8.922859976867553167e-02
8.953728435121943718e-02
8.984430040102707460e-02
9.014966185380675345e-02
9.045338310431094708e-02
9.075547887205215325e-02
9.105596407506172385e-02
9.135485371263477039e-02
9.165216275747259389e-02
9.194790605750427503e-02
9.224209824781746947e-02
9.253475367268756968e-02
9.282588631789691347e-02
9.311550975311644329e-02
9.340363708443405466e-02
9.369028091643313849e-02
9.397545332382155336e-02
9.425916583200377730e-02
9.454142940612529633e-02
9.482225444797334757e-02
9.510165080023072481e-02
9.537962775754556255e-02
9.565619408335809815e-02
9.593135803215452340e-02
9.620512737634495659e-02
9.647750943692919023e-02
9.674851111741206156e-02
9.701813894004929217e-02
9.728639908408354131e-02
9.755329742503067447e-02
9.781883957451180389e-02
9.808303092006998014e-02
9.834587666432445530e-02
9.860738186318275533e-02
9.886755146240222558e-02
9.912639033224782126e-02
9.938390329982907390e-02
9.964009517895681955e-02
9.989497079691556092e-02
1.001485350183951711e-01
1.004007927659415073e-01
1.006517490374095325e-01
1.009014089195978819e-01
1.011497775987809378e-01
1.013968603676145552e-01
1.016426626288093188e-01
1.018871898954487737e-01
1.021304477881720824e-01
1.023724420294077481e-01
1.026131784346620002e-01
1.028526629012237043e-01
1.030909013943558383e-01
1.033278999313440999e-01
1.035636645633728481e-01
1.037982013556916217e-01
1.040315163661152537e-01
1.042636156221244947e-01
1.044945050968630884e-01
1.047241906840692405e-01
1.049526781721789037e-01
1.051799732179520275e-01
1.054060813194832302e-01
1.056310077890885296e-01
1.058547577259641576e-01
1.060773359888370071e-01
1.062987471689497143e-01
1.065189955630897467e-01
1.067380851472464615e-01
1.069560195507799488e-01
1.071728020311262242e-01
1.073884354495009963e-01
1.076029222473470770e-01
1.078162644238954693e-01
1.080284635149858508e-01
1.082395205729598797e-01
1.084494361481135039e-01
1.086582102717395387e-01
1.088658424406251379e-01
1.090723316035852736e-01
1.092776761497660509e-01
1.094818738991632512e-01
1.096849220952244297e-01
1.098868173998249903e-01
1.100875558907821183e-01
1.102871330618552942e-01
1.104855438257036915e-01
1.106827825194265369e-01
1.108788429133086839e-01
1.110737182225386005e-01
1.112674011220955717e-01
1.114598837650754432e-01
1.116511578041139152e-01
1.118412144163091620e-01
1.120300443316672862e-01
1.122176378647413292e-01
1.124039849499620103e-01
1.125890751801725820e-01
1.127728978485190853e-01
1.129554419937683629e-01
1.131366964485275989e-01
1.133166498906425235e-01
1.134952908974312946e-01
1.136726080026437824e-01
1.138485897557992566e-01
1.140232247838993129e-01
1.141965018552177358e-01
1.143684099447246083e-01
1.145389383012289514e-01
1.147080765155394921e-01
1.148758145897504079e-01
1.150421430071083134e-01
1.152070528021202911e-01
1.153705356309034230e-01
1.155325838409344830e-01
1.156931905404634808e-01
1.158523496667249186e-01
1.160100560530943903e-01
1.161663054945095142e-01
1.163210948110437321e-01
1.164744219092006539e-01
1.166262858405986980e-01
1.167766868579916267e-01
1.169256264677747958e-01
1.170731074794224835e-01
1.172191340508341173e-01
1.173637117297601090e-01
1.175068474909562871e-01
1.176485497685618165e-01
1.177888284839004873e-01
1.179276950679973013e-01
1.180651624789008647e-01
1.182012452135931257e-01
1.183359593141429245e-01
1.184693223680739899e-01
1.186013535027590771e-01
1.187320733739172934e-01
1.188615041478729151e-01
1.189896694776970132e-01
1.191165944731513437e-01
1.192423056646045310e-01
1.193668309605807332e-01
1.194901995996177080e-01
1.196124420959394363e-01
1.197335901795492097e-01
1.198536767307478434e-01
1.199727357092006536e-01
1.200908020779377638e-01
1.202079117225372668e-01
1.203241013658727515e-01
1.204394084785090080e-01
1.205538711853732514e-01
1.206675281688746326e-01
1.207804185690508902e-01
1.208925818810549224e-01
1.210040578503124020e-01
1.211148863659643332e-01
1.212251073530129231e-01
1.213347606632240727e-01
1.214438859660620651e-01
1.215525226389237434e-01
1.216607096581220904e-01
1.217684854904222125e-01
1.218758879857217287e-01
1.219829542710213488e-01
1.220897206463385370e-01
1.221962224825036275e-01
1.223024941212813299e-01
1.224085687781252679e-01
1.225144784473851667e-01
1.226202538107409035e-01
1.227259241482802077e-01
1.228315172529490101e-01
1.229370593481037693e-01
1.230425750082163316e-01
1.231480870831415247e-01
1.232536166251735343e-01
1.233591828200204660e-01
1.234648029206630859e-01
1.235704921847816801e-01
1.236762638155437105e-01
1.237821289057109697e-01
1.238880963854671335e-01
1.239941729734372611e-01
1.241003631317456751e-01
1.242066690247763949e-01
1.243130904817142390e-01
1.244196249637016527e-01
1.245262675350178871e-01
1.246330108393191582e-01
1.247398450805896203e-01
1.248467580097478019e-01
1.249537349168217820e-01
1.250607586291499485e-01
1.251678095162571946e-01
1.252748655015063217e-01
1.253819020813457530e-01
1.254888923519068833e-01
1.255958070441224317e-01
1.257026145675395890e-01
1.258092810628099190e-01
1.259157704638421416e-01
1.260220445697265990e-01
1.261280631267049923e-01
1.262337839205867895e-01
1.263391628799770960e-01
1.264441541903713884e-01
1.265487104193090961e-01
1.266527826529795508e-01
1.267563206439112078e-01
1.268592729701809307e-01
1.269615872057007766e-01
1.270632101016503368e-01
1.271640877786689716e-01
1.272641659294214966e-01
1.273633900310130740e-01
1.274617055666377452e-01
1.275590582562063646e-01
1.276553942938450925e-01
1.277506605925817773e-01
1.278448050343667652e-01
1.279377767241147712e-01
1.280295262468433559e-01
1.281200059256173696e-01
1.282091700798710932e-01
1.282969752810881880e-01
1.283833806054164306e-01
1.284683478806841472e-01
1.285518419263186884e-01
1.286338307850259377e-01
1.287142859437544473e-01
1.287931825431833377e-01
1.288704995739726189e-01
1.289462200589279461e-01
1.290203312190711937e-01
1.290928246238289834e-01
1.291636963233193380e-01
1.292329469628461791e-01
1.293005818784512817e-01
1.293666111731235913e-01
1.294310497733882626e-01
1.294939174656818404e-01
1.295552389120093462e-01
1.296150436451904697e-01
1.296733660425724022e-01
1.297302452783404836e-01
1.297857252542251039e-01
1.298398545082086741e-01
1.298926861006212408e-01
1.299442774783707288e-01
1.299946903160942024e-01
1.300439903348430404e-01
1.300922470986066726e-01
1.301395337882273462e-01
1.301859269537849750e-01
1.302315062460808470e-01
1.302763541280527182e-01
1.303205555669646187e-01
1.303641977095819360e-01
1.304073695412289180e-01
1.304501615311368656e-01
1.304926652656850650e-01
1.305349730725067214e-01
1.305771776368684356e-01
1.306193716132472982e-01
1.306616472347257862e-01
1.307040959213581488e-01
1.307468078912328857e-01
1.307898717749587658e-01
1.308333742357551954e-01
1.308773995970336224e-01
1.309220294779921134e-01
1.309673424386667284e-01
1.310134136354042800e-01
1.310603144863563829e-01
1.311081123485076105e-01
1.311568702054424218e-01
1.312066463664596505e-01
1.312574941770087433e-01
1.313094617407941089e-01
1.313625916536077798e-01
1.314169207495281821e-01
1.314724798601535349e-01
1.315292935879955605e-01
1.315873800947020833e-01
1.316467509064525310e-01
1.317074107375032499e-01
1.317693573344908553e-01
1.318325813430458182e-01
1.318970661996425320e-01
1.319627880505032103e-01
1.320297157003777755e-01
1.320978105929341839e-01
1.321670268249943714e-01
1.322373111969670223e-01
1.323086033001476536e-01
1.323808356424913402e-01
1.324539338136613842e-01
1.325278166895643983e-01
1.326023966761817885e-01
1.326775799923882726e-01
1.327532669909214924e-01
1.328293525164855327e-01
1.329057262995896049e-01
1.329822733847027816e-01
1.330588745915980975e-01
1.331354070082577112e-01
1.332117445139346379e-01
1.332877583310449476e-01
1.333633176048544255e-01
1.334382900092658253e-01
1.335125423772695885e-01
1.335859413542194729e-01
1.336583540712209250e-01
1.337296488360553148e-01
1.337996958374553791e-01
1.338683678585331494e-01
1.339355409935325536e-01
1.340010953618536171e-01
1.340649158125659379e-01
1.341268926122563543e-01
1.341869221084253661e-01
1.342449073621889699e-01
1.343007587433293071e-01
1.343543944823826219e-01
1.344057411761126475e-01
1.344547342438563997e-01
1.345013183334348716e-01
1.345454476790644838e-01
1.345870864122355737e-01
1.346262088305730520e-01
1.346627996289696538e-01
1.346968540979621987e-01
1.347283782942462205e-01
1.347573891868997786e-01
1.347839147820598382e-01
1.348079942268276266e-01
1.348296778901861281e-01
1.348490274175741521e-01
1.348661157531657606e-01
1.348810271210394984e-01
1.348938569569286816e-01
1.349047117785640293e-01
1.349137089852057159e-01
1.349209765760111535e-01
1.349266527779675595e-01
1.349308855780224914e-01
1.349338321538408048e-01
1.349356582036861651e-01
1.349365371773808553e-01
1.349366494133716343e-01
1.349361811917353382e-01
1.349353237142735251e-01
1.349342720257068751e-01
1.349332238920900595e-01
1.349323786524892488e-01
1.349319360616889896e-01
1.349320951396087709e-01
1.349330530427609864e-01
1.349350039704805826e-01
1.349381381168092697e-01
1.349426406739281936e-01
1.349486908922197803e-01
1.349564611965588523e-01
1.349661163563652400e-01
1.349778127034981512e-01
1.349916973910665341e-01
1.350079076837845948e-01
1.350265702709521620e-01
1.350478005932003733e-01
1.350717021759798575e-01
1.350983659636936507e-01
1.351278696518413702e-01
1.351602770168381096e-01
1.351956372450486554e-01
1.352339842676614778e-01
1.352753361086874162e-01
1.353196942566578520e-01
1.353670430747685449e-01
1.354173492642465615e-01
1.354705614008818448e-01
1.355266095639254265e-01
1.355854050800552879e-01
1.356468404041673015e-01
1.357107891577516157e-01
1.357771063442437531e-01
1.358456287553220232e-01
1.359161755772602398e-01
1.359885491992149920e-01
1.360625362189544219e-01
1.361379086331228616e-01
1.362144251929665040e-01
1.362918329034351339e-01
1.363698686388315207e-01
1.364482608507694150e-01
1.365267313451789810e-01
1.366049971103804328e-01
1.366827721837336751e-01
1.367597695489209952e-01
1.368357030602336544e-01
1.369102893915279395e-01
1.369832500053605739e-01
1.370543131334584219e-01
1.371232157492217607e-01
1.371897055059409509e-01
1.372535426007842618e-01
1.373145015180135819e-01
1.373723725973408083e-01
1.374269633744092389e-01
1.374780996446792747e-01
1.375256262162125598e-01
1.375694073331498735e-01
1.376093267767576900e-01
1.376452876737109809e-01
1.376772120684167933e-01
1.377050403344929341e-01
1.377287305180165955e-01
1.377482577100415662e-01
1.377636135444484100e-01
1.377748059045690310e-01
1.377818589005172234e-01
1.377848131515693464e-01
1.377837263737178020e-01
1.377786742394872255e-01
1.377697514433705583e-01
1.377570728801446043e-01
1.377407748258213105e-01
1.377210160048437104e-01
1.376979784321066269e-01
1.376718679374654142e-01
1.376429143061073668e-01
1.376113709987301092e-01
1.375775144466566680e-01
1.375416429420455999e-01
1.375040751614122203e-01
1.374651483657376438e-01
1.374252163219391865e-01
1.373846469810900417e-01
1.373438199432349960e-01
1.373031237362042356e-01
1.372629529355784694e-01
1.372237051672906272e-01
1.371857780468147270e-01
1.371495661266624866e-01
1.371154579338059176e-01
1.370838331816196520e-01
1.370550602284591468e-01
1.370294938338177393e-01
1.370074732285679608e-01
1.369893204845316070e-01
1.369753391338647819e-01
1.369658129694975301e-01
1.369610049491880310e-01
1.369611561307352843e-01
1.369664845787145757e-01
1.369771842026714925e-01
1.369934234973893272e-01
1.370153441641165648e-01
1.370430595867486445e-01
1.370766531258790777e-01
1.371161761876409368e-01
1.371616460251098568e-01
1.372130432551312840e-01
1.372703091203596737e-01
1.373333426005225177e-01
1.374019975613993416e-01
1.374760802150997996e-01
1.375553472256370591e-01
1.376395048129691878e-01
1.377282091747971116e-01
1.378210684476318393e-01
1.379176462879029563e-01
1.380174669771932483e-01
1.381200217815094222e-01
1.382247761444987677e-01
1.383311772064155509e-01
1.384386611209127149e-01
1.385466597062428584e-01
1.386546061022009280e-01
1.387619392925887041e-01
1.388681075568717893e-01
1.389725711087168025e-01
1.390748043194771633e-01
1.391742979873393793e-01
1.392705620798536104e-01
1.393631292476727457e-01
1.394515591985920067e-01
1.395354437657348179e-01
1.396144122474274052e-01
1.396881363963029810e-01
1.397563343298865446e-01
1.398187726637849515e-01
1.398752663313508338e-01
1.399256758324520233e-01
1.399699019978710435e-01
1.400078787062891961e-01
1.400395642845777555e-01
1.400649325098417552e-01
1.400839641980525796e-01
1.400966403067411548e-01
1.401029373278656343e-01
1.401028255294217151e-01
1.400962703537662335e-01
1.400832370010071937e-01
1.400636979365186552e-01
1.400376427650626143e-01
1.400050896382031285e-01
1.399660971571647650e-01
1.399207756512524936e-01
1.398692968024657368e-01
1.398119008539479013e-01
1.397489010387501784e-01
1.396806853010709448e-01
1.396077157363286303e-01
1.395305263489630687e-01
1.394497196718672005e-01
1.393659625435939298e-01
1.392799809924841481e-01
1.391925538790476091e-01
1.391045048222535607e-01
1.390166920570113374e-01
1.389299962270197364e-01
1.388453066070325370e-01
1.387635067198687844e-01
1.386854605977878296e-01
1.386120009204858394e-01
1.385439199249794140e-01
1.384819633879295631e-01
1.384268273093467172e-01
1.383791563631035504e-01
1.383395429087567741e-01
1.383085254722527524e-01
1.382865860836176852e-01
1.382741465714019680e-01
1.382715646379754360e-01
1.382791310330851731e-01
1.382970692032229332e-01
1.383255383395158300e-01
1.383646398344312023e-01
1.384144260085544142e-01
1.384749089078153306e-01
1.385460663377577895e-01
1.386278423676894078e-01
1.387201403943676969e-01
1.388228083752556241e-01
1.389356177060711017e-01
1.390582389675270591e-01
1.391902189575724980e-01
1.393309637284683156e-01
1.394797316538501086e-01
1.396356389907511819e-01
1.397976782974772181e-01
1.399647478558581626e-01
1.401356883457962055e-01
1.403093217848651875e-01
1.404844873760051349e-01
1.406600694666470808e-01
1.408350142280718198e-01
1.410083336983434243e-01
1.411790981783806187e-01
1.413464202257244950e-01
1.415094352289784085e-01
1.416672843929012160e-01
1.418191056528988192e-01
1.419640365222285816e-01
1.421012303322070069e-01
1.422298842328281188e-01
1.423492743347452572e-01
1.424587912589956040e-01
1.425579687167361498e-01
1.426464988295024494e-01
1.427242304813325646e-01
1.427911503850897990e-01
1.428473498198931380e-01
1.428929823075272276e-01
1.429282183599447087e-01
1.429532028693631107e-01
1.429680192107612158e-01
1.429726624143373981e-01
1.429670224889628971e-01
1.429508784643055419e-01
1.429239038297748787e-01
1.428856843019085110e-01
1.428357486811555332e-01
1.427736126112831849e-01
1.426988333930707675e-01
1.426110720677564447e-01
1.425101574157235096e-01
1.423961458327468177e-01
1.422693714410656618e-01
1.421304820518329015e-01
1.419804582148690153e-01
1.418206140264075821e-01
1.416525792889351265e-01
1.414782630900024707e-01
1.412997992901219302e-01
1.411194753462380047e-01
1.409396477032378581e-01
1.407626495852065951e-01
1.405906997439184958e-01
1.404258225387212122e-01
1.402697895631053182e-01
1.401240903245625780e-01
1.399899344640597731e-01
1.398682818121640414e-01
1.397598909476865936e-01
1.396653735806100138e-01
1.395852421435205548e-01
1.395199415055037029e-01
1.394698616907888988e-01
1.394353350774831801e-01
1.394166267601290310e-01
1.394139289372841040e-01
1.394273685719933376e-01
1.394570324956896368e-01
1.395030069887588930e-01
1.395654218491530485e-01
1.396444843842728767e-01
1.397404884410524961e-01
1.398537880935565580e-01
1.399847339597900531e-01
1.401335799634660650e-01
1.403003766859717005e-01
1.404848716881503812e-01
1.406864360780574474e-01
1.409040307481659315e-01
1.411362171898772611e-01
1.413812093841941842e-01
1.416369572183388548e-01
1.419012491458457037e-01
1.421718217939782203e-01
1.424464653927238755e-01
1.427231148243765513e-01
1.429999163885755931e-01
1.432752609801689059e-01
1.435477768702238810e-01
1.438162807860174919e-01
1.440796941690586086e-01
1.443369403953788099e-01
1.445868454353247123e-01
1.448280661383425649e-01
1.450590656035259662e-01
1.452781445164721408e-01
1.454835235330472765e-01
1.456734587282976778e-01
1.458463637555759418e-01
1.460009112103621276e-01
1.461360919374035394e-01
1.462512224568630892e-01
1.463459036133042679e-01
1.464199441556091053e-01
1.464732685824446656e-01
1.465058284566002067e-01
1.465175315758492358e-01
1.465081961760728302e-01
1.464775303426771591e-01
1.464251320634602782e-01
1.463505038077144160e-01
1.462530768636969014e-01
1.461322436753258180e-01
1.459873995045028738e-01
1.458179965710241777e-01
1.456236137493606142e-01
1.454040430513733329e-01
1.451593911766779210e-01
1.448901911535549758e-01
1.445975160790620162e-01
1.442830843496228921e-01
1.439493435054447212e-01
1.435995180015411654e-01
1.432376055167472739e-01
1.428683080151998408e-01
1.424968890083602169e-01
1.421289579820981253e-01
1.417701959385530008e-01
1.414260498832202728e-01
1.411014349637334242e-01
1.408004868318387393e-01
1.405264010652088336e-01
1.402813812626801382e-01
1.400666959298263181e-01
1.398828220885110774e-01
1.397296369417400652e-01
1.396066128153234109e-01
1.395129768574718265e-01
1.394478137517894401e-01
1.394101118104940362e-01
1.393987732163303184e-01
1.394126210281125267e-01
1.394504344474623847e-01
1.395110295501972852e-01
1.395933797522806719e-01
1.396967468981706317e-01
1.398207792224043511e-01
1.399655332845824440e-01
1.401313946894359175e-01
1.403189018275087796e-01
1.405285077631079904e-01
1.407603361510580409e-01
1.410139895264213572e-01
1.412884513935713238e-01
1.415820939060034034e-01
1.418927721972509104e-01
1.422179662199087313e-01
1.425549280941957875e-01
1.429008068251409469e-01
1.432527451217239789e-01
1.436079634484344059e-01
1.439638541012713269e-01
1.443180989276156845e-01
1.446688026868910570e-01
1.450146109951491180e-01
1.453547694134450508e-01
1.456890856639914966e-01
1.460177791282834536e-01
1.463412325543206882e-01
1.466596892000326113e-01
1.469729550577675570e-01
1.472801657367154848e-01
1.475796620645385970e-01
1.478689930737066838e-01
1.481450374718246699e-01
1.484042121452401330e-01
1.486427233986587493e-01
1.488568148776808486e-01
1.490429739624472005e-01
1.491980725750605696e-01
1.493194348959383522e-01
1.494048398245975962e-01
1.494524773487288793e-01
1.494608836085805914e-01
1.494288788568003123e-01
1.493555264625732737e-01
1.492401214846050261e-01
1.490822068768463682e-01
1.488816070818944626e-01
1.486384650013203301e-01
1.483532700975112029e-01
1.480268718375190584e-01
1.476604813964703111e-01
1.472556723137558032e-01
1.468143948371645469e-01
1.463390174695536339e-01
1.458324027851725102e-01
1.452980142858369961e-01
1.447400391079657900e-01
1.441635003776907675e-01
1.435743256640406862e-01
1.429793368233081285e-01
1.423861333243761351e-01
1.418028561096320028e-01
1.412378403174584240e-01
1.406991887670399621e-01
1.401943185949667825e-01
1.397295453178745428e-01
1.393097677793374845e-01
1.389383025703640473e-01
1.386168897333263095e-01
1.383458583757770088e-01
1.381244089867282032e-01
1.379509469936524291e-01
1.378233959023397459e-01
1.377394310012563794e-01
1.376966037006585042e-01
1.376923644068866748e-01
1.377240268042161098e-01
1.377887363616438210e-01
1.378835024814007160e-01
1.380053264078104913e-01
1.381514143972580599e-01
1.383194231063555046e-01
1.385076584272684208e-01
1.387151516321633304e-01
1.389415690623768129e-01
1.391869635190179644e-01
1.394514282814088291e-01
1.397347480315606627e-01
1.400361414885116784e-01
1.403541579193341993e-01
1.406867371505144404e-01
1.410313912084236176e-01
1.413854344875746794e-01
1.417461879073742548e-01
1.421111079927483978e-01
1.424778315788132188e-01
1.428441644119483045e-01
1.432080631026099171e-01
1.435676575919753450e-01
1.439213378257373499e-01
1.442678942101624784e-01
1.446066708169942150e-01
1.449376749381487972e-01
1.452615912490572148e-01
1.455796705283531056e-01
1.458934933767440656e-01
1.462046391156527070e-01
1.465143113316451362e-01
1.468229802164884579e-01
1.471300975588169246e-01
1.474339256377190932e-01
1.477315007416969417e-01
1.480187302910729585e-01
1.482906034908614279e-01
1.485414816702237961e-01
1.487654272741242567e-01
1.489565301149380072e-01
1.491091954211607451e-01
1.492183691537548040e-01
1.492796899552068235e-01
1.492895712826634858e-01
1.492452287865798088e-01
1.491446742589037644e-01
1.489866971235408177e-01
1.487708479957271512e-01
1.484974288008016896e-01
1.481674841556548938e-01
1.477827829330293496e-01
1.473457793094682944e-01
1.468595487267598254e-01
1.463277032908303910e-01
1.457542993113165319e-01
1.451437536814146889e-01
1.445007842449758106e-01
1.438303829968815561e-01
1.431378221683843044e-01
1.424286845405614010e-01
1.417089026343751890e-01
1.409847876802326760e-01
1.402630285668081123e-01
1.395506430571302470e-01
1.388548682178276095e-01
1.381829842760440297e-01
1.375420760319391034e-01
1.369387480238147270e-01
1.363788222029843344e-01
1.358670569408422235e-01
1.354069300961966982e-01
1.350005237287796034e-01
1.346485332493368159e-01
1.343504017832461706e-01
1.341045563129493745e-01
1.339087018559421693e-01
1.337601189702884164e-01
1.336559115750725057e-01
1.335931668340940015e-01
1.335690137927747489e-01
1.335805966160705793e-01
1.336250035740812192e-01
1.336992062270798975e-01
1.338000591919796811e-01
1.339243892960410021e-01
1.340691697918190983e-01
1.342317411609606215e-01
1.344100165191152718e-01
1.346026054540911399e-01
1.348088078642142307e-01
1.350284643267288531e-01
1.352616909089548736e-01
1.355085606137000076e-01
1.357688091833803290e-01
1.360416344873174588e-01
1.363256294793797063e-01
1.366188494458397129e-01
1.369189786807327169e-01
1.372235410120969945e-01
1.375300974531393772e-01
1.378363900814290055e-01
1.381404163942609731e-01
1.384404435501457309e-01
1.387349893333640893e-01
1.390228021107000056e-01
1.393028654318881621e-01
1.395744378965411148e-01
1.398371212972569777e-01
1.400909357109978715e-01
1.403363731450163743e-01
1.405744027093918935e-01
1.408064086805483894e-01
1.410340553537065000e-01
1.412590860709119489e-01
1.414830756044664628e-01
1.417071633638427586e-01
1.419317987416510718e-01
1.421565291509325757e-01
1.423798564027803082e-01
1.425991789763471074e-01
1.428108277073167343e-01
1.430101918371429748e-01
1.431919225714434751e-01
1.433501934730440075e-01
1.434789920969674060e-01
1.435724158182311028e-01
1.436249469084334152e-01
1.436316871328242872e-01
1.435885394852493557e-01
1.434923327553523642e-01
1.433408918630297013e-01
1.431330619265631654e-01
1.428686960486925117e-01
1.425486158670880021e-01
1.421745509901085058e-01
1.417490601103875703e-01
1.412754344843925591e-01
1.407575845923118019e-01
1.401999130997175769e-01
1.396071806510334745e-01
1.389843739086521202e-01
1.383365861763517501e-01
1.376689192838388420e-01
1.369864115693584794e-01
1.362939920039784869e-01
1.355964562467670831e-01
1.348984578671437173e-01
1.342045075448720926e-01
1.335189743442547483e-01
1.328460851390783903e-01
1.321899197764813405e-01
1.315543998577748397e-01
1.309432681275856103e-01
1.303600543229706255e-01
1.298080233333211708e-01
1.292901038277303183e-01
1.288088003055114228e-01
1.283660977304917628e-01
1.279633734357190911e-01
1.276013336246461793e-01
1.272799901574661330e-01
1.269986874146299405e-01
1.267561802671909321e-01
1.265507546948979045e-01
1.263803745516287325e-01
1.262428330182220615e-01
1.261358863352324833e-01
1.260573507397923509e-01
1.260051507911374713e-01
1.259773173970653581e-01
1.259719450153773679e-01
1.259871272137950693e-01
1.260208954282245608e-01
1.260711854343440630e-01
1.261358492464079994e-01
1.262127182019805449e-01
1.262997087799939688e-01
1.263949499369209084e-01
1.264969028981844101e-01
1.266044436575271825e-01
1.267168853363762060e-01
1.268339305031767061e-01
1.269555594116442143e-01
1.270818749188109831e-01
1.272129347887086537e-01
1.273486045975339709e-01
1.274884589389676526e-01
1.276317467227367775e-01
1.277774214388821272e-01
1.279242233884482771e-01
1.280707915103312666e-01
1.282157794313893984e-01
1.283579536394313103e-01
1.284962595115918538e-01
1.286298507133674107e-01
1.287580865769334393e-01
1.288805084236953058e-01
1.289968083428229273e-01
1.291068026588906570e-01
1.292104181067873503e-01
1.293076930577279904e-01
1.293987906164155988e-01
1.294840163499735297e-01
1.295638315370404026e-01
1.296388531904267283e-01
1.297098342467667698e-01
1.297776205101763558e-01
1.298430844663373551e-01
1.299070393853045680e-01
1.299701398565592525e-01
1.300327768446465360e-01
1.300949764318851676e-01
1.301563115901746837e-01
1.302158356086053348e-01
1.302720442670302625e-01
1.303228716278055088e-01
1.303657216200987123e-01
1.303975346765852139e-01
1.304148858347539686e-01
1.304141082193401302e-01
1.303914339209618356e-01
1.303431431583177424e-01
1.302657123450758903e-01
1.301559522642701805e-01
1.300111288719153491e-01
1.298290611076313161e-01
1.296081922304314071e-01
1.293476333481396734e-01
1.290471797175531954e-01
1.287073018733237151e-01
1.283291146126014914e-01
1.279143273435798811e-01
1.274651794285068251e-01
1.269843640942251162e-01
1.264749444188578431e-01
1.259402649283807296e-01
1.253838624416011571e-01
1.248093798781359093e-01
1.242204866275008202e-01
1.236208086280060070e-01
1.230138704656582455e-01
1.224030506315102462e-01
1.217915497416417053e-01
1.211823702618006066e-01
1.205783053297723728e-01
1.199819338184557327e-01
1.193956189096548048e-01
1.188215080965129289e-01
1.182615335212235941e-01
1.177174126044097102e-01
1.171906497393803703e-01
1.166825401663937611e-01
1.161941769098907146e-01
1.157264609340888373e-01
1.152801136972789048e-01
1.148556904049070071e-01
1.144535918047068085e-01
1.140740725325491839e-01
1.137172448083534071e-01
1.133830774917722745e-01
1.130713918088643161e-01
1.127818560917628193e-01
1.125139823743646766e-01
1.122671275547299091e-01
1.120405011376898879e-01
1.118331804983847128e-01
1.116441333898981897e-01
1.114722462632272981e-01
1.113163560254558093e-01
1.111752822251279027e-01
1.110478563836137106e-01
1.109329453339159000e-01
1.108294660145516808e-01
1.107363901860798500e-01
1.106527389097062830e-01
1.105775681844094749e-01
1.105099486332170033e-01
1.104489432805354082e-01
1.103935880183207763e-01
1.103428791604185860e-01
1.102957715089454699e-01
1.102511887373126137e-01
1.102080458894655057e-01
1.101652817450473609e-01
1.101218970580040701e-01
1.100769935391317789e-01
1.100298081144835544e-01
1.099797375127350152e-01
1.099263495282270520e-01
1.098693791763265815e-01
1.098087101048407510e-01
1.097443437211755302e-01
1.096763602091824913e-01
1.096048766764870785e-01
1.095300079238672453e-01
1.094518347333515301e-01
1.093703832390648945e-01
1.092856171157851608e-01
1.091974423151658019e-01
1.091057222450729780e-01
1.090102999213986845e-01
1.089110229191606882e-01
1.088077669733859137e-01
1.087004547539312249e-01
1.085890674866319544e-01
1.084736484706450566e-01
1.083542989023232456e-01
1.082311675390237593e-01
1.081044364734259078e-01
1.079743055662721329e-01
1.078409779179400896e-01
1.077046482283675749e-01
1.075654951359372863e-01
1.074236777932761067e-01
1.072793361817288432e-01
1.071325941003267584e-01
1.069835634541178304e-01
1.068323484210504937e-01
1.066790482557552350e-01
1.065237578246028965e-01
1.063665653759238716e-01
1.062075474574139533e-01
1.060467612446405888e-01
1.058842348063181865e-01
1.057199560001946398e-01
1.055538607708501608e-01
1.053858216317530017e-01
1.052156370746960279e-01
1.050430225796840089e-01
1.048676038102387825e-01
1.046889124766187673e-01
1.045063852403123189e-01
1.043193659127472778e-01
1.041271110754997120e-01
1.039287991159919267e-01
1.037235425385118204e-01
1.035104032785809508e-01
1.032884106257621060e-01
1.030565812518906277e-01
1.028139407528100985e-01
1.025595460464975850e-01
1.022925079306851587e-01
1.020120130898657246e-01
1.017173448538261776e-01
1.014079020471306547e-01
1.010832153291088692e-01
1.007429605045205706e-01
1.003869683849993727e-01
1.000152308980681443e-01
9.962790326979872879e-02
9.922530224761741402e-02
9.880790047393948894e-02
9.837631726582862779e-02
9.793130619051942931e-02
9.747373994788421925e-02
9.700459316659437725e-02
9.652492378762858594e-02
9.603585373971362804e-02
9.553854960295171672e-02
9.503420391149419721e-02
9.452401766375839731e-02
9.400918449862058490e-02
9.349087686684673382e-02
9.297023438786003458e-02
9.244835444749163744e-02
9.192628496935401072e-02
9.140501919190807678e-02
9.088549220851399602e-02
9.036857898181628601e-02
8.985509352527284999e-02
8.934578895036610069e-02
8.884135810343796180e-02
8.834243455564488867e-02
8.784959375889216104e-02
8.736335423311668291e-02
8.688417870380625574e-02
8.641247515757810582e-02
8.594859782560093642e-02
8.549284813779456371e-02
8.504547571107654025e-02
8.460667944510127936e-02
8.417660879604396684e-02
8.375536528695132210e-02
8.334300429286356504e-02
8.293953711446679089e-02
8.254493332854273557e-02
8.215912337935400711e-02
8.178200135617581801e-02
8.141342788998863489e-02
8.105323309683357125e-02
8.070121949732585176e-02
8.035716485101283835e-02
8.002082485713096771e-02
7.969193568970715791e-02
7.937021635201554903e-02
7.905537085159529409e-02
7.874709020965134365e-02
7.844505432920909072e-02
7.814893375081868876e-02
7.785839132652686012e-02
7.757308384044256377e-02
7.729266359846324874e-02
7.701678000271122704e-02
7.674508111762667895e-02
7.647721522565747998e-02
7.621283236181544685e-02
7.595158580907132584e-02
7.569313352998036093e-02
7.543713950571548366e-02
7.518327495137806793e-02
7.493121937600510929e-02
7.468066145832889802e-02
7.443129971335592232e-02
7.418284293202215274e-02
7.393501038382688240e-02
7.368753178309322971e-02
7.344014702943621464e-02
7.319260574458792690e-02
7.294466663794942074e-02
7.269609674319292558e-02
7.244667057527766352e-02
7.219616926331574869e-02
7.194437971676662102e-02
7.169109388185204712e-02
7.143610814121846564e-02
7.117922290275839614e-02
7.092024241336084001e-02
7.065897482148053577e-02
7.039523249820205109e-02
7.012883261251665057e-02
6.985959794155593983e-02
6.958735788397006627e-02
6.931194963286536892e-02
6.903321945588550279e-02
6.875102402447395844e-02
6.846523173133016449e-02
6.817572393621537663e-02
6.788239608364875222e-02
6.758515864275985163e-02
6.728393782851073424e-02
6.697867607374002885e-02
6.666933223318992352e-02
6.635588151284385616e-02
6.603831512933237835e-02
6.571663971562687057e-02
6.539087649872735164e-02
6.506106028344249559e-02
6.472723828264513590e-02
6.438946883829764489e-02
6.404782007968319590e-02
6.370236856488772914e-02
6.335319794888687184e-02
6.300039771766385854e-02
6.264406202146320657e-02
6.228428863296797680e-02
6.192117804842783152e-02
6.155483274084266876e-02
6.118535656628942832e-02
6.081285431640454792e-02
6.043743140318211943e-02
6.005919365664054432e-02
5.967824721192514781e-02
5.929469845987750398e-02
5.890865403435077696e-02
5.852022081069926940e-02
5.812950589197875273e-02
5.773661656297803674e-02
5.734166019668061193e-02
5.694474410258348884e-02
5.654597531165719837e-02
5.614546029747150002e-02
5.574330463794392732e-02
5.533961262581861551e-02
5.493448683943559507e-02
5.452802768738126971e-02
5.412033294192295646e-02
5.371149727663523943e-02
5.330161182273338710e-02
5.289076375784605016e-02
5.247903593850262310e-02
5.206650658591279596e-02
5.165324903147339858e-02
5.123933152616241826e-02
5.082481711511616790e-02
5.040976357651258399e-02
4.999422342143653580e-02
4.957824394996055567e-02
4.916186735708648337e-02
4.874513088148160755e-02
4.832806698940719792e-02
4.791070358596758588e-02
4.749306424643501973e-02
4.707516846062091698e-02
4.665703188417271580e-02
4.623866659152268271e-02
4.582008132623473923e-02
4.540128174543543726e-02
4.498227065602573155e-02
4.456304824123562963e-02
4.414361227676000254e-02
4.372395833656610858e-02
4.330407998867451952e-02
4.288396898189500428e-02
4.246361542446812354e-02
4.204300795585584616e-02
4.162213391274659918e-02
4.120097949048911329e-02
4.077952990086806950e-02
4.035776952689527908e-02
3.993568207531031367e-02
3.951325072701874358e-02
3.909045828560767100e-02
3.866728732374059840e-02
3.824372032726466863e-02
3.781973983644033865e-02
3.739532858373668944e-02
3.697046962759098498e-02
3.654514648122253462e-02
3.611934323582451090e-02
3.569304467732929698e-02
3.526623639594582416e-02
3.483890488785651440e-02
3.441103764828157968e-02
3.398262325548377649e-02
3.355365144514924070e-02
3.312411317480346007e-02
3.269400067806690902e-02
3.226330750850249507e-02
3.183202857303718547e-02
3.140016015513780179e-02
3.096769992771725849e-02
3.053464695626801478e-02
3.010100169235585543e-02
2.966676595812896278e-02
2.923194292224713664e-02
2.879653706780231637e-02
2.836055415298854854e-02
2.792400116506173896e-02
2.748688626842517996e-02
2.704921874750852023e-02
2.661100894527814592e-02
2.617226819802398463e-02
2.573300876733532194e-02
2.529324376986389830e-02
2.485298710569843611e-02
2.441225338602676098e-02
2.397105786066969224e-02
2.352941634625663192e-02
2.308734515544993635e-02
2.264486102791488445e-02
2.220198106333426055e-02
2.175872265709616338e-02
2.131510343876713565e-02
2.087114121394800098e-02
2.042685390952003049e-02
1.998225952266230454e-02
1.953737607370246640e-02
1.909222156293109360e-02
1.864681393144563409e-02
1.820117102602563861e-02
1.775531056801827809e-02
1.730925012619086850e-02
1.686300709343249715e-02
1.641659866722371477e-02
1.597004183365017052e-02
1.552335335490570394e-02
1.507654976003281432e-02
1.462964733871723565e-02
1.418266213794770574e-02
1.373560996134387709e-02
1.328850637092239551e-02
1.284136669108620031e-02
1.239420601467881508e-02
1.194703921082141199e-02
1.149988093441511872e-02
1.105274563707776131e-02
1.060564757930913121e-02
1.015860084381265196e-02
9.711619349680357047e-03
9.264716867396782102e-03
8.817907034475942762e-03
8.371203371611712560e-03
7.924619299239665099e-03
7.478168154371508947e-03
7.031863207625530660e-03
6.585717680394832102e-03
6.139744762009373066e-03
5.693957626872605399e-03
5.248369451515307905e-03
4.802993431458151517e-03
4.357842797889874623e-03
3.912930834092626792e-03
3.468270891563819160e-03
3.023876405836642065e-03
2.579760911937761369e-03
2.135938059430675644e-03
1.692421627097074732e-03
1.249225537149735357e-03
8.063638689994202108e-04
3.638508725597168437e-04
-7.829901896563151850e-05
-5.200711768034228018e-04
-9.614507648592557701e-04
-1.402422728513057562e-03
-1.842971783994288432e-03
-2.283082408332501572e-03
-2.722738829921579964e-03
-3.161925019689821280e-03
-3.600624682914312525e-03
-4.038821251693585843e-03
-4.476497878086134474e-03
-4.913637427957404970e-03
-5.350222475500820106e-03
-5.786235298517109285e-03
0.000000000000000000e+00
