8.610163218652522321e-01
1.309948642746147085e-01
1.339912624251418660e-01
1.368703644621091786e-01
1.396443349988215066e-01
1.423238750997199709e-01
1.449184134675074731e-01
1.474362733612904486e-01
1.498848176998293091e-01
1.522705748133764969e-01
1.545993471938484354e-01
1.568763054126750822e-01
1.591060691666128235e-01
1.612927771956346734e-01
1.634401476074344162e-01
1.655515299480094793e-01
1.676299501798563241e-01
1.696781495709094312e-01
1.716986183570351765e-01
1.736936249194111215e-01
1.756652411111911671e-01
1.776153642773946051e-01
1.795457364329106076e-01
1.814579609964202256e-01
1.833535174205800367e-01
1.852337740099573304e-01
1.870999991759516867e-01
1.889533713427457018e-01
1.907949876877592099e-01
1.926258718740102016e-01
1.944469809099694246e-01
1.962592112533275146e-01
1.980634042591921107e-01
1.998603510589441190e-01
2.016507969449525262e-01
2.034354453248476413e-01
2.052149613018107444e-01
2.069899749283157231e-01
2.087610841753063662e-01
2.105288576524723676e-01
2.122938371106082855e-01
2.140565397528279290e-01
2.158174603774217215e-01
2.175770733724790573e-01
2.193358345785109964e-01
2.210941830342638414e-01
2.228525426174804980e-01
2.246113235910998651e-01
2.263709240639469877e-01
2.281317313728006557e-01
2.298941233923646188e-01
2.316584697779870416e-01
2.334251331450865330e-01
2.351944701892456635e-01
2.369668327488945736e-01
2.387425688135312307e-01
2.405220234785618305e-01
2.423055398487925505e-01
2.440934598912475884e-01
2.458861252384360041e-01
2.476838779431184412e-01
2.494870611849205055e-01
2.512960199300921516e-01
2.531111015446212975e-01
2.549326563621515107e-01
2.567610382070335540e-01
2.585966048740804824e-01
2.604397185658080538e-01
2.622907462884039309e-01
2.641500602082028637e-01
2.660180379691923225e-01
2.678950629743773737e-01
2.697815246311220938e-01
2.716778185632207077e-01
2.735843467905137993e-01
2.755015178778273399e-01
2.774297470549253464e-01
2.793694563081083881e-01
2.813210744453177314e-01
2.832850371352559904e-01
2.852617869213452395e-01
2.872517732111118938e-01
2.892554522409842566e-01
2.912732870166030441e-01
2.933057472279693711e-01
2.953533091389792808e-01
2.974164554501910751e-01
2.994956751333947009e-01
3.015914632365048198e-01
3.037043206571690690e-01
3.058347538824174872e-01
3.079832746929441756e-01
3.101503998292973185e-01
3.123366506173956836e-01
3.145425525518606991e-01
3.167686348340202906e-01
3.190154298630796248e-01
3.212834726782588524e-01
3.235733003506499061e-01
3.258854513230540761e-01
3.282204646974395401e-01
3.305788794693751420e-01
3.329612337096890529e-01
3.353680636942997229e-01
3.377999029830631716e-01
3.402572814504783993e-01
3.427407242701666634e-01
3.452507508571002193e-01
3.477878737717009505e-01
3.503525975903277190e-01
3.529454177482641009e-01
3.555668193612242511e-01
3.582172760324634497e-01
3.608972486531667467e-01
3.636071842045082714e-01
3.663475145698529833e-01
3.691186553666913617e-01
3.719210048082183806e-01
3.747549426037121711e-01
3.776208289090202119e-01
3.805190033368197056e-01
3.834497840368287225e-01
3.864134668569033648e-01
3.894103245938834168e-01
3.924406063443011683e-01
3.955045369635704633e-01
3.986023166411948315e-01
4.017341206000423770e-01
4.049000989246827054e-01
4.081003765239593628e-01
4.113350532312193275e-01
4.146042040436520026e-01
4.179078795008357439e-01
4.212461062009366097e-01
4.246188874507105249e-01
4.280262040440033777e-01
4.314680151611702263e-01
4.349442593799154877e-01
4.384548557868040430e-01
4.419997051755426010e-01
4.455786913186552400e-01
4.491916822955998034e-01
4.528385318605460119e-01
4.565190808320112592e-01
4.602331584852367152e-01
4.639805839292240885e-01
4.677611674489431937e-01
4.715747117955337853e-01
4.754210134066895188e-01
4.792998635415912090e-01
4.832110493168112475e-01
4.871543546304043515e-01
4.911295609651618044e-01
4.951364480640109145e-01
4.991747944731589892e-01
5.032443779521217353e-01
5.073449757523376125e-01
5.114763647695046433e-01
5.156383215767925687e-01
5.198306223501681922e-01
5.240530426976676148e-01
5.283053574080968096e-01
5.325873401353409253e-01
5.368987630350987583e-01
5.412393963732381463e-01
5.456090081223045063e-01
5.500073635648318193e-01
5.544342249190585825e-01
5.588893510019341537e-01
5.633724969424398488e-01
5.678834139546792281e-01
5.724218491793551244e-01
5.769875455973487721e-01
5.815802420174284171e-01
5.861996731370318070e-01
5.908455696717728189e-01
5.955176585474313278e-01
6.002156631455226599e-01
6.049393035926836637e-01
6.096882970819215153e-01
6.144623582139584483e-01
6.192611993471390797e-01
6.240845309435787414e-01
6.289320619025685621e-01
6.338034998713635293e-01
6.386985515274603564e-01
6.436169228271853004e-01
6.485583192194681601e-01
6.535224458233732658e-01
6.585090075735827719e-01
6.635177093369120094e-01
6.685482560069693214e-01
6.736003525833609284e-01
6.786737042446412405e-01
6.837680164221724421e-01
6.888829948837951189e-01
6.940183458341042666e-01
6.991737760376339761e-01
7.043489929685360362e-01
7.095437049910227056e-01
7.147576215690605306e-01
7.199904535055624555e-01
7.252419132071388219e-01
7.305117149691395806e-01
7.357995752748276441e-01
7.411052131012062505e-01
7.464283502223603151e-01
7.517687115026341349e-01
7.571260251707798705e-01
7.625000230660188283e-01
7.678904408506224133e-01
7.732970181806436694e-01
7.787194988313851374e-01
7.841576307730856454e-01
7.896111661952089911e-01
7.950798614782638163e-01
8.005634771136910244e-01
8.060617775745558822e-01
8.115745311384487959e-01
8.171015096686734536e-01
8.226424883554943612e-01
8.281972454260650984e-01
8.337655618249441014e-01
8.393472208736356688e-01
8.449420079134034589e-01
8.505497099372627545e-01
8.561701152166080186e-01
8.618030129273400730e-01
8.674481927804394976e-01
8.731054446607461328e-01
8.787745582785005949e-01
8.844553228363629671e-01
8.901475267149789872e-01
8.958509571806004823e-01
9.015654001145607666e-01
9.072906397695146286e-01
9.130264585508617303e-01
9.187726368263826604e-01
9.245289527640441207e-01
9.302951821991184422e-01
9.360710985301967657e-01
9.418564726449597524e-01
9.476510728758475999e-01
9.534546649848349986e-01
9.592670121774311554e-01
9.650878751461479110e-01
9.709170121419659072e-01
9.767541790735611018e-01
9.825991296344954717e-01
9.884516154559569445e-01
9.943113862858359298e-01
1.000178190191715721e+00
1.006051773787457249e+00
1.011931882482583589e+00
1.017818260751233606e+00
1.023710652422394007e+00
1.029608800986484995e+00
1.035512449919850919e+00
1.041421343023672508e+00
1.047335224776591245e+00
1.053253840699678978e+00
1.059176937731565626e+00
1.065104264613446095e+00
1.071035572281413328e+00
1.076970614265801096e+00
1.082909147096194902e+00
1.088850930710340004e+00
1.094795728867248519e+00
1.100743309561989181e+00
1.106693445443323931e+00
1.112645914231083388e+00
1.118600499134576154e+00
1.124556989270424578e+00
1.130515180078821791e+00
1.136474873738531066e+00
1.142435879578856284e+00
1.148398014489015129e+00
1.154361103322694149e+00
1.160324979298837933e+00
1.166289484396181964e+00
1.172254469741461413e+00
1.178219795990183227e+00
1.184185333698968723e+00
1.190150963687835572e+00
1.196116577392088987e+00
1.202082077201670263e+00
1.208047376787198424e+00
1.214012401410530906e+00
1.219977088219887484e+00
1.225941386525839949e+00
1.231905258058588748e+00
1.237868677203835865e+00
1.243831631216125944e+00
1.249794120407854647e+00
1.255756158312719695e+00
1.261717771821708967e+00
1.267679001290918706e+00
1.273639900618700249e+00
1.279600537292177931e+00
1.285560992401151736e+00
1.291521360617612579e+00
1.297481750142182477e+00
1.303442282613465064e+00
1.309403092982166505e+00
1.315364329347621819e+00
1.321326152756874706e+00
1.327288736965601679e+00
1.333252268160379783e+00
1.339216944642500629e+00
1.345182976471860581e+00
1.351150585072669941e+00
1.357120002798958058e+00
1.363091472461402054e+00
1.369065246814840320e+00
1.375041588006173932e+00
1.381020766984414561e+00
1.387003062871541514e+00
1.392988762294806504e+00
1.398978158682493644e+00
1.404971551520826534e+00
1.410969245575442121e+00
1.416971550075898811e+00
1.422978777865553157e+00
1.428991244516408576e+00
1.435009267411136102e+00
1.441033164792450139e+00
1.447063254781354225e+00
1.453099854366570520e+00
1.459143278364915863e+00
1.465193838357110589e+00
1.471251841598141041e+00
1.477317589906766315e+00
1.483391378535590999e+00
1.489473495024512539e+00
1.495564218040956295e+00
1.501663816209595437e+00
1.507772546935861380e+00
1.513890655225988757e+00
1.520018372509041704e+00
1.526155915463791590e+00
1.532303484856427644e+00
1.538461264392635641e+00
1.544629419590012986e+00
1.550808096675670988e+00
1.556997421514665803e+00
1.563197498574032451e+00
1.569408409929456738e+00
1.575630214318883615e+00
1.581862946249345647e+00
1.588106615163433766e+00
1.594361204669290544e+00
1.600626671842055870e+00
1.606902946599299886e+00
1.613189931158614421e+00
1.619487499579466139e+00
1.625795497395942313e+00
1.632113741343775848e+00
1.638442019184873866e+00
1.644780089634536147e+00
1.651127682392296014e+00
1.657484498279655272e+00
1.663850209487565568e+00
1.670224459932738936e+00
1.676606865726292916e+00
1.682997015751577230e+00
1.689394472355243648e+00
1.695798772145287181e+00
1.702209426899588429e+00
1.708625924578734079e+00
1.715047730443522100e+00
1.721474288272095254e+00
1.727905021673354469e+00
1.734339335493941592e+00
1.740776617311893482e+00
1.747216239014455219e+00
1.753657558452762721e+00
1.760099921169702375e+00
1.766542662193417712e+00
1.772985107891509760e+00
1.779426577879682503e+00
1.785866386977645881e+00
1.792303847206869527e+00
1.798738269822272695e+00
1.805168967372783317e+00
1.811595255782806113e+00
1.818016456448181106e+00
1.824431898340056479e+00
1.830840920110519132e+00
1.837242872191737986e+00
1.843637118883244330e+00
1.850023040420382792e+00
1.856400035016894989e+00
1.862767520874863747e+00
1.869124938156489835e+00
1.875471750909124768e+00
1.881807448939045280e+00
1.888131549625712946e+00
1.894443599670559752e+00
1.900743176774573051e+00
1.907029891235361152e+00
1.913303387462121030e+00
1.919563345396149145e+00
1.925809481835896175e+00
1.932041551657190714e+00
1.938259348923792924e+00
1.944462707882373298e+00
1.950651503836725587e+00
1.956825653894576522e+00
1.962985117584483685e+00
1.969129897335004653e+00
1.975260038814895758e+00
1.981375631128620141e+00
1.987476806864305168e+00
1.993563741991398741e+00
1.999636655605399049e+00
2.005695809517854755e+00
2.011741507689696729e+00
2.017774095508060750e+00
2.023793958905171664e+00
2.029801523319678225e+00
2.035797252501649890e+00
2.041781647161348356e+00
2.047755243464145281e+00
2.053718611373364755e+00
2.059672352843267440e+00
2.065617099864769823e+00
2.071553512368621064e+00
2.077482275987367011e+00
2.083404099681732458e+00
2.089319713235692433e+00
2.095229864623245231e+00
2.101135317254882118e+00
2.107036847106236621e+00
2.112935239736234205e+00
2.118831287201905500e+00
2.124725784874225809e+00
2.130619528165010212e+00
2.136513309170845254e+00
2.142407913243316919e+00
2.148304115495339950e+00
2.154202677252745612e+00
2.160104342461846905e+00
2.166009834066267015e+00
2.171919850363878357e+00
2.177835061358302404e+00
2.183756105120187030e+00
2.189683584172926079e+00
2.195618061920013631e+00
2.201560059132565694e+00
2.207510050513906030e+00
2.213468461363163442e+00
2.219435664356144589e+00
2.225411976465599295e+00
2.231397656043727640e+00
2.237392900085457104e+00
2.243397841698638651e+00
2.249412547800444973e+00
2.255437017062279281e+00
2.261471178125091797e+00
2.267514888104232185e+00
2.273567931403277509e+00
2.279630018854334139e+00
2.285700787201623285e+00
2.291779798940230428e+00
2.297866542524094946e+00
2.303960432951585702e+00
2.310060812735327485e+00
2.316166953261241890e+00
2.322278056538041202e+00
2.328393257335173328e+00
2.334511625707329063e+00
2.340632169894832693e+00
2.346753839594599267e+00
2.352875529586139880e+00
2.358996083698868151e+00
2.365114299105169238e+00
2.371228930916760902e+00
2.377338697065823236e+00
2.383442283446971288e+00
2.389538349294622943e+00
2.395625532770675914e+00
2.401702456735109514e+00
2.407767734670707593e+00
2.413819976733880157e+00
2.419857795900054231e+00
2.425879814177135163e+00
2.431884668851530762e+00
2.437871018741601503e+00
2.443837550423727301e+00
2.449782984402923525e+00
2.455706081196925794e+00
2.461605647303937161e+00
2.467480541024360985e+00
2.473329678107490714e+00
2.479152037195206493e+00
2.484946665033836766e+00
2.490712681428530750e+00
2.496449283912446582e+00
2.502155752107678488e+00
2.507831451750992091e+00
2.513475838364608528e+00
2.519088460548776887e+00
2.524668962875197487e+00
2.530217088366149447e+00
2.535732680537932104e+00
2.541215684997989221e+00
2.546666150580494836e+00
2.552084230009301624e+00
2.557470180080956723e+00
2.562824361360264369e+00
2.568147237384712511e+00
2.573439373374987849e+00
2.578701434454432118e+00
2.583934183376560334e+00
2.589138477769993951e+00
2.594315266904481110e+00
2.599465587989336246e+00
2.604590562016761979e+00
2.609691389159809471e+00
2.614769343744936414e+00
2.619825768812443556e+00
2.624862070284574855e+00
2.629879710762028644e+00
2.634880202967926355e+00
2.639865102864628277e+00
2.644836002464379110e+00
2.649794522360791493e+00
2.654742304005974773e+00
2.659681001761290631e+00
2.664612274749620813e+00
2.669537778539084361e+00
2.674459156689361183e+00
2.679378032191940484e+00
2.684295998839832720e+00
2.689214612560471007e+00
2.694135382749065055e+00
2.699059763642711829e+00
2.703989145772756508e+00
2.708924847540937098e+00
2.713868106961005999e+00
2.718820073612702615e+00
2.723781800854995883e+00
2.728754238348098937e+00
2.733738224933321526e+00
2.738734481922544095e+00
2.743743606847816707e+00
2.748766067722460349e+00
2.753802197866142443e+00
2.758852191339560278e+00
2.763916099041390240e+00
2.768993825509404871e+00
2.774085126468666562e+00
2.779189607166864917e+00
2.784306721529758555e+00
2.789435772165486771e+00
2.794575911242465516e+00
2.799726142259006956e+00
2.804885322715034768e+00
2.810052167692460134e+00
2.815225254341673367e+00
2.820403027266678464e+00
2.825583804793494469e+00
2.830765786100782222e+00
2.835947059183658414e+00
2.841125609617901837e+00
2.846299330082122214e+00
2.851466030593317491e+00
2.856623449403328241e+00
2.861769264498319032e+00
2.866901105641952885e+00
2.872016566892312106e+00
2.877113219524555454e+00
2.882188625284054950e+00
2.887240349891673219e+00
2.892265976721065890e+00
2.897263120564710803e+00
2.902229441403596955e+00
2.907162658092770968e+00
2.912060561878790033e+00
2.916921029657261855e+00
2.921742036887806204e+00
2.926521670077859127e+00
2.931258138752878661e+00
2.935949786831310249e+00
2.940595103326180126e+00
2.945192732299371841e+00
2.949741481998193748e+00
2.954240333110199401e+00
2.958688446077078371e+00
2.963085167413314736e+00
2.967430034985744758e+00
2.971722782211028591e+00
2.975963341142398910e+00
2.980151844416313089e+00
2.984288626046216031e+00
2.988374221049867163e+00
2.992409363909778630e+00
2.996394985871948524e+00
3.000332211094334678e+00
3.004222351666339108e+00
3.008066901522854053e+00
3.011867529287499679e+00
3.015626070082918275e+00
3.019344516348674734e+00
3.023025007719988722e+00
3.026669820014601164e+00
3.030281353387147547e+00
3.033862119709279881e+00
3.037414729238949729e+00
3.040941876641160668e+00
3.044446326429733674e+00
3.047930897896920399e+00
3.051398449601012697e+00
3.054851863483381003e+00
3.058294028687417843e+00
3.061727825152638083e+00
3.065156107057015689e+00
3.068581686185551938e+00
3.072007315298536767e+00
3.075435671578161667e+00
3.078869340233036489e+00
3.082310798338571800e+00
3.085762398998364908e+00
3.089226355906605548e+00
3.092704728400695213e+00
3.096199407089154754e+00
3.099712100146204463e+00
3.103244320363315989e+00
3.106797373050440569e+00
3.110372344880734108e+00
3.113970093770420000e+00
3.117591239886804644e+00
3.121236157872617767e+00
3.124904970373069801e+00
3.128597542945261711e+00
3.132313480424000929e+00
3.136052124810714048e+00
3.139812554740774253e+00
3.143593586578202981e+00
3.147393777171307416e+00
3.151211428294687256e+00
3.155044592789389313e+00
3.158891082399939432e+00
3.162748477296486005e+00
3.166614137257687922e+00
3.170485214474063618e+00
3.174358667927736910e+00
3.178231279282857091e+00
3.182099670217988230e+00
3.185960321115308691e+00
3.189809591010586143e+00
3.193643738698751733e+00
3.197458944875951836e+00
3.201251335187272229e+00
3.205017004042203688e+00
3.208752039041822712e+00
3.212452545859593833e+00
3.216114673402444168e+00
3.219734639071345939e+00
3.223308753939674975e+00
3.226833447653461917e+00
3.230305292865161881e+00
3.233721029003022718e+00
3.237077585188124385e+00
3.240372102109172481e+00
3.243601952677073186e+00
3.246764761286121015e+00
3.249858421524146834e+00
3.252881112183369616e+00
3.255831311441505616e+00
3.258707809096714314e+00
3.261509716760127464e+00
3.264236475923960157e+00
3.266887863845572948e+00
3.269463997207222583e+00
3.271965333522521835e+00
3.274392670293281959e+00
3.276747141923364026e+00
3.279030214424293987e+00
3.281243677958438631e+00
3.283389637282599693e+00
3.285470500166935981e+00
3.287488963879949821e+00
3.289447999836421221e+00
3.291350836519704171e+00
3.293200940793739040e+00
3.295001997731282550e+00
3.296757889085615734e+00
3.298472670542573759e+00
3.300150547890047914e+00
3.301795852245382967e+00
3.303413014484363863e+00
3.305006539012587563e+00
3.306580977025797008e+00
3.308140899396731616e+00
3.309690869330792040e+00
3.311235414925382869e+00
3.312779001764995179e+00
3.314326005678603249e+00
3.315880685783124449e+00
3.317447157929188428e+00
3.319029368662215873e+00
3.320631069811568192e+00
3.322255793816528691e+00
3.323906829899974547e+00
3.325587201205278731e+00
3.327299643016047526e+00
3.329046582186461212e+00
3.330830117912954691e+00
3.332652003996659396e+00
3.334513632736705091e+00
3.336416020613639510e+00
3.338359795912688277e+00
3.340345188441629531e+00
3.342372021484982803e+00
3.344439706131828949e+00
3.346547238093952714e+00
3.348693197119436693e+00
3.350875749081144939e+00
3.353092650802577346e+00
3.355341257657334264e+00
3.357618533960506468e+00
3.359921066146335900e+00
3.362245078709130031e+00
3.364586452865708566e+00
3.366940747881107754e+00
3.369303224985472411e+00
3.371668873792379451e+00
3.374032441114900305e+00
3.376388462058145024e+00
3.378731293246183043e+00
3.381055148022305001e+00
3.383354133433149613e+00
3.385622288783174394e+00
3.387853625515612865e+00
3.390042168145495527e+00
3.392181995942790795e+00
3.394267285036607795e+00
3.396292350583091313e+00
3.398251688628705303e+00
3.400140017280345539e+00
3.401952316790254116e+00
3.403683868169032678e+00
3.405330289941827182e+00
3.406887572687013588e+00
3.408352111014194108e+00
3.409720732670987964e+00
3.410990724499618931e+00
3.412159855002790287e+00
3.413226393318349317e+00
3.414189124442108536e+00
3.415047360581086711e+00
3.415800948563557426e+00
3.416450273269348692e+00
3.416996257089262912e+00
3.417440355460764856e+00
3.417784548563131519e+00
3.418031329293734544e+00
3.418183687677336380e+00
3.418245091889223097e+00
3.418219466098574522e+00
3.418111165355566250e+00
3.417924947760161203e+00
3.417665944164283598e+00
3.417339625657252355e+00
3.416951769094787039e+00
3.416508420926980705e+00
3.416015859581773562e+00
3.415480556661353084e+00
3.414909137207956746e+00
3.414308339293982364e+00
3.413684973194759831e+00
3.413045880396183840e+00
3.412397892686016121e+00
3.411747791563248811e+00
3.411102268182170327e+00
3.410467884021977980e+00
3.409851032433566242e+00
3.409257901182098038e+00
3.408694436059533039e+00
3.408166305606814550e+00
3.407678866956539210e+00
3.407237132794557866e+00
3.406845739442410093e+00
3.406508916084396432e+00
3.406230455201294305e+00
3.406013684329797009e+00
3.405861439318702999e+00
3.405776039323236137e+00
3.405759263821165561e+00
3.405812331981174612e+00
3.405935884730338259e+00
3.406129969869799545e+00
3.406394030565517816e+00
3.406726897507304397e+00
3.407126784973350198e+00
3.407591290983545296e+00
3.408117401660482493e+00
3.408701499857522688e+00
3.409339378065245896e+00
3.410026255559209574e+00
3.410756799727990618e+00
3.411525151496452857e+00
3.412324954753848338e+00
3.413149389695333991e+00
3.413991209989673425e+00
3.414842783685358540e+00
3.415696137770313001e+00
3.416543006279401773e+00
3.417374881820365307e+00
3.418183070345166108e+00
3.418958748928717206e+00
3.419693026250965495e+00
3.420377005384872326e+00
3.421001848416773239e+00
3.421558842327988792e+00
3.422039465498831756e+00
3.422435454126271370e+00
3.422738867804075991e+00
3.422942153495429629e+00
3.423038207121437360e+00
3.423020432027888305e+00
3.422882793631778497e+00
3.422619869629011102e+00
3.422226895224556031e+00
3.421699802942793411e+00
3.421035256670829305e+00
3.420230679675638541e+00
3.419284276418688151e+00
3.418195048051046570e+00
3.416962801535887273e+00
3.415588152380630405e+00
3.414072521016428663e+00
3.412418122903546625e+00
3.410627952504710070e+00
3.408705761334866580e+00
3.406656030379042743e+00
3.404483937246554959e+00
3.402195318515144784e+00
3.399796627776337843e+00
3.397294889939049156e+00
3.394697652363020346e+00
3.392012933377335671e+00
3.389249168703791781e+00
3.386415156247783109e+00
3.383519999658117783e+00
3.380573051007196295e+00
3.377583852904738393e+00
3.374562080362065508e+00
3.371517482741732241e+00
3.368459826191660955e+00
3.365398837022083534e+00
3.362344146543599255e+00
3.359305237909415709e+00
3.356291395465840210e+00
3.353311657005492830e+00
3.350374769132974606e+00
3.347489145699344526e+00
3.344662828994462433e+00
3.341903453119108303e+00
3.339218208771864482e+00
3.336613808598695385e+00
3.334096452302039992e+00
3.331671790891855167e+00
3.329344889763908633e+00
3.327120190665775912e+00
3.325001473000599894e+00
3.322991815279686012e+00
3.321093557789693840e+00
3.319308267688887426e+00
3.317636707759302084e+00
3.316078809930560922e+00
3.314633654500076521e+00
3.313299455723876186e+00
3.312073554186125701e+00
3.310952416115079622e+00
3.309931639596804587e+00
3.309005967479223376e+00
3.308169306648506058e+00
3.307414753291728626e+00
3.306734623753476932e+00
3.306120490617223240e+00
3.305563223724588440e+00
3.305053035950835216e+00
3.304579533696806237e+00
3.304131772187705707e+00
3.303698315790657869e+00
3.303267303616711281e+00
3.302826520660921084e+00
3.302363474634310680e+00
3.301865478443017032e+00
3.301319738027423956e+00
3.300713444974296973e+00
3.300033873030878251e+00
3.299268477391885224e+00
3.298404995434064624e+00
3.297431547438459010e+00
3.296336735773634175e+00
3.295109740989936586e+00
3.293740413312113091e+00
3.292219358078206426e+00
3.290538013806584949e+00
3.288688721765595790e+00
3.286664786198096877e+00
3.284460524702641049e+00
3.282071308672409593e+00
3.279493594067950824e+00
3.276724943103252130e+00
3.273764037579859121e+00
3.270610684580082861e+00
3.267265815047752486e+00
3.263731475479302091e+00
3.260010812619150933e+00
3.256108050789385366e+00
3.252028461361299527e+00
3.247778323941583611e+00
3.243364879106651610e+00
3.238796272909887808e+00
3.234081493859919831e+00
3.229230303513967115e+00
3.224253162172447507e+00
3.219161151332123438e+00
3.213965894525656619e+00
3.208679477934337942e+00
3.203314371765163315e+00
3.197883352878599261e+00
3.192399428657127558e+00
3.186875761711550403e+00
3.181325594844058191e+00
3.175762175817013144e+00
3.170198681908269922e+00
3.164648144939489871e+00
3.159123378260248138e+00
3.153636907870120965e+00
3.148200910212153758e+00
3.142827159015126437e+00
3.137526982817206544e+00
3.132311233560175268e+00
3.127190265098326094e+00
3.122173918927362735e+00
3.117271513206563149e+00
3.112491830483266053e+00
3.107843099580135160e+00
3.103332967873214443e+00
3.098968461584697742e+00
3.094755933492192579e+00
3.090700999360274093e+00
3.086808466097288761e+00
3.083082255872141353e+00
3.079525330987715748e+00
3.076139624161248864e+00
3.072925978088769217e+00
3.069884097025847858e+00
3.067012511852519552e+00
3.064308559014477407e+00
3.061768372962466067e+00
3.059386891304669565e+00
3.057157871698152007e+00
3.055073919396049664e+00
3.053126524169526235e+00
3.051306105012980829e+00
3.049602060696931627e+00
3.048002824054607540e+00
3.046495918069615172e+00
3.045068012514026812e+00
3.043704981026383205e+00
3.042391959929195977e+00
3.041113411419638091e+00
3.039853194659730917e+00
3.038594648440376744e+00
3.037320688380848566e+00
3.036013920113425524e+00
3.034656767930536070e+00
3.033231616320739565e+00
3.031720960191395253e+00
3.030107558697468839e+00
3.028374587666256001e+00
3.026505786502999840e+00
3.024485596888172978e+00
3.022299292031012996e+00
3.019933096248892390e+00
3.017374294895240894e+00
3.014611334109427609e+00
3.011633908807850091e+00
3.008433036300842023e+00
3.005001112463163704e+00
3.001331947927207811e+00
2.997420783358148988e+00
2.993264285165783356e+00
2.988860525364383403e+00
2.984208951007082611e+00
2.979310349154422166e+00
2.974166812584751796e+00
2.968781709612944297e+00
2.963159659008142377e+00
2.957306508608525064e+00
2.951229314305847229e+00
2.944936314886594797e+00
2.938436897896047562e+00
2.931741552262495887e+00
2.924861804788969177e+00
2.917810139617951215e+00
2.910599902093636171e+00
2.903245190649949681e+00
2.895760742014924283e+00
2.888161815733172766e+00
2.880464083606897763e+00
2.872683528152191190e+00
2.864836351876766773e+00
2.856938896553905316e+00
2.849007569308288357e+00
2.841058770860568572e+00
2.833108821191114401e+00
2.825173879354037076e+00
2.817269856892062219e+00
2.809412327538298726e+00
2.801616438628734329e+00
2.793896831080530774e+00
2.786267574514935674e+00
2.778742122340419840e+00
2.771333288988982346e+00
2.764053248766585646e+00
2.756913553449246823e+00
2.749925163940475592e+00
2.743098489770246395e+00
2.736443428678089873e+00
2.729969396982460772e+00
2.723685340393042775e+00
2.717599715254793935e+00
2.711720432721872243e+00
2.706054763264058582e+00
2.700609205451506512e+00
2.695389329513506738e+00
2.690399610803720254e+00
2.685643269595221483e+00
2.681122131317144053e+00
2.676836516497906437e+00
2.672785164244285028e+00
2.668965189031853757e+00
2.665372068976640918e+00
2.661999664318686953e+00
2.658840266141914821e+00
2.655884675528987771e+00
2.653122311162763314e+00
2.650541338898011912e+00
2.648128811438924757e+00
2.645870802240959385e+00
2.643752517160483428e+00
2.641758371256821558e+00
2.639872026002550331e+00
2.638076392110053625e+00
2.636353612612174047e+00
2.634685047183941364e+00
2.633051280278607464e+00
2.631432172048604023e+00
2.629806963159968980e+00
2.628154434421440477e+00
2.626453112032112180e+00
2.624681501465194078e+00
2.622818329120193415e+00
2.620842771525730974e+00
2.618734656607245803e+00
2.616474629015074882e+00
2.614044279809389248e+00
2.611426247852634219e+00
2.608604304406532570e+00
2.605563432803497115e+00
2.602289911810049539e+00
2.598771405545274860e+00
2.594997056317155604e+00
2.590957571415144045e+00
2.586645292326557488e+00
2.582054235758721283e+00
2.577180099928862322e+00
2.572020235506598418e+00
2.566573586510687122e+00
2.560840610638848602e+00
2.554823189995243382e+00
2.548524542104197543e+00
2.541949138466490510e+00
2.535102634988042780e+00
2.527991816247951551e+00
2.520624553790520750e+00
2.513009776882515478e+00
2.505157451858763373e+00
2.497078563315268340e+00
2.488785087806617558e+00
2.480289949697660923e+00
2.471606950534135816e+00
2.462750667968176543e+00
2.453736326921809763e+00
2.444579652387578683e+00
2.435296717915565345e+00
2.425903804963826182e+00
2.416417285642696200e+00
2.406853535939914135e+00
2.397228879989015127e+00
2.387559560055128038e+00
2.377861722876773776e+00
2.368151411328785816e+00
2.358444550998763933e+00
2.348756923789198758e+00
2.339104124372734184e+00
2.329501499356677385e+00
2.319964072366111019e+00
2.310506460208566537e+00
2.301142785735188045e+00
2.291886592596676930e+00
2.282750766874851678e+00
2.273747471453989810e+00
2.264888100988874164e+00
2.256183267374702428e+00
2.247642825848263026e+00
2.239275948467253308e+00
2.231091243992984197e+00
2.223096912203921249e+00
2.215300909180943911e+00
2.207711091842586182e+00
2.200335308287729053e+00
2.193181406884389339e+00
2.186257150613019729e+00
2.179570040597597291e+00
2.173127069367430053e+00
2.166934435681720394e+00
2.160997255971556008e+00
2.155319302536292003e+00
2.149902788138069898e+00
2.144748204788887946e+00
2.139854215542744242e+00
2.135217594634245319e+00
2.130833213396034154e+00
2.126694074517676114e+00
2.122791401433003600e+00
2.119114789205156058e+00
2.115652416454086637e+00
2.112391305729988566e+00
2.109317606018393576e+00
2.106416860896501930e+00
2.103674223699716794e+00
2.101074588972973167e+00
2.098602626163011298e+00
2.096242722686783466e+00
2.093978863426073644e+00
2.091794487112035750e+00
2.089672363813414702e+00
2.087594531571868028e+00
2.085542316416331143e+00
2.083496442423549588e+00
2.081437221386522651e+00
2.079344798461124633e+00
2.077199422978107002e+00
2.074981712926979860e+00
2.072672886654687296e+00
2.070254944296915145e+00
2.067710792188201641e+00
2.065024313736975259e+00
2.062180398172172247e+00
2.059164943063167552e+00
2.055964847342271362e+00
2.052568009287737638e+00
2.048963339563176334e+00
2.045140794043688537e+00
2.041091425612185262e+00
2.036807448992454361e+00
2.032282308481197841e+00
2.027510735810964526e+00
2.022488785044026294e+00
2.017213833915801224e+00
2.011684546323530220e+00
2.005900797717368622e+00
1.999863572294031222e+00
1.993574846237735843e+00
1.987037473466096715e+00
1.980255089002954882e+00
1.973232040818927668e+00
1.965973355020446789e+00
1.958484733070514405e+00
1.950772574558796935e+00
1.942844015645379674e+00
1.934706971865580716e+00
1.926370174176353256e+00
1.917843188356663786e+00
1.909136409612643526e+00
1.900261026174435930e+00
1.891228947899485480e+00
1.882052698679783864e+00
1.872745275055779590e+00
1.863319977786743298e+00
1.853790227676348046e+00
1.844169380699819172e+00
1.834470559281371038e+00
1.824706515573477406e+00
1.814889538594098628e+00
1.805031410733129782e+00
1.795143411755491192e+00
1.785236361598918409e+00
1.775320688417962867e+00
1.765406506285841504e+00
1.755503687872962626e+00
1.745621920668239069e+00
1.735770739887882996e+00
1.725959535946109957e+00
1.716197538245729959e+00
1.706493779516722542e+00
1.696857045930067809e+00
1.687295818174890716e+00
1.677818208292669366e+00
1.668431896988959995e+00
1.659144076715804328e+00
1.649961406884701276e+00
1.640889988504955488e+00
1.631935365455518872e+00
1.623102557771521015e+00
1.614396128533418295e+00
1.605820280711160564e+00
1.597378974790890638e+00
1.589076053615048778e+00
1.580915358791346037e+00
1.572900823797900527e+00
1.565036532294461047e+00
1.557326735223819592e+00
1.549775825884713853e+00
1.542388277151167664e+00
1.535168548662258825e+00
1.528120973762355561e+00
1.521249636255296522e+00
1.514558245905049727e+00
1.508050019491082638e+00
1.501727571623456603e+00
1.495592817030627852e+00
1.489646884208520650e+00
1.483890039588675158e+00
1.478321621900165361e+00
1.472939987958084007e+00
1.467742473150665639e+00
1.462725371626416138e+00
1.457883941808681527e+00
1.453212441828896084e+00
1.448704196692939483e+00
1.444351694890141147e+00
1.440146707624345490e+00
1.436080419990819923e+00
1.432143561264049403e+00
1.428326521649040171e+00
1.424619445432127041e+00
1.421012294911858209e+00
1.417494884771701491e+00
1.414056891517215586e+00
1.410687846205977092e+00
1.407377120377392155e+00
1.404113914804144603e+00
1.400887258897775878e+00
1.397686026036505158e+00
1.394498967471294870e+00
1.391314765305105894e+00
1.388122103493372617e+00
1.384909754763271605e+00
1.381666680547493531e+00
1.378382140254102994e+00
1.375045805369497387e+00
1.371647873120202643e+00
1.368179173872038579e+00
1.364631266328648174e+00
1.360996515003868979e+00
1.357268145376818946e+00
1.353440273510127856e+00
1.349507908572475490e+00
1.345466928530655970e+00
1.341314031146225716e+00
1.337046664195695733e+00
1.332662940385219041e+00
1.328161543530565813e+00
1.323541633017464303e+00
1.318802753186216314e+00
1.313944753067724847e+00
1.308967719984174938e+00
1.303871928235659006e+00
1.298657801829330882e+00
1.293325888414266434e+00
1.287876840594342376e+00
1.282311400785429933e+00
1.276630386720287280e+00
1.270834676336505042e+00
1.264925192699539735e+00
1.258902891349363840e+00
1.252768753577875538e+00
1.246523789376819069e+00
1.240169053069502647e+00
1.233705673100335964e+00
1.227134895436870599e+00
1.220458137960142242e+00
1.213677051502497273e+00
1.206793582174558566e+00
1.199810029452879956e+00
1.192729095147618823e+00
1.185553919605620177e+00
1.178288103004603293e+00
1.170935711019327474e+00
1.163501265236074556e+00
1.155989719364172386e+00
1.148406422585471764e+00
1.140757071471879769e+00
1.133047651959369961e+00
1.125284373055189802e+00
1.117473594289831063e+00
1.109621749356775045e+00
1.101735268769463483e+00
1.093820504574795960e+00
1.085883660105490867e+00
1.077930727406498423e+00
1.069967434403676698e+00
1.061999203173091821e+00
1.054031119955679774e+00
1.046067916909578566e+00
1.038113965070992073e+00
1.030173277600723747e+00
1.022249522095969532e+00
1.014346040510211822e+00
1.006465875001623544e+00
9.986117978224060554e-01
9.907863431930151732e-01
9.829918390347680557e-01
9.752304365182973278e-01
9.675041356710345486e-01
9.598148057724681381e-01
9.521641998937013796e-01
9.445539636292321628e-01
9.369856387052760693e-01
9.294606626360104595e-01
9.219803658837953941e-01
9.145459680358845045e-01
9.071585743773473709e-01
8.998191739674563649e-01
8.925286399837635276e-01
8.852877327290474829e-01
8.780971053570671980e-01
8.709573120759508402e-01
8.638688183580933710e-01
8.568320125377801855e-01
8.498472181194960395e-01
8.429147061556295784e-01
8.360347071744389513e-01
8.292074223195955440e-01
8.224330335635222644e-01
8.157117130319675447e-01
8.090436315838580583e-01
8.024289668097117634e-01
7.958679105346655458e-01
7.893606757730553536e-01
7.829075029195120550e-01
7.765086648218524346e-01
7.701644703177170648e-01
7.638752658373588744e-01
7.576414347811901706e-01
7.514633945579882734e-01
7.453415913537300153e-01
7.392764928773234434e-01
7.332685794478187580e-01
7.273183338365178940e-01
7.214262302639519175e-01
7.155927228883811608e-01
7.098182340377369171e-01
7.041031423576800119e-01
6.984477709902325859e-01
6.928523758794025156e-01
6.873171343047999038e-01
6.818421337812274885e-01
6.764273615052496247e-01
6.710726945728828774e-01
6.657778912217636735e-01
6.605425833646947353e-01
6.553662706676481875e-01
6.502483163951231493e-01
6.451879451908495433e-01
6.401842428959059195e-01
6.352361584265682204e-01
6.303425076551084638e-01
6.255019791592189016e-01
6.207131416358081522e-01
6.159744527253607771e-01
6.112842689525190831e-01
6.066408564719268925e-01
6.020424023090378274e-01
5.974870257974217447e-01
5.929727899445627060e-01
5.884977124927583958e-01
5.840597764890858024e-01
5.796569402215370204e-01
5.752871464325011175e-01
5.709483307632765570e-01
5.666384294318314030e-01
5.623553861795610453e-01
5.580971585592393591e-01
5.538617236557340506e-01
5.496470833467163031e-01
5.454512692186080924e-01
5.412723472475767794e-01
5.371084223478376218e-01
5.329576428729642101e-01
5.288182051361588476e-01
5.246883579878904857e-01
5.205664074681668474e-01
5.164507215184837019e-01
5.123397347180596029e-01
5.082319529823262627e-01
5.041259581460472150e-01
5.000204123370945997e-01
4.959140620410737443e-01
4.918057417540598886e-01
4.876943771233109848e-01
4.835789874874871774e-01
4.794586877396699864e-01
4.753326894536483160e-01
4.712003012352062314e-01
4.670609282786798433e-01
4.629140711323609381e-01
4.587593236926812978e-01
4.545963704690223484e-01
4.504249831740640975e-01
4.462450167067646967e-01
4.420564046079332732e-01
4.378591540723646980e-01
4.336533406073500574e-01
4.294391024287103620e-01
4.252166346864419411e-01
4.209861836064255347e-01
4.167480406359366785e-01
4.125025366694535789e-01
4.082500364283813132e-01
4.039909330582719393e-01
3.997256429984430981e-01
3.954546011687186668e-01
3.911782565077622786e-01
3.868970678877837188e-01
3.826115004186257940e-01
3.783220221462817445e-01
3.740291011434366264e-01
3.697332029793640173e-01
3.654347885570025101e-01
3.611343122953994400e-01
3.568322206395259100e-01
3.525289508754686496e-01
3.482249302314249784e-01
3.439205752472274669e-01
3.396162913954726692e-01
3.353124729407729321e-01
3.310095030262042437e-01
3.267077539752278881e-01
3.224075877994089789e-01
3.181093569027089174e-01
3.138134049696047478e-01
3.095200680247167102e-01
3.052296756481669981e-01
3.009425523274000258e-01
2.966590189230464136e-01
2.923793942242417510e-01
2.881039965624868637e-01
2.838331454538201570e-01
2.795671632346089508e-01
2.753063766541364865e-01
2.710511183901920251e-01
2.668017284493250929e-01
2.625585554211568584e-01
2.583219575526813916e-01
2.540923036181156336e-01
2.498699735618680751e-01
2.456553588970891711e-01
2.414488628519185776e-01
2.372509002585043714e-01
2.330618971888884505e-01
2.288822903467603587e-01
2.247125262315112504e-01
2.205530600944744513e-01
2.164043547125218958e-01
2.122668790086554846e-01
2.081411065483711187e-01
2.040275139454099662e-01
1.999265792082645654e-01
1.958387800586800509e-01
1.917645922517927370e-01
1.877044879257537269e-01
1.836589340040553908e-01
1.796283906726381108e-01
1.756133099487937610e-01
1.716141343558953425e-01
1.676312957144688864e-01
1.636652140562022406e-01
1.597162966657295347e-01
1.557849372500280938e-01
1.518715152349784936e-01
1.479763951858920623e-01
1.440999263455650381e-01
1.402424422850627184e-01
1.364042606590022411e-01
1.325856830573282630e-01
1.287869949455540119e-01
1.250084656851981613e-01
1.212503486253961593e-01
1.175128812583510207e-01
1.137962854307911081e-01
1.101007676040161865e-01
1.064265191559192192e-01
1.027737167193019802e-01
9.914252255026967386e-02
9.553308492194595436e-02
9.194553853942544208e-02
8.838000497045656045e-02
8.483659308989283110e-02
8.131539953289465550e-02
7.781650915493881771e-02
7.433999549495151626e-02
7.088592123927897615e-02
6.745433868428664381e-02
6.404529019457014249e-02
6.065880865515512615e-02
5.729491791584202798e-02
5.395363322544324824e-02
5.063496165410633076e-02
4.733890250311156844e-02
4.406544769969091002e-02
4.081458217641063813e-02
3.758628423396314505e-02
3.438052588656005659e-02
3.119727318912773883e-02
2.803648654656175354e-02
2.489812100400511097e-02
2.178212651843892261e-02
1.868844821220217584e-02
1.561702660777216679e-02
1.256779784501600022e-02
9.540693880998242504e-03
6.535642673354325784e-03
3.552568347563522105e-03
5.913913487977845223e-04
-2.347971419490531633e-03
-5.265606471761103205e-03
-8.161603628229624485e-03
-1.103605591429450937e-02
-1.388905947125714316e-02
-1.672071347657643273e-02
-1.953112007295123784e-02
-2.232038430615396890e-02
-2.508861406999601459e-02
-2.783592005799655558e-02
-3.056241572144520469e-02
-3.326821723293559713e-02
-3.595344345460221858e-02
-3.861821591121898656e-02
-4.126265876722624848e-02
-4.388689880735105464e-02
-4.649106542075349263e-02
-4.907529058842987485e-02
-5.163970887300814439e-02
-5.418445741180697578e-02
-5.670967591217079828e-02
-5.921550664948320442e-02
-6.170209446705814810e-02
-6.416958677916421994e-02
-6.661813357585065487e-02
-6.904788743003170692e-02
-7.145900350731640427e-02
-7.385163957808298096e-02
-7.622595603139308007e-02
-7.858211589233865535e-02
-8.092028484114673070e-02
-8.324063123487475402e-02
-8.554332613199668034e-02
-8.782854331946626791e-02
-9.009645934206453322e-02
-9.234725353494489808e-02
-9.458110805853736647e-02
-9.679820793589286043e-02
-9.899874109309071690e-02
-1.011828984019788463e-01
-1.033508737251866011e-01
-1.055028639639987859e-01
-1.076390691082431128e-01
-1.097596922885862858e-01
-1.118649398303229320e-01
-1.139550213097922648e-01
-1.160301496118383846e-01
-1.180905409887696988e-01
-1.201364151205672193e-01
-1.221679951759742366e-01
-1.241855078737182649e-01
-1.261891835443770815e-01
-1.281792561917209916e-01
-1.301559635533677539e-01
-1.321195471605895178e-01
-1.340702523965819348e-01
-1.360083285523239205e-01
-1.379340288804819792e-01
-1.398476106460478929e-01
-1.417493351731063944e-01
-1.436394678880505704e-01
-1.455182783579361538e-01
-1.473860403232184757e-01
-1.492430317254727634e-01
-1.510895347284572643e-01
-1.529258357321923723e-01
-1.547522253803622072e-01
0.000000000000000000e+00
