2.863362370230709743e-04
1.029705107918609929e-03
1.693362654366648446e-03
2.358166784668653052e-03
3.019443359907697522e-03
3.673927617901357693e-03
4.320181806137870194e-03
4.957736538834934051e-03
5.586598261491024925e-03
6.206994630773612562e-03
6.819246905872479621e-03
7.423707334280944814e-03
8.020729198703543950e-03
8.610653104884008827e-03
9.193801267465512989e-03
9.770475680415632511e-03
1.034095812810439940e-02
1.090551102685879264e-02
1.146437860196002426e-02
1.201778816117990423e-02
1.256595135296441866e-02
1.310906535993215834e-02
1.364731400888603147e-02
1.418086879316401289e-02
1.470988980985650681e-02
1.523452661734747693e-02
1.575491901959508861e-02
1.627119778366649047e-02
1.678348529678829262e-02
1.729189616870527302e-02
1.779653778459957397e-02
1.829751081340241781e-02
1.879490967579054359e-02
1.928882297579001884e-02
1.977933389946977261e-02
2.026652058389087283e-02
2.075045645919447804e-02
2.123121056630429548e-02
2.170884785262048450e-02
2.218342944776650894e-02
2.265501292122285709e-02
2.312365252357229117e-02
2.358939941286309835e-02
2.405230186745264953e-02
2.451240548655801363e-02
2.496975337963399169e-02
2.542438634555638927e-02
2.587634304254232687e-02
2.632566014953156494e-02
2.677237251985287170e-02
2.721651332770684897e-02
2.765811420809703713e-02
2.809720539072645823e-02
2.853381582826029425e-02
2.896797331935600447e-02
2.939970462682421626e-02
2.982903559124228110e-02
3.025599124018359815e-02
3.068059589338836129e-02
3.110287326399248375e-02
3.152284655597530072e-02
3.194053855799233732e-02
3.235597173362197987e-02
3.276916830816190701e-02
3.318015035197691143e-02
3.358893986047036678e-02
3.399555883069760309e-02
3.440002933458634338e-02
3.480237358878610077e-02
3.520261402116529881e-02
3.560077333382054288e-02
3.599687456273471114e-02
3.639094113386192458e-02
3.678299691578673647e-02
3.717306626877861508e-02
3.756117409033107868e-02
3.794734585701432794e-02
3.833160766280377385e-02
3.871398625371677560e-02
3.909450905881038663e-02
3.947320421758600956e-02
3.985010060372642937e-02
4.022522784526359751e-02
4.059861634123261565e-02
4.097029727480298866e-02
4.134030262301194303e-02
4.170866516314204742e-02
4.207541847592770334e-02
4.244059694560215618e-02
4.280423575697848981e-02
4.316637088969781100e-02
4.352703910982108626e-02
4.388627795890316652e-02
4.424412574071302784e-02
4.460062150585833440e-02
4.495580503446368337e-02
4.530971681712277904e-02
4.566239803426788701e-02
4.601389053427790837e-02
4.636423681042465411e-02
4.671347997688317377e-02
4.706166374399880364e-02
4.740883239298765428e-02
4.775503075021178545e-02
4.810030416116677088e-02
4.844469846429985682e-02
4.878825996481028771e-02
4.913103540831975646e-02
4.947307195467659513e-02
4.981441715170774331e-02
5.015511890892132563e-02
5.049522547118417970e-02
5.083478539204261404e-02
5.117384750679701555e-02
5.151246090487482387e-02
5.185067490143906166e-02
5.218853900789303252e-02
5.252610290095381662e-02
5.286341639000300546e-02
5.320052938223120143e-02
5.353749184533494743e-02
5.387435376721216862e-02
5.421116511223584428e-02
5.454797577377767936e-02
5.488483552238896529e-02
5.522179394926544221e-02
5.555890040462531376e-02
5.589620393053652131e-02
5.623375318788556565e-02
5.657159637709956862e-02
5.690978115250874131e-02
5.724835452990756357e-02
5.758736278749235216e-02
5.792685135981662931e-02
5.826686472503304903e-02
5.860744628544928975e-02
5.894863824160560123e-02
5.929048146026059951e-02
5.963301533667791227e-02
5.997627765183582982e-02
6.032030442509281332e-02
6.066512976312426336e-02
6.101078570607679219e-02
6.135730207176556816e-02
6.170470629907347238e-02
6.205302329161913044e-02
6.240227526301062727e-02
6.275248158482701899e-02
6.310365863882984316e-02
6.345581967462576856e-02
6.380897467427315561e-02
6.416313022520296616e-02
6.451828940286778724e-02
6.487445166443130129e-02
6.523161275489797184e-02
6.558976462696536336e-02
6.594889537565466753e-02
6.630898918898077421e-02
6.667002631561858017e-02
6.703198305019321401e-02
6.739483173742022437e-02
6.775854079515894468e-02
6.812307475707676807e-02
6.848839433518690012e-02
6.885445650223429026e-02
6.922121459391114562e-02
6.958861843057001506e-02
6.995661445810295864e-02
7.032514590719361747e-02
7.069415297026936107e-02
7.106357299523542725e-02
7.143334069462053959e-02
7.180338836922665890e-02
7.217364614461768690e-02
7.254404221909224737e-02
7.291450312143317458e-02
7.328495397686726753e-02
7.365531877930101001e-02
7.402552066817533194e-02
7.439548220811949275e-02
7.476512566939164106e-02
7.513437330741892795e-02
7.550314763955658093e-02
7.587137171734865959e-02
7.623896939249416582e-02
7.660586557499253491e-02
7.697198648184969128e-02
7.733725987481381015e-02
7.770161528602372025e-02
7.806498423011193344e-02
7.842730040186235430e-02
7.878849985832715730e-02
7.914852118467055608e-02
7.950730564293187475e-02
7.986479730340007022e-02
8.022094315795764985e-02
8.057569321527260908e-02
8.092900057760976651e-02
8.128082149943322010e-02
8.163111542776685381e-02
8.197984502478486424e-02
8.232697617265982704e-02
8.267247796162019435e-02
8.301632266137783100e-02
8.335848567701215073e-02
8.369894548980458260e-02
8.403768358396525306e-02
8.437468436032433128e-02
8.470993503789975287e-02
8.504342554438298896e-02
8.537514839670329314e-02
8.570509857288791111e-02
8.603327337636065830e-02
8.635967229380706045e-02
8.668429684807360536e-02
8.700715044713366875e-02
8.732823823033053490e-02
8.764756691331646032e-02
8.796514463266970341e-02
8.828098079139695686e-02
8.859508590647915960e-02
8.890747145944760677e-02
8.921814975094100042e-02
8.952713376021111114e-02
8.983443701042770346e-02
9.014007344036026326e-02
9.044405728330819072e-02
9.074640295370543785e-02
9.104712494181646520e-02
9.134623771703970219e-02
9.164375563986268403e-02
9.193969288294517872e-02
9.223406336099344849e-02
9.252688066980237214e-02
9.281815803413828725e-02
9.310790826429901634e-02
9.339614372117228946e-02
9.368287628943414158e-02
9.396811735860370607e-02
9.425187781129211462e-02
9.453416801843034234e-02
9.481499784093309902e-02
9.509437663706943322e-02
9.537231327532344483e-02
9.564881615184026020e-02
9.592389321216170106e-02
9.619755197649845768e-02
9.646979956810790291e-02
9.674064274405007324e-02
9.701008792795522140e-02
9.727814124415903874e-02
9.754480855263140959e-02
9.781009548447731905e-02
9.807400747708350242e-02
9.833654980911370191e-02
9.859772763422759712e-02
9.885754601371821160e-02
9.911600994752445271e-02
9.937312440322774998e-02
9.962889434296220981e-02
9.988332474789779480e-02
1.001364206401715445e-01
1.003881871021186922e-01
1.006386292926327586e-01
1.008877524607939002e-01
1.011355619564077712e-01
1.013820632378833464e-01
1.016272618770896335e-01
1.018711635615903166e-01
1.021137740939933869e-01
1.023550993889106031e-01
1.025951454673595803e-01
1.028339184489952540e-01
1.030714245419473568e-01
1.033076700309400880e-01
1.035426612635433896e-01
1.037764046345512198e-01
1.040089065691755660e-01
1.042401735047196465e-01
1.044702118712332456e-01
1.046990280710446697e-01
1.049266284576218927e-01
1.051530193136497315e-01
1.053782068285703533e-01
1.056021970757618084e-01
1.058249959894193570e-01
1.060466093413791056e-01
1.062670427178556143e-01
1.064863014963608606e-01
1.067043908227296861e-01
1.069213155886027389e-01
1.071370804093428469e-01
1.073516896024075823e-01
1.075651471663384429e-01
1.077774567606216705e-01
1.079886216862504245e-01
1.081986448671948542e-01
1.084075288329077735e-01
1.086152757019171466e-01
1.088218871664705517e-01
1.090273644786389634e-01
1.092317084375720032e-01
1.094349193783564073e-01
1.096369971622415396e-01
1.098379411686750545e-01
1.100377502889753195e-01
1.102364229218429637e-01
1.104339569709104768e-01
1.106303498443203803e-01
1.108255984563296659e-01
1.110196992312728476e-01
1.112126481100050579e-01
1.114044405586786801e-01
1.115950715799144954e-01
1.117845357267060746e-01
1.119728271191645225e-01
1.121599394634581331e-01
1.123458660740395965e-01
1.125305998981277478e-01
1.127141335431888908e-01
1.128964593069578248e-01
1.130775692101607388e-01
1.132574550318075912e-01
1.134361083468554965e-01
1.136135205664196707e-01
1.137896829801157000e-01
1.139645868005579876e-01
1.141382232098144683e-01
1.143105834077730310e-01
1.144816586619269438e-01
1.146514403589503628e-01
1.148199200571502210e-01
1.149870895404114524e-01
1.151529408726856829e-01
1.153174664533168636e-01
1.154806590728573029e-01
1.156425119689988984e-01
1.158030188827256779e-01
1.159621741140817036e-01
1.161199725776984881e-01
1.162764098576851701e-01
1.164314822616099726e-01
1.165851868733558949e-01
1.167375216048743281e-01
1.168884852461507667e-01
1.170380775135085455e-01
1.171862990958944667e-01
1.173331516988843776e-01
1.174786380860440016e-01
1.176227621179597310e-01
1.177655287876873402e-01
1.179069442534468881e-01
1.180470158677450199e-01
1.181857522026916879e-01
1.183231630715461391e-01
1.184592595460885606e-01
1.185940539699553709e-01
1.187275599670432058e-01
1.188597924458475313e-01
1.189907675984890889e-01
1.191205028954000350e-01
1.192490170746325628e-01
1.193763301263822130e-01
1.195024632723323543e-01
1.196274389398861437e-01
1.197512807312839100e-01
1.198740133878545416e-01
1.199956627489917049e-01
1.201162557065360709e-01
1.202358201540753846e-01
1.203543849319225895e-01
1.204719797674004556e-01
1.205886352109318826e-01
1.207043825681499705e-01
1.208192538282050199e-01
1.209332815883942536e-01
1.210464989758319038e-01
1.211589395657611395e-01
1.212706372975900365e-01
1.213816263884073127e-01
1.214919412445407965e-01
1.216016163715133297e-01
1.217106862826502905e-01
1.218191854067242341e-01
1.219271479949021186e-01
1.220346080275557521e-01
1.221415991209404278e-01
1.222481544343471949e-01
1.223543065777997346e-01
1.224600875207024764e-01
1.225655285018457247e-01
1.226706599406251902e-01
1.227755113501720896e-01
1.228801112522217992e-01
1.229844870942189833e-01
1.230886651685741268e-01
1.231926705343965867e-01
1.232965269417911069e-01
1.234002567587560995e-01
1.235038809009493671e-01
1.236074187642882682e-01
1.237108881604453287e-01
1.238143052555923662e-01
1.239176845119277781e-01
1.240210386327669501e-01
1.241243785106248415e-01
1.242277131788393496e-01
1.243310497668428244e-01
1.244343934587053557e-01
1.245377474557090580e-01
1.246411129428479092e-01
1.247444890593147060e-01
1.248478728733272286e-01
1.249512593616921435e-01
1.250546413938974644e-01
1.251580097213102205e-01
1.252613529717638008e-01
1.253646576497487175e-01
1.254679081424680542e-01
1.255710867320441737e-01
1.256741736143887345e-01
1.257771469250218155e-01
1.258799827717141939e-01
1.259826552749751527e-01
1.260851366160819775e-01
1.261873970932105293e-01
1.262894051859106415e-01
1.263911276280736962e-01
1.264925294897023267e-01
1.265935742675133868e-01
1.266942239846691187e-01
1.267944392995293545e-01
1.268941796236714992e-01
1.269934032491407405e-01
1.270920674846370557e-01
1.271901288006574982e-01
1.272875429835716998e-01
1.273842652979208512e-01
1.274802506570244243e-01
1.275754538009730155e-01
1.276698294820220736e-01
1.277633326562998828e-01
1.278559186813027770e-01
1.279475435182160781e-01
1.280381639385289039e-01
1.281277377333475131e-01
1.282162239252141733e-01
1.283035829800916461e-01
1.283897770194990517e-01
1.284747700308575824e-01
1.285585280749826920e-01
1.286410194895086789e-01
1.287222150865932058e-01
1.288020883443776465e-01
1.288806155899280548e-01
1.289577761735209716e-01
1.290335526324611071e-01
1.291079308435011119e-01
1.291809001631133436e-01
1.292524535544394837e-01
1.293225877003138236e-01
1.293913031014972403e-01
1.294586041597373116e-01
1.295244992444847809e-01
1.295890007435812064e-01
1.296521250969883687e-01
1.297138928129705493e-01
1.297743284669803931e-01
1.298334606827195592e-01
1.298913220947406078e-01
1.299479492928471425e-01
1.300033827480547299e-01
1.300576667197016201e-01
1.301108491439866011e-01
1.301629815036846882e-01
1.302141186792938332e-01
1.302643187817919546e-01
1.303136429670367358e-01
1.303621552328948219e-01
1.304099221989665214e-01
1.304570128700955345e-01
1.305034983845098084e-01
1.305494517473732574e-01
1.305949475516132718e-01
1.306400616864381026e-01
1.306848710359650723e-01
1.307294531689108530e-01
1.307738860210956311e-01
1.308182475729752769e-01
1.308626155231648880e-01
1.309070669599286807e-01
1.309516780327263930e-01
1.309965236246159181e-01
1.310416770274123732e-01
1.310872096209478310e-01
1.311331905573134560e-01
1.311796864516018846e-01
1.312267610792630101e-01
1.312744750820920570e-01
1.313228856822875878e-01
1.313720464057825388e-01
1.314220068158156729e-01
1.314728122563031398e-01
1.315245036063644457e-01
1.315771170467089635e-01
1.316306838378302757e-01
1.316852301115990498e-01
1.317407766769669308e-01
1.317973388407531754e-01
1.318549262447835102e-01
1.319135427209137401e-01
1.319731861649247329e-01
1.320338484317467587e-01
1.320955152524973530e-01
1.321581661757782467e-01
1.322217745343664819e-01
1.322863074391668614e-01
1.323517258017398723e-01
1.324179843862164641e-01
1.324850318923794790e-01
1.325528110701960083e-01
1.326212588667268211e-01
1.326903066054632707e-01
1.327598801982595722e-01
1.328299003898846531e-01
1.329002830341656227e-01
1.329709394019513435e-01
1.330417765191862778e-01
1.331126975347528274e-01
1.331836021163558537e-01
1.332543868739479720e-01
1.333249458087026329e-01
1.333951707863524627e-01
1.334649520332978623e-01
1.335341786537795339e-01
1.336027391660198904e-01
1.336705220550316597e-01
1.337374163397357929e-01
1.338033121512625101e-01
1.338681013190620439e-01
1.339316779610498220e-01
1.339939390737611424e-01
1.340547851176614458e-01
1.341141205931132840e-01
1.341718546023009107e-01
1.342279013920076036e-01
1.342821808727971689e-01
1.343346191110846854e-01
1.343851487893258090e-01
1.344337096332302584e-01
1.344802488028492837e-01
1.345247212475555176e-01
1.345670900239856194e-01
1.346073265781394801e-01
1.346454109932823107e-01
1.346813322041725269e-01
1.347150881809822676e-01
1.347466860830423829e-01
1.347761423847689544e-01
1.348034829733408824e-01
1.348287432182063428e-01
1.348519680100225548e-01
1.348732117676586517e-01
1.348925384077438727e-01
1.349100212735422633e-01
1.349257430172769723e-01
1.349397954297488766e-01
1.349522792128479420e-01
1.349633036885776183e-01
1.349729864417096303e-01
1.349814528920734447e-01
1.349888357958844987e-01
1.349952746758032174e-01
1.350009151833441723e-01
1.350059083963884854e-01
1.350104100592193768e-01
1.350145797717310081e-01
1.350185801376526384e-01
1.350225758815282173e-01
1.350267329444383435e-01
1.350312175699163175e-01
1.350361953892413036e-01
1.350418305167370714e-01
1.350482846615720933e-01
1.350557162643464815e-01
1.350642796621121522e-01
1.350741242854608670e-01
1.350853938887479622e-01
1.350982258128602953e-01
1.351127502785559320e-01
1.351290897074662878e-01
1.351473580667198748e-01
1.351676602342286870e-01
1.351900913796682535e-01
1.352147363595902485e-01
1.352416691242323554e-01
1.352709521357671196e-01
1.353026357995208984e-01
1.353367579112921548e-01
1.353733431251960273e-01
1.354124024492696643e-01
1.354539327774233193e-01
1.354979164671913372e-01
1.355443209757047074e-01
1.355930985657403109e-01
1.356441860961168366e-01
1.356975049093153418e-01
1.357529608295797163e-01
1.358104442845733673e-01
1.358698305592806188e-01
1.359309801903702541e-01
1.359937395055254017e-01
1.360579413074320398e-01
1.361234056999155728e-01
1.361899410480181261e-01
1.362573450631028860e-01
1.363254059991608480e-01
1.363939039471203929e-01
1.364626122125119911e-01
1.365312987626340624e-01
1.365997277305803781e-01
1.366676609653154628e-01
1.367348596166150232e-01
1.368010857462127472e-01
1.368661039545605584e-01
1.369296830107311069e-01
1.369915974706557571e-01
1.370516292642842970e-01
1.371095692290301149e-01
1.371652185614000430e-01
1.372183901586663812e-01
1.372689098194951329e-01
1.373166172767963378e-01
1.373613670405427201e-01
1.374030290363719153e-01
1.374414890379453136e-01
1.374766489019206006e-01
1.375084266292540547e-01
1.375367562866340876e-01
1.375615878334249809e-01
1.375828869049222636e-01
1.376006346034053529e-01
1.376148273473645489e-01
1.376254768190877942e-01
1.376326100384407669e-01
1.376362695762902988e-01
1.376365139001582971e-01
1.376334178303505185e-01
1.376270730657597752e-01
1.376175887280083887e-01
1.376050918636352038e-01
1.375897278443400373e-01
1.375716606077656279e-01
1.375510726918139082e-01
1.375281650296180103e-01
1.375031564871579959e-01
1.374762831394484575e-01
1.374477972958976779e-01
1.374179662920412270e-01
1.373870710716471877e-01
1.373554045826908543e-01
1.373232700109756066e-01
1.372909788744124393e-01
1.372588490000020978e-01
1.372272024084988939e-01
1.371963631366984460e-01
1.371666550328813072e-01
1.371383995660817035e-01
1.371119136937653804e-01
1.370875078291917126e-01
1.370654839445217266e-01
1.370461338319838296e-01
1.370297375309363908e-01
1.370165619106510912e-01
1.370068593837228399e-01
1.370008667125935664e-01
1.369988038661275054e-01
1.370008728814317012e-01
1.370072566906617439e-01
1.370181178775767838e-01
1.370335973370722105e-01
1.370538128171947256e-01
1.370788573280990463e-01
1.371087974106220964e-01
1.371436712671317559e-01
1.371834867728369822e-01
1.372282194100623021e-01
1.372778102002299994e-01
1.373321637423336739e-01
1.373911465042821911e-01
1.374545855381720527e-01
1.375222678025694312e-01
1.375939402615350693e-01
1.376693108924650633e-01
1.377480506722094100e-01
1.378297965326580610e-01
1.379141551875592009e-01
1.380007076559364443e-01
1.380890142443922386e-01
1.381786197228256352e-01
1.382690584329854810e-01
1.383598591120483168e-01
1.384505492861726472e-01
1.385406591771190798e-01
1.386297251587874646e-01
1.387172928781150172e-01
1.388029202039905430e-01
1.388861801793829787e-01
1.389666641161230454e-01
1.390439848975465187e-01
1.391177804488381853e-01
1.391877172175976229e-01
1.392534934015666193e-01
1.393148415894592818e-01
1.393715304611854444e-01
1.394233652441516091e-01
1.394701867315621402e-01
1.395118688293922882e-01
1.395483147842923044e-01
1.395794524228037292e-01
1.396052288748249881e-01
1.396256053392639640e-01
1.396405524650952135e-01
1.396500468699594655e-01
1.396540692106119919e-01
1.396526040726843443e-01
1.396456417736391953e-01
1.396331819873159463e-01
1.396152389151478490e-01
1.395918475609455589e-01
1.395630705379311554e-01
1.395290047713337589e-01
1.394897874863421927e-01
1.394456009911255179e-01
1.393966759740186134e-01
1.393432932821429826e-01
1.392857843832548126e-01
1.392245308678317361e-01
1.391599633707424621e-01
1.390925601880527163e-01
1.390228456499629228e-01
1.389513880659342393e-01
1.388787968618314383e-01
1.388057184553223855e-01
1.387328305008218021e-01
1.386608343712769920e-01
1.385904460687136242e-01
1.385223860787132000e-01
1.384573689141999076e-01
1.383960931614211798e-01
1.383392327187459303e-01
1.382874296442024031e-01
1.382412886756180515e-01
1.382013731603672080e-01
1.381682019260872529e-01
1.381422466039345376e-01
1.381239290750562732e-01
1.381136190071625136e-01
1.381116317604701160e-01
1.381182271635509051e-01
1.381336096711180961e-01
1.381579301869085841e-01
1.381912893790635255e-01
1.382337417592390261e-01
1.382852992961735583e-01
1.383459330724582936e-01
1.384155716032877681e-01
1.384940949632092189e-01
1.385813247419133420e-01
1.386770108955171221e-01
1.387808175267523925e-01
1.388923102723726433e-01
1.390109481028957705e-01
1.391360818848089709e-01
1.392669610805221947e-01
1.394027486525456216e-01
1.395425428541651469e-01
1.396854034033617464e-01
1.398303787747996740e-01
1.399765311487009556e-01
1.401229559662558743e-01
1.402687939879897761e-01
1.404132350857681677e-01
1.405555144923019140e-01
1.406949036336341829e-01
1.408306987174939851e-01
1.409622107293142523e-01
1.410887602573798472e-01
1.412096796138029020e-01
1.413243231574011216e-01
1.414320848367292272e-01
1.415324201478269928e-01
1.416248683743842607e-01
1.417090705122610039e-01
1.417847788407773091e-01
1.418518555827276983e-01
1.419102601304073619e-01
1.419600263829016995e-01
1.420012333339848443e-01
1.420339728449866445e-01
1.420583184803095589e-01
1.420742986041841627e-01
1.420818760042598106e-01
1.420809354986600492e-01
1.420712804755666914e-01
1.420526390616547452e-01
1.420246803642396805e-01
1.419870407037051585e-01
1.419393588103960435e-01
1.418813177240699219e-01
1.418126899374774208e-01
1.417333815906118288e-01
1.416434715309664583e-01
1.415432418408637538e-01
1.414331977248806382e-01
1.413140760138376639e-01
1.411868425444973707e-01
1.410526790916137585e-01
1.409129604390474133e-01
1.407692219295831881e-01
1.406231178957801087e-01
1.404763720999127330e-01
1.403307227394806067e-01
1.401878663540108705e-01
1.400494064385795490e-01
1.399168129913399838e-01
1.397913981041066234e-01
1.396743100256359615e-01
1.395665444518866261e-01
1.394689681259736469e-01
1.393823472819934739e-01
1.393073728920937171e-01
1.392446763346213978e-01
1.391948325717971002e-01
1.391583522094161640e-01
1.391356676512198187e-01
1.391271207921309927e-01
1.391329595745406378e-01
1.391533481543338890e-01
1.391883909812900444e-01
1.392381659980622133e-01
1.393027579079469114e-01
1.393822804907448865e-01
1.394768781160279358e-01
1.395867008763856387e-01
1.397118541110490830e-01
1.398523297577858038e-01
1.400079320248674153e-01
1.401782118597412197e-01
1.403624231392116284e-01
1.405595090390023283e-01
1.407681211070143934e-01
1.409866678159371611e-01
1.412133850599985030e-01
1.414464186536873724e-01
1.416839081525598787e-01
1.419240616687828527e-01
1.421652124305916032e-01
1.424058496962751219e-01
1.426446196807241995e-01
1.428802966470320290e-01
1.431117299528589515e-01
1.433377785288859896e-01
1.435572484136156957e-01
1.437688499589498681e-01
1.439711881870370802e-01
1.441627926654217018e-01
1.443421836558182458e-01
1.445079617065154753e-01
1.446589011663858559e-01
1.447940264823384671e-01
1.449126542383195604e-01
1.450143924569214926e-01
1.450990990341550768e-01
1.451668101635783803e-01
1.452176547701171105e-01
1.452517713210406680e-01
1.452692395577735163e-01
1.452700335888349459e-01
1.452539967250950914e-01
1.452208343638251575e-01
1.451701200564039784e-01
1.451013113473910154e-01
1.450137748143092431e-01
1.449068223808929468e-01
1.447797621176155625e-01
1.446319658647402251e-01
1.444629534496613410e-01
1.442724899548737394e-01
1.440606894810741445e-01
1.438281168400717402e-01
1.435758777332149516e-01
1.433056878711739257e-01
1.430199117002451115e-01
1.427215617747010779e-01
1.424142507982206207e-01
1.421020908969671814e-01
1.417895396935515140e-01
1.414812004520376032e-01
1.411815929279743587e-01
1.408949202819271274e-01
1.406248625145258835e-01
1.403744257782728599e-01
1.401458686105192530e-01
1.399407118851934140e-01
1.397598225542391881e-01
1.396035466696680938e-01
1.394718590384614598e-01
1.393644976274212022e-01
1.392810602632964523e-01
1.392210563674057267e-01
1.391839226993245027e-01
1.391690242182549719e-01
1.391756651699554703e-01
1.392031297617146446e-01
1.392507578364876319e-01
1.393180432834629501e-01
1.394047277627084025e-01
1.395108556239540165e-01
1.396367611238094608e-01
1.397829755614327929e-01
1.399500648037722006e-01
1.401384290854321701e-01
1.403481091962713034e-01
1.405786416364181446e-01
1.408289906231109667e-01
1.410975626157167095e-01
1.413822876589131416e-01
1.416807389859153221e-01
1.419902618291510044e-01
1.423080927721293298e-01
1.426314660859283046e-01
1.429577151913987709e-01
1.432843793499190277e-01
1.436093166682252675e-01
1.439308092415994278e-01
1.442476332138621364e-01
1.445590635236837507e-01
1.448647933338308158e-01
1.451647687493258787e-01
1.454589631174053599e-01
1.457471335800280821e-01
1.460286094281883773e-01
1.463021551969269363e-01
1.465659337808629115e-01
1.468175717592290763e-01
1.470543072623414771e-01
1.472731856118602300e-01
1.474712625423199863e-01
1.476457789707751600e-01
1.477942825715662378e-01
1.479146861253657630e-01
1.480052669757577766e-01
1.480646229529311020e-01
1.480916060567518955e-01
1.480852556040783419e-01
1.480447481653247022e-01
1.479693740684841496e-01
1.478585416760642701e-01
1.477118032572270478e-01
1.475288919193319392e-01
1.473097586795831804e-01
1.470546021710530116e-01
1.467638893659128640e-01
1.464383720296507096e-01
1.460791082606468783e-01
1.456874998644376862e-01
1.452653538398507860e-01
1.448149702795355209e-01
1.443392505974897544e-01
1.438418107724701578e-01
1.433270761247611158e-01
1.428003291298974853e-01
1.422676819664050463e-01
1.417359523427217938e-01
1.412124347605389074e-01
1.407045780175653904e-01
1.402195998270786281e-01
1.397640861868345574e-01
1.393436318490410275e-01
1.389625756638411813e-01
1.386238699894921655e-01
1.383290991659115454e-01
1.380786333780827102e-01
1.378718778709195625e-01
1.377075602045923775e-01
1.375839950401354095e-01
1.374992784474755869e-01
1.374513892772689094e-01
1.374382068868051643e-01
1.374574828164651374e-01
1.375068191913040028e-01
1.375837023970195583e-01
1.376856170184114214e-01
1.378102294483604662e-01
1.379555955979602788e-01
1.381203263420280325e-01
1.383036470541735841e-01
1.385053149141497186e-01
1.387254012760832378e-01
1.389639909098957793e-01
1.392208785370404600e-01
1.394953443141293270e-01
1.397860629290182954e-01
1.400911562677302769e-01
1.404083546124624271e-01
1.407352027236046244e-01
1.410692440775482837e-01
1.414081376350271868e-01
1.417496966197835384e-01
1.420918734727043831e-01
1.424327361483136156e-01
1.427704807702685486e-01
1.431035053513038668e-01
1.434305377624390254e-01
1.437507815196730210e-01
1.440640268138104196e-01
1.443706769576372506e-01
1.446716599487030963e-01
1.449682235844704514e-01
1.452616411771628646e-01
1.455528756279221292e-01
1.458422580986767636e-01
1.461292332905808344e-01
1.464122090655297914e-01
1.466885283144718222e-01
1.469545603717380411e-01
1.472058917896469643e-01
1.474375843276147513e-01
1.476444625251901732e-01
1.478213940687616301e-01
1.479635324525913342e-01
1.480665017649658854e-01
1.481265159236604123e-01
1.481404370706150553e-01
1.481057877051228377e-01
1.480207364178823537e-01
1.478840766744510815e-01
1.476952123668986705e-01
1.474541548113177947e-01
1.471615266835770985e-01
1.468185623263620898e-01
1.464270930471124332e-01
1.459895105460955467e-01
1.455087094681851156e-01
1.449880180480351277e-01
1.444311308631895940e-01
1.438420580901638990e-01
1.432251014538345468e-01
1.425848597887940661e-01
1.419262589302841826e-01
1.412545934426184258e-01
1.405755627634712734e-01
1.398952823049999794e-01
1.392202510986661756e-01
1.385572616706558235e-01
1.379132448619731499e-01
1.372950519324031560e-01
1.367091877189283433e-01
1.361615202998122665e-01
1.356570021031798801e-01
1.351994417912664725e-01
1.347913630955165365e-01
1.344339752224153473e-01
1.341272609891473455e-01
1.338701672513473717e-01
1.336608625381771331e-01
1.334970141420826484e-01
1.333760348298721476e-01
1.332952591090597882e-01
1.332520289978207650e-01
1.332436950084733840e-01
1.332675628278185420e-01
1.333208324707864934e-01
1.334005786253034953e-01
1.335038065867501234e-01
1.336275910258827582e-01
1.337692730315119261e-01
1.339266648641672663e-01
1.340982008371967571e-01
1.342829814101125230e-01
1.344806843121091056e-01
1.346913535523741878e-01
1.349151128197497718e-01
1.351518721983167581e-01
1.354010986087027524e-01
1.356617004594857789e-01
1.359320428454711405e-01
1.362100732921301405e-01
1.364935115345517480e-01
1.367800475502087831e-01
1.370675006618033154e-01
1.373539136679062245e-01
1.376375812076212346e-01
1.379170325707066436e-01
1.381910001135254473e-01
1.384584032866926218e-01
1.387183668861814989e-01
1.389702752977443057e-01
1.392138481399912142e-01
1.394492118277538273e-01
1.396769387468826396e-01
1.398980307563966741e-01
1.401138343415493370e-01
1.403258877753703615e-01
1.405357131335233656e-01
1.407445757305708367e-01
1.409532392187440031e-01
1.411617457836639444e-01
1.413692478690766197e-01
1.415739114752896932e-01
1.417729024412264227e-01
1.419624575143683121e-01
1.421380326742379685e-01
1.422945132020658199e-01
1.424264642769169087e-01
1.425283980402710926e-01
1.425950333862243957e-01
1.426215280516774098e-01
1.426036682969996638e-01
1.425380085383432527e-01
1.424219604025120656e-01
1.422538364668659849e-01
1.420328573639527137e-01
1.417591315386046713e-01
1.414336151076717452e-01
1.410580561011804124e-01
1.406349243632214474e-01
1.401673268974429343e-01
1.396589090904935271e-01
1.391137447085805390e-01
1.385362206827285836e-01
1.379309250313080770e-01
1.373025466944116924e-01
1.366557942319172880e-01
1.359953368129809270e-01
1.353257668243771361e-01
1.346515799895373622e-01
1.339771669902934392e-01
1.333068104366778583e-01
1.326446821978288226e-01
1.319948377228849501e-01
1.313612051448883045e-01
1.307475671627714719e-01
1.301575330935403341e-01
1.295944978814873028e-01
1.290615853552184722e-01
1.285615754491491458e-01
1.280968194344254685e-01
1.276691523849839416e-01
1.272798163708274144e-01
1.269294094584372812e-01
1.266178734861118649e-01
1.263445279498280338e-01
1.261081494489044719e-01
1.259070878670898730e-01
1.257394036495082801e-01
1.256030065618759239e-01
1.254957759587403965e-01
1.254156460209762958e-01
1.253606462595598103e-01
1.253288968068480835e-01
1.253185679339566538e-01
1.253278216521639399e-01
1.253547579264111533e-01
1.253973873438443687e-01
1.254536456988369353e-01
1.255214551082821373e-01
1.255988235303775458e-01
1.256839631938728163e-01
1.257754014859436553e-01
1.258720572804155058e-01
1.259732618948884164e-01
1.260787155162756967e-01
1.261883842719585536e-01
1.263023566274179277e-01
1.264206870459823884e-01
1.265432574645734831e-01
1.266696824743689942e-01
1.267992734905209473e-01
1.269310636019673755e-01
1.270638818679403481e-01
1.271964567872701790e-01
1.273275253618953995e-01
1.274559267000159868e-01
1.275806660288996974e-01
1.277009439937247803e-01
1.278161547656028185e-01
1.279258628067731773e-01
1.280297710288541557e-01
1.281276923747929619e-01
1.282195332572973745e-01
1.283052920810516528e-01
1.283850707578174377e-01
1.284590929720047792e-01
1.285277207547324274e-01
1.285914608426102224e-01
1.286509539833107785e-01
1.287069431603149738e-01
1.287602199626637633e-01
1.288115514570460363e-01
1.288615925619869818e-01
1.289107908744113185e-01
1.289592920662713249e-01
1.290068543265398548e-01
1.290527798857104558e-01
1.290958704816824176e-01
1.291344118197387536e-01
1.291661898056722380e-01
1.291885388037428417e-01
1.291984196265870688e-01
1.291925226450396924e-01
1.291673895308373676e-01
1.291195458865340429e-01
1.290456364790043553e-01
1.289425549977671059e-01
1.288075611509021945e-01
1.286383793459870695e-01
1.284332749883693170e-01
1.281911063331070966e-01
1.279113516215714952e-01
1.275941127303700795e-01
1.272400976376626969e-01
1.268505846438448270e-01
1.264273715368249285e-01
1.259727128979667432e-01
1.254892486660514339e-01
1.249799270330575196e-01
1.244479247860295346e-01
1.238965682884110020e-01
1.233292582956768968e-01
1.227494015900703478e-01
1.221603519026342316e-01
1.215653617559292743e-01
1.209675457949873356e-01
1.203698550401691159e-01
1.197750604964692572e-01
1.191857438787748830e-01
1.186042929842204968e-01
1.180328994956748728e-01
1.174735576542326743e-01
1.169280631210818516e-01
1.163980122233936321e-01
1.158848024032383683e-01
1.153896348917477777e-01
1.149135203486559009e-01
1.144572875372865950e-01
1.140215942618062611e-01
1.136069390649038641e-01
1.132136718300583433e-01
1.128420016021806221e-01
1.124920006215660018e-01
1.121636045836205131e-01
1.118566102152741687e-01
1.115706721120502398e-01
1.113053011922215396e-01
1.110598670192221443e-01
1.108336056725655466e-01
1.106256339631042362e-01
1.104349697773639172e-01
1.102605573674020623e-01
1.101012956044754992e-01
1.099560666615979343e-01
1.098237623407055663e-01
1.097033053476491049e-01
1.095936632762776752e-01
1.094938538816891266e-01
1.094029413492289549e-01
1.093200245688847327e-01
1.092442197103703910e-01
1.091746404355204564e-01
1.091103796649227214e-01
1.090504967857177654e-01
1.089940135042745395e-01
1.089399202888072932e-01
1.088871937036958032e-01
1.088348231773435260e-01
1.087818441580257478e-01
1.087273734640461370e-01
1.086706421136194312e-01
1.086110211121854435e-01
1.085480365540780756e-01
1.084813718257687104e-01
1.084108564647970480e-01
1.083364430658833866e-01
1.082581752547862874e-01
1.081761509287731682e-01
1.080904855061038394e-01
1.080012797604029962e-01
1.079085959699825487e-01
1.078124447362353716e-01
1.077127831561573157e-01
1.076095233528981676e-01
1.075025489521685140e-01
1.073917361534957871e-01
1.072769757036989569e-01
1.071581923360965388e-01
1.070353589956821866e-01
1.069085042543753139e-01
1.067777125220577827e-01
1.066431177782384415e-01
1.065048924196702190e-01
1.063632333360247373e-01
1.062183474510134118e-01
1.060704387278482708e-01
1.059196981193752662e-01
1.057662972610701468e-01
1.056103859925212329e-01
1.054520931659857358e-01
1.052915297500558317e-01
1.051287930061825665e-01
1.049639705071313822e-01
1.047971429414054495e-01
1.046283849462155413e-01
1.044577635641380647e-01
1.042853342649056048e-01
1.041111347669111120e-01
1.039351771093649512e-01
1.037574385603471511e-01
1.035778520056184066e-01
1.033962964646779337e-01
1.032125883427012225e-01
1.030264739639567134e-01
1.028376238561403144e-01
1.026456291717718489e-01
1.024500005446256218e-01
1.022501695871496641e-01
1.020454931389218889e-01
1.018352602767878118e-01
1.016187019963138566e-01
1.013950033752125945e-01
1.011633179350273082e-01
1.009227838325166271e-01
1.006725414402565022e-01
1.004117518195974668e-01
1.001396155508412072e-01
9.985539136514715031e-02
9.955841402144335883e-02
9.924811088911160428e-02
9.892401673075508495e-02
9.858578623115019091e-02
9.823320388459708119e-02
9.786619093446280448e-02
9.748480915261498181e-02
9.708926135217935127e-02
9.667988863975511549e-02
9.625716453057271693e-02
9.582168616558522922e-02
9.537416297787404407e-02
9.491540324979003129e-02
9.444629907705390237e-02
9.396781030356207709e-02
9.348094801050232938e-02
9.298675812886819658e-02
9.248630570144007745e-02
9.198066024705366106e-02
9.147088258668617522e-02
9.095801338159295590e-02
9.044306352093292589e-02
8.992700638618511544e-02
8.941077192180409139e-02
8.889524236226503673e-02
8.838124940806874053e-02
8.786957260883722365e-02
8.736093869981102766e-02
8.685602164508311740e-02
8.635544316398470477e-02
8.585977354992195554e-02
8.536953263156979443e-02
8.488519076876142877e-02
8.440716981698771770e-02
8.393584403311506181e-02
8.347154092643591095e-02
8.301454208498720844e-02
8.256508402224030374e-02
8.212335909806299517e-02
8.168951656627378155e-02
8.126366379371167958e-02
8.084586768228238518e-02
8.043615630868955479e-02
8.003452077870841508e-02
7.964091727600697279e-02
7.925526927124663945e-02
7.887746984696587804e-02
7.850738408834745385e-02
7.814485148912966861e-02
7.778968832536946321e-02
7.744168995736920580e-02
7.710063302915336203e-02
7.676627754621581645e-02
7.643836882308090164e-02
7.611663930223241947e-02
7.580081025404152018e-02
7.549059337354893651e-02
7.518569229248402153e-02
7.488580402681413450e-02
7.459062037724752126e-02
7.429982929793602087e-02
7.401311624307521653e-02
7.373016549601472958e-02
7.345066147967321823e-02
7.317429004105356627e-02
7.290073969820674848e-02
7.262970283328699928e-02
7.236087681265271354e-02
7.209396501314865868e-02
7.182867773387638377e-02
7.156473297339630002e-02
7.130185705570038501e-02
7.103978509177065470e-02
7.077826126892389214e-02
7.051703896602776189e-02
7.025588069910371214e-02
6.999455790873269911e-02
6.973285060705396166e-02
6.947054690850097691e-02
6.920744247364692125e-02
6.894333989948291108e-02
6.867804809270601496e-02
6.841138166306952317e-02
6.814316037362638800e-02
6.787320868201049406e-02
6.760135540272339816e-02
6.732743351440000079e-02
6.705128012899656820e-02
6.677273663147392790e-02
6.649164899024365138e-02
6.620786822940585847e-02
6.592125104609389274e-02
6.563166054851166109e-02
6.533896708411246479e-02
6.504304912324833376e-02
6.474379416046854852e-02
6.444109959514704444e-02
6.413487355419530966e-02
6.382503562212332726e-02
6.351151744842178926e-02
6.319426320735864466e-02
6.287322989208928015e-02
6.254838743163465553e-02
6.221971862651443780e-02
6.188721890596467212e-02
6.155089591595885867e-02
6.121076895326720002e-02
6.086686826563392216e-02
6.051923424196710422e-02
6.016791651916839068e-02
5.981297303370167184e-02
5.945446904611358108e-02
5.909247616591086633e-02
5.872707140213491439e-02
5.835833626205092634e-02
5.798635591662890110e-02
5.761121844727726954e-02
5.723301418375402461e-02
5.685183513813234918e-02
5.646777453567423943e-02
5.608092643854707682e-02
5.569138545497624021e-02
5.529924652326533019e-02
5.490460475762641568e-02
5.450755534161688676e-02
5.410819345397833297e-02
5.370661421242237804e-02
5.330291262135494756e-02
5.289718351146589781e-02
5.248952146126528023e-02
5.208002069288646813e-02
5.166877493728712356e-02
5.125587726662549082e-02
5.084141989398745232e-02
5.042549394327983797e-02
5.000818919358555881e-02
4.958959380424432517e-02
4.916979402787970133e-02
4.874887391908184348e-02
4.832691504686500994e-02
4.790399621872175329e-02
4.748019322328936309e-02
4.705557859818486344e-02
4.663022142803870118e-02
4.620418717674331516e-02
4.577753755658980905e-02
4.535033043560867533e-02
4.492261978314060489e-02
4.449445565269092434e-02
4.406588419996717437e-02
4.363694773319730380e-02
4.320768479248517091e-02
4.277813025415788672e-02
4.234831545610399234e-02
4.191826834009548808e-02
4.148801360686620726e-02
4.105757288044797199e-02
4.062696487814958235e-02
4.019620558322437032e-02
3.976530841768876473e-02
3.933428441319708480e-02
3.890314237821673737e-02
3.847188906052959045e-02
3.804052930396785437e-02
3.760906619919345689e-02
3.717750122817536224e-02
3.674583440253835487e-02
3.631406439596943092e-02
3.588218867106987564e-02
3.545020360110744118e-02
3.501810458710319374e-02
3.458588617074875859e-02
3.415354214359691415e-02
3.372106565279395923e-02
3.328844930373493771e-02
3.285568525991305194e-02
3.242276533989834481e-02
3.198968111173213641e-02
3.155642398449460401e-02
3.112298529717854451e-02
3.068935640450431990e-02
3.025552875964567651e-02
2.982149399357827274e-02
2.938724399078716104e-02
2.895277096112571294e-02
2.851806750750668015e-02
2.808312668926161992e-02
2.764794208086835542e-02
2.721250782588747336e-02
2.677681868585820441e-02
2.634087008414327802e-02
2.590465814448289841e-02
2.546817972428673527e-02
2.503143244261117617e-02
2.459441470281965858e-02
2.415712570999775655e-02
2.371956548325195036e-02
2.328173486295581282e-02
2.284363551316696828e-02
2.240526991940827370e-02
2.196664138196808766e-02
2.152775400511654919e-02
2.108861268231112390e-02
2.064922307790723055e-02
2.020959160547254954e-02
1.976972540317756960e-02
1.932963230650070266e-02
1.888932081862164034e-02
1.844880007880717737e-02
1.800807982914319483e-02
1.756717037990250876e-02
1.712608257393641656e-02
1.668482775030746129e-02
1.624341770756775050e-02
1.580186466683887112e-02
1.536018123509366728e-02
1.491838036878427934e-02
1.447647533813541457e-02
1.403447969225486702e-02
1.359240722529223185e-02
1.315027194380886250e-02
1.270808803551654390e-02
1.226586983953586139e-02
1.182363181827471126e-02
1.138138853102116897e-02
1.093915460932605790e-02
1.049694473429341017e-02
1.005477361571883305e-02
9.612655973190237929e-03
9.170606519116275557e-03
8.728639943708668344e-03
8.286770901866975791e-03
7.845014001981539045e-03
7.403383796566964659e-03
6.961894774714975052e-03
6.520561356287729593e-03
6.079397887805496059e-03
5.638418639930154082e-03
5.197637806503993541e-03
4.757069505011266367e-03
4.316727778426569101e-03
3.876626598351386871e-03
3.436779869322870683e-03
2.997201434210612463e-03
2.557905080657765264e-03
2.118904548403407334e-03
1.680213537447070634e-03
1.241845716940281116e-03
8.038147347284980114e-04
3.661342274576599677e-04
-7.118216886973457210e-05
-5.081208079157345644e-04
-9.446680217358746721e-04
-1.380810109283864620e-03
-1.816533324732182717e-03
-2.251823865739750307e-03
-2.686667861699850585e-03
-3.121051362036451719e-03
-3.554960324632946631e-03
-3.988380604440416692e-03
-4.421297942348280385e-03
-4.853697954348416832e-03
-5.285566121074493535e-03
-5.716887777764186745e-03
0.000000000000000000e+00
