-2.194824295840071549e-01
1.455163663004869212e-01
1.478091734243792699e-01
1.500566987063199909e-01
1.522622317731084918e-01
1.544288002156601336e-01
1.565591968402187395e-01
1.586560023239741712e-01
1.607216045386441750e-01
1.627582154122013680e-01
1.647678859059482082e-01
1.667525194910183806e-01
1.687138843814612876e-01
1.706536246999129092e-01
1.725732707000646460e-01
1.744742481382887955e-01
1.763578868670487021e-01
1.782254287112808588e-01
1.800780346818652844e-01
1.819167915759633547e-01
1.837427180108544278e-01
1.855567699364681356e-01
1.873598456687934621e-01
1.891527904853834430e-01
1.909364008215465314e-01
1.927114281037708987e-01
1.944785822549749410e-01
1.962385349035027926e-01
1.979919223255478811e-01
1.997393481485282840e-01
2.014813858403469160e-01
2.032185810074751686e-01
2.049514535223488920e-01
2.066804994989531741e-01
2.084061931331761541e-01
2.101289884226680282e-01
2.118493207796976197e-01
2.135676085482660080e-01
2.152842544360153432e-01
2.169996468693871639e-01
2.187141612799933243e-01
2.204281613283989583e-01
2.221420000711160914e-01
2.238560210751125434e-01
2.255705594839125250e-01
2.272859430381560242e-01
2.290024930531957548e-01
2.307205253554808766e-01
2.324403511794126131e-01
2.341622780253505565e-01
2.358866104798387764e-01
2.376136509981451039e-01
2.393437006496615949e-01
2.410770598260325026e-01
2.428140289121770434e-01
2.445549089199446080e-01
2.463000020848488403e-01
2.480496124251900525e-01
2.498040462643083548e-01
2.515636127159656121e-01
2.533286241328223665e-01
2.550993965191502566e-01
2.568762499079886297e-01
2.586595087035675200e-01
2.604495019902484110e-01
2.622465638089084283e-01
2.640510334022836969e-01
2.658632554305227491e-01
2.676835801587626462e-01
2.695123636182679694e-01
2.713499677429052070e-01
2.731967604829977359e-01
2.750531158979136470e-01
2.769194142296648176e-01
2.787960419588407790e-01
2.806833918448353171e-01
2.825818629514965652e-01
2.844918606598312305e-01
2.864137966685775250e-01
2.883480889837327643e-01
2.902951618975140313e-01
2.922554459569454144e-01
2.942293779225332306e-01
2.962174007160893741e-01
2.982199633575409736e-01
3.002375208897744563e-01
3.022705342898573400e-01
3.043194703656758593e-01
3.063848016355331660e-01
3.084670061892660353e-01
3.105665675277751170e-01
3.126839743791214321e-01
3.148197204881115763e-01
3.169743043765332335e-01
3.191482290714232617e-01
3.213420017979260468e-01
3.235561336344358052e-01
3.257911391265521650e-01
3.280475358576943057e-01
3.303258439734071961e-01
3.326265856572410695e-01
3.349502845564497622e-01
3.372974651553919956e-01
3.396686520960208178e-01
3.420643694441586335e-01
3.444851399022872407e-01
3.469314839679935591e-01
3.494039190406986739e-01
3.519029584771471431e-01
3.544291105990325930e-01
3.569828776556693839e-01
3.595647547460091298e-01
3.621752287048186636e-01
3.648147769588164779e-01
3.674838663593383847e-01
3.701829519989593420e-01
3.729124760199178934e-01
3.756728664235574611e-01
3.784645358897911205e-01
3.812878806170159063e-01
3.841432791925147860e-01
3.870310915043406741e-01
3.899516577053963595e-01
3.929052972411092304e-01
3.958923079508336884e-01
3.989129652541956172e-01
4.019675214317693923e-01
4.050562050099828504e-01
4.081792202584182405e-01
4.113367468065854404e-01
4.145289393872711448e-01
4.177559277100129087e-01
4.210178164689123426e-01
4.243146854856661987e-01
4.276465899876616406e-01
4.310135610191746514e-01
4.344156059813578663e-01
4.378527092949979771e-01
4.413248331785205592e-01
4.448319185309702606e-01
4.483738859092968321e-01
4.519506365866388098e-01
4.555620536775167317e-01
4.592080033146412887e-01
4.628883358615814014e-01
4.666028871443462789e-01
4.703514796854515456e-01
4.741339239241891823e-01
4.779500194061498397e-01
4.817995559285052076e-01
4.856823146256965540e-01
4.895980689840369049e-01
4.935465857746226814e-01
4.975276258957952447e-01
5.015409451195550483e-01
5.055862947377518513e-01
5.096634221067535275e-01
5.137720710922959455e-01
5.179119824177060849e-01
5.220828939215125253e-01
5.262845407327447766e-01
5.305166553736633261e-01
5.347789678009777781e-01
5.390712053987660735e-01
5.433930929356071138e-01
5.477443524999756619e-01
5.521247034270361231e-01
5.565338622295700199e-01
5.609715425450032544e-01
5.654374551087618661e-01
5.699313077625326462e-01
5.744528055040563075e-01
5.790016505832208393e-01
5.835775426455849235e-01
5.881801789241750678e-01
5.928092544763834404e-01
5.974644624612718280e-01
6.021454944509625484e-01
6.068520407677062689e-01
6.115837908378594090e-01
6.163404335521873723e-01
6.211216576224448671e-01
6.259271519244282711e-01
6.307566058177960233e-01
6.356097094345745102e-01
6.404861539299726569e-01
6.453856316898483048e-01
6.503078364930882094e-01
6.552524636273868719e-01
6.602192099610887377e-01
6.652077739733304185e-01
6.702178557502486145e-01
6.752491569524112780e-01
6.803013807644398003e-01
6.853742318338319484e-01
6.904674162109794011e-01
6.955806412988662091e-01
7.007136158215475641e-01
7.058660498199684774e-01
7.110376546807007925e-01
7.162281432032329143e-01
7.214372297073969875e-01
7.266646301821522158e-01
7.319100624734153904e-01
7.371732465077978080e-01
7.424539045460810671e-01
7.477517614588934380e-01
7.530665450175989539e-01
7.583979861890102203e-01
7.637458194262612965e-01
7.691097829449426992e-01
7.744896189755855476e-01
7.798850739848257607e-01
7.852958988564979759e-01
7.907218490286266332e-01
7.961626845804106178e-01
8.016181702667326547e-01
8.070880754998964735e-01
8.125721742777231027e-01
8.180702450604837583e-01
8.235820705996732549e-01
8.291074377225178260e-01
8.346461370774187483e-01
8.401979628457700855e-01
8.457627124255456819e-01
8.513401860944214139e-01
8.569301866561852554e-01
8.625325190779282725e-01
8.681469901234888376e-01
8.737734079875107973e-01
8.794115819352548158e-01
8.850613219522952546e-01
8.907224384076583013e-01
8.963947417330271339e-01
9.020780421212005740e-01
9.077721492451598095e-01
9.134768719998354047e-01
9.191920182677398854e-01
9.249173947090122416e-01
9.306528065772734504e-01
9.363980575609867074e-01
9.421529496515341773e-01
9.479172830370317104e-01
9.536908560230419329e-01
9.594734649798717374e-01
9.652649043153455066e-01
9.710649664750520271e-01
9.768734419668405611e-01
9.826901194122344974e-01
9.885147856219518303e-01
9.943472256959140498e-01
1.000187223147214866e+00
1.006034560048598925e+00
1.011889017200728436e+00
1.017750374321360729e+00
1.023618410253959388e+00
1.029492903194229481e+00
1.035373630933724032e+00
1.041260371118414074e+00
1.047152901521770874e+00
1.053051000328996789e+00
1.058954446433097329e+00
1.064863019739781702e+00
1.070776501480563470e+00
1.076694674532443274e+00
1.082617323742562476e+00
1.088544236258588205e+00
1.094475201860513947e+00
1.100410013296811318e+00
1.106348466620969972e+00
1.112290361530060112e+00
1.118235501702850243e+00
1.124183695138746275e+00
1.130134754495828897e+00
1.136088497427881094e+00
1.142044746920364284e+00
1.148003331624658063e+00
1.153964086189668947e+00
1.159926851591660091e+00
1.165891475459881699e+00
1.171857812399267340e+00
1.177825724308487976e+00
1.183795080692424451e+00
1.189765758969406839e+00
1.195737644770777930e+00
1.201710632233469189e+00
1.207684624282659769e+00
1.213659532905397631e+00
1.219635279412192519e+00
1.225611794686578104e+00
1.231589019420887610e+00
1.237566904336729223e+00
1.243545410389330863e+00
1.249524508954281243e+00
1.255504181994653301e+00
1.261484422208620559e+00
1.267465233154726478e+00
1.273446629354638926e+00
1.279428636372166084e+00
1.285411290866207423e+00
1.291394640618608314e+00
1.297378744533848050e+00
1.303363672611435931e+00
1.309349505888428356e+00
1.315336336353532865e+00
1.321324266829310146e+00
1.327313410825134765e+00
1.333303892357524223e+00
1.339295845739394197e+00
1.345289415336992533e+00
1.351284755294512419e+00
1.357282029226496878e+00
1.363281409877239669e+00
1.369283078748320559e+00
1.375287225692348736e+00
1.381294048476196190e+00
1.387303752309714699e+00
1.393316549344259858e+00
1.399332658138610519e+00
1.405352303093348354e+00
1.411375713854967406e+00
1.417403124688821903e+00
1.423434773822587429e+00
1.429470902760846540e+00
1.435511755570259673e+00
1.441557578138783269e+00
1.447608617406611842e+00
1.453665120573514935e+00
1.459727334280920719e+00
1.465795503771424313e+00
1.471869872028060966e+00
1.477950678893024783e+00
1.484038160169765197e+00
1.490132546709170391e+00
1.496234063483124155e+00
1.502342928646406284e+00
1.508459352591735803e+00
1.514583536998232116e+00
1.520715673878614727e+00
1.526855944626716921e+00
1.533004519069258276e+00
1.539161554525648734e+00
1.545327194878883814e+00
1.551501569662472324e+00
1.557684793165481807e+00
1.563876963561885658e+00
1.570078162067247929e+00
1.576288452126896944e+00
1.582507878640281529e+00
1.588736467226347759e+00
1.594974223532348079e+00
1.601221132593149132e+00
1.607477158242978099e+00
1.613742242584172537e+00
1.620016305517978150e+00
1.626299244340321470e+00
1.632590933406113720e+00
1.638891223865546198e+00
1.645199943476489901e+00
1.651516896493882225e+00
1.657841863640862279e+00
1.664174602162272976e+00
1.670514845962303596e+00
1.676862305829789790e+00
1.683216669748839323e+00
1.689577603299030839e+00
1.695944750142264201e+00
1.702317732598464417e+00
1.708696152307890292e+00
1.715079590980091995e+00
1.721467611227164962e+00
1.727859757480356473e+00
1.734255556986680880e+00
1.740654520884028056e+00
1.747056145350626144e+00
1.753459912826850875e+00
1.759865293303902067e+00
1.766271745677724159e+00
1.772678719161052019e+00
1.779085654752337486e+00
1.785491986753646509e+00
1.791897144335542702e+00
1.798300553141269909e+00
1.804701636926707708e+00
1.811099819230980179e+00
1.817494525069820011e+00
1.823885182649315206e+00
1.830271225092286791e+00
1.836652092172073258e+00
1.843027232048339403e+00
1.849396102998406732e+00
1.855758175139648358e+00
1.862112932135004506e+00
1.868459872877941352e+00
1.874798513149628976e+00
1.881128387242934519e+00
1.887449049547581748e+00
1.893760076090115430e+00
1.900061066024087975e+00
1.906351643062776935e+00
1.912631456851280332e+00
1.918900184270139198e+00
1.925157530666429917e+00
1.931403231006074250e+00
1.937637050943279871e+00
1.943858787800421428e+00
1.950068271454324265e+00
1.956265365124781219e+00
1.962449966059692130e+00
1.968622006112371370e+00
1.974781452208684618e+00
1.980928306698763741e+00
1.987062607589929364e+00
1.993184428659151575e+00
1.999293879439960175e+00
2.005391105084663561e+00
2.011476286096253396e+00
2.017549637931930651e+00
2.023611410474417838e+00
2.029661887372038009e+00
2.035701385246059036e+00
2.041730252766898790e+00
2.047748869597365129e+00
2.053757645207080262e+00
2.059757017555571501e+00
2.065747451650009392e+00
2.071729437975300847e+00
2.077703490803344710e+00
2.083670146380856458e+00
2.089629961001473912e+00
2.095583508963962061e+00
2.101531380422664963e+00
2.107474179132696079e+00
2.113412520096010550e+00
2.119347027112794102e+00
2.125278330245699898e+00
2.131207063200061036e+00
2.137133860630227478e+00
2.143059355376672581e+00
2.148984175643046335e+00
2.154908942120802529e+00
2.160834265071172045e+00
2.166760741372343091e+00
2.172688951544918368e+00
2.178619456763111639e+00
2.184552795866283592e+00
2.190489482380971964e+00
2.196430001567975854e+00
2.202374807506659149e+00
2.208324320231717319e+00
2.214278922937280125e+00
2.220238959262998080e+00
2.226204730678682964e+00
2.232176493984131760e+00
2.238154458938621083e+00
2.244138786040205780e+00
2.250129584467590149e+00
2.256126910204799163e+00
2.262130764361348856e+00
2.268141091707422063e+00
2.274157779435491022e+00
2.280180656165084585e+00
2.286209491204063138e+00
2.292243994075763069e+00
2.298283814326866903e+00
2.304328541621107007e+00
2.310377706130070763e+00
2.316430779223187741e+00
2.322487174464679782e+00
2.328546248916576467e+00
2.334607304748528289e+00
2.340669591153632823e+00
2.346732306564500714e+00
2.352794601163962440e+00
2.358855579683433845e+00
2.364914304476897211e+00
2.370969798859931199e+00
2.377021050700967919e+00
2.383067016246569914e+00
2.389106624167554926e+00
2.395138779804566909e+00
2.401162369595964741e+00
2.407176265665783355e+00
2.413179330551565194e+00
2.419170422047799640e+00
2.425148398143792239e+00
2.431112122030649303e+00
2.437060467153809640e+00
2.442992322286665186e+00
2.448906596599813579e+00
2.454802224701246427e+00
2.460678171623530197e+00
2.466533437731146083e+00
2.472367063525193309e+00
2.478178134320224046e+00
2.483965784768793927e+00
2.489729203211731523e+00
2.495467635829232034e+00
2.501180390572200984e+00
2.506866840851504907e+00
2.512526428964659164e+00
2.518158669240305070e+00
2.523763150882425865e+00
2.529339540495399330e+00
2.534887584276471095e+00
2.540407109857446777e+00
2.545898027785624240e+00
2.551360332629807992e+00
2.556794103702992427e+00
2.562199505392248611e+00
2.567576787089823398e+00
2.572926282720306990e+00
2.578248409862047730e+00
2.583543668459326703e+00
2.588812639129721038e+00
2.594055981065842786e+00
2.599274429538604991e+00
2.604468793006638805e+00
2.609639949841857653e+00
2.614788844678908930e+00
2.619916484401757728e+00
2.625023933779307761e+00
2.630112310765870820e+00
2.635182781481066883e+00
2.640236554887371856e+00
2.645274877184580209e+00
2.650299025939624187e+00
2.655310303974917741e+00
2.660310033035697685e+00
2.665299547261537505e+00
2.670280186486873042e+00
2.675253289394615486e+00
2.680220186552879635e+00
2.685182193361214331e+00
2.690140602936406555e+00
2.695096678969508552e+00
2.700051648585558794e+00
2.705006695238698633e+00
2.709962951679200760e+00
2.714921493026054566e+00
2.719883329983090459e+00
2.724849402236916962e+00
2.729820572073614393e+00
2.734797618256111562e+00
2.739781230200334150e+00
2.744772002491191909e+00
2.749770429778355396e+00
2.754776902092250790e+00
2.759791700618188237e+00
2.764814993968360834e+00
2.769846834986134709e+00
2.774887158119577091e+00
2.779935777392727125e+00
2.784992385009015692e+00
2.790056550606640595e+00
2.795127721193852999e+00
2.800205221778197640e+00
2.805288256706467642e+00
2.810375911723092202e+00
2.815467156752218703e+00
2.820560849402415471e+00
2.825655739190073845e+00
2.830750472468807732e+00
2.835843598049687220e+00
2.840933573493844122e+00
2.846018772046907674e+00
2.851097490189942629e+00
2.856167955767178857e+00
2.861228336653498072e+00
2.866276749916715882e+00
2.871311271425343481e+00
2.876329945852557746e+00
2.881330797017984224e+00
2.886311838512336969e+00
2.891271084539094982e+00
2.896206560914471595e+00
2.901116316155649244e+00
2.905998432592538983e+00
2.910851037433478616e+00
2.915672313714728237e+00
2.920460511066054643e+00
2.925213956220551470e+00
2.929931063202872998e+00
2.934610343125396703e+00
2.939250413529241879e+00
2.943850007205801589e+00
2.948407980437812714e+00
2.952923320603659807e+00
2.957395153091518125e+00
2.961822747471721140e+00
2.966205522886448342e+00
2.970543052613626500e+00
2.974835067771721242e+00
2.979081460136339565e+00
2.983282284044278754e+00
2.987437757369351132e+00
2.991548261555225796e+00
2.995614340702605460e+00
2.999636699707835419e+00
3.003616201462030233e+00
3.007553863118426651e+00
3.011450851448520982e+00
3.015308477306918977e+00
3.019128189232485493e+00
3.022911566218309254e+00
3.026660309684915617e+00
3.030376234698664017e+00
3.034061260477040722e+00
3.037717400230150133e+00
3.041346750384787523e+00
3.044951479247002712e+00
3.048533815156978299e+00
3.052096034191716711e+00
3.055640447476315469e+00
3.059169388164253434e+00
3.062685198146932741e+00
3.066190214558125682e+00
3.069686756137186556e+00
3.073177109515470740e+00
3.076663515495814849e+00
3.080148155390492803e+00
3.083633137488186904e+00
3.087120483719619557e+00
3.090612116593736136e+00
3.094109846474760950e+00
3.097615359276599367e+00
3.101130204644223731e+00
3.104655784700963927e+00
3.108193343430809552e+00
3.111743956777671016e+00
3.115308523527938078e+00
3.118887757054711329e+00
3.122482177992329078e+00
3.126092107909677509e+00
3.129717664048369929e+00
3.133358755184755040e+00
3.137015078673218049e+00
3.140686118718333919e+00
3.144371145921105892e+00
3.148069218130933322e+00
3.151779182633926535e+00
3.155499679693161585e+00
3.159229147451445563e+00
3.162965828196055540e+00
3.166707775974173078e+00
3.170452865541883547e+00
3.174198802615048720e+00
3.177943135383971551e+00
3.181683267242813695e+00
3.185416470675610068e+00
3.189139902229871648e+00
3.192850618502838245e+00
3.196545593051142831e+00
3.200221734130062501e+00
3.203875903158444949e+00
3.207504933795732427e+00
3.211105651510939296e+00
3.214674893516262344e+00
3.218209528930362051e+00
3.221706479032691917e+00
3.225162737462748286e+00
3.228575390218850316e+00
3.231941635305354055e+00
3.235258801880089408e+00
3.238524368753942007e+00
3.241735982095684143e+00
3.244891472204169958e+00
3.247988869211348995e+00
3.251026417591961870e+00
3.254002589359195063e+00
3.256916095844593073e+00
3.259765897961140357e+00
3.262551214872048355e+00
3.265271530992887250e+00
3.267926601271400333e+00
3.270516454705564513e+00
3.273041396070024867e+00
3.275502005840173148e+00
3.277899138313703276e+00
3.280233917942887434e+00
3.282507733908939240e+00
3.284722232974122580e+00
3.286879310665026033e+00
3.288981100849839301e+00
3.291029963779762646e+00
3.293028472675501472e+00
3.294979398949068106e+00
3.296885696152035194e+00
3.298750482756403368e+00
3.300577023868745741e+00
3.302368711993106665e+00
3.304129046950050164e+00
3.305861615073989235e+00
3.307570067799943114e+00
3.309258099762941718e+00
3.310929426526411756e+00
3.312587762056120155e+00
3.314236796059920387e+00
3.315880171304648627e+00
3.317521461026181839e+00
3.319164146541974780e+00
3.320811595175782838e+00
3.322467038600839917e+00
3.324133551707121548e+00
3.325814032098911355e+00
3.327511180325756879e+00
3.329227480952737128e+00
3.330965184579438798e+00
3.332726290912939149e+00
3.334512533010168145e+00
3.336325362799121841e+00
3.338165937995263288e+00
3.340035110526972773e+00
3.341933416581641225e+00
3.343861068382212309e+00
3.345817947798403580e+00
3.347803601886031544e+00
3.349817240443799804e+00
3.351857735657789661e+00
3.353923623897504314e+00
3.356013109708182451e+00
3.358124072030214791e+00
3.360254072660153746e+00
3.362400366954459319e+00
3.364559916754997992e+00
3.366729405509119033e+00
3.368905255532548715e+00
3.371083647354948809e+00
3.373260541070327356e+00
3.375431699599192648e+00
3.377592713754593579e+00
3.379739028985806470e+00
3.381865973660387770e+00
3.383968788719364351e+00
3.386042658532128602e+00
3.388082742747821285e+00
3.390084208928735521e+00
3.392042265730723649e+00
3.393952196375466634e+00
3.395809392153812389e+00
3.397609385676354510e+00
3.399347883591614217e+00
3.401020798478601392e+00
3.402624279627705306e+00
3.404154742426467983e+00
3.405608896077572556e+00
3.406983769389780203e+00
3.408276734402577279e+00
3.409485527625665924e+00
3.410608268699781842e+00
3.411643476311874146e+00
3.412590081228342065e+00
3.413447436337821550e+00
3.414215323627255216e+00
3.414893958045225553e+00
3.415483988239796709e+00
3.415986494181471933e+00
3.416402981721583743e+00
3.416735374152221727e+00
3.416986000866292894e+00
3.417157583241128282e+00
3.417253217878932769e+00
3.417276357369939177e+00
3.417230788743894632e+00
3.417120609798942166e+00
3.416950203498245742e+00
3.416724210634458636e+00
3.416447500966713235e+00
3.416125143036312650e+00
3.415762372870096986e+00
3.415364561778916119e+00
3.414937183461520753e+00
3.414485780615387878e+00
3.414015931261265457e+00
3.413533214970019269e+00
3.413043179183374853e+00
3.412551305799165213e+00
3.412062978178816319e+00
3.411583448721672518e+00
3.411117807125108925e+00
3.410670949435309574e+00
3.410247547976621885e+00
3.409852022233046398e+00
3.409488510751352397e+00
3.409160844132812507e+00
3.408872519192449602e+00
3.408626674376848520e+00
3.408426066553367662e+00
3.408273049309384461e+00
3.408169552923773882e+00
3.408117066195913480e+00
3.408116620336085756e+00
3.408168775128835648e+00
3.408273607586731924e+00
3.408430703297192110e+00
3.408639150656456618e+00
3.408897538153756290e+00
3.409203954842809026e+00
3.409555994105069487e+00
3.409950760772509248e+00
3.410384881649939803e+00
3.410854519439272980e+00
3.411355390053308234e+00
3.411882783269697406e+00
3.412431586674609996e+00
3.412996312813477928e+00
3.413571129467973364e+00
3.414149892951876097e+00
3.414726184311249302e+00
3.415293348290838082e+00
3.415844534903160756e+00
3.416372743406580703e+00
3.416870868462745570e+00
3.417331748198319197e+00
3.417748213853309291e+00
3.418113140648342263e+00
3.418419499459664834e+00
3.418660408846924792e+00
3.418829186945919751e+00
3.418919402710581146e+00
3.418924925978021001e+00
3.418839975824604416e+00
3.418659166697719964e+00
3.418377551826210947e+00
3.417990663453934985e+00
3.417494549479493493e+00
3.416885806140565585e+00
3.416161606434882092e+00
3.415319724022805037e+00
3.414358552417390058e+00
3.413277119311536989e+00
3.412075095950798165e+00
3.410752801499337128e+00
3.409311202399672336e+00
3.407751906771150807e+00
3.406077153943027902e+00
3.404289799270362238e+00
3.402393294433298188e+00
3.400391663470725856e+00
3.398289474854003789e+00
3.396091809940110728e+00
3.393804228179305049e+00
3.391432729471239416e+00
3.388983714066646780e+00
3.386463940408994233e+00
3.383880481291112741e+00
3.381240678687295720e+00
3.378552097594015535e+00
3.375822479200914827e+00
3.373059693700756867e+00
3.370271693047225625e+00
3.367466463970742563e+00
3.364651981573230977e+00
3.361836163816729339e+00
3.359026827214723898e+00
3.356231643994917135e+00
3.353458100946045128e+00
3.350713460076466976e+00
3.348004721107078918e+00
3.345338585710013746e+00
3.342721423300408112e+00
3.340159238108738826e+00
3.337657637227426921e+00
3.335221799331727244e+00
3.332856443852217243e+00
3.330565800486043226e+00
3.328353579090947978e+00
3.326222940172528730e+00
3.324176466339133995e+00
3.322216135227909373e+00
3.320343294504886522e+00
3.318558639575132752e+00
3.316862194628528826e+00
3.315253297587818615e+00
3.313730589431251428e+00
3.312292008246202624e+00
3.310934788255287309e+00
3.309655463931116870e+00
3.308449879228784862e+00
3.307313201874064745e+00
3.306239942589995984e+00
3.305223979114643829e+00
3.304258584843045909e+00
3.303336461934323065e+00
3.302449778748548059e+00
3.301590211499361160e+00
3.300748990044601872e+00
3.299916947754022445e+00
3.299084575396253882e+00
3.298242078967865254e+00
3.297379441336674599e+00
3.296486487490806194e+00
3.295552953083513259e+00
3.294568555843905067e+00
3.293523069296030670e+00
3.292406398111794807e+00
3.291208654313622084e+00
3.289920233463388577e+00
3.288531889911026074e+00
3.287034810151469699e+00
3.285420683335642522e+00
3.283681768015084046e+00
3.281810954269222869e+00
3.279801820460270800e+00
3.277648684004550450e+00
3.275346645702594373e+00
3.272891627349924448e+00
3.270280402512995011e+00
3.267510620488852879e+00
3.264580823557401423e+00
3.261490457657441944e+00
3.258239876597631035e+00
3.254830339837678999e+00
3.251264003810989234e+00
3.247543906694165372e+00
3.243673946533557562e+00
3.239658852696742475e+00
3.235504150754473951e+00
3.231216121084327320e+00
3.226801751708326282e+00
3.222268686085234979e+00
3.217625166747231980e+00
3.212879975773262231e+00
3.208042373093019428e+00
3.203122033547795233e+00
3.198128983467316555e+00
3.193073537326705846e+00
3.187966234822940947e+00
3.182817778536026321e+00
3.177638972223086000e+00
3.172440659798645868e+00
3.167233665165045231e+00
3.162028733272755687e+00
3.156836473056167769e+00
3.151667303129910724e+00
3.146531401271577266e+00
3.141438658662915717e+00
3.136398639604569105e+00
3.131420546936610982e+00
3.126513192770290495e+00
3.121684973466456015e+00
3.116943847206413043e+00
3.112297312115718917e+00
3.107752382806776126e+00
3.103315563441506608e+00
3.098992815948105051e+00
3.094789522790365233e+00
3.090710444552527747e+00
3.086759673444006591e+00
3.082940584508983228e+00
3.079255786747663315e+00
3.075707076489495151e+00
3.072295395191067424e+00
3.069020793458487439e+00
3.065882402584546362e+00
3.062878414386440706e+00
3.060006069671200812e+00
3.057261655327717875e+00
3.054640509817858174e+00
3.052137036687826210e+00
3.049744725613167340e+00
3.047456180373262047e+00
3.045263153051668503e+00
3.043156583681835059e+00
3.041126644575466553e+00
3.039162788705858098e+00
3.037253801803540654e+00
3.035387858200854438e+00
3.033552580876551552e+00
3.031735106481485253e+00
3.029922156279452050e+00
3.028100113836250884e+00
3.026255109935283905e+00
3.024373114631562220e+00
3.022440035700163286e+00
3.020441822107764462e+00
3.018364570681579373e+00
3.016194633933357849e+00
3.013918727053775726e+00
3.011524032354961466e+00
3.008998299801974863e+00
3.006329942599493599e+00
3.003508126968053027e+00
3.000522855213769269e+00
2.997365040987017615e+00
2.994026575396497858e+00
2.990500382530633772e+00
2.986780463133539065e+00
2.982861925730835750e+00
2.978741005369001549e+00
2.974415071125981580e+00
2.969882624417879313e+00
2.965143290622991756e+00
2.960197806509030194e+00
2.955048005385294996e+00
2.949696800928433671e+00
2.944148169502098344e+00
2.938407129734193823e+00
2.932479717388117635e+00
2.926372953273648214e+00
2.920094802159595382e+00
2.913654121316993972e+00
2.907060598317105615e+00
2.900324678858583916e+00
2.893457486500527587e+00
2.886470737021022970e+00
2.879376650576062957e+00
2.872187864781756694e+00
2.864917351312403770e+00
2.857578337664021806e+00
2.850184234548101436e+00
2.842748568187847713e+00
2.835284915838887532e+00
2.827806842422015965e+00
2.820327836385445597e+00
2.812861243828788105e+00
2.805420201321795481e+00
2.798017569361909818e+00
2.790665869609414429e+00
2.783377229557175703e+00
2.776163337966176314e+00
2.769035413312377791e+00
2.762004185921691946e+00
2.755079892727947399e+00
2.748272282019634805e+00
2.741590624276141419e+00
2.735043724316552627e+00
2.728639929476722070e+00
2.722387128449097027e+00
2.716292735875803110e+00
2.710363658950768695e+00
2.704606244259659675e+00
2.699026205682122814e+00
2.693628537019743696e+00
2.688417415411930911e+00
2.683396102962536833e+00
2.678566853954142069e+00
2.673930833654825534e+00
2.669488052555347046e+00
2.665237317681020013e+00
2.661176201102844363e+00
2.657301025254537485e+00
2.653606864963553580e+00
2.650087566634877323e+00
2.646735785041984812e+00
2.643543037219813652e+00
2.640499770989846340e+00
2.637595443260872141e+00
2.634818601316094799e+00
2.632156959713143340e+00
2.629597466692356278e+00
2.627126357042849136e+00
2.624729192538983735e+00
2.622390895274904654e+00
2.620095782385289063e+00
2.617827611872990623e+00
2.615569648246287127e+00
2.613304753594321461e+00
2.611015505345823495e+00
2.608684337256175212e+00
2.606293696201591459e+00
2.603826204952160328e+00
2.601264820708699244e+00
2.598592980814716125e+00
2.595794730255549077e+00
2.592854829516822335e+00
2.589758845128022902e+00
2.586493227823722485e+00
2.583045384089542651e+00
2.579403745771929213e+00
2.575557839800682203e+00
2.571498356712553335e+00
2.567217213610464288e+00
2.562707605397812394e+00
2.557964038161856912e+00
2.552982340499565961e+00
2.547759651798277680e+00
2.542294390071655030e+00
2.536586204859332838e+00
2.530635922208413380e+00
2.524445488659069703e+00
2.518017919786204040e+00
2.511357256818756767e+00
2.504468532732004871e+00
2.497357747290749774e+00
2.490031848805455805e+00
2.482498718772147672e+00
2.474767154154598359e+00
2.466846841178812255e+00
2.458748314628617759e+00
2.450482898157171796e+00
2.442062624026217765e+00
2.433500134415714555e+00
2.424808570069594271e+00
2.416001454539169480e+00
2.407092582982792273e+00
2.398095923243119820e+00
2.389025534196742129e+00
2.379895502928998319e+00
2.370719898947283966e+00
2.361512741042733676e+00
2.352287970915814874e+00
2.343059427449899257e+00
2.333840816514696215e+00
2.324645673154139391e+00
2.315487315470800667e+00
2.306378791790462124e+00
2.297332824169080912e+00
2.288361751710552117e+00
2.279477476716504913e+00
2.270691416042936783e+00
2.262014459881143136e+00
2.253456940868461711e+00
2.245028617662452763e+00
2.236738677967746725e+00
2.228595765320968702e+00
2.220608030929707599e+00
2.212783206542550563e+00
2.205128687865528736e+00
2.197651612375113306e+00
2.190358912649892797e+00
2.183257328017019105e+00
2.176353363525296736e+00
2.169653194637913174e+00
2.163162526043981959e+00
2.156886420823525885e+00
2.150829119758326691e+00
2.144993869241389017e+00
2.139382771064283872e+00
2.133996660649928767e+00
2.128835014669397729e+00
2.123895886349756346e+00
2.119175867589911721e+00
2.114670080103680849e+00
2.110372200961884825e+00
2.106274528737681617e+00
2.102368093504860536e+00
2.098642807306727143e+00
2.095087643128927368e+00
2.091690822663440308e+00
2.088439989047595979e+00
2.085322342143101526e+00
2.082324720939961793e+00
2.079433628745615437e+00
2.076635209167527307e+00
2.073915191388500112e+00
2.071258829412934155e+00
2.068650860568495009e+00
2.066075503824522208e+00
2.063516509882346472e+00
2.060957264680941314e+00
2.058380938237443836e+00
2.055770663488122096e+00
2.053109726121664202e+00
2.050381746549641448e+00
2.047570838593495868e+00
2.044661735128540325e+00
2.041639877481007836e+00
2.038491471542085876e+00
2.035203518296163860e+00
2.031763829124506593e+00
2.028161036651440874e+00
2.024384610294111653e+00
2.020424882578188086e+00
2.016273088339333164e+00
2.011921414839066724e+00
2.007363057200400647e+00
2.002592271010471769e+00
1.997604412921687667e+00
1.992395960936431010e+00
1.986964508757071091e+00
1.981308732697977248e+00
1.975428334297513411e+00
1.969323965854095082e+00
1.962997148640412748e+00
1.956450194027466782e+00
1.949686136245400991e+00
1.942708682635690964e+00
1.935522183818801034e+00
1.928131622950859825e+00
1.920542620626365604e+00
1.912761450158778853e+00
1.904795056852836233e+00
1.896651074323525865e+00
1.888337830808615170e+00
1.879864338792230694e+00
1.871240262277444888e+00
1.862475857884791086e+00
1.853581888691274937e+00
1.844569513163638597e+00
1.835450155240159198e+00
1.826235364876924949e+00
1.816936680481855637e+00
1.807565505014228524e+00
1.798133005934769990e+00
1.788650045867739902e+00
1.779127146449292152e+00
1.769574483260933029e+00
1.760001905837271785e+00
1.750418974151471296e+00
1.740835002001777543e+00
1.731259098309916533e+00
1.721700199159559297e+00
1.712167085943880895e+00
1.702668387705214670e+00
1.693212568121816641e+00
1.683807899301628552e+00
1.674462425458058901e+00
1.665183919815808711e+00
1.655979838051242492e+00
1.646857271604150963e+00
1.637822904565342741e+00
1.628882978563533035e+00
1.620043270825337389e+00
1.611309090810612021e+00
1.602685299956851495e+00
1.594176356784527959e+00
1.585786386028400274e+00
1.577519266233380568e+00
1.569378726344358377e+00
1.561368439260435226e+00
1.553492099836133011e+00
1.545753476601195109e+00
1.538156430164066002e+00
1.530704896054364772e+00
1.523402834626702340e+00
1.516254154628520201e+00
1.509262619454303511e+00
1.502431745671686025e+00
1.495764702242665667e+00
1.489264216475120861e+00
1.482932489811455090e+00
1.476771123887660853e+00
1.470781055499942314e+00
1.464962498587869533e+00
1.459314892118903639e+00
1.453836854504366283e+00
1.448526147306617329e+00
1.443379652780706346e+00
1.438393370557671025e+00
1.433562438102631509e+00
1.428881177399386360e+00
1.424343166983297770e+00
1.419941334665129506e+00
1.415668062939634542e+00
1.411515296983174572e+00
1.407474644873398351e+00
1.403537461323904667e+00
1.399694909453841785e+00
1.395937999170962174e+00
1.392257604730932075e+00
1.388644467124329429e+00
1.385089188621714040e+00
1.381582226970922811e+00
1.378113895666298605e+00
1.374674374913091635e+00
1.371253735959448106e+00
1.367841979767629557e+00
1.364429089749808810e+00
1.361005097428149568e+00
1.357560159234619812e+00
1.354084642033572372e+00
1.350569214244033089e+00
1.347004938702277776e+00
1.343383362780435908e+00
1.339696600957452688e+00
1.335937405157336944e+00
1.332099218775484761e+00
1.328176211345573066e+00
1.324163292137921166e+00
1.320056102468810444e+00
1.315850988003280930e+00
1.311544953730505947e+00
1.307135605480358898e+00
1.302621082717881906e+00
1.297999987784442810e+00
1.293271316650793645e+00
1.288434395551366629e+00
1.283488826650156733e+00
1.278434444287652738e+00
1.273271281656797260e+00
1.267999546240225595e+00
1.262619601309466599e+00
1.257131950429008826e+00
1.251537222286538853e+00
1.245836154201625412e+00
1.240029574101793486e+00
1.234118382285969595e+00
1.228103535551287262e+00
1.221986036956021149e+00
1.215766934453603287e+00
1.209447330847489122e+00
1.203028406148592078e+00
1.196511451724240560e+00
1.189897913952543629e+00
1.183189443741978097e+00
1.176387947481472462e+00
1.169495634848374044e+00
1.162515059392783323e+00
1.155449148773724399e+00
1.148301222700563784e+00
1.141074997805554103e+00
1.133774579620505429e+00
1.126404442478543766e+00
1.118969398507504653e+00
1.111474557025348808e+00
1.103925275715838428e+00
1.096327105067445240e+00
1.088685727746216969e+00
1.081006894833822729e+00
1.073296361113967423e+00
1.065559821758611747e+00
1.057802852758421785e+00
1.050030857249163896e+00
1.042249019506979124e+00
1.034462267877950481e+00
1.026675247352603737e+00
1.018892301945426571e+00
1.011117466563971945e+00
1.003354467656695004e+00
9.956067316283707669e-01
9.878773997797252182e-01
9.801693483457261102e-01
9.724852120686856560e-01
9.648274096519365850e-01
9.571981694188881340e-01
9.495995535892811645e-01
9.420334797924639902e-01
9.345017387749471327e-01
9.270060077000008558e-01
9.195478589285561721e-01
9.121287646422421291e-01
9.047500980647059654e-01
8.974131322995486659e-01
8.901190379134364949e-01
8.828688803635695859e-01
8.756636182222130582e-01
8.685041029314064520e-01
8.613910805682265526e-01
8.543251958415627456e-01
8.473069983034411390e-01
8.403369505465557721e-01
8.334154379976012050e-01
8.265427798009803428e-01
8.197192402399687827e-01
8.129450401577081875e-01
8.062203679227719633e-01
7.995453896059714349e-01
7.929202581856721332e-01
7.863451217328171206e-01
7.798201306256389298e-01
7.733454438855008606e-01
7.669212347059819468e-01
7.605476951807896846e-01
7.542250401503870494e-01
7.479535100062031372e-01
7.417333722504161342e-01
7.355649216143154145e-01
7.294484786004784560e-01
7.233843864054980699e-01
7.173730062963611376e-01
7.114147116132885085e-01
7.055098806428308222e-01
6.996588886393306783e-01
6.938620992607860138e-01
6.881198556500125463e-01
6.824324713350522487e-01
6.768002210749570757e-01
6.712233317378710762e-01
6.657019732826636726e-01
6.602362499196212653e-01
6.548261915483770679e-01
6.494717455967323749e-01
6.441727694148745575e-01
6.389290234019905368e-01
6.337401650504903561e-01
6.286057440921382078e-01
6.235251989123919980e-01
6.184978543682104757e-01
6.135229211052074527e-01
6.085994964194528789e-01
6.037265666561635324e-01
5.989030110842200605e-01
5.941276071342419529e-01
5.893990368426853532e-01
5.847158943111031570e-01
5.800766939650678911e-01
5.754798793835739223e-01
5.709238324702297085e-01
5.664068827466905987e-01
5.619273165679270488e-01
5.574833860835746169e-01
5.530733178054485499e-01
5.486953206735845079e-01
5.443475935526046472e-01
5.400283321264133241e-01
5.357357351944860291e-01
5.314680104007015737e-01
5.272233794532381612e-01
5.230000829075019952e-01
5.187963845983566413e-01
5.146105758075227854e-01
5.104409792523868505e-01
5.062859529697804062e-01
5.021438941576614745e-01
4.980132430200258087e-01
4.938924866391447566e-01
4.897801628819780650e-01
4.856748643259305998e-01
4.815752421707444886e-01
4.774800100869235897e-01
4.733879479391600587e-01
4.692979053113033872e-01
4.652088047567550788e-01
4.611196446957606110e-01
4.570295018840436208e-01
4.529375333848196239e-01
4.488429779865774072e-01
4.447451570215376626e-01
4.406434745546023435e-01
4.365374169284268469e-01
4.324265516678286181e-01
4.283105257591238724e-01
4.241890633377685127e-01
4.200619628294320895e-01
4.159290935979074177e-01
4.117903921657628530e-01
4.076458580768178019e-01
4.034955494722811675e-01
3.993395784584182762e-01
3.951781063375280345e-01
3.910113387759098780e-01
3.868395209769160958e-01
3.826629329229904730e-01
3.784818847436194345e-01
3.742967122600568408e-01
3.701077727502571912e-01
3.659154409677465303e-01
3.617201054432122587e-01
3.575221650847704158e-01
3.533220260905917121e-01
3.491200991749351390e-01
3.449167971058930693e-01
3.407125325462890819e-01
3.365077161841228404e-01
3.323027551374586053e-01
3.280980516161395855e-01
3.238940018217695282e-01
3.196909950675531631e-01
3.154894131033306182e-01
3.112896296285911357e-01
3.070920099820780846e-01
3.028969109975607754e-01
2.987046810153096699e-01
2.945156600435813177e-01
2.903301800627141604e-01
2.861485654654987165e-01
2.819711336274505764e-01
2.777981955996512986e-01
2.736300569139892280e-01
2.694670184912067445e-01
2.653093776364342515e-01
2.611574291084370336e-01
2.570114662422066654e-01
2.528717821055355142e-01
2.487386706675935311e-01
2.446124279534283019e-01
2.404933531616638143e-01
2.363817497198946183e-01
2.322779262525279387e-01
2.281821974387156504e-01
2.240948847399076849e-01
2.200163169779907335e-01
2.159468307494389061e-01
2.118867706661911876e-01
2.078364894144016928e-01
2.037963476310693245e-01
1.997667136003000166e-01
1.957479627753760387e-01
1.917404771380718242e-01
1.877446444098529177e-01
1.837608571305332783e-01
1.797895116261369053e-01
1.758310068853394526e-01
1.718857433682154379e-01
1.679541217682989640e-01
1.640365417510075141e-01
1.601334006894536699e-01
1.562450924164459909e-01
1.523720060115313080e-01
1.485145246382684192e-01
1.446730244448491964e-01
1.408478735391901215e-01
1.370394310475870625e-01
1.332480462618000905e-01
1.294740578793034391e-01
1.257177933389672375e-01
1.219795682508130197e-01
1.182596859195986227e-01
1.145584369586929441e-01
1.108760989900632044e-01
1.072129364259444967e-01
1.035692003263233851e-01
9.994512832667779012e-02
9.634094462905565259e-02
9.275686005147495972e-02
8.919307212853679057e-02
8.564976525746803571e-02
8.212711088420929229e-02
7.862526772440148193e-02
7.514438201329862177e-02
7.168458778089399630e-02
6.824600714838775783e-02
6.482875064076437654e-02
6.143291751346361546e-02
5.805859608973572283e-02
5.470586410514033382e-02
5.137478905756456826e-02
4.806542856056906371e-02
4.477783069718879044e-02
4.151203437289586323e-02
3.826806966670702470e-02
3.504595817744408232e-02
3.184571336480030573e-02
2.866734088427122865e-02
2.551083891331400871e-02
2.237619846918151301e-02
1.926340371688352662e-02
1.617243226629381386e-02
1.310325545769413201e-02
1.005583863558891580e-02
7.030141409770668953e-03
4.026117903403026929e-03
1.043716987622327324e-03
-1.917117496832784632e-03
-4.856446532010123829e-03
-7.774335728805738255e-03
-1.067085514576024581e-02
-1.354607912188697874e-02
-1.640008612236425189e-02
-1.923295859610678338e-02
-2.204478284696180512e-02
-2.483564891545686493e-02
-2.760565047254397164e-02
-3.035488472397183252e-02
-3.308345232513198314e-02
-3.579145730511570228e-02
-3.847900700055223444e-02
-4.114621199771134608e-02
-4.379318608259258339e-02
-4.642004619884834704e-02
-4.902691241251719290e-02
-5.161390788322127443e-02
-5.418115884160414064e-02
-5.672879457232059969e-02
-5.925694740219437928e-02
-6.176575269308584581e-02
-6.425534883957169374e-02
-6.672587727049524020e-02
-6.917748245428410880e-02
-7.161031190827578385e-02
-7.402451621103425805e-02
-7.642024901785915425e-02
-7.879766707934968140e-02
-8.115693026290200784e-02
-8.349820157625741091e-02
-8.582164719430669664e-02
-8.812743648787915718e-02
-9.041574205454674940e-02
-9.268673975225175110e-02
-9.494060873464829631e-02
-9.717753148823149445e-02
-9.939769387187369354e-02
-1.016012851580875009e-01
-1.037884980754961994e-01
-1.059595288538833224e-01
-1.081145772700173174e-01
-1.102538466955128721e-01
-1.123775441454537838e-01
-1.144858803288003463e-01
-1.165790696996657771e-01
-1.186573305091076225e-01
-1.207208848582108363e-01
-1.227699587515609092e-01
-1.248047821504080085e-01
-1.268255890267223074e-01
-1.288326174164742266e-01
-1.308261094723199014e-01
-1.328063115157866458e-01
-1.347734740880002502e-01
-1.367278519984419516e-01
-1.386697043725765022e-01
-1.405992946962918710e-01
-1.425168908574094839e-01
-1.444227651845061688e-01
-1.463171944813381198e-01
-1.482004600568902208e-01
-1.500728477508313508e-01
-1.519346479537700134e-01
-1.537861556207026081e-01
-1.556276702793851496e-01
0.000000000000000000e+00
