2.938794887573137164e-03
3.144707708237302630e-03
3.743286762811250546e-03
4.358129004640202801e-03
4.971529342882546713e-03
5.579800105695328569e-03
6.181697361290089746e-03
6.776855893306987441e-03
7.365279737341260714e-03
7.947132508063718681e-03
8.522642940529951208e-03
9.092060724619750386e-03
9.655635829082489380e-03
1.021360913710557365e-02
1.076620857487434885e-02
1.131364789016895377e-02
1.185612668129882967e-02
1.239383098755612866e-02
1.292693410461592980e-02
1.345559746297670528e-02
1.397997149391141773e-02
1.450019644994142431e-02
1.501640316751982202e-02
1.552871376947337866e-02
1.603724230922830979e-02
1.654209536078510984e-02
1.704337255899317574e-02
1.754116709471143301e-02
1.803556616921605724e-02
1.852665141186601860e-02
1.901449926468420926e-02
1.949918133714419882e-02
1.998076473413418902e-02
2.045931235974535189e-02
2.093488319929064090e-02
2.140753258167730697e-02
2.187731242406329088e-02
2.234427146051173180e-02
2.280845545620205361e-02
2.326990740859749898e-02
2.372866773675644247e-02
2.418477445997468597e-02
2.463826336672552547e-02
2.508916817477709754e-02
2.553752068334434050e-02
2.598335091792682017e-02
2.642668726851381267e-02
2.686755662172577580e-02
2.730598448735257339e-02
2.774199511978245325e-02
2.817561163471493310e-02
2.860685612140747777e-02
2.903574975091670340e-02
2.946231288040529125e-02
2.988656515390874374e-02
3.030852559955255973e-02
3.072821272358413486e-02
3.114564460115569131e-02
3.156083896406072786e-02
3.197381328545966656e-02
3.238458486164381978e-02
3.279317089091327020e-02
3.319958854948654170e-02
3.360385506452108484e-02
3.400598778424992336e-02
3.440600424511414818e-02
3.480392223594078877e-02
3.519975985910333421e-02
3.559353558859814498e-02
3.598526832502892819e-02
3.637497744741678696e-02
3.676268286179137923e-02
3.714840504653341147e-02
3.753216509444787241e-02
3.791398475146005864e-02
3.829388645194744395e-02
3.867189335076377799e-02
3.904802935174796208e-02
3.942231913298016588e-02
3.979478816853929818e-02
4.016546274704763109e-02
4.053436998674847525e-02
4.090153784746995008e-02
4.126699513938460184e-02
4.163077152863538938e-02
4.199289754004047887e-02
4.235340455688785949e-02
4.271232481804759784e-02
4.306969141246071858e-02
4.342553827125638505e-02
4.377990015764032794e-02
4.413281265467237924e-02
4.448431215122933269e-02
4.483443582633444419e-02
4.518322163202274921e-02
4.553070827497579520e-02
4.587693519714369783e-02
4.622194255554331471e-02
4.656577120149572868e-02
4.690846265938537069e-02
4.725005910522879493e-02
4.759060334520456848e-02
4.793013879421276907e-02
4.826870945465005364e-02
4.860635989555556896e-02
4.894313523206107047e-02
4.927908110526880991e-02
4.961424366260833163e-02
4.994866953850170266e-02
5.028240583537874064e-02
5.061550010487858575e-02
5.094800032912057131e-02
5.127995490177595511e-02
5.161141260873597369e-02
5.194242260817515111e-02
5.227303440949054164e-02
5.260329785096941324e-02
5.293326307564408945e-02
5.326298050495367753e-02
5.359250080974446717e-02
5.392187487817980823e-02
5.425115377997108412e-02
5.458038872653107193e-02
5.490963102649648597e-02
5.523893203603776059e-02
5.556834310372567309e-02
5.589791550919032820e-02
5.622770039538625003e-02
5.655774869391973908e-02
5.688811104325023488e-02
5.721883769943199305e-02
5.754997843914597122e-02
5.788158245504462091e-02
5.821369824321166037e-02
5.854637348302985100e-02
5.887965490932094842e-02
5.921358817734238833e-02
5.954821772077432962e-02
5.988358660335299510e-02
6.021973636465247082e-02
6.055670686077313514e-02
6.089453610080686197e-02
6.123326007989266656e-02
6.157291261003562666e-02
6.191352514968326282e-02
6.225512663343168301e-02
6.259774330288141175e-02
6.294139854036492898e-02
6.328611270659321997e-02
6.363190298376604492e-02
6.397878322582646604e-02
6.432676381689633738e-02
6.467585153970528689e-02
6.502604945520325253e-02
6.537735679490475071e-02
6.572976886709155919e-02
6.608327697824682712e-02
6.643786837084017516e-02
6.679352617840411677e-02
6.715022939887956011e-02
6.750795288705534192e-02
6.786666736657522014e-02
6.822633946215993228e-02
6.858693175216394600e-02
6.894840284179921952e-02
6.931070745685025125e-02
6.967379655772150404e-02
7.003761747340189747e-02
7.040211405488977503e-02
7.076722684715137934e-02
7.113289327893759784e-02
7.149904786933644618e-02
7.186562244970751134e-02
7.223254640001178228e-02
7.259974689769779777e-02
7.296714917791757848e-02
7.333467680325574112e-02
7.370225194121338141e-02
7.406979564779882230e-02
7.443722815521391922e-02
7.480446916196686891e-02
7.517143812342778897e-02
7.553805454092141214e-02
7.590423824772368766e-02
7.626990968990278452e-02
7.663499020050407173e-02
7.699940226526597042e-02
7.736306977847041966e-02
7.772591828712530071e-02
7.808787522251071922e-02
7.844887011757037398e-02
7.880883480911328454e-02
7.916770362383528103e-02
7.952541354740014223e-02
7.988190437566902724e-02
8.023711884776470182e-02
8.059100276043990041e-02
8.094350506343779561e-02
8.129457793580348313e-02
8.164417684322584912e-02
8.199226057635591869e-02
8.233879127054818947e-02
8.268373440744919423e-02
8.302705879887070650e-02
8.336873655350221513e-02
8.370874302754087448e-02
8.404705675961440803e-02
8.438365939124448101e-02
8.471853557380436273e-02
8.505167286285791883e-02
8.538306160118541710e-02
8.571269479161604254e-02
8.604056796087977688e-02
8.636667901575942330e-02
8.669102809271800325e-02
8.701361740244145659e-02
8.733445107048544431e-02
8.765353497533921734e-02
8.797087658517457887e-02
8.828648479447329112e-02
8.860036976180367396e-02
8.891254275001829466e-02
8.922301596953594038e-02
8.953180242632031993e-02
8.983891577514545312e-02
9.014437017907682426e-02
9.044818017597910931e-02
9.075036055289015247e-02
9.105092622861861440e-02
9.134989214525937595e-02
9.164727316884938024e-02
9.194308399953972366e-02
9.223733909151693444e-02
9.253005258259405785e-02
9.282123823361120019e-02
9.311090937735172490e-02
9.339907887690403199e-02
9.368575909319429296e-02
9.397096186117673278e-02
9.425469847436515614e-02
9.453697967720892104e-02
9.481781566469044131e-02
9.509721608873658583e-02
9.537519007055796083e-02
9.565174621860565718e-02
9.592689265121800979e-02
9.620063702349504475e-02
9.647298655757441388e-02
9.674394807589893619e-02
9.701352803651211443e-02
9.728173257008021491e-02
9.754856751787713276e-02
9.781403847016935382e-02
9.807815080455276058e-02
9.834090972366318906e-02
9.860232029177432023e-02
9.886238747012360273e-02
9.912111615012877963e-02
9.937851118464399724e-02
9.963457741647911703e-02
9.988931970459566378e-02
1.001427429470297670e-01
1.003948521009392220e-01
1.006456521995607312e-01
1.008951483657112708e-01
1.011433458222752019e-01
1.013902498993059925e-01
1.016358660381107837e-01
1.018801997920062430e-01
1.021232568242876337e-01
1.023650429033464704e-01
1.026055638948970561e-01
1.028448257518986553e-01
1.030828345020789460e-01
1.033195962332334739e-01
1.035551170765773715e-01
1.037894031884942919e-01
1.040224607306305393e-01
1.042542958485965371e-01
1.044849146495434034e-01
1.047143231788337375e-01
1.049425273957757809e-01
1.051695331488226720e-01
1.053953461503208677e-01
1.056199719507752016e-01
1.058434159131456109e-01
1.060656831870863681e-01
1.062867786831600686e-01
1.065067070473785793e-01
1.067254726360910289e-01
1.069430794913564658e-01
1.071595313169082520e-01
1.073748314548193111e-01
1.075889828629101042e-01
1.078019880932803709e-01
1.080138492716939402e-01
1.082245680781878938e-01
1.084341457289602351e-01
1.086425829596277259e-01
1.088498800099211850e-01
1.090560366101926693e-01
1.092610519692102516e-01
1.094649247643801476e-01
1.096676531333772714e-01
1.098692346683243781e-01
1.100696664118625823e-01
1.102689448556880558e-01
1.104670659415643574e-01
1.106640250649015972e-01
1.108598170808962891e-01
1.110544363136746343e-01
1.112478765681373799e-01
1.114401311447912185e-01
1.116311928578880147e-01
1.118210540562344923e-01
1.120097066475153336e-01
1.121971421256704043e-01
1.123833516013740264e-01
1.125683258357687705e-01
1.127520552771667239e-01
1.129345301010753616e-01
1.131157402529559680e-01
1.132956754938756888e-01
1.134743254490155340e-01
1.136516796586156397e-01
1.138277276313650332e-01
1.140024589000713517e-01
1.141758630794436902e-01
1.143479299253135351e-01
1.145186493958327556e-01
1.146880117137369232e-01
1.148560074297661771e-01
1.150226274868985932e-01
1.151878632849842043e-01
1.153517067458242756e-01
1.155141503781492579e-01
1.156751873421771049e-01
1.158348115137631945e-01
1.159930175475694936e-01
1.161498009390245501e-01
1.163051580849547989e-01
1.164590863424200540e-01
1.166115840854414776e-01
1.167626507595655450e-01
1.169122869337662629e-01
1.170604943493566003e-01
1.172072759659975039e-01
1.173526360040959976e-01
1.174965799835945013e-01
1.176391147588162073e-01
1.177802485490551804e-01
1.179199909649714384e-01
1.180583530299863931e-01
1.181953471971046443e-01
1.183309873606423479e-01
1.184652888626031297e-01
1.185982684938951537e-01
1.187299444898243794e-01
1.188603365201322398e-01
1.189894656733011813e-01
1.191173544351348812e-01
1.192440266615426292e-01
1.193695075455863119e-01
1.194938235788617076e-01
1.196170025071999071e-01
1.197390732807271652e-01
1.198600659986111955e-01
1.199800118486303718e-01
1.200989430414524939e-01
1.202168927402339216e-01
1.203338949856538054e-01
1.204499846164815424e-01
1.205651971862590488e-01
1.206795688762086760e-01
1.207931364049499579e-01
1.209059369348778473e-01
1.210180079763663319e-01
1.211293872893461354e-01
1.212401127833455244e-01
1.213502224159015153e-01
1.214597540899946537e-01
1.215687455508309145e-01
1.216772342824094938e-01
1.217852574040946545e-01
1.218928515677281665e-01
1.220000528556969832e-01
1.221068966799842975e-01
1.222134176827290586e-01
1.223196496385381971e-01
1.224256253589227905e-01
1.225313765987212367e-01
1.226369339652490786e-01
1.227423268296862768e-01
1.228475832414674535e-01
1.229527298455937584e-01
1.230577918026775491e-01
1.231627927121487776e-01
1.232677545385758577e-01
1.233726975412073740e-01
1.234776402066509460e-01
1.235825991847725458e-01
1.236875892278866962e-01
1.237926231334828681e-01
1.238977116901619491e-01
1.240028636269855933e-01
1.241080855667406474e-01
1.242133819825504137e-01
1.243187551585550332e-01
1.244242051545604161e-01
1.245297297747761933e-01
1.246353245412205740e-01
1.247409826716034398e-01
1.248466950625406330e-01
1.249524502774947976e-01
1.250582345409083362e-01
1.251640317380651179e-01
1.252698234212419881e-01
1.253755888225351334e-01
1.254813048740903991e-01
1.255869462355404531e-01
1.256924853292819555e-01
1.257978923842264229e-01
1.259031354879212861e-01
1.260081806476706923e-01
1.261129918610707779e-01
1.262175311959218837e-01
1.263217588801953117e-01
1.264256334017788141e-01
1.265291116185985887e-01
1.266321488795403294e-01
1.267346991549843371e-01
1.268367151786458091e-01
1.269381485996187164e-01
1.270389501446178848e-01
1.271390697904865585e-01
1.272384569465887239e-01
1.273370606466952826e-01
1.274348297497612248e-01
1.275317131490240619e-01
1.276276599890068253e-01
1.277226198889209463e-01
1.278165431723929935e-01
1.279093811015135362e-01
1.280010861148791479e-01
1.280916120678247672e-01
1.281809144733649930e-01
1.282689507430997689e-01
1.283556804258305928e-01
1.284410654427628196e-01
1.285250703176931686e-01
1.286076624006775027e-01
1.286888120834361604e-01
1.287684930054338039e-01
1.288466822490496044e-01
1.289233605224738288e-01
1.289985123294095648e-01
1.290721261241968287e-01
1.291441944517529306e-01
1.292147140712234243e-01
1.292836860625405371e-01
1.293511159156170154e-01
1.294170136013767236e-01
1.294813936239747054e-01
1.295442750542513677e-01
1.296056815436973375e-01
1.296656413186289269e-01
1.297241871543527714e-01
1.297813563293218342e-01
1.298371905583037278e-01
1.298917359050238696e-01
1.299450426738449349e-01
1.299971652802856537e-01
1.300481621003468369e-01
1.300980952988886330e-01
1.301470306370498820e-01
1.301950372590152116e-01
1.302421874587004480e-01
1.302885564271332175e-01
1.303342219810868785e-01
1.303792642743721863e-01
1.304237654931794110e-01
1.304678095366488821e-01
1.305114816843578329e-01
1.305548682530813798e-01
1.305980562443699589e-01
1.306411329848241598e-01
1.306841857620741065e-01
1.307273014571000147e-01
1.307705661766140337e-01
1.308140648860242339e-01
1.308578810456982877e-01
1.309020962515174136e-01
1.309467898817207598e-01
1.309920387507947925e-01
1.310379167715263748e-01
1.310844946262482436e-01
1.311318394474928484e-01
1.311800145089146441e-01
1.312290789264655699e-01
1.312790873704903216e-01
1.313300897889005114e-01
1.313821311417907867e-01
1.314352511477881735e-01
1.314894840431055645e-01
1.315448583537299765e-01
1.316013966821839576e-01
1.316591155091967336e-01
1.317180250127779340e-01
1.317781289055341420e-01
1.318394242923536241e-01
1.319019015502486125e-01
1.319655442325610162e-01
1.320303289992206808e-01
1.320962255756908121e-01
1.321631967417312148e-01
1.322311983525899792e-01
1.323001793937784165e-01
1.323700820704377668e-01
1.324408419330040942e-01
1.325123880391384235e-01
1.325846431529991709e-01
1.326575239806729867e-01
1.327309414427352563e-01
1.328048009821416742e-01
1.328790029071974799e-01
1.329534427684531672e-01
1.330280117679171203e-01
1.331025971997828183e-01
1.331770829211770812e-01
1.332513498510501382e-01
1.333252764969886373e-01
1.333987395071178916e-01
1.334716142465015853e-01
1.335437753958024498e-01
1.336150975702153632e-01
1.336854559559047251e-01
1.337547269610298573e-01
1.338227888776329366e-01
1.338895225497413743e-01
1.339548120429264189e-01
1.340185453097965662e-01
1.340806148448021318e-01
1.341409183229974877e-01
1.341993592157499915e-01
1.342558473778260875e-01
1.343102996004365002e-01
1.343626401256815539e-01
1.344128011192970429e-01
1.344607230995039371e-01
1.345063553214951302e-01
1.345496561180715978e-01
1.345905931981987713e-01
1.346291439067822671e-01
1.346652954491977250e-01
1.346990450832201147e-01
1.347304002828572933e-01
1.347593788762596057e-01
1.347860091587571585e-01
1.348103299817740852e-01
1.348323908148748584e-01
1.348522517781277907e-01
1.348699836388997653e-01
1.348856677665557779e-01
1.348993960371500378e-01
1.349112706795570771e-01
1.349214040543803006e-01
1.349299183579059647e-01
1.349369452446319007e-01
1.349426253630117423e-01
1.349471078022256854e-01
1.349505494498553504e-01
1.349531142628261071e-01
1.349549724575558329e-01
1.349562996267841541e-01
1.349572757935657008e-01
1.349580844152566406e-01
1.349589113497609294e-01
1.349599437995558371e-01
1.349613692468431825e-01
1.349633743942700859e-01
1.349661441236938986e-01
1.349698604831402748e-01
1.349747017113527292e-01
1.349808413053915912e-01
1.349884471344243164e-01
1.349976806004818952e-01
1.350086958436546580e-01
1.350216389876592871e-01
1.350366474204395539e-01
1.350538491022704457e-01
1.350733618948841697e-01
1.350952929050084628e-01
1.351197378367237079e-01
1.351467803491236963e-01
1.351764914174180265e-01
1.352089286981125182e-01
1.352441359008601796e-01
1.352821421728161722e-01
1.353229615033368083e-01
1.353665921589166932e-01
1.354130161617022876e-01
1.354621988252865949e-01
1.355140883650541861e-01
1.355686156002068876e-01
1.356256937669133300e-01
1.356852184600411682e-01
1.357470677214006327e-01
1.358111022886254182e-01
1.358771660163013983e-01
1.359450864753285471e-01
1.360146757314375232e-01
1.360857312980403577e-01
1.361580372519710369e-01
1.362313654975750299e-01
1.363054771597073389e-01
1.363801240849992491e-01
1.364550504316478230e-01
1.365299943285550321e-01
1.366046895887801649e-01
1.366788674655193547e-01
1.367522584416434317e-01
1.368245940471365663e-01
1.368956086975679776e-01
1.369650415449109038e-01
1.370326383278209770e-01
1.370981532014199089e-01
1.371613505189827886e-01
1.372220065307176717e-01
1.372799109587283795e-01
1.373348684035179401e-01
1.373866995411080483e-01
1.374352420742499803e-01
1.374803514116175185e-01
1.375219010686399845e-01
1.375597827978248255e-01
1.375939064796211642e-01
1.376241998230493258e-01
1.376506079411240480e-01
1.376730928759613282e-01
1.376916331552574813e-01
1.377062234527509921e-01
1.377168744202366957e-01
1.377236127342236771e-01
1.377264813812778821e-01
1.377255401749558628e-01
1.377208664740951494e-01
1.377125560421416928e-01
1.377007239708723796e-01
1.376855055778949954e-01
1.376670571845176883e-01
1.376455566861291280e-01
1.376212038432622353e-01
1.375942202443353468e-01
1.375648489120288587e-01
1.375333535521133244e-01
1.375000174624120275e-01
1.374651421303887400e-01
1.374290455569033287e-01
1.373920603396871221e-01
1.373545315485729390e-01
1.373168144184530592e-01
1.372792718860403605e-01
1.372422719984772166e-01
1.372061852313395391e-01
1.371713817640395072e-01
1.371382287721802651e-01
1.371070878036518004e-01
1.370783123032188189e-01
1.370522453422733378e-01
1.370292175892472430e-01
1.370095455330799794e-01
1.369935299430008191e-01
1.369814545261305583e-01
1.369735847256924044e-01
1.369701665974552007e-01
1.369714257036716287e-01
1.369775659730091966e-01
1.369887684875848166e-01
1.370051901674929073e-01
1.370269623288293825e-01
1.370541890920091155e-01
1.370869456136442344e-01
1.371252761198268333e-01
1.371691917263794525e-01
1.372186680612556553e-01
1.372736427474154919e-01
1.373340128635865687e-01
1.373996325640648719e-01
1.374703110972655407e-01
1.375458114978434787e-01
1.376258502261771821e-01
1.377100979886967114e-01
1.377981818831776339e-01
1.378896888948853150e-01
1.379841706286839553e-01
1.380811490309462319e-01
1.381801227475322191e-01
1.382805737047280159e-01
1.383819735020982433e-01
1.384837892666515302e-01
1.385854887315599582e-01
1.386865444522763779e-01
1.387864372312929140e-01
1.388846589625612471e-01
1.389807152029049475e-01
1.390741278107408552e-01
1.391644379491777661e-01
1.392512096362760465e-01
1.393340338543343215e-01
1.394125330312211419e-01
1.394863655166057592e-01
1.395552295371816354e-01
1.396188660557709238e-01
1.396770600089985992e-01
1.397296395490414678e-01
1.397764731525147075e-01
1.398174647404129833e-01
1.398525472317551366e-01
1.398816751760133537e-01
1.399048172517271538e-01
1.399219494503812777e-01
1.399330497070033763e-01
1.399380945954107891e-01
1.399370585162315606e-01
1.399299155759361757e-01
1.399166441122445814e-01
1.398972335665338018e-01
1.398716931552452802e-01
1.398400615799049174e-01
1.398024168742719175e-01
1.397588854654426005e-01
1.397096496514114994e-01
1.396549529576936177e-01
1.395951031916594087e-01
1.395304733685512888e-01
1.394615009484003465e-01
1.393886859173658621e-01
1.393125881493419149e-01
1.392338242294340334e-01
1.391530636044886471e-01
1.390710236686745205e-01
1.389884632968814704e-01
1.389061744596072900e-01
1.388249718758064188e-01
1.387456810906881055e-01
1.386691257752787898e-01
1.385961153005364488e-01
1.385274336424853758e-01
1.384638304119311658e-01
1.384060143361980633e-01
1.383546489769975352e-01
1.383103500158519017e-01
1.382736832102527957e-01
1.382451622014196080e-01
1.382252457184805494e-01
1.382143342691093402e-01
1.382127669584963248e-01
1.382208194378587718e-01
1.382387039975355447e-01
1.382665724235216109e-01
1.383045214855680438e-01
1.383526000063012573e-01
1.384108156353980601e-01
1.384791389995823629e-01
1.385575030240506489e-01
1.386457959906969850e-01
1.387438481979337279e-01
1.388514136374403574e-01
1.389681495390107657e-01
1.390935975776839695e-01
1.392271707283087023e-01
1.393681491037844500e-01
1.395156867379747090e-01
1.396688294490029403e-01
1.398265420137395354e-01
1.399877412698205259e-01
1.401513307385237883e-01
1.403162321063775309e-01
1.404814094691158588e-01
1.406458835321050260e-01
1.408087347753968210e-01
1.409690966366859421e-01
1.411261416792959633e-01
1.412790651424331578e-01
1.414270709036567486e-01
1.415693645183993266e-01
1.417051566203802737e-01
1.418336777494634271e-01
1.419542030253344023e-01
1.420660825801176030e-01
1.421687719196080002e-01
1.422618559056424703e-01
1.423450610260204030e-01
1.424182528445512019e-01
1.424814184087136171e-01
1.425346361801853312e-01
1.425780380267696879e-01
1.426117685855058381e-01
1.426359468839428213e-01
1.426506339055065298e-01
1.426558083882823735e-01
1.426513520907414789e-01
1.426370452876539185e-01
1.426125732386845923e-01
1.425775444009183268e-01
1.425315207779943305e-01
1.424740597711961487e-01
1.424047653360409060e-01
1.423233445806716679e-01
1.422296647286543370e-01
1.421238050316153412e-01
1.420060988522847956e-01
1.418771624861100422e-01
1.417379088528898934e-01
1.415895454590571367e-01
1.414335567482425671e-01
1.412716711962075100e-01
1.411058136808866492e-01
1.409380442864289207e-01
1.407704861293438969e-01
1.406052469610062361e-01
1.404443416301815462e-01
1.402896240819678231e-01
1.401427374890721889e-01
1.400050888608266042e-01
1.398778502322986506e-01
1.397619832780678251e-01
1.396582793823533675e-01
1.395674043241324491e-01
1.394899367613868513e-01
1.394263927138088832e-01
1.393772333798372065e-01
1.393428593521409409e-01
1.393235988887168986e-01
1.393196999169893646e-01
1.393313342002514554e-01
1.393586177828462780e-01
1.394016456153801820e-01
1.394605319599608872e-01
1.395354438308918643e-01
1.396266139634546877e-01
1.397343232662470180e-01
1.398588497187138735e-01
1.400003893129874166e-01
1.401589623472595525e-01
1.403343228180699565e-01
1.405258885358014465e-01
1.407327051413548025e-01
1.409534500245327449e-01
1.411864745367880647e-01
1.414298769034917080e-01
1.416815949226361560e-01
1.419395066813046724e-01
1.422015280718465502e-01
1.424656967440006694e-01
1.427302329135979597e-01
1.429935687533961386e-01
1.432543410171108755e-01
1.435113468170075846e-01
1.437634697124622885e-01
1.440095908105926692e-01
1.442485050066577290e-01
1.444788635250736641e-01
1.446991593731621895e-01
1.449077627204621854e-01
1.451030008608399369e-01
1.452832658025116352e-01
1.454471251935494369e-01
1.455934115348500035e-01
1.457212706378717693e-01
1.458301610256662606e-01
1.459198080161215327e-01
1.459901259913955474e-01
1.460411273582157277e-01
1.460728362459379204e-01
1.460852201533513195e-01
1.460781457862321275e-01
1.460513587522848655e-01
1.460044825387784850e-01
1.459370311029529743e-01
1.458484310330325773e-01
1.457380522794755606e-01
1.456052492936513176e-01
1.454494157918657105e-01
1.452700557657808367e-01
1.450668710921113880e-01
1.448398629662864812e-01
1.445894412917511640e-01
1.443165336529805831e-01
1.440226836693600243e-01
1.437101271568191896e-01
1.433818335020167478e-01
1.430414993597008133e-01
1.426934831978640128e-01
1.423426735545721133e-01
1.419942918912794616e-01
1.416536421363819853e-01
1.413258313127245258e-01
1.410154956247506031e-01
1.407265703736584883e-01
1.404621375390923688e-01
1.402243716520139571e-01
1.400145853719547973e-01
1.398333559329871800e-01
1.396806980593688630e-01
1.395562426834190961e-01
1.394593857321856645e-01
1.393893858992423795e-01
1.393454101639542975e-01
1.393265445814925174e-01
1.393317993633977070e-01
1.393601373589619385e-01
1.394105432049222992e-01
1.394821302840247856e-01
1.395742612164259100e-01
1.396866430897579781e-01
1.398193574197639788e-01
1.399727988652506028e-01
1.401475222408520016e-01
1.403440257600506724e-01
1.405625193300179820e-01
1.408027320768326929e-01
1.410638009542926063e-01
1.413442570821392685e-01
1.416420981681345004e-01
1.419549146761329983e-01
1.422800314362917540e-01
1.426146359235742622e-01
1.429558836270338473e-01
1.433009898628407053e-01
1.436473263591587779e-01
1.439925351497673423e-01
1.443346544763287054e-01
1.446722307158817000e-01
1.450043779097310859e-01
1.453307496159459977e-01
1.456514066570560872e-01
1.459665921954587942e-01
1.462764523656385207e-01
1.465807573165844313e-01
1.468786789735642695e-01
1.471686684293773417e-01
1.474484524268656060e-01
1.477151421173010792e-01
1.479654252282856242e-01
1.481957997969859386e-01
1.484028053992026419e-01
1.485832150774801241e-01
1.487341647572920367e-01
1.488532129453073449e-01
1.489383382935612898e-01
1.489878934441913882e-01
1.490005388599633940e-01
1.489751797333355443e-01
1.489109233690151801e-01
1.488070654617545396e-01
1.486631039564320633e-01
1.484787713449836899e-01
1.482540724692053558e-01
1.479893160924260487e-01
1.476851340367408005e-01
1.473424894902532478e-01
1.469626833789255682e-01
1.465473719015688570e-01
1.460986078986880599e-01
1.456189134927596274e-01
1.451113824295426347e-01
1.445797996140139596e-01
1.440287547567393467e-01
1.434637193384935838e-01
1.428910537193382457e-01
1.423179160722347070e-01
1.417520575408322825e-01
1.412015072985955411e-01
1.406741736076550509e-01
1.401774075697742594e-01
1.397175896459163236e-01
1.392998008828426060e-01
1.389276292475007946e-01
1.386031379178362388e-01
1.383269914808389345e-01
1.380987048115389082e-01
1.379169557885005504e-01
1.377798935523143753e-01
1.376853821654508148e-01
1.376311441025090399e-01
1.376148027387913142e-01
1.376338576340478959e-01
1.376856493099875844e-01
1.377673724552960222e-01
1.378761756424883300e-01
1.380093477837468774e-01
1.381645499549672418e-01
1.383400218155120820e-01
1.385346872213894243e-01
1.387481077363266757e-01
1.389802786665928491e-01
1.392313139219743257e-01
1.395011039753317195e-01
1.397890403670678516e-01
1.400938766723412443e-01
1.404137489949247308e-01
1.407463275635272015e-01
1.410890344784123951e-01
1.414392532810100911e-01
1.417944743588389067e-01
1.421523563905525145e-01
1.425107226585542175e-01
1.428675371805589456e-01
1.432209099549957843e-01
1.435691626915950869e-01
1.439109544755800829e-01
1.442454343550722828e-01
1.445723676520231926e-01
1.448921818442820697e-01
1.452058952506073974e-01
1.455149204224946147e-01
1.458207645827284127e-01
1.461246732297385442e-01
1.464272749565432019e-01
1.467282843122837410e-01
1.470263071708668157e-01
1.473187737246468010e-01
1.476020026820216435e-01
1.478713807112076173e-01
1.481216265236089125e-01
1.483471007123471075e-01
1.485421208928625059e-01
1.487012463553332997e-01
1.488195061631879812e-01
1.488925576035917964e-01
1.489167757003408976e-01
1.488892863718913884e-01
1.488079631957394677e-01
1.486714089816932316e-01
1.484789384552667457e-01
1.482305691967643613e-01
1.479270179629356974e-01
1.475696923849388331e-01
1.471606664317612334e-01
1.467026323612493632e-01
1.461988301324028128e-01
1.456529639055346159e-01
1.450691208334635163e-01
1.444517078354974615e-01
1.438054174930042672e-01
1.431352263439885919e-01
1.424464201168019750e-01
1.417446329615104916e-01
1.410358828137935061e-01
1.403265831207467507e-01
1.396235122204903256e-01
1.389337255270043370e-01
1.382644022493206559e-01
1.376226275997987081e-01
1.370151228952132816e-01
1.364479482993249393e-01
1.359262136915790065e-01
1.354538389509205021e-01
1.350334027764967804e-01
1.346661077025234077e-01
1.343518695782046912e-01
1.340895165272829592e-01
1.338770609079272811e-01
1.337119936438077028e-01
1.335915475149399290e-01
1.335128860244382820e-01
1.334731956427400446e-01
1.334696868090710087e-01
1.334995357946240913e-01
1.335598173009356071e-01
1.336474800414234054e-01
1.337594023945795907e-01
1.338925361898571087e-01
1.340441126433410957e-01
1.342118566956424508e-01
1.343941443979173034e-01
1.345900474943422243e-01
1.347992380523638234e-01
1.350217654037128290e-01
1.352577551786452170e-01
1.355071032986153168e-01
1.357692385080742636e-01
1.360430052887224572e-01
1.363266828010542553e-01
1.366181177034713479e-01
1.369149218016456615e-01
1.372146768454277910e-01
1.375150985826968653e-01
1.378141344869603935e-01
1.381099954853743927e-01
1.384011429984864650e-01
1.386862629218447163e-01
1.389642561053633096e-01
1.392342626633017444e-01
1.394957201949828252e-01
1.397484397743192497e-01
1.399926732742517443e-01
1.402291435728398872e-01
1.404590149775042929e-01
1.406837923722105421e-01
1.409051509499509580e-01
1.411247110030228458e-01
1.413437819553767238e-01
1.415631053785986748e-01
1.417826277107385458e-01
1.420013300609210827e-01
1.422171356359460126e-01
1.424269061249980872e-01
1.426265281527095141e-01
1.428110809798235903e-01
1.429750682008219809e-01
1.431126902400643164e-01
1.432181316641978341e-01
1.432858379856331299e-01
1.433107605173198074e-01
1.432885542250816602e-01
1.432157212145479253e-01
1.430897000167991595e-01
1.429089067526138623e-01
1.426727375022275313e-01
1.423815414493709020e-01
1.420365721645973633e-01
1.416399210594005420e-01
1.411944342123469254e-01
1.407036127660795666e-01
1.401714983780315560e-01
1.396025481683899339e-01
1.390015068629101846e-01
1.383732858111142439e-01
1.377228582449477601e-01
1.370551774347985308e-01
1.363751201264189472e-01
1.356874531710327569e-01
1.349968179077098429e-01
1.343077254060176529e-01
1.336245561298633477e-01
1.329515592330586804e-01
1.322928484679176120e-01
1.316523926262621325e-01
1.310339981675845700e-01
1.304412806796330926e-01
1.298776211929569546e-01
1.293461044138863036e-01
1.288494393545872307e-01
1.283898682183271245e-01
1.279690751997989429e-01
1.275881109537502500e-01
1.272473490633799220e-01
1.269464871899092240e-01
1.266845983816417831e-01
1.264602290068228552e-01
1.262715310899079624e-01
1.261164103555001692e-01
1.259926682802260389e-01
1.258981175119994744e-01
1.258306551133211992e-01
1.257882865697172725e-01
1.257691040054543519e-01
1.257712324744704180e-01
1.257927660333131858e-01
1.258317182611694840e-01
1.258860086763686770e-01
1.259534974186341250e-01
1.260320676270248741e-01
1.261197413914244281e-01
1.262148045688965825e-01
1.263159110539794905e-01
1.264221397107364309e-01
1.265329866940408388e-01
1.266482900912067056e-01
1.267680992360899483e-01
1.268925137945693393e-01
1.270215245145559502e-01
1.271548866181987369e-01
1.272920485336925811e-01
1.274321453953939087e-01
1.275740521702791452e-01
1.277164792412309180e-01
1.278580865876684514e-01
1.279975923999238097e-01
1.281338572412298871e-01
1.282659336200364653e-01
1.283930804153234906e-01
1.285147496111269660e-01
1.286305576044182997e-01
1.287402543154837486e-01
1.288437008068542555e-01
1.289408612407162424e-01
1.290318093158206447e-01
1.291167443259449155e-01
1.291960087613502617e-01
1.292700983827222705e-01
1.293396567713093470e-01
1.294054489183369405e-01
1.294683117347230350e-01
1.295290827771934383e-01
1.295885115292731149e-01
1.296471599630452665e-01
1.297053006948905851e-01
1.297628217776106430e-01
1.298191470254629887e-01
1.298731797891649886e-01
1.299232763672997781e-01
1.299672529244579877e-01
1.300024270934830584e-01
1.300256926320529915e-01
1.300336228564596963e-01
1.300225963427303622e-01
1.299889367873149348e-01
1.299290580914982118e-01
1.298396057377490254e-01
1.297175863131897200e-01
1.295604784768878137e-01
1.293663205544713091e-01
1.291337720245241683e-01
1.288621481783299161e-01
1.285514289631032592e-01
1.282022443029908476e-01
1.278158389843455645e-01
1.273940205418571670e-01
1.269390936318356977e-01
1.264537843034481135e-01
1.259411575290971252e-01
1.254045313972787234e-01
1.248473914729100742e-01
1.242733088657655416e-01
1.236858653658678975e-01
1.230885884853225309e-01
1.224848983616648318e-01
1.218780673106586304e-01
1.212711915438520749e-01
1.206671734193720258e-01
1.200687117903842804e-01
1.194782977091803089e-01
1.188982129844663033e-01
1.183305297926166288e-01
1.177771105193897438e-01
1.172396079857868090e-01
1.167194669171039839e-01
1.162179277394137650e-01
1.157360334726027090e-01
1.152746397344049933e-01
1.148344269330910383e-01
1.144159129320358043e-01
1.140194641170974854e-01
1.136453030422978489e-01
1.132935116490797478e-01
1.129640302292596460e-01
1.126566535137807634e-01
1.123710261884087458e-01
1.121066405351115458e-01
1.118628387003306746e-01
1.116388213793791662e-01
1.114336636675360426e-01
1.112463376741210097e-01
1.110757404237957269e-01
1.109207247040965710e-01
1.107801299517145038e-01
1.106528100522126551e-01
1.105376551048182360e-01
1.104336048010026022e-01
1.103396520666132530e-01
1.102548369423240748e-01
1.101782321585782209e-01
1.101089232629905157e-01
1.100459872175901660e-01
1.099884738668125417e-01
1.099353944410890599e-01
1.098857202967161162e-01
1.098383935268552880e-01
1.097923491642259219e-01
1.097465467534551320e-01
1.097000074299805117e-01
1.096518515816877343e-01
1.096013318690246818e-01
1.095478568875001696e-01
1.094910019992023920e-01
1.094305056394478115e-01
1.093662514490820331e-01
1.092982385764303954e-01
1.092265441274593851e-01
1.091512827662582952e-01
1.090725687200756466e-01
1.089904848940641408e-01
1.089050625481181728e-01
1.088162732578859399e-01
1.087240329720247228e-01
1.086282162183010852e-01
1.085286771842882136e-01
1.084252736943182305e-01
1.083178900898210811e-01
1.082064556300349617e-01
1.080909561021327070e-01
1.079714376372136048e-01
1.078480030354285746e-01
1.077208020002418942e-01
1.075900174202166493e-01
1.074558501413235001e-01
1.073185045515251540e-01
1.071781768213989766e-01
1.070350469361824319e-01
1.068892748591791786e-01
1.067410004298330606e-01
1.065903460311218298e-01
1.064374207320578497e-01
1.062823245338709310e-01
1.061251514931847717e-01
1.059659907996040457e-01
1.058049252687058295e-01
1.056420271060563021e-01
1.054773511413650555e-01
1.053109259972252465e-01
1.051427438284390226e-01
1.049727493539738821e-01
1.048008289218474720e-01
1.046268003149282422e-01
1.044504039422079478e-01
1.042712959783476806e-01
1.040890439202259016e-01
1.039031249277867497e-01
1.037129272079062026e-01
1.035177545846346220e-01
1.033168342786067867e-01
1.031093277953265691e-01
1.028943447003950185e-01
1.026709589446390958e-01
1.024382272986805176e-01
1.021952093699604047e-01
1.019409886082931621e-01
1.016746936623311864e-01
1.013955194286452616e-01
1.011027471390236326e-01
1.007957628565517016e-01
1.004740737995485911e-01
1.001373219786938357e-01
9.978529471869543310e-02
9.941793173763223412e-02
9.903532857252762833e-02
9.863773626729796518e-02
9.822555737265896425e-02
9.779933844352156624e-02
9.735975935054358432e-02
9.690761984242612925e-02
9.644382389613957718e-02
9.596936246780431168e-02
9.548529530009487731e-02
9.499273245035917690e-02
9.449281617530259914e-02
9.398670374462654575e-02
9.347555166274806870e-02
9.296050166293411132e-02
9.244266870928419255e-02
9.192313111305637496e-02
9.140292274835386255e-02
9.088302724688115952e-02
9.036437397140739680e-02
8.984783551118397105e-02
8.933422641494623284e-02
8.882430287270595692e-02
8.831876307358779710e-02
8.781824799920304181e-02
8.732334245454628774e-02
8.683457618661293009e-02
8.635242499078239764e-02
8.587731175298414510e-02
8.540960741734851536e-02
8.494963190401631781e-02
8.449765502645409376e-02
8.405389747154801139e-02
8.361853190907150846e-02
8.319168429114331964e-02
8.277343538667117362e-02
8.236382257699211007e-02
8.196284191488135973e-02
8.157045042766729315e-02
8.118656862478716707e-02
8.081108315554905164e-02
8.044384955449168650e-02
8.008469500892172188e-02
7.973342108802418393e-02
7.938980638091645836e-02
7.905360900506112898e-02
7.872456895999471738e-02
7.840241031698384766e-02
7.808684324793133125e-02
7.777756590844313311e-02
7.747426619691469285e-02
7.717662341600976805e-02
7.688430986275357482e-02
7.659699237126225968e-02
7.631433382685573474e-02
7.603599466374655336e-02
7.576163435080301989e-02
7.549091286202458395e-02
7.522349212119086581e-02
7.495903740348235089e-02
7.469721867147924299e-02
7.443771181990681274e-02
7.418019980121640100e-02
7.392437360460224482e-02
7.366993306330919811e-02
7.341658746911933209e-02
7.316405597915591474e-02
7.291206780723161196e-02
7.266036220109112209e-02
7.240868821564867830e-02
7.215680430221824149e-02
7.190447774254504765e-02
7.165148396459812552e-02
7.139760578379816813e-02
7.114263261769294966e-02
7.088635972463126766e-02
7.062858751639954080e-02
7.036912099153821987e-02
7.010776933046529436e-02
6.984434568499085783e-02
6.957866718483808610e-02
6.931055517183121184e-02
6.903983566035573616e-02
6.876634001009528097e-02
6.848990578555672060e-02
6.821037776666047381e-02
6.792760906662613507e-02
6.764146230763444512e-02
6.735181080176165513e-02
6.705853968448394209e-02
6.676154695048190646e-02
6.646074434654372642e-02
6.615605808308519520e-02
6.584742933460281666e-02
6.553481450887016502e-02
6.521818527513809083e-02
6.489752835109345586e-02
6.457284505915497630e-02
6.424415067041651384e-02
6.391147356299292648e-02
6.357485422700481781e-02
6.323434415313720913e-02
6.289000464414606917e-02
6.254190558909517028e-02
6.219012423940611239e-02
6.183474402248910484e-02
6.147585342466506397e-02
6.111354496953768506e-02
6.074791431134326375e-02
6.037905945617574183e-02
6.000708011658834051e-02
5.963207719818181679e-02
5.925415241075326911e-02
5.887340799069885888e-02
5.848994651746569629e-02
5.810387080349373179e-02
5.771528383560085157e-02
5.732428874558645471e-02
5.693098878847876326e-02
5.653548730942686146e-02
5.613788768301034016e-02
5.573829321256786734e-02
5.533680698119912422e-02
5.493353165033799945e-02
5.452856920606999336e-02
5.412202065669582951e-02
5.371398568876165069e-02
5.330456229091366793e-02
5.289384635686267266e-02
5.248193127997853591e-02
5.206890755187917885e-02
5.165486237739781716e-02
5.123987931692047110e-02
5.082403796587918465e-02
5.040741367918258331e-02
4.999007734614092230e-02
4.957209521972198718e-02
4.915352880136955593e-02
4.873443478083939323e-02
4.831486502877305883e-02
4.789486663823488283e-02
4.747448201014152491e-02
4.705374897696018577e-02
4.663270095835432560e-02
4.621136714233348153e-02
4.578977268585099347e-02
4.536793892863052319e-02
4.494588361525642117e-02
4.452362112053249305e-02
4.410116267438445037e-02
4.367851658313038482e-02
4.325568844481900155e-02
4.283268135702614915e-02
4.240949611610507486e-02
4.198613140763123031e-02
4.156258398800717624e-02
4.113884885774915512e-02
4.071491942707921446e-02
4.029078767469093658e-02
3.986644430055361066e-02
3.944187887370519119e-02
3.901707997576019799e-02
3.859203534088848087e-02
3.816673199278398931e-02
3.774115637904137954e-02
3.731529450311935059e-02
3.688913205398003381e-02
3.646265453325431283e-02
3.603584737981195552e-02
3.560869609113435919e-02
3.518118634137545886e-02
3.475330409529590187e-02
3.432503571771003403e-02
3.389636807778347027e-02
3.346728864761826239e-02
3.303778559455621683e-02
3.260784786677749930e-02
3.217746527157176045e-02
3.174662854601201928e-02
3.131532941964810385e-02
3.088356066896070368e-02
3.045131616341437489e-02
3.001859090300709743e-02
2.958538104732462426e-02
2.915168393615765949e-02
2.871749810178399198e-02
2.828282327327075879e-02
2.784766037293698315e-02
2.741201150539411546e-02
2.697587993958943525e-02
2.653927008429045331e-02
2.610218745747828334e-02
2.566463865023565355e-02
2.522663128566534144e-02
2.478817397337084935e-02
2.434927626020641500e-02
2.390994857774820376e-02
2.347020218720664506e-02
2.303004912225371792e-02
2.258950213045073097e-02
2.214857461372105735e-02
2.170728056848994850e-02
2.126563452592352549e-02
2.082365149275375305e-02
2.038134689319672649e-02
1.993873651220169629e-02
1.949583644057250112e-02
1.905266302216373359e-02
1.860923280345547909e-02
1.816556248575852683e-02
1.772166888028333179e-02
1.727756886613591308e-02
1.683327935144024110e-02
1.638881723767202092e-02
1.594419938722929642e-02
1.549944259425504837e-02
1.505456355871592766e-02
1.460957886371337666e-02
1.416450495596576452e-02
1.371935812933248316e-02
1.327415451132740731e-02
1.282891005250186636e-02
1.238364051855952302e-02
1.193836148504294307e-02
1.149308833448911202e-02
1.104783625582749645e-02
1.060262024596562123e-02
1.015745511327315401e-02
9.712355482937697418e-03
9.267335803921243620e-03
8.822410357425123500e-03
8.377593266680055661e-03
7.932898507926597342e-03
7.488339922458896701e-03
7.043931229552953706e-03
6.599686040168887755e-03
6.155617871335472904e-03
5.711740161050997931e-03
5.268066283632437050e-03
4.824609565369107969e-03
4.381383300445363879e-03
3.938400766973056133e-03
3.495675243140516572e-03
3.053220023311835687e-03
2.611048434053275889e-03
2.169173850058255058e-03
1.727609709839702384e-03
1.286369531195362750e-03
8.454669263530497280e-04
4.049156167944254251e-04
-3.527055230687768824e-05
-4.750775980808164445e-04
-9.144913864067702111e-04
-1.353497618852585443e-03
-1.792081820129753445e-03
-2.230229326103367205e-03
-2.667925272382393360e-03
-3.105154583510677871e-03
-3.541901962787973989e-03
-3.978151882744702938e-03
-4.413888576304222586e-03
-4.849096028624768143e-03
-5.283757969696215723e-03
-5.717857867652394177e-03
0.000000000000000000e+00
