-7.467115566730847531e-01
1.215499131663062560e-01
1.251557383449301009e-01
1.285662596021694137e-01
1.318058430969629991e-01
1.348951842262094136e-01
1.378519420704369391e-01
1.406912537292414056e-01
1.434261527889747201e-01
1.460679110740788489e-01
1.486263188287074155e-01
1.511099153232580150e-01
1.535261794017275805e-01
1.558816875397509294e-01
1.581822454530919519e-01
1.604329980912896914e-01
1.626385219008248673e-01
1.648029024893026273e-01
1.669298002251809188e-01
1.690225058318327311e-01
1.710839876546091931e-01
1.731169319746774238e-01
1.751237774981849460e-01
1.771067449506946445e-01
1.790678625466446128e-01
1.810089879721353545e-01
1.829318274134430766e-01
1.848379520748905103e-01
1.867288125592642123e-01
1.886057514230875531e-01
1.904700141710729822e-01
1.923227589125688086e-01
1.941650648690037562e-01
1.959979398930017658e-01
1.978223271358389157e-01
1.996391109798290597e-01
2.014491223355908689e-01
2.032531433893899342e-01
2.050519118740763980e-01
2.068461249263069124e-01
2.086364425843115211e-01
2.104234909727309422e-01
2.122078652143964406e-01
2.139901321038453208e-01
2.157708325716417574e-01
2.175504839656372535e-01
2.193295821704142889e-01
2.211086035839574526e-01
2.228880069674227249e-01
2.246682351815876000e-01
2.264497168216132728e-01
2.282328677597106614e-01
2.300180926041280050e-01
2.318057860812597071e-01
2.335963343462444941e-01
2.353901162274398273e-01
2.371875044079520267e-01
2.389888665477183094e-01
2.407945663487367771e-01
2.426049645651962017e-01
2.444204199605224392e-01
2.462412902123979619e-01
2.480679327669937928e-01
2.499007056432964446e-01
2.517399681884044949e-01
2.535860817843295090e-01
2.554394105071795540e-01
2.573003217394242426e-01
2.591691867355179757e-01
2.610463811425235980e-01
2.629322854752876859e-01
2.648272855480170440e-01
2.667317728626288353e-01
2.686461449546737046e-01
2.705708056979341802e-01
2.725061655684051232e-01
2.744526418686930591e-01
2.764106589131922753e-01
2.783806481751180950e-01
2.803630483958817754e-01
2.823583056568945704e-01
2.843668734145953780e-01
2.863892124983949405e-01
2.884257910714418394e-01
2.904770845540065594e-01
2.925435755089366707e-01
2.946257534882356643e-01
2.967241148399689665e-01
2.988391624742370856e-01
3.009714055870056360e-01
3.031213593402220519e-01
3.052895444966493566e-01
3.074764870080509138e-01
3.096827175548559907e-01
3.119087710359947363e-01
3.141551860074964786e-01
3.164225040683898982e-01
3.187112691933907116e-01
3.210220270114648722e-01
3.233553240299239517e-01
3.257117068046634367e-01
3.280917210568119469e-01
3.304959107374744742e-01
3.329248170418844244e-01
3.353789773763775628e-01
3.378589242803204384e-01
3.403651843077560857e-01
3.428982768731080877e-01
3.454587130659065863e-01
3.480469944413117078e-01
3.506636117926515417e-01
3.533090439133131921e-01
3.559837563567062046e-01
3.586882002020069793e-01
3.614228108355415636e-01
3.641880067570952839e-01
3.669841884209498195e-01
3.698117371223794136e-01
3.726710139393091259e-01
3.755623587400186980e-01
3.784860892673452271e-01
3.814425003090580191e-01
3.844318629646733543e-01
3.874544240179478849e-01
3.905104054235355449e-01
3.936000039158335517e-01
3.967233907470846255e-01
3.998807115604094409e-01
4.030720864021331562e-01
4.062976098769258138e-01
4.095573514472622967e-01
4.128513558766060410e-01
4.161796438154538591e-01
4.195422125252312728e-01
4.229390367357046543e-01
4.263700696272089141e-01
4.298352439288335436e-01
4.333344731210075351e-01
4.368676527288829492e-01
4.404346616923355828e-01
4.440353637952849652e-01
4.476696091376135556e-01
4.513372356301817989e-01
4.550380704939248622e-01
4.587719317433279764e-01
4.625386296342026693e-01
4.663379680565294949e-01
4.701697458536969187e-01
4.740337580509370596e-01
4.779297969766822529e-01
4.818576532635303611e-01
4.858171167169836324e-01
4.898079770433667601e-01
4.938300244310098175e-01
4.978830499814994592e-01
5.019668459921989845e-01
5.060812060925764522e-01
5.102259252424172775e-01
5.144007996003290284e-01
5.186056262766463032e-01
5.228402029844185783e-01
5.271043276064567573e-01
5.313977976967141359e-01
5.357204099357206761e-01
5.400719595598753031e-01
5.444522397847935125e-01
5.488610412418825080e-01
5.532981514454355931e-01
5.577633543066612409e-01
5.622564297077298212e-01
5.667771531474610214e-01
5.713252954653804672e-01
5.759006226500638093e-01
5.805028957323431493e-01
5.851318707624014737e-01
5.897872988660232130e-01
5.944689263734429518e-01
5.991764950107737464e-01
6.039097421444565850e-01
6.086684010660841082e-01
6.134522013059651169e-01
6.182608689629385257e-01
6.230941270396411769e-01
6.279516957726853921e-01
6.328332929498126092e-01
6.377386342076216685e-01
6.426674333050506061e-01
6.476194023720025505e-01
6.525942521322720680e-01
6.575916921038742480e-01
6.626114307807297044e-01
6.676531758007766548e-01
6.727166341076737943e-01
6.778015121121688802e-01
6.829075158598674200e-01
6.880343512113471505e-01
6.931817240401092484e-01
6.983493404510626723e-01
7.035369070223540522e-01
7.087441310698606722e-01
7.139707209337130545e-01
7.192163862822975595e-01
7.244808384299152859e-01
7.297637906608342995e-01
7.350649585536427333e-01
7.403840602967880491e-01
7.457208169887994398e-01
7.510749529139029157e-01
7.564461957870162179e-01
7.618342769602304276e-01
7.672389315869704296e-01
7.726598987378557881e-01
7.780969214664941180e-01
7.835497468235786966e-01
7.890181258181192536e-01
7.945018133281900319e-01
8.000005679617201437e-01
8.055141518723784033e-01
8.110423305320768605e-01
8.165848724670656811e-01
8.221415489603967064e-01
8.277121337281313496e-01
8.332964025723146317e-01
8.388941330188335321e-01
8.445051039431445972e-01
8.501290951906985693e-01
8.557658871960328595e-01
8.614152606057026151e-01
8.670769959092304857e-01
8.727508730818556160e-01
8.784366712426229240e-01
8.841341683316141786e-01
8.898431408077163152e-01
8.955633633714190633e-01
9.012946087119746430e-01
9.070366472835247329e-01
9.127892471087817317e-01
9.185521736135399129e-01
9.243251894911816979e-01
9.301080545987416848e-01
9.359005258838958285e-01
9.417023573439147199e-01
9.475133000154883911e-01
9.533331019960046282e-01
9.591615084951550241e-01
9.649982619170560660e-01
9.708431019714819366e-01
9.766957658140449361e-01
9.825559882141658985e-01
9.884235017500142551e-01
9.942980370290563918e-01
1.000179322933973713e+00
1.006067086891093920e+00
1.011961055161991307e+00
1.017860953155428572e+00
1.023766505758967105e+00
1.029677437688118813e+00
1.035593473853060553e+00
1.041514339739038286e+00
1.047439761801744362e+00
1.053369467873565446e+00
1.059303187581702943e+00
1.065240652774938734e+00
1.071181597958834608e+00
1.077125760737891680e+00
1.083072882263357739e+00
1.089022707685715963e+00
1.094974986611269463e+00
1.100929473560681160e+00
1.106885928430242139e+00
1.112844116953610740e+00
1.118803811163679995e+00
1.124764789854142855e+00
1.130726839039327469e+00
1.136689752411597754e+00
1.142653331795898897e+00
1.148617387600252115e+00
1.154581739260896356e+00
1.160546215682042304e+00
1.166510655668704599e+00
1.172474908350485734e+00
1.178438833598080659e+00
1.184402302427401299e+00
1.190365197393390639e+00
1.196327412969795834e+00
1.202288855915102150e+00
1.208249445621841112e+00
1.214209114448306481e+00
1.220167808031163093e+00
1.226125485576720964e+00
1.232082120129749603e+00
1.238037698817694210e+00
1.243992223068703495e+00
1.249945708802324029e+00
1.255898186590194365e+00
1.261849701786165179e+00
1.267800314623712898e+00
1.273750100279688047e+00
1.279699148902809114e+00
1.285647565605398501e+00
1.291595470418094083e+00
1.297542998205597709e+00
1.303490298543219073e+00
1.309437535552914866e+00
1.315384887698855199e+00
1.321332547540849500e+00
1.327280721446704392e+00
1.333229629261053262e+00
1.339179503933311643e+00
1.345130591101080464e+00
1.351083148632228781e+00
1.357037446122756563e+00
1.362993764353506165e+00
1.368952394702432018e+00
1.374913638515554482e+00
1.380877806435545585e+00
1.386845217688018383e+00
1.392816199326215587e+00
1.398791085435319825e+00
1.404770216295573970e+00
1.410753937505195399e+00
1.416742599064874986e+00
1.422736554423371436e+00
1.428736159485111346e+00
1.434741771582390912e+00
1.440753748411367274e+00
1.446772446935037149e+00
1.452798222253202542e+00
1.458831426442976031e+00
1.464872407369854690e+00
1.470921507473788914e+00
1.476979062530789033e+00
1.483045400394261693e+00
1.489120839719160205e+00
1.495205688671024546e+00
1.501300243625564246e+00
1.507404787861666096e+00
1.513519590252337954e+00
1.519644903958734306e+00
1.525780965132086608e+00
1.531927991628407648e+00
1.538086181742992720e+00
1.544255712968455319e+00
1.550436740784642442e+00
1.556629397484945221e+00
1.562833791046274401e+00
1.569050004049599600e+00
1.575278092656347440e+00
1.581518085649019856e+00
1.587769983540727958e+00
1.594033757761678105e+00
1.600309349927999447e+00
1.606596671199104875e+00
1.612895601729070094e+00
1.619205990218820501e+00
1.625527653571478659e+00
1.631860376658587963e+00
1.638203912198312517e+00
1.644557980751228055e+00
1.650922270835599948e+00
1.657296439164278379e+00
1.663680111005389817e+00
1.670072880667492710e+00
1.676474312109182740e+00
1.682883939673568419e+00
1.689301268944468637e+00
1.695725777726056371e+00
1.702156917139717507e+00
1.708594112836955281e+00
1.715036766325657380e+00
1.721484256402559421e+00
1.727935940690474848e+00
1.734391157272215045e+00
1.740849226418041518e+00
1.747309452398126517e+00
1.753771125376352158e+00
1.760233523376404818e+00
1.766695914314993843e+00
1.773157558094402786e+00
1.779617708747605942e+00
1.786075616628374441e+00
1.792530530639097064e+00
1.798981700489747038e+00
1.805428378979443860e+00
1.811869824294336517e+00
1.818305302313998784e+00
1.824734088919424124e+00
1.831155472295074027e+00
1.837568755218183636e+00
1.843973257328368254e+00
1.850368317369363913e+00
1.856753295398074766e+00
1.863127574951071619e+00
1.869490565164243501e+00
1.875841702836440472e+00
1.882180454431903627e+00
1.888506318012723950e+00
1.894818825095959891e+00
1.901117542427308349e+00
1.907402073664564046e+00
1.913672060964693777e+00
1.919927186466251490e+00
1.926167173662121979e+00
1.932391788654165499e+00
1.938600841285083920e+00
1.944794186139626735e+00
1.950971723410886982e+00
1.957133399624217507e+00
1.963279208215711336e+00
1.969409189958056583e+00
1.975523433230828019e+00
1.981622074132069589e+00
1.987705296424672863e+00
1.993773331318865472e+00
1.999826457085355003e+00
2.005864998498845253e+00
2.011889326110810394e+00
2.017899855350649752e+00
2.023897045456099164e+00
2.029881398231878187e+00
2.035853456640235759e+00
2.041813803222589208e+00
2.047763058356487864e+00
2.053701878348586085e+00
2.059630953368531525e+00
2.065551005225921166e+00
2.071462784994369866e+00
2.077367070486941358e+00
2.083264663587697463e+00
2.089156387442963503e+00
2.095043083519143590e+00
2.100925608530741062e+00
2.106804831245619791e+00
2.112681629173303932e+00
2.118556885142438784e+00
2.124431483775591101e+00
2.130306307868353066e+00
2.136182234680803038e+00
2.142060132151772933e+00
2.147940855044245811e+00
2.153825241032917504e+00
2.159714106747420814e+00
2.165608243781137698e+00
2.171508414681955657e+00
2.177415348938831041e+00
2.183329738981300228e+00
2.189252236208367286e+00
2.195183447068099980e+00
2.201123929204992891e+00
2.207074187698867984e+00
2.213034671417760002e+00
2.219005769506312120e+00
2.224987808036869019e+00
2.230981046844992211e+00
2.236985676578616022e+00
2.243001815982850644e+00
2.249029509447631803e+00
2.255068724842823613e+00
2.261119351664988120e+00
2.267181199517782186e+00
2.273253996949022859e+00
2.279337390662159901e+00
2.285430945121839752e+00
2.291534142565752497e+00
2.297646383437979889e+00
2.303766987251333109e+00
2.309895193885549869e+00
2.316030165324827639e+00
2.322170987833654721e+00
2.328316674568180478e+00
2.334466168616577519e+00
2.340618346456268650e+00
2.346772021818479104e+00
2.352925949940535055e+00
2.359078832188854058e+00
2.365229321031199206e+00
2.371376025333940429e+00
2.377517515958815775e+00
2.383652331631926469e+00
2.389778985054653582e+00
2.395895969228075018e+00
2.402001763957598346e+00
2.408094842505359878e+00
2.414173678359574193e+00
2.420236752084823362e+00
2.426282558220936636e+00
2.432309612196740911e+00
2.438316457224250389e+00
2.444301671140767684e+00
2.450263873164726380e+00
2.456201730531815119e+00
2.462113964982003189e+00
2.467999359061582965e+00
2.473856762211208871e+00
2.479685096610744210e+00
2.485483362747418656e+00
2.491250644682921234e+00
2.496986114988511751e+00
2.502689039322862907e+00
2.508358780627498952e+00
2.513994802914983229e+00
2.519596674627784694e+00
2.525164071546881495e+00
2.530696779231920157e+00
2.536194694973703090e+00
2.541657829246855016e+00
2.547086306647348142e+00
2.552480366306380866e+00
2.557840361772247384e+00
2.563166760353845941e+00
2.568460141924892248e+00
2.573721197187705645e+00
2.578950725399008270e+00
2.584149631563196881e+00
2.589318923100974335e+00
2.594459706002750110e+00
2.599573180479800349e+00
2.604660636125776030e+00
2.609723446608555264e+00
2.614763063905926721e+00
2.619781012108570728e+00
2.624778880809879311e+00
2.629758318105344106e+00
2.634721023225827796e+00
2.639668738829108463e+00
2.644603242976178326e+00
2.649526340819308157e+00
2.654439856030021971e+00
2.659345621995814479e+00
2.664245472817384108e+00
2.669141234136228391e+00
2.674034713827363241e+00
2.678927692590347132e+00
2.683821914476166803e+00
2.688719077386608980e+00
2.693620823587439705e+00
2.698528730276108067e+00
2.703444300249108423e+00
2.708368952715460409e+00
2.713304014303746126e+00
2.718250710315742058e+00
2.723210156277120042e+00
2.728183349842473682e+00
2.733171163108765178e+00
2.738174335397007830e+00
2.743193466557781512e+00
2.748229010861175770e+00
2.753281271526863527e+00
2.758350395951790102e+00
2.763436371688074988e+00
2.768539023223111517e+00
2.773658009608832575e+00
2.778792822981746458e+00
2.783942788012498504e+00
2.789107062313336272e+00
2.794284637831685458e+00
2.799474343244470198e+00
2.804674847363054724e+00
2.809884663553769979e+00
2.815102155166993025e+00
2.820325541960675864e+00
2.825552907500743061e+00
2.830782207507639647e+00
2.836011279114949435e+00
2.841237850997535119e+00
2.846459554320557306e+00
2.851673934453967441e+00
2.856878463392304113e+00
2.862070552811435853e+00
2.867247567693154142e+00
2.872406840437307096e+00
2.877545685384964358e+00
2.882661413662864547e+00
2.887751348265093831e+00
2.892812839276107439e+00
2.897843279145485340e+00
2.902840117914614382e+00
2.907800878301458614e+00
2.912723170543695339e+00
2.917604706904154632e+00
2.922443315741849013e+00
2.927236955054533851e+00
2.931983725398926044e+00
2.936681882103371777e+00
2.941329846684208604e+00
2.945926217388790569e+00
2.950469778789034159e+00
2.954959510358536434e+00
2.959394593969213005e+00
2.963774420255677278e+00
2.968098593797804163e+00
2.972366937084887084e+00
2.976579493228598494e+00
2.980736527404312497e+00
2.984838527006691500e+00
2.988886200514598634e+00
2.992880475069140900e+00
2.996822492776280544e+00
3.000713605754785629e+00
3.004555369956353861e+00
3.008349537792269768e+00
3.012098049608440409e+00
3.015803024055446091e+00
3.019466747406078344e+00
3.023091661877415959e+00
3.026680353019072900e+00
3.030235536232426252e+00
3.033760042486685737e+00
3.037256803305426800e+00
3.040728835092194604e+00
3.044179222870231794e+00
3.047611103511946418e+00
3.051027648532782521e+00
3.054432046527192135e+00
3.057827485324240868e+00
3.061217133939849067e+00
3.064604124407115826e+00
3.067991533561929440e+00
3.071382364865772097e+00
3.074779530348282996e+00
3.078185832751167084e+00
3.081603947961669476e+00
3.085036407820288318e+00
3.088485583394297684e+00
3.091953668811285638e+00
3.095442665746104272e+00
3.098954368661937409e+00
3.102490350907355143e+00
3.106051951771193753e+00
3.109640264602322457e+00
3.113256126097686760e+00
3.116900106863207398e+00
3.120572503348905791e+00
3.124273331253074382e+00
3.128002320489198240e+00
3.131758911791308719e+00
3.135542255039148074e+00
3.139351209354273031e+00
3.143184345024492288e+00
3.147039947286387473e+00
3.150916021990068039e+00
3.154810303154623075e+00
3.158720262404910439e+00
3.162643120272797148e+00
3.166575859326886011e+00
3.170515239084530812e+00
3.174457812646782617e+00
3.178399944984451775e+00
3.182337832788591392e+00
3.186267525792209732e+00
3.190184949450089569e+00
3.194085928855186385e+00
3.197966213758951515e+00
3.201821504542153196e+00
3.205647478978912890e+00
3.209439819617720069e+00
3.213194241592589151e+00
3.216906520670065106e+00
3.220572521322998760e+00
3.224188224619095156e+00
3.227749755707023382e+00
3.231253410679042037e+00
3.234695682589364907e+00
3.238073286415997121e+00
3.241383182753223124e+00
3.244622600037363913e+00
3.247789055118659896e+00
3.250880372004092411e+00
3.253894698617785242e+00
3.256830521438889292e+00
3.259686677900317076e+00
3.262462366449860873e+00
3.265157154197954270e+00
3.267770982099448940e+00
3.270304167633944381e+00
3.272757404977756579e+00
3.275131762674605707e+00
3.277428678836251663e+00
3.279649953923292394e+00
3.281797741170009441e+00
3.283874534739259943e+00
3.285883155700573433e+00
3.287826735944663348e+00
3.289708700150813403e+00
3.291532745939282023e+00
3.293302822344824854e+00
3.295023106752974051e+00
3.296697980449577514e+00
3.298332002933342721e+00
3.299929885146684505e+00
3.301496461781563863e+00
3.303036662816400959e+00
3.304555484443456592e+00
3.306057959539816515e+00
3.307549127837305925e+00
3.309034005938991552e+00
3.310517557328314542e+00
3.312004662506323527e+00
3.313500089388191405e+00
3.315008464083744499e+00
3.316534242176174097e+00
3.318081680612801065e+00
3.319654810313833693e+00
3.321257409610450573e+00
3.322892978622187687e+00
3.324564714692769485e+00
3.326275489014434594e+00
3.328027824577392657e+00
3.329823875601780170e+00
3.331665408612808577e+00
3.333553785336119901e+00
3.335489947593508031e+00
3.337474404380067927e+00
3.339507221304256479e+00
3.341588012555014586e+00
3.343715935553314367e+00
3.345889688418531627e+00
3.348107510361589156e+00
3.350367185084770938e+00
3.352666047248720194e+00
3.355000992031955231e+00
3.357368487790730605e+00
3.359764591797715028e+00
3.362184969024439862e+00
3.364624913909437520e+00
3.367079375044046863e+00
3.369542982689754496e+00
3.372010079031082519e+00
3.374474751049366894e+00
3.376930865886803801e+00
3.379372108546896847e+00
3.381792021752763500e+00
3.384184047750953717e+00
3.386541571818765028e+00
3.388857967190173515e+00
3.391126641082824023e+00
3.393341081467386999e+00
3.395494904188129937e+00
3.397581900017922596e+00
3.399596081202731046e+00
3.401531727044937448e+00
3.403383428066857341e+00
3.405146128304693320e+00
3.406815165297458314e+00
3.408386307364350110e+00
3.409855787791521209e+00
3.411220335593827979e+00
3.412477202558087619e+00
3.413624186320603382e+00
3.414659649282501430e+00
3.415582533213226579e+00
3.416392369442784016e+00
3.417089284589825304e+00
3.417674001822458951e+00
3.418147837691238422e+00
3.418512694621586689e+00
3.418771049192279143e+00
3.418925936366219442e+00
3.418980929876697772e+00
3.418940118997400024e+00
3.418808081952568578e+00
3.418589856237732150e+00
3.418290906133991225e+00
3.417917087701730416e+00
3.417474611543067642e+00
3.416970003617040064e+00
3.416410064389373780e+00
3.415801826597648638e+00
3.415152511909392175e+00
3.414469486752933047e+00
3.413760217606768066e+00
3.413032226031202043e+00
3.412293043732437692e+00
3.411550167935535338e+00
3.410811017335859674e+00
3.410082888859908401e+00
3.409372915436196472e+00
3.408688024916454840e+00
3.408034900232388420e+00
3.407419940816052595e+00
3.406849225255966118e+00
3.406328475132610833e+00
3.405863019962013460e+00
3.405457763198336707e+00
3.405117149285783018e+00
3.404845131825966043e+00
3.404645143008822927e+00
3.404520064550031755e+00
3.404472200458296793e+00
3.404503252034573713e+00
3.404614295538548330e+00
3.404805762980517514e+00
3.405077426475424218e+00
3.405428386557709075e+00
3.405857064781521171e+00
3.406361200863596395e+00
3.406937854528377496e+00
3.407583412142798363e+00
3.408293598147768666e+00
3.409063491237168897e+00
3.409887545190981584e+00
3.410759614247813598e+00
3.411672982894344841e+00
3.412620399961758810e+00
3.413594116933247324e+00
3.414585930395242386e+00
3.415587228577157575e+00
3.416589041931005877e+00
3.417582097689900067e+00
3.418556878300736290e+00
3.419503683568714703e+00
3.420412696255390017e+00
3.421274050772946662e+00
3.422077904493492806e+00
3.422814511072007626e+00
3.423474295071345708e+00
3.424047927075251518e+00
3.424526398404166283e+00
3.424901094500934384e+00
3.425163866040532579e+00
3.425307096839854015e+00
3.425323767697259214e+00
3.425207515377072021e+00
3.424952686065538376e+00
3.424554382744728898e+00
3.424008506070616242e+00
3.423311788451778970e+00
3.422461821147029681e+00
3.421457074271823107e+00
3.420296909674822139e+00
3.418981586681087315e+00
3.417512260735152907e+00
3.415890975011766528e+00
3.414120645106593521e+00
3.412205036991796003e+00
3.410148738505400789e+00
3.407957124751900047e+00
3.405636317893808496e+00
3.403193141917382647e+00
3.400635073023685617e+00
3.397970186331241038e+00
3.395207099573209764e+00
3.392354914418790557e+00
3.389423155974747193e+00
3.386421710919573336e+00
3.383360764637774576e+00
3.380250737644749481e+00
3.377102221570893903e+00
3.373925914995550723e+00
3.370732559506734560e+00
3.367532876475047843e+00
3.364337505170685638e+00
3.361156942948832160e+00
3.358001488266577628e+00
3.354881187216127270e+00
3.351805784055680526e+00
3.348784675897675367e+00
3.345826871305424000e+00
3.342940952125075693e+00
3.340135037516355432e+00
3.337416748905162045e+00
3.334793174550515715e+00
3.332270832585795706e+00
3.329855631770964663e+00
3.327552829716386107e+00
3.325366988928000200e+00
3.323301931581789770e+00
3.321360694394450253e+00
3.319545485232740845e+00
3.317857643182141381e+00
3.316297603685964823e+00
3.314864870101967398e+00
3.313557992663328733e+00
3.312374555451329528e+00
3.311311171609571780e+00
3.310363486729160698e+00
3.309526190084257635e+00
3.308793033240113424e+00
3.308156855447083711e+00
3.307609615209279763e+00
3.307142427441786658e+00
3.306745605726699289e+00
3.306408709345205921e+00
3.306120594978421590e+00
3.305869473221507704e+00
3.305642970290663119e+00
3.305428195485585974e+00
3.305211815034422962e+00
3.304980132875447119e+00
3.304719178706235994e+00
3.304414803269111189e+00
3.304052780406976364e+00
3.303618914963069031e+00
3.303099155184428426e+00
3.302479707974544709e+00
3.301747155135326572e+00
3.300888568648245425e+00
3.299891623039155508e+00
3.298744702905322956e+00
3.297437003769988273e+00
3.295958624534664594e+00
3.294300649990863583e+00
3.292455222145708404e+00
3.290415599541190339e+00
3.288176204298107308e+00
3.285732657208383145e+00
3.283081801743955808e+00
3.280221718220257099e+00
3.277151729451328599e+00
3.273872399043513237e+00
3.270385523033354058e+00
3.266694115005558174e+00
3.262802384277432743e+00
3.258715706350793884e+00
3.254440584714469065e+00
3.249984603269587602e+00
3.245356369105887318e+00
3.240565445989517901e+00
3.235622279609008167e+00
3.230538116224601630e+00
3.225324916765500483e+00
3.219995268542457545e+00
3.214562296556657373e+00
3.209039575919439446e+00
3.203441046221069399e+00
3.197780927921303640e+00
3.192073640145566937e+00
3.186333718818807892e+00
3.180575734029615020e+00
3.174814205969789693e+00
3.169063519720495492e+00
3.163337840381110322e+00
3.157651031272807440e+00
3.152016578810380665e+00
3.146447527827698654e+00
3.140956430454060921e+00
3.135555310122876804e+00
3.130255640181343502e+00
3.125068334282592453e+00
3.120003743726651013e+00
3.115071655592729361e+00
3.110281285126665018e+00
3.105641256503824277e+00
3.101159567681073259e+00
3.096843537357756304e+00
3.092699734712003323e+00
3.088733895168951360e+00
3.084950827535845264e+00
3.081354319069447012e+00
3.077947045213648813e+00
3.074730489909516251e+00
3.071704880800072424e+00
3.068869141768409747e+00
3.066220863510839667e+00
3.063756291584044611e+00
3.061470330690804875e+00
3.059356563731942646e+00
3.057407284076072873e+00
3.055613539295942704e+00
3.053965184147002354e+00
3.052450939937575214e+00
3.051058456943380737e+00
3.049774376554707622e+00
3.048584390681909451e+00
3.047473297649371915e+00
3.046425056087750605e+00
3.045422840699784750e+00
3.044449105565352198e+00
3.043485661328317438e+00
3.042513771856885541e+00
3.041514273848007655e+00
3.040467719752801390e+00
3.039354541011870303e+00
3.038155225695288841e+00
3.036850502880448666e+00
3.035421525892936678e+00
3.033850047823039464e+00
3.032118585060771920e+00
3.030210567210663619e+00
3.028110473791296275e+00
3.025803958967230312e+00
3.023277964995195966e+00
3.020520823430606683e+00
3.017522341178961565e+00
3.014273867153152153e+00
3.010768335354728098e+00
3.007000281924266272e+00
3.002965836752009565e+00
2.998662693716145355e+00
2.994090066436185804e+00
2.989248637728276758e+00
2.984140510381516620e+00
2.978769164723677587e+00
2.973139425381912115e+00
2.967257436459728837e+00
2.961130641642460759e+00
2.954767763855584040e+00
2.948178778169452396e+00
2.941374871739784957e+00
2.934368385723444828e+00
2.927172736274076037e+00
2.919802314662488740e+00
2.912272369775317227e+00
2.904598879062057826e+00
2.896798415717616759e+00
2.888888020053542505e+00
2.880885081521068258e+00
2.872807234999571691e+00
2.864672271378673862e+00
2.856498058947905427e+00
2.848302469570857198e+00
2.840103302798771434e+00
2.831918202399959839e+00
2.823764563011135209e+00
2.815659428893761529e+00
2.807619390765728085e+00
2.799660489150497700e+00
2.791798132946640365e+00
2.784047040157395347e+00
2.776421204723455993e+00
2.768933890221375371e+00
2.761597648518800519e+00
2.754424359403188749e+00
2.747425285272099060e+00
2.740611132586952436e+00
2.733992108839510937e+00
2.727577960952827674e+00
2.721377979794843416e+00
2.715400957411971739e+00
2.709655089451021848e+00
2.704147824377385323e+00
2.698885671252697183e+00
2.693873986011672272e+00
2.689116759779770494e+00
2.684616430844299906e+00
2.680373735527558754e+00
2.676387605150350346e+00
2.672655109578952359e+00
2.669171444539184979e+00
2.665929960002209498e+00
2.662922228644819533e+00
2.660138153999648924e+00
2.657566115372598237e+00
2.655193140667274854e+00
2.653005090759238627e+00
2.650986833163671896e+00
2.649122381569015694e+00
2.647394983022424153e+00
2.645787145611509406e+00
2.644280613725167317e+00
2.642856311580436213e+00
2.641494284932062175e+00
2.640173673233316531e+00
2.638872739396683098e+00
2.637568973085891777e+00
2.636239268993436191e+00
2.634860167331063874e+00
2.633408133004332186e+00
2.631859844854520070e+00
2.630192467674542733e+00
2.628383886641668887e+00
2.626412894320171887e+00
2.624259331695605546e+00
2.621904194019926138e+00
2.619329717428340754e+00
2.616519462368037452e+00
2.613458405254997174e+00
2.610133042026950179e+00
2.606531498715819239e+00
2.602643637269089538e+00
2.598461141553940923e+00
2.593977569650077974e+00
2.589188363732880305e+00
2.584090816363508125e+00
2.578683999485373857e+00
2.572968667679219834e+00
2.566947149049565891e+00
2.560623235703051392e+00
2.554002082479666313e+00
2.547090119108397221e+00
2.539894978375295764e+00
2.532425441208178363e+00
2.524691397907927293e+00
2.516703822150632153e+00
2.508474750683598042e+00
2.500017257853284658e+00
2.491345412025231632e+00
2.482474202290989584e+00
2.473419429184477103e+00
2.464197561434111172e+00
2.454825569623523940e+00
2.445320754140580810e+00
2.435700586782609811e+00
2.425982582258472853e+00
2.416184208754162732e+00
2.406322837984013585e+00
2.396415727234963988e+00
2.386480020599770047e+00
2.376532754640362288e+00
2.366590854958064316e+00
2.356671113795252293e+00
2.346790143806705142e+00
2.336964308265682799e+00
2.327209632058603983e+00
2.317541700095244739e+00
2.307975550257348907e+00
2.298525567594068342e+00
2.289205386498398553e+00
2.280027809014710360e+00
2.271004750117526338e+00
2.262147223252903405e+00
2.253465379288839721e+00
2.244968607101170299e+00
2.236665693685088829e+00
2.228565027483026650e+00
2.220674814248437379e+00
2.213003264866622910e+00
2.205558713075679300e+00
2.198349629678232553e+00
2.191384517206487637e+00
2.184671690913907227e+00
2.178218972618555682e+00
2.172033337895414196e+00
2.166120561050910887e+00
2.160484896133184840e+00
2.155128819013064856e+00
2.150052840449389269e+00
2.145255388286849474e+00
2.140732751904581121e+00
2.136479084014061947e+00
2.132486460933816108e+00
2.128745007669755385e+00
2.125243093812150263e+00
2.121967598082654227e+00
2.118904224659038604e+00
2.116037837918013143e+00
2.113352770490492638e+00
2.110833058150402231e+00
2.108462566424434304e+00
2.106224995845943138e+00
2.104103779579254763e+00
2.102081911184555008e+00
2.100141755011736944e+00
2.098264893713146062e+00
2.096432057036093699e+00
2.094623157071864306e+00
2.092817432804810363e+00
2.090993686426276810e+00
2.089130579400279686e+00
2.087206949666652100e+00
2.085202112676390662e+00
2.083096116697861433e+00
2.080869934615650951e+00
2.078505587496759954e+00
2.075986206903737585e+00
2.073296051262521367e+00
2.070420495552159235e+00
2.067346013295596308e+00
2.064060166340841551e+00
2.060551612675124211e+00
2.056810136695193858e+00
2.052826700677833571e+00
2.048593510906266513e+00
2.044104087340560039e+00
2.039353322559910975e+00
2.034337515021743314e+00
2.029054364397977928e+00
2.023502922901114331e+00
2.017683504968345254e+00
2.011597566274479387e+00
2.005247569439074340e+00
1.998636856287932417e+00
1.991769544607805198e+00
1.984650461724317472e+00
1.977285119522211421e+00
1.969679727628736554e+00
1.961841235065746591e+00
1.953777386818542405e+00
1.945496780674145443e+00
1.937008910857534794e+00
1.928324187474725893e+00
1.919453923641681881e+00
1.910410284904017431e+00
1.901206198151735860e+00
1.891855220155927109e+00
1.882371369584299403e+00
1.872768931010981630e+00
1.863062244437319936e+00
1.853265498009331491e+00
1.843392543477342382e+00
1.833456752425104863e+00
1.823470926163576200e+00
1.813447264275503068e+00
1.803397387815625974e+00
1.793332405137959773e+00
1.783263002973405120e+00
1.773199543691271529e+00
1.763152151613983865e+00
1.753130775925554552e+00
1.743145223672744271e+00
1.733205162093848895e+00
1.723320093837110267e+00
1.713499311008511938e+00
1.703751834589217973e+00
1.694086345308426278e+00
1.684511111500237801e+00
1.675033919532165960e+00
1.665662013297738664e+00
1.656402050537564730e+00
1.647260084464956309e+00
1.638241578274838961e+00
1.629351456980251411e+00
1.620594195797234960e+00
1.611973938047138732e+00
1.603494629812617589e+00
1.595160154973328304e+00
1.586974453687418851e+00
1.578941609939083612e+00
1.571065898586043508e+00
1.563351788110318719e+00
1.555803900709837873e+00
1.548426935565692109e+00
1.541225563754519801e+00
1.534204304383729678e+00
1.527367391389222506e+00
1.520718639310540077e+00
1.514261314550401583e+00
1.507998016431337573e+00
1.501930570237178797e+00
1.496059932848257112e+00
1.490386110981749779e+00
1.484908092614611874e+00
1.479623793674490484e+00
1.474530023941195811e+00
1.469622477448971232e+00
1.464895752721184774e+00
1.460343406409048361e+00
1.455958040406068132e+00
1.451731417900904431e+00
1.447654599167626621e+00
1.443718084379836508e+00
1.439911949367415733e+00
1.436225961488696523e+00
1.432649666492986196e+00
1.429172442592875347e+00
1.425783523747610415e+00
1.422471999118057884e+00
1.419226798817072144e+00
1.416036677032437074e+00
1.412890202512974147e+00
1.409775763954414618e+00
1.406681594825098802e+00
1.403595819391657784e+00
1.400506519533879946e+00
1.397401820454420296e+00
1.394269992373414535e+00
1.391099564478547546e+00
1.387879446594313615e+00
1.384599053222246079e+00
1.381248423925687696e+00
1.377818333687657937e+00
1.374300387012773461e+00
1.370687090232175498e+00
1.366971897656118706e+00
1.363149228804243718e+00
1.359214455799513166e+00
1.355163862036556921e+00
1.350994575307964407e+00
1.346704480515160895e+00
1.342292118695458836e+00
1.337756580065653234e+00
1.333097398899496522e+00
1.328314457182928177e+00
1.323407902209036147e+00
1.318378080857319778e+00
1.313225490675416163e+00
1.307950745563424499e+00
1.302554552278932576e+00
1.297037693441885020e+00
1.291401013283352661e+00
1.285645403854644098e+00
1.279771791410281523e+00
1.273781124680582355e+00
1.267674368256185291e+00
1.261452504938634034e+00
1.255116550514024709e+00
1.248667583042892160e+00
1.242106786742532609e+00
1.235435508287739736e+00
1.228655321368322451e+00
1.221768094003780503e+00
1.214776052690909713e+00
1.207681837948714199e+00
1.200488547036359988e+00
1.193199761208815879e+00
1.185819556442344158e+00
1.178352497813100141e+00
1.170803618488726716e+00
1.163178384639614205e+00
1.155482647667051888e+00
1.147722585196792711e+00
1.139904632483968783e+00
1.132035406265611721e+00
1.124121623613822063e+00
1.116170018845388023e+00
1.108187261842289439e+00
1.100179881136549076e+00
1.092154194771048914e+00
1.084116251328336000e+00
1.076071782738290183e+00
1.068026169668961245e+00
1.059984419583062776e+00
1.051951156964069156e+00
1.043930624796408857e+00
1.035926696077562381e+00
1.027942893885132047e+00
1.019982418283061909e+00
1.012048178094571593e+00
1.004142825338099954e+00
9.962687899844951955e-01
9.884283127198656427e-01
9.806234736650447648e-01
9.728562155030413550e-01
9.651283601660951561e-01
9.574416190195658150e-01
9.497975972217191920e-01
9.421977935284292505e-01
9.346435971579176716e-01
9.271362834182684809e-01
9.196770096609064860e-01
9.122668128178561542e-01
9.049066093839188696e-01
8.975971982879110689e-01
8.903392667076779343e-01
8.831333985459800529e-01
8.759800850369897640e-01
8.688797367929085302e-01
8.618326965508987803e-01
8.548392519410720203e-01
8.478996477476763438e-01
8.410140973491522232e-01
8.341827932546896918e-01
8.274059168366958428e-01
8.206836474647023483e-01
8.140161712327115273e-01
8.074036893587005492e-01
8.008464261494663283e-01
7.943446362207904343e-01
7.878986105079999192e-01
7.815086805322958297e-01
7.751752204347206465e-01
7.688986464340651361e-01
7.626794135843768530e-01
7.565180099340764741e-01
7.504149483959425826e-01
7.443707567648015777e-01
7.383859663709928522e-01
7.324610998282975460e-01
7.265966582540577257e-01
7.207931082362706299e-01
7.150508687314001133e-01
7.093702980145062398e-01
7.037516807835595412e-01
6.981952155363171375e-01
6.927010023813638950e-01
6.872690314976094283e-01
6.818991725052515607e-01
6.765911650419971224e-01
6.713446108506916365e-01
6.661589676590031761e-01
6.610335450944890834e-01
6.559675028058478130e-01
6.509598508798932759e-01
6.460094525489954442e-01
6.411150290923245398e-01
6.362751667425331492e-01
6.314883253432699295e-01
6.267528484424076396e-01
6.220669744792206579e-01
6.174288487100307865e-01
6.128365355283822424e-01
6.082880308598073160e-01
6.037812743509831659e-01
5.993141611204715336e-01
5.948845528883532907e-01
5.904902883585093631e-01
5.861291927794659573e-01
5.817990866586194576e-01
5.774977936522995847e-01
5.732231476892217792e-01
5.689729994174117511e-01
5.647452220833864001e-01
5.605377169667244974e-01
5.563484184942154576e-01
5.521752991524148113e-01
5.480163743048811487e-01
5.438697070004362422e-01
5.397334128330018022e-01
5.356056648878783077e-01
5.314846987778418796e-01
5.273688177434432411e-01
5.232563977653915677e-01
5.191458926121833573e-01
5.150358387274909244e-01
5.109248598495828020e-01
5.068116712491526066e-01
5.026950834714811744e-01
4.985740054779593811e-01
4.944474470932969656e-01
4.903145206830993308e-01
4.861744420059833649e-01
4.820265302098611371e-01
4.778702069604897629e-01
4.737049947176570353e-01
4.695305141921388148e-01
4.653464810355060211e-01
4.611527018306574299e-01
4.569490694628670080e-01
4.527355579600810809e-01
4.485122168976138912e-01
4.442791654656359501e-01
4.400365862989603638e-01
4.357847191672541420e-01
4.315238546205337755e-01
4.272543276810519264e-01
4.229765116634101041e-01
4.186908121995046583e-01
4.143976615341844472e-01
4.100975131455537603e-01
4.057908367355695933e-01
4.014781136224919722e-01
3.971598325560002363e-01
3.928364859652337948e-01
3.885085666407265270e-01
3.841765648412455159e-01
3.798409658128487632e-01
3.755022477007462500e-01
3.711608798335733761e-01
3.668173213579152270e-01
3.624720202020431659e-01
3.581254123501730335e-01
3.537779214076831602e-01
3.494299584441626916e-01
3.450819220997211056e-01
3.407341989420420991e-01
3.363871640629345627e-01
3.320411819022734967e-01
3.276966072845872713e-01
3.233537866525997839e-01
3.190130594795052010e-01
3.146747598348864083e-01
3.103392180799705025e-01
3.060067626596907897e-01
3.016777219580447089e-01
2.973524261783578315e-01
2.930312092097221988e-01
2.887144104361987762e-01
2.844023764484415739e-01
2.800954626166736183e-01
2.757940344860488335e-01
2.714984689604332813e-01
2.672091552442773521e-01
2.629264955194807185e-01
2.586509053397048064e-01
2.543828137329221528e-01
2.501226630111642590e-01
2.458709082922796996e-01
2.416280167481067442e-01
2.373944665984121793e-01
2.331707458767797170e-01
2.289573509982471833e-01
2.247547851637791971e-01
2.205635566364255173e-01
2.163841769268326776e-01
2.122171589255842372e-01
2.080630150156588254e-01
2.039222552003991384e-01
1.997953852757772819e-01
1.956829050727529329e-01
1.915853067933500908e-01
1.875030734579689606e-01
1.834366774774530695e-01
1.793865793607701542e-01
1.753532265638341747e-01
1.713370524827689534e-01
1.673384755905149845e-01
1.633578987146651618e-01
1.593957084516217648e-01
1.554522747093622648e-01
1.515279503722218590e-01
1.476230710783131006e-01
1.437379550999226541e-01
1.398729033183711556e-01
1.360281992830962849e-01
1.322041093463555694e-01
1.284008828640768041e-01
1.246187524560953691e-01
1.208579343160466057e-01
1.171186285656988652e-01
1.134010196464898257e-01
1.097052767422367209e-01
1.060315542281850681e-01
1.023799921415061015e-01
9.875071666829769723e-02
9.514384064373682115e-02
9.155946406168782858e-02
8.799767458948581922e-02
8.445854808587327511e-02
8.094214911800828860e-02
7.744853147594879528e-02
7.397773868062611224e-02
7.052980448380803680e-02
6.710475335777293937e-02
6.370260097207398886e-02
6.032335465547797315e-02
5.696701384285318692e-02
5.363357050308444757e-02
5.032300954899869561e-02
4.703530922754162874e-02
4.377044148895398168e-02
4.052837233511705217e-02
3.730906214711325608e-02
3.411246599062042056e-02
3.093853390073075110e-02
2.778721114606523199e-02
2.465843847214788456e-02
2.155215232531600481e-02
1.846828505834335193e-02
1.540676511728022134e-02
1.236751721201181584e-02
9.350462470589539915e-03
6.355518579023548831e-03
3.382599906885456510e-03
4.316176204536897529e-04
-2.497520215337559885e-03
-5.404908546253451261e-03
-8.290645247119702438e-03
-1.115483104880833458e-02
-1.399756947324641912e-02
-1.681896677502631166e-02
-1.961913188916761600e-02
-2.239817638435412372e-02
-2.515621442133634048e-02
-2.789336271481036161e-02
-3.060974050004362096e-02
-3.330546950247462168e-02
-3.598067391025430023e-02
-3.863548035016051152e-02
-4.127001786578412407e-02
-4.388441789806352133e-02
-4.647881426867309096e-02
-4.905334316543152884e-02
-5.160814312976887835e-02
-5.414335504698904178e-02
-5.665912213847883183e-02
-5.915558995651264834e-02
-6.163290638112140646e-02
-6.409122161996858025e-02
-6.653068821065523386e-02
-6.895146102535593124e-02
-7.135369727886324565e-02
-7.373755653928079634e-02
-7.610320074130319523e-02
-7.845079420324130304e-02
-8.078050364678504569e-02
-8.309249821980660422e-02
-8.538694952292227858e-02
-8.766403163886246630e-02
-8.992392116520234180e-02
-9.216679725061341366e-02
-9.439284163419796314e-02
-9.660223868776551814e-02
-9.879517546186789012e-02
-1.009718417343870994e-01
-1.031324300619619466e-01
-1.052771358346955288e-01
-1.074061573330832714e-01
-1.095196957874909477e-01
-1.116179554396173335e-01
-1.137011436063281727e-01
-1.157694707448214538e-01
-1.178231505190736605e-01
-1.198623998676320718e-01
-1.218874390720140616e-01
-1.238984918248430267e-01
-1.258957852986763992e-01
-1.278795502138027063e-01
-1.298500209046315190e-01
-1.318074353854800929e-01
-1.337520354134707490e-01
-1.356840665491967912e-01
-1.376037782143899879e-01
-1.395114237458948969e-01
-1.414072604451257209e-01
-1.432915496233103103e-01
-1.451645566411144950e-01
-1.470265509423224481e-01
-1.488778060813735760e-01
-1.507185997440952940e-01
-1.525492137605402310e-01
-1.543699341106664069e-01
0.000000000000000000e+00
