-4.434276146728413290e-03
-3.591468782417660179e-03
-2.811649868628185271e-03
-2.033087190306834355e-03
-1.263025367818412532e-03
-5.050428445599497874e-04
2.395619964393400623e-04
9.705766257157759716e-04
1.688296449309856619e-03
2.393239664205517106e-03
3.086007095978448699e-03
3.767214569702394700e-03
4.437461402788514531e-03
5.097316747924364976e-03
5.747314656793792859e-03
6.387953320848128481e-03
7.019696237539932784e-03
7.642974193761059576e-03
8.258187527480224596e-03
8.865708411280629267e-03
9.465883041298774753e-03
1.005903368377591978e-02
1.064546056457673154e-02
1.122544360275404621e-02
1.179924399619972086e-02
1.236710567014172313e-02
1.292925659997725893e-02
1.348591001964233836e-02
1.403726552606679792e-02
1.458351008942340363e-02
1.512481897806543067e-02
1.566135660616152156e-02
1.619327731136705265e-02
1.672072606907792566e-02
1.724383914925764136e-02
1.776274472118816172e-02
1.827756341100655879e-02
1.878840881645249192e-02
1.929538798274511510e-02
1.979860184322975586e-02
2.029814562798111163e-02
2.079410924336629052e-02
2.128657762516788371e-02
2.177563106769914159e-02
2.226134553108950753e-02
2.274379292868421165e-02
2.322304139636508641e-02
2.369915554539187702e-02
2.417219670022505151e-02
2.464222312260641243e-02
2.510929022320381593e-02
2.557345076171908121e-02
2.603475503656636769e-02
2.649325106492174051e-02
2.694898475393503121e-02
2.740200006381930675e-02
2.785233916339705310e-02
2.830004257869341705e-02
2.874514933507354639e-02
2.918769709332433293e-02
2.962772228003725250e-02
3.006526021274769436e-02
3.050034521991664901e-02
3.093301075619916962e-02
3.136328951305029922e-02
3.179121352493145120e-02
3.221681427121042551e-02
3.264012277392238509e-02
3.306116969135790284e-02
3.347998540771546239e-02
3.389660011872312056e-02
3.431104391328271969e-02
3.472334685118080161e-02
3.513353903690398516e-02
3.554165068938962974e-02
3.594771220787323224e-02
3.635175423374393394e-02
3.675380770829120985e-02
3.715390392646227002e-02
3.755207458652388974e-02
3.794835183558857572e-02
3.834276831105466049e-02
3.873535717785675514e-02
3.912615216162378118e-02
3.951518757767445711e-02
3.990249835590482796e-02
4.028812006157608122e-02
4.067208891210039035e-02
4.105444178980169334e-02
4.143521625077400267e-02
4.181445052996783651e-02
4.219218354247192271e-02
4.256845488125134136e-02
4.294330481144745248e-02
4.331677426131821940e-02
4.368890481002479786e-02
4.405973867243981323e-02
4.442931868117234312e-02
4.479768826595945108e-02
4.516489143063468631e-02
4.553097272788638600e-02
4.589597723199067419e-02
4.625995050975739015e-02
4.662293858975476157e-02
4.698498793020604303e-02
4.734614538550517560e-02
4.770645817166921376e-02
4.806597383082669706e-02
4.842474019477027020e-02
4.878280534782501732e-02
4.914021758896421760e-02
4.949702539326249207e-02
4.985327737273945181e-02
5.020902223642056961e-02
5.056430874973308343e-02
5.091918569301141784e-02
5.127370181905049895e-02
5.162790580945013363e-02
5.198184622965520973e-02
5.233557148242186374e-02
5.268912975936724391e-02
5.304256899047631729e-02
5.339593679116409752e-02
5.374928040651001659e-02
5.410264665251084126e-02
5.445608185391412337e-02
5.480963177828315769e-02
5.516334156610943479e-02
5.551725565653847089e-02
5.587141770861948908e-02
5.622587051770663175e-02
5.658065592701231467e-02
5.693581473398625498e-02
5.729138659176659376e-02
5.764740990547678745e-02
5.800392172365756438e-02
5.836095762489817984e-02
5.871855160009818719e-02
5.907673593063827999e-02
5.943554106298300221e-02
5.979499548032971012e-02
6.015512557199426125e-02
6.051595550119768380e-02
6.087750707238956394e-02
6.123979959870848311e-02
6.160284977105617843e-02
6.196667152956172181e-02
6.233127593876833933e-02
6.269667106780570098e-02
6.306286187674910171e-02
6.342985011053718647e-02
6.379763420166099930e-02
6.416620918298093779e-02
6.453556661201406697e-02
6.490569450769741178e-02
6.527657730102748301e-02
6.564819580046715730e-02
6.602052717320240627e-02
6.639354494314171629e-02
6.676721900624205119e-02
6.714151566390760828e-02
6.751639767484414467e-02
6.789182432556076230e-02
6.826775151974111278e-02
6.864413188624159112e-02
6.902091490558324993e-02
6.939804705437663257e-02
6.977547196701552878e-02
7.015313061391323379e-02
7.053096149516673019e-02
7.090890084852910502e-02
7.128688287039400273e-02
7.166483994834940696e-02
7.204270290359646167e-02
7.242040124184623284e-02
7.279786341065688782e-02
7.317501706149311114e-02
7.355178931487042771e-02
7.392810702639734943e-02
7.430389705206018325e-02
7.467908651096322181e-02
7.505360304362240775e-02
7.542737506415636561e-02
7.580033200475934374e-02
7.617240455102103347e-02
7.654352486640449149e-02
7.691362680494927273e-02
7.728264611075547075e-02
7.765052060338044349e-02
7.801719034820117638e-02
7.838259781109563340e-02
7.874668799664680252e-02
7.910940856974038593e-02
7.947070995993762987e-02
7.983054544863581181e-02
8.018887123897508462e-02
8.054564650840922990e-02
8.090083344434520485e-02
8.125439726308379684e-02
8.160630621238436355e-02
8.195653155834140002e-02
8.230504755698311858e-02
8.265183141141314860e-02
8.299686321525161226e-02
8.334012588302013025e-02
8.368160506867027004e-02
8.402128907280534409e-02
8.435916874000848331e-02
8.469523734700355744e-02
8.502949048281710498e-02
8.536192592213434627e-02
8.569254349279616101e-02
8.602134493872808096e-02
8.634833377935123566e-02
8.667351516662931410e-02
8.699689574092291100e-02
8.731848348665080528e-02
8.763828758883857040e-02
8.795631829172373406e-02
8.827258676013320648e-02
8.858710494464717977e-02
8.889988545149990484e-02
8.921094141775592901e-02
8.952028639259429488e-02
8.982793422511081705e-02
9.013389895932458207e-02
9.043819473662582931e-02
9.074083570595616044e-02
9.104183594213660635e-02
9.134120937212471258e-02
9.163896970950910492e-02
9.193513039710232704e-02
9.222970455730249151e-02
9.252270495053767363e-02
9.281414394092053766e-02
9.310403346924128742e-02
9.339238503285678117e-02
9.367920967197879145e-02
9.396451796213767249e-02
9.424832001222976929e-02
9.453062546773735586e-02
9.481144351888035060e-02
9.509078291285766316e-02
9.536865197010899187e-02
9.564505860388596015e-02
9.592001034274189042e-02
9.619351435559744812e-02
9.646557747891276735e-02
9.673620624533800505e-02
9.700540691386748404e-02
9.727318550057262314e-02
9.753954781001422658e-02
9.780449946665384364e-02
9.806804594604495717e-02
9.833019260546652096e-02
9.859094471376106394e-02
9.885030747992359923e-02
9.910828608035179843e-02
9.936488568455115189e-02
9.962011147881240369e-02
9.987396868828374297e-02
1.001264625965144484e-01
1.003775985631414347e-01
1.006273820390490292e-01
1.008758185793452722e-01
1.011229138539280481e-01
1.013686736555864942e-01
1.016131039061351354e-01
1.018562106597345335e-01
1.020980001045547342e-01
1.023384785618920573e-01
1.025776524834373926e-01
1.028155284465861463e-01
1.030521131478608771e-01
1.032874133946235090e-01
1.035214360952781271e-01
1.037541882477462374e-01
1.039856769268772962e-01
1.042159092703078271e-01
1.044448924634601567e-01
1.046726337233387788e-01
1.048991402815523111e-01
1.051244193664729876e-01
1.053484781849219065e-01
1.055713239030694195e-01
1.057929636271505297e-01
1.060134043837399898e-01
1.062326530998789209e-01
1.064507165830847479e-01
1.066676015013939688e-01
1.068833143634617677e-01
1.070978614988514765e-01
1.073112490386959050e-01
1.075234828964494044e-01
1.077345687492974047e-01
1.079445120199146457e-01
1.081533178587742727e-01
1.083609911270321524e-01
1.085675363800589349e-01
1.087729578516982015e-01
1.089772594391960892e-01
1.091804446890093927e-01
1.093825167834218126e-01
1.095834785280743462e-01
1.097833323405838779e-01
1.099820802400770792e-01
1.101797238379779997e-01
1.103762643299181917e-01
1.105717024890203598e-01
1.107660386605730241e-01
1.109592727580690219e-01
1.111514042609529629e-01
1.113424322138421574e-01
1.115323552276609870e-01
1.117211714823907187e-01
1.119088787317860378e-01
1.120954743099962653e-01
1.122809551401004746e-01
1.124653177447680896e-01
1.126485582587398171e-01
1.128306724436246300e-01
1.130116557044546499e-01
1.131915031084829437e-01
1.133702094059547139e-01
1.135477690527467859e-01
1.137241762349656404e-01
1.138994248956640282e-01
1.140735087630348477e-01
1.142464213805788886e-01
1.144181561388904755e-01
1.145887063091752256e-01
1.147580650781222927e-01
1.149262255843105651e-01
1.150931809561091812e-01
1.152589243506380867e-01
1.154234489940730302e-01
1.155867482230307636e-01
1.157488155268360519e-01
1.159096445908095185e-01
1.160692293402476039e-01
1.162275639851599596e-01
1.163846430653405206e-01
1.165404614961240148e-01
1.166950146141963462e-01
1.168482982235286710e-01
1.170003086413800020e-01
1.171510427439404201e-01
1.173004980115937013e-01
1.174486725736994946e-01
1.175955652523242995e-01
1.177411756051796460e-01
1.178855039672877802e-01
1.180285514909494710e-01
1.181703201843216366e-01
1.183108129479298887e-01
1.184500336089092665e-01
1.185879869530459402e-01
1.187246787540269938e-01
1.188601157998872559e-01
1.189943059163952044e-01
1.191272579871677922e-01
1.192589819702771226e-01
1.193894889111970364e-01
1.195187909518782288e-01
1.196469013360176858e-01
1.197738344101263591e-01
1.198996056202784322e-01
1.200242315048449526e-01
1.201477296826136687e-01
1.202701188366392115e-01
1.203914186936148600e-01
1.205116499988182627e-01
1.206308344868133181e-01
1.207489948475813368e-01
1.208661546885081567e-01
1.209823384922830425e-01
1.210975715705324279e-01
1.212118800136946783e-01
1.213252906369788053e-01
1.214378309229388608e-01
1.215495289605224988e-01
1.216604133808904531e-01
1.217705132903992848e-01
1.218798582007987602e-01
1.219884779569732625e-01
1.220964026624980492e-01
1.222036626032248358e-01
1.223102881694217436e-01
1.224163097761958863e-01
1.225217577831178850e-01
1.226266624130405020e-01
1.227310536701535365e-01
1.228349612581376427e-01
1.229384144982331034e-01
1.230414422475343827e-01
1.231440728178796046e-01
1.232463338956975990e-01
1.233482524626883514e-01
1.234498547179358197e-01
1.235511660013396407e-01
1.236522107187479486e-01
1.237530122689847883e-01
1.238535929728817181e-01
1.239539740042342464e-01
1.240541753233254385e-01
1.241542156126316937e-01
1.242541122153301703e-01
1.243538810762653962e-01
1.244535366856722169e-01
1.245530920259162733e-01
1.246525585212704124e-01
1.247519459906009653e-01
1.248512626036043793e-01
1.249505148402792476e-01
1.250497074538820252e-01
1.251488434378259518e-01
1.252479239962112634e-01
1.253469485185331744e-01
1.254459145585487267e-01
1.255448178178617535e-01
1.256436521338439860e-01
1.257424094726884434e-01
1.258410799275783420e-01
1.259396517222459155e-01
1.260381112200887055e-01
1.261364429393998510e-01
1.262346295745451208e-01
1.263326520236496275e-01
1.264304894227870901e-01
1.265281191872175137e-01
1.266255170594870472e-01
1.267226571649361921e-01
1.268195120745825577e-01
1.269160528754491035e-01
1.270122492487922305e-01
1.271080695558915175e-01
1.272034809316347215e-01
1.272984493861612776e-01
1.273929399138653273e-01
1.274869166102563234e-01
1.275803427964311010e-01
1.276731811506877645e-01
1.277653938471204065e-01
1.278569427010906867e-01
1.279477893210373696e-01
1.280378952659728953e-01
1.281272222085763357e-01
1.282157321027984631e-01
1.283033873557009874e-01
1.283901510027928572e-01
1.284759868855234743e-01
1.285608598310122863e-01
1.286447358322155843e-01
1.287275822281844506e-01
1.288093678831979672e-01
1.288900633636817505e-01
1.289696411121473985e-01
1.290480756167523557e-01
1.291253435759262269e-01
1.292014240564055005e-01
1.292762986445483153e-01
1.293499515889930396e-01
1.294223699346088163e-01
1.294935436463650058e-01
1.295634657224520314e-01
1.296321322960623801e-01
1.296995427249245658e-01
1.297656996679431574e-01
1.298306091487536895e-01
1.298942806054643739e-01
1.299567269256709789e-01
1.300179644673052082e-01
1.300780130642130439e-01
1.301368960165738831e-01
1.301946400654896974e-01
1.302512753519791400e-01
1.303068353600939089e-01
1.303613568439402626e-01
1.304148797385051017e-01
1.304674470546420828e-01
1.305191047579086217e-01
1.305699016318374039e-01
1.306198891252730587e-01
1.306691211850118939e-01
1.307176540734349968e-01
1.307655461722872781e-01
1.308128577724511077e-01
1.308596508520453172e-01
1.309059888418785400e-01
1.309519363809716619e-01
1.309975590619835428e-01
1.310429231685736329e-01
1.310880954057485892e-01
1.311331426241003628e-01
1.311781315400525061e-01
1.312231284527808906e-01
1.312681989592570653e-01
1.313134076694436325e-01
1.313588179214540408e-01
1.314044914996266022e-01
1.314504883553770653e-01
1.314968663319924791e-01
1.315436808951928882e-01
1.315909848694470641e-01
1.316388281813331007e-01
1.316872576109222037e-01
1.317363165512361600e-01
1.317860447775765220e-01
1.318364782264087598e-01
1.318876487854931945e-01
1.319395840954535881e-01
1.319923073637237487e-01
1.320458371923196872e-01
1.321001874198819426e-01
1.321553669788259333e-01
1.322113797696657655e-01
1.322682245528326028e-01
1.323258948594456252e-01
1.323843789222851619e-01
1.324436596282260736e-01
1.325037144934020916e-01
1.325645156618232012e-01
1.326260299291623090e-01
1.326882187919255218e-01
1.327510385233879875e-01
1.328144402768069998e-01
1.328783702159275770e-01
1.329427696737991438e-01
1.330075753395163762e-01
1.330727194727135687e-01
1.331381301458593736e-01
1.332037315136384015e-01
1.332694441085202353e-01
1.333351851623508777e-01
1.334008689521063717e-01
1.334664071695224608e-01
1.335317093122001531e-01
1.335966830960131080e-01
1.336612348861411226e-01
1.337252701456024262e-01
1.337886938986082019e-01
1.338514112071580997e-01
1.339133276582010201e-01
1.339743498584037851e-01
1.340343859343468558e-01
1.340933460336880545e-01
1.341511428257717853e-01
1.342076919962047477e-01
1.342629127336193995e-01
1.343167282036386023e-01
1.343690660078833699e-01
1.344198586234403303e-01
1.344690438208066274e-01
1.345165650575897431e-01
1.345623718454421747e-01
1.346064200889272311e-01
1.346486723952988185e-01
1.346890983543652665e-01
1.347276747883313086e-01
1.347643859718444803e-01
1.347992238225377282e-01
1.348321880623668811e-01
1.348632863503095303e-01
1.348925343859887493e-01
1.349199559844299900e-01
1.349455831206316792e-01
1.349694559429764351e-01
1.349916227528711044e-01
1.350121399491707452e-01
1.350310719337293186e-01
1.350484909748702333e-01
1.350644770264390060e-01
1.350791174987882592e-01
1.350925069792426880e-01
1.351047469002980006e-01
1.351159451539217793e-01
1.351262156526828184e-01
1.351356778378218493e-01
1.351444561368377317e-01
1.351526793742602595e-01
1.351604801394027389e-01
1.351679941171007593e-01
1.351753593870105852e-01
1.351827156988409384e-01
1.351902037302431525e-01
1.351979643341337245e-01
1.352061377830562350e-01
1.352148630158771236e-01
1.352242768933753780e-01
1.352345134665284554e-01
1.352457032620436872e-01
1.352579725870834970e-01
1.352714428546678838e-01
1.352862299310697847e-01
1.353024435045277751e-01
1.353201864743440175e-01
1.353395543598869266e-01
1.353606347272963695e-01
1.353835066340179916e-01
1.354082400901507888e-01
1.354348955365713147e-01
1.354635233413637174e-01
1.354941633164775672e-01
1.355268442583720812e-01
1.355615835159149352e-01
1.355983865928695187e-01
1.356372467902965395e-01
1.356781448972340098e-01
1.357210489380716034e-01
1.357659139852205876e-01
1.358126820471638740e-01
1.358612820399333898e-01
1.359116298512115240e-01
1.359636285044624748e-01
1.360171684288956628e-01
1.360721278398514533e-01
1.361283732315816397e-01
1.361857599823007581e-01
1.362441330689904140e-01
1.363033278870844633e-01
1.363631711687199877e-01
1.364234819912943930e-01
1.364840728666081304e-01
1.365447509009676264e-01
1.366053190162329900e-01
1.366655772205629393e-01
1.367253239198092107e-01
1.367843572576806777e-01
1.368424764739851751e-01
1.368994832702460085e-01
1.369551831673296582e-01
1.370093868419668404e-01
1.370619114246944548e-01
1.371125817418502590e-01
1.371612314817916012e-01
1.372077042669571645e-01
1.372518546144430307e-01
1.372935487696002044e-01
1.373326654033893146e-01
1.373690961673331157e-01
1.374027461099484593e-01
1.374335339630262387e-01
1.374613923141500549e-01
1.374862676882643853e-01
1.375081205657307792e-01
1.375269253642607548e-01
1.375426704159583846e-01
1.375553579628891188e-01
1.375650041923765776e-01
1.375716393240034308e-01
1.375753077502482880e-01
1.375760682247483824e-01
1.375739940807234607e-01
1.375691734557922263e-01
1.375617094927230888e-01
1.375517204819830530e-01
1.375393399146330742e-01
1.375247164148038215e-01
1.375080135278164140e-01
1.374894093480065194e-01
1.374690959765637599e-01
1.374472788093308584e-01
1.374241756595138420e-01
1.374000157260549526e-01
1.373750384205029984e-01
1.373494920673743735e-01
1.373236324941519149e-01
1.372977215263018747e-01
1.372720254061416123e-01
1.372468131533988167e-01
1.372223548904540347e-01
1.371989201551089277e-01
1.371767762277346647e-01
1.371561864971923284e-01
1.371374088886979647e-01
1.371206943714356474e-01
1.371062855556455795e-01
1.370944153812043709e-01
1.370853058872477104e-01
1.370791670485228264e-01
1.370761956520947233e-01
1.370765741890292155e-01
1.370804697309878639e-01
1.370880327658692277e-01
1.370993959691181319e-01
1.371146728943061777e-01
1.371339565730993471e-01
1.371573180240113765e-01
1.371848046807095378e-01
1.372164387623497905e-01
1.372522156255216452e-01
1.372921021546646969e-01
1.373360352670287277e-01
1.373839206231297627e-01
1.374356316476835760e-01
1.374910089699224736e-01
1.375498603821361798e-01
1.376119613990798851e-01
1.376770564680607767e-01
1.377448608372738859e-01
1.378150630464860804e-01
1.378873279591812939e-01
1.379613002185604564e-01
1.380366079877902719e-01
1.381128668271286719e-01
1.381896835738713747e-01
1.382666601160328357e-01
1.383433969918822226e-01
1.384194967868495052e-01
1.384945673408259637e-01
1.385682248063430100e-01
1.386400966095655551e-01
1.387098243582894352e-01
1.387770667133205182e-01
1.388415021960226481e-01
1.389028318530715622e-01
1.389607816501530757e-01
1.390151044303800376e-01
1.390655812605710306e-01
1.391120220069025637e-01
1.391542650326728914e-01
1.391921759895100585e-01
1.392256457718743234e-01
1.392545878044467167e-01
1.392789349205315053e-01
1.392986361516582450e-01
1.393136537713745571e-01
1.393239609234719345e-01
1.393295401096967534e-01
1.393303827283341456e-01
1.393264897514574219e-01
1.393178735126115730e-01
1.393045604629922496e-01
1.392865946517021503e-01
1.392640416091938949e-01
1.392369922725132381e-01
1.392055666012441406e-01
1.391699165955374018e-01
1.391302285345923928e-01
1.390867243938478937e-01
1.390396625294722244e-01
1.389893378186664863e-01
1.389360814738062333e-01
1.388802607028672420e-01
1.388222782728769922e-01
1.387625718797887431e-01
1.387016130825600158e-01
1.386399054687120491e-01
1.385779817152231197e-01
1.385163993085047340e-01
1.384557348657553255e-01
1.383965772226350421e-01
1.383395196602585642e-01
1.382851517874545411e-01
1.382340516345421655e-01
1.381867784456109471e-01
1.381438664980719488e-01
1.381058200736225428e-01
1.380731095133881370e-01
1.380461681604782109e-01
1.380253899525538952e-01
1.380111274817591438e-01
1.380036904499657435e-01
1.380033445694233696e-01
1.380103110219432772e-01
1.380247665640168819e-01
1.380468442240610771e-01
1.380766343211504155e-01
1.381141852995677322e-01
1.381595037104712542e-01
1.382125526599145837e-01
1.382732482303583865e-01
1.383414537729355520e-01
1.384169724873595686e-01
1.384995392582912266e-01
1.385888131534196710e-01
1.386843721928681661e-01
1.387857118923103705e-01
1.388922486542412127e-01
1.390033283992941349e-01
1.391182400210337899e-01
1.392362324653173833e-01
1.393565336337370120e-01
1.394783690039443358e-01
1.396009779089604497e-01
1.397236258101767770e-01
1.398456115833740798e-01
1.399662696893073655e-01
1.400849679894607125e-01
1.402011027355359318e-01
1.403140927721108489e-01
1.404233751296208865e-01
1.405284038986531203e-01
1.406286535777443725e-01
1.407236270797884992e-01
1.408128674430425276e-01
1.408959712731950309e-01
1.409726012767512360e-01
1.410424951304959373e-01
1.411054684195118536e-01
1.411614103745575943e-01
1.412102724134902676e-01
1.412520507328961505e-01
1.412867651261777990e-01
1.413144366584877243e-01
1.413350667873774780e-01
1.413486201249432028e-01
1.413550124851631062e-01
1.413541053373451595e-01
1.413457073615127513e-01
1.413295834268328277e-01
1.413054708701822482e-01
1.412731023280560660e-01
1.412322335969543874e-01
1.411826742148117320e-01
1.411243179258975800e-01
1.410571701384163434e-01
1.409813699919252039e-01
1.408972055984050453e-01
1.408051221175021239e-01
1.407057232172317929e-01
1.405997668896571129e-01
1.404881564682158857e-01
1.403719271956599957e-01
1.402522281532454229e-01
1.401302991602043080e-01
1.400074426328173915e-01
1.398849913587290050e-01
1.397642744163935524e-01
1.396465845884691803e-01
1.395331510753869964e-01
1.394251207782170598e-01
1.393235498766518254e-01
1.392294052114957936e-01
1.391435727190461213e-01
1.390668685524338866e-01
1.390000480981741504e-01
1.389438090650740310e-01
1.388987869524113128e-01
1.388655439212345688e-01
1.388445546142232367e-01
1.388361940269058625e-01
1.388407325961559247e-01
1.388583420747290242e-01
1.388891128169303379e-01
1.389330795351992609e-01
1.389902493964143004e-01
1.390606245135743713e-01
1.391442111481553667e-01
1.392410104138477600e-01
1.393509894452065190e-01
1.394740367973786865e-01
1.396099099748238648e-01
1.397581853162227494e-01
1.399182204006408359e-01
1.400891367921704433e-01
1.402698270416066206e-01
1.404589854369024393e-01
1.406551580255971101e-01
1.408568045610196218e-01
1.410623634967612949e-01
1.412703109413211422e-01
1.414792054671316635e-01
1.416877127738940811e-01
1.418946073576749234e-01
1.420987523225049898e-01
1.422990627800261310e-01
1.424944621013204404e-01
1.426838426321089814e-01
1.428660424911055715e-01
1.430398472883119276e-01
1.432040202545601937e-01
1.433573573861756101e-01
1.434987574830953461e-01
1.436272923339314000e-01
1.437422613299076390e-01
1.438432179674504208e-01
1.439299622076252172e-01
1.440025005438503036e-01
1.440609825301969737e-01
1.441056265069012021e-01
1.441366474893061023e-01
1.441541971330702609e-01
1.441583208398971860e-01
1.441489323273845713e-01
1.441258029322960155e-01
1.440885622894193530e-01
1.440367084963223021e-01
1.439696283060500626e-01
1.438866298545940503e-01
1.437869908392969132e-01
1.436700235763608557e-01
1.435351554629794024e-01
1.433820200591201521e-01
1.432105513647577988e-01
1.430210725702430463e-01
1.428143706765464260e-01
1.425917494593816337e-01
1.423550546208496026e-01
1.421066661960090904e-01
1.418494544332168372e-01
1.415866970307783079e-01
1.413219585856886340e-01
1.410589378128545568e-01
1.408012941391193762e-01
1.405524712755140959e-01
1.403155392709925786e-01
1.400930763747957608e-01
1.398871067578277838e-01
1.396991003421099442e-01
1.395300288957801171e-01
1.393804614636542649e-01
1.392506753805221598e-01
1.391407586314338252e-01
1.390506853477770088e-01
1.389803569179051401e-01
1.389296132947256679e-01
1.388982288989102920e-01
1.388859119878433912e-01
1.388923239497933670e-01
1.389171262278040553e-01
1.389600500559264318e-01
1.390209719441538594e-01
1.390999702171238639e-01
1.391973381008937971e-01
1.393135376651946089e-01
1.394490941700615438e-01
1.396044473330887992e-01
1.397797890362214857e-01
1.399749215076949715e-01
1.401891644783498370e-01
1.404213263523857447e-01
1.406697380151627486e-01
1.409323343807122875e-01
1.412067625073274157e-01
1.414904972153319951e-01
1.417809531125840405e-01
1.420755907655310291e-01
1.423720193241138354e-01
1.426680955888104396e-01
1.429620116682727704e-01
1.432523547895372396e-01
1.435381192109210224e-01
1.438186551372777067e-01
1.440935526665038380e-01
1.443624759235741517e-01
1.446249776323410008e-01
1.448803320249063276e-01
1.451274214005898455e-01
1.453646994825164296e-01
1.455902366584753416e-01
1.458018335684349298e-01
1.459971754308521108e-01
1.461739933272844238e-01
1.463302011305748773e-01
1.464639861576720048e-01
1.465738446788765470e-01
1.466585664552734203e-01
1.467171824559270477e-01
1.467488950711599016e-01
1.467530101452495517e-01
1.467288859047773675e-01
1.466759070621494188e-01
1.465934850365339659e-01
1.464810792001626505e-01
1.463382306289386925e-01
1.461645995263330944e-01
1.459599999716561514e-01
1.457244298751694811e-01
1.454580985708061602e-01
1.451614579299244090e-01
1.448352442163236831e-01
1.444805366963447246e-01
1.440988354325673515e-01
1.436921552914824374e-01
1.432631268219839993e-01
1.428150883341950950e-01
1.423521485174097656e-01
1.418791968094317013e-01
1.414018409779390084e-01
1.409262589644317276e-01
1.404589647365338256e-01
1.400065038738299572e-01
1.395751105708401274e-01
1.391703696148659242e-01
1.387969309837804865e-01
1.384583188733304604e-01
1.381568614890846536e-01
1.378937457510716336e-01
1.376691771328751868e-01
1.374826050518389298e-01
1.373329637344518073e-01
1.372188804062620671e-01
1.371388169803010315e-01
1.370911346613623849e-01
1.370740966208512657e-01
1.370858442708308145e-01
1.371243906720837624e-01
1.371876666738259531e-01
1.372736331389383391e-01
1.373804430796702336e-01
1.375066111250345946e-01
1.376511347193534462e-01
1.378135180224209499e-01
1.379936750592068995e-01
1.381917254148493368e-01
1.384077309234509334e-01
1.386414422110254785e-01
1.388921214452584207e-01
1.391584827211711228e-01
1.394387535003423495e-01
1.397308237583865798e-01
1.400324272747888454e-01
1.403412988050878052e-01
1.406552701907871628e-01
1.409722990455510028e-01
1.412904532273583647e-01
1.416078915422344653e-01
1.419228797281989474e-01
1.422338618497187845e-01
1.425395789143297787e-01
1.428392005054335834e-01
1.431324217251564723e-01
1.434194813747425856e-01
1.437010759073646671e-01
1.439781702002377317e-01
1.442517319922143326e-01
1.445224348199964093e-01
1.447903806606569699e-01
1.450548880918986761e-01
1.453143774251973719e-01
1.455663653949477165e-01
1.458075631877839007e-01
1.460340564624175441e-01
1.462415365606385687e-01
1.464255488788647197e-01
1.465817268137361851e-01
1.467059866304647187e-01
1.467946685005562524e-01
1.468446200442338478e-01
1.468532290799706708e-01
1.468184200565331721e-01
1.467386323178289098e-01
1.466127972369541121e-01
1.464403258286056941e-01
1.462211104215597746e-01
1.459555359287701970e-01
1.456444908458328358e-01
1.452893671017377875e-01
1.448920414566967907e-01
1.444548377849885767e-01
1.439804767246115058e-01
1.434720242138078361e-01
1.429328516930649107e-01
1.423666179667300025e-01
1.417772768721768939e-01
1.411691076634057906e-01
1.405467580724864274e-01
1.399152847009411671e-01
1.392801725841562588e-01
1.386473159539736155e-01
1.380229455848120401e-01
1.374134945466236046e-01
1.368254032336173043e-01
1.362648752313727618e-01
1.357376063810473155e-01
1.352485181820566318e-01
1.348015310752445073e-01
1.343994111873706432e-01
1.340437149889231461e-01
1.337348410027429102e-01
1.334721790209518200e-01
1.332543293345970215e-01
1.330793515898707480e-01
1.329449985178344229e-01
1.328488956395727505e-01
1.327886434440270491e-01
1.327618402788140473e-01
1.327660469072235172e-01
1.327987309092777679e-01
1.328572351165584475e-01
1.329388061636024576e-01
1.330406984231110590e-01
1.331603409250559089e-01
1.332955290108542856e-01
1.334445871760592817e-01
1.336064506232828852e-01
1.337806312762613303e-01
1.339670646055078351e-01
1.341658673994354234e-01
1.343770627597487277e-01
1.346003383040760837e-01
1.348348933852596687e-01
1.350794045716163516e-01
1.353321049164201983e-01
1.355909430428128837e-01
1.358537718235012792e-01
1.361185170419589308e-01
1.363832914652758632e-01
1.366464425864589161e-01
1.369065448906338356e-01
1.371623630938542393e-01
1.374128175870617807e-01
1.376569771282210308e-01
1.378940898050897146e-01
1.381236466553622533e-01
1.383454584879811877e-01
1.385597192372421405e-01
1.387670298737205266e-01
1.389683643148457715e-01
1.391649702351997753e-01
1.393582101047736721e-01
1.395493585898010813e-01
1.397393799136509851e-01
1.399287120917884486e-01
1.401170841174099735e-01
1.403033877848884892e-01
1.404856188905119208e-01
1.406608942118186822e-01
1.408255420963227811e-01
1.409752567133425172e-01
1.411052998712384599e-01
1.412107303902487287e-01
1.412866397192383827e-01
1.413283738625155661e-01
1.413317254659358091e-01
1.412930854477047193e-01
1.412095498814529559e-01
1.410789837888694886e-01
1.409000479745177725e-01
1.406721972646244045e-01
1.403956582975580680e-01
1.400713928554415955e-01
1.397010496916616940e-01
1.392869052130515373e-01
1.388317922744266020e-01
1.383390171433945548e-01
1.378122669771875974e-01
1.372555128789469947e-01
1.366729155426261166e-01
1.360687407788954140e-01
1.354472906272040644e-01
1.348128527964293499e-01
1.341696677875930943e-01
1.335219102284733173e-01
1.328736793751983669e-01
1.322289935720235565e-01
1.315917843609517024e-01
1.309658872273555263e-01
1.303550269696857333e-01
1.297627959912997231e-01
1.291926235326339989e-01
1.286477335886274387e-01
1.281310898131089726e-01
1.276453277222452942e-01
1.271926779680420672e-01
1.267748885702946471e-01
1.263931574132051150e-01
1.260480876172050679e-01
1.257396767381187275e-01
1.254673461700215320e-01
1.252300105936876851e-01
1.250261803011984973e-01
1.248540832865351891e-01
1.247117903321625365e-01
1.245973256685658503e-01
1.245087483529248584e-01
1.244441950370674399e-01
1.244018824871024609e-01
1.243800767376376515e-01
1.243770433315218304e-01
1.243909978091854995e-01
1.244200759873896611e-01
1.244623390715483696e-01
1.245158200126486731e-01
1.245786066793556635e-01
1.246489470245078224e-01
1.247253541619624956e-01
1.248066871139830725e-01
1.248921866910542855e-01
1.249814548402472664e-01
1.250743778554778973e-01
1.251710062352321962e-01
1.252714136717821836e-01
1.253755622125478086e-01
1.254831988893829742e-01
1.255938015538333175e-01
1.257065803380230384e-01
1.258205291065632447e-01
1.259345115207809174e-01
1.260473611028705143e-01
1.261579747259536088e-01
1.262653835822392379e-01
1.263687931563432232e-01
1.264675919007299254e-01
1.265613351993716551e-01
1.266497154454146179e-01
1.267325300727464299e-01
1.268096574073353522e-01
1.268810461280948376e-01
1.269467192017112722e-01
1.270067886567704529e-01
1.270614744627963089e-01
1.271111195445204511e-01
1.271561935440168878e-01
1.271972798975825880e-01
1.272350435146429593e-01
1.272701792463042936e-01
1.273033439747839057e-01
1.273350772752891991e-01
1.273657170701886776e-01
1.273953174705733937e-01
1.274235760863521860e-01
1.274497775171266889e-01
1.274727585812609476e-01
1.274908992062454005e-01
1.275021409332648958e-01
1.275040328598887052e-01
1.274938027483802361e-01
1.274684491496688721e-01
1.274248489032757670e-01
1.273598733994461552e-01
1.272705066010779706e-01
1.271539580395851243e-01
1.270077647597216974e-01
1.268298773883906327e-01
1.266187269813794369e-01
1.263732708783555925e-01
1.260930172903191870e-01
1.257780296019729294e-01
1.254289122954392599e-01
1.250467809647842765e-01
1.246332191362871378e-01
1.241902246409805066e-01
1.237201482239750627e-01
1.232256270240605078e-01
1.227095155610498367e-01
1.221748169051513205e-01
1.216246166916632038e-01
1.210620224821008922e-01
1.204901105830879227e-01
1.199118817969856143e-01
1.193302267440931597e-01
1.187479004866113935e-01
1.181675053458074304e-01
1.175914801871551091e-01
1.170220941640985612e-01
1.164614430016584906e-01
1.159114463384513793e-01
1.153738453137781450e-01
1.148502003247323933e-01
1.143418894958523613e-01
1.138501087389885980e-01
1.133758742454748919e-01
1.129200278554592651e-01
1.124832451140469758e-01
1.120660451464045027e-01
1.116688009820079042e-01
1.112917488062894755e-01
1.109349948815994413e-01
1.105985195065442711e-01
1.102821782106497561e-01
1.099857011899211395e-01
1.097086925777513572e-01
1.094506313750927967e-01
1.092108757046820339e-01
1.089886715613265500e-01
1.087831665274917592e-01
1.085934281482631020e-01
1.084184659306692278e-01
1.082572553398317705e-01
1.081087617620414693e-01
1.079719622333884937e-01
1.078458628222753735e-01
1.077295099250824006e-01
1.076219943836194404e-01
1.075224482142144028e-01
1.074300347560237512e-01
1.073439340550707416e-01
1.072633261290663470e-01
1.071873752438253224e-01
1.071152183584250794e-01
1.070459604204328230e-01
1.069786782625294780e-01
1.069124335988998892e-01
1.068462942356565859e-01
1.067793613125055385e-01
1.067107993879598676e-01
1.066398656255593547e-01
1.065659343211950577e-01
1.064885135348540707e-01
1.064072515792956891e-01
1.063219324307726199e-01
1.062324605732581917e-01
1.061388371634933159e-01
1.060411305105727620e-01
1.059394445416503988e-01
1.058338890769160712e-01
1.057245553448617759e-01
1.056114992970262761e-01
1.054947340763203040e-01
1.053742316478397112e-01
1.052499323326913094e-01
1.051217599864299329e-01
1.049896399740891662e-01
1.048535169731552863e-01
1.047133699625983488e-01
1.045692224381435387e-01
1.044211467898226442e-01
1.042692627295470215e-01
1.041137305155140635e-01
1.039547403696960831e-01
1.037924998508429619e-01
1.036272210104823704e-01
1.034591089451397383e-01
1.032883529342299433e-01
1.031151208082303483e-01
1.029395566229741737e-01
1.027617812167263417e-01
1.025818948610114634e-01
1.023999810204863081e-01
1.022161102149231199e-01
1.020303430999360689e-01
1.018427321088185011e-01
1.016533212722996737e-01
1.014621441101108690e-01
1.012692197271092415e-01
1.010745474292595869e-01
1.008781002902023605e-01
1.006798181552161359e-01
1.004796005750203808e-01
1.002773001335403036e-01
1.000727165845458067e-01
9.986559215183481164e-02
9.965560828452399433e-02
9.944238409500302800e-02
9.922547664317837857e-02
9.900438316859438981e-02
9.877854530719545889e-02
9.854735526623589759e-02
9.831016386722103706e-02
9.806629030472600872e-02
9.781503341121754180e-02
9.755568416533959286e-02
9.728753913730923963e-02
9.700991452930310399e-02
9.672216044371328980e-02
9.642367499794532448e-02
9.611391790068349317e-02
9.579242311212211869e-02
9.545881022851933351e-02
9.511279426036202411e-02
9.475419351310546134e-02
9.438293533008154657e-02
9.399905951756425126e-02
9.360271934239451641e-02
9.319418007091972989e-02
9.277381510132855225e-02
9.234209982661331639e-02
9.189960344853786989e-02
9.144697903882906265e-02
9.098495220675308082e-02
9.051430877950669696e-02
9.003588192776978971e-02
8.955053917193842028e-02
8.905916968494158314e-02
8.856267226449936192e-02
8.806194428732153079e-02
8.755787188213194627e-02
8.705132147605647297e-02
8.654313278438297008e-02
8.603411323589486848e-02
8.552503375660175378e-02
8.501662578215790633e-02
8.450957933162916991e-02
8.400454195591088025e-02
8.350211836962598277e-02
8.300287058512001437e-02
8.250731838640659732e-02
8.201594000785319971e-02
8.152917291262280763e-02
8.104741459669612125e-02
8.057102337414168147e-02
8.010031912533689680e-02
7.963558401134443465e-02
7.917706317356368317e-02
7.872496544791274253e-02
7.827946412735291293e-02
7.784069780558913743e-02
7.740877132990828247e-02
7.698375688266795303e-02
7.656569520132425199e-02
7.615459693570954258e-02
7.575044413212893291e-02
7.535319182497357549e-02
7.496276971070657547e-02
7.457908387570859332e-02
7.420201854836412647e-02
7.383143784715044677e-02
7.346718749976449692e-02
7.310909651296523815e-02
7.275697877825064441e-02
7.241063460411063801e-02
7.206985217100603247e-02
7.173440891051613422e-02
7.140407281329472222e-02
7.107860367394530643e-02
7.075775428225361541e-02
7.044127157077445522e-02
7.012889772790406595e-02
6.982037128435808482e-02
6.951542817851130707e-02
6.921380280320051093e-02
6.891522903384153520e-02
6.861944123445427868e-02
6.832617523549341931e-02
6.803516927501804257e-02
6.774616489282239695e-02
6.745890776593493898e-02
6.717314847359213970e-02
6.688864318040642354e-02
6.660515422675267194e-02
6.632245061846257783e-02
6.604030840904570598e-02
6.575851097152130009e-02
6.547684915931671623e-02
6.519512135942739928e-02
6.491313344402951935e-02
6.463069862996285997e-02
6.434763725821951441e-02
6.406377650800149093e-02
6.377895006183034732e-02
6.349299773983367590e-02
6.320576512164505223e-02
6.291710317489208892e-02
6.262686790837085349e-02
6.233492006699176136e-02
6.204112488364267597e-02
6.174535190027909126e-02
6.144747486799274905e-02
6.114737173207610704e-02
6.084492470438158940e-02
6.054002042164440683e-02
6.023255018443422065e-02
5.992241026802277992e-02
5.960950229339975759e-02
5.929373364375683381e-02
5.897501791020384049e-02
5.865327534903744255e-02
5.832843333244741579e-02
5.800042677485117704e-02
5.766919851823728432e-02
5.733469966134871476e-02
5.699688981990996828e-02
5.665573730776130024e-02
5.631121923149337571e-02
5.596332149456016702e-02
5.561203870968178808e-02
5.525737402130109777e-02
5.489933884299817712e-02
5.453795251652315129e-02
5.417324190186394162e-02
5.380524090887840727e-02
5.343398998232409131e-02
5.305953555296286095e-02
5.268192946731993509e-02
5.230122840862543726e-02
5.191749332085979218e-02
5.153078884668476495e-02
5.114118278888259150e-02
5.074874560328474643e-02
5.035354992959371889e-02
4.995567016459086934e-02
4.955518208059837837e-02
4.915216249009753124e-02
4.874668895588525619e-02
4.833883954479187284e-02
4.792869262141383202e-02
4.751632667756093553e-02
4.710182019245191809e-02
4.668525151784542332e-02
4.626669878257731738e-02
4.584623981064143983e-02
4.542395204773556905e-02
4.499991249110248115e-02
4.457419761879535119e-02
4.414688331479407757e-02
4.371804478764763219e-02
4.328775648083708905e-02
4.285609197421379191e-02
4.242312387655718109e-02
4.198892370999744023e-02
4.155356178775269915e-02
4.111710708709284678e-02
4.067962711977394369e-02
4.024118780244251292e-02
3.980185332968900341e-02
3.936168605219253491e-02
3.892074636252000619e-02
3.847909259072430227e-02
3.803678091171468212e-02
3.759386526594966915e-02
3.715039729458477491e-02
3.670642628997206752e-02
3.626199916184393024e-02
3.581716041916042231e-02
3.537195216740398468e-02
3.492641412053014427e-02
3.448058362687982104e-02
3.403449570765129661e-02
3.358818310701525145e-02
3.314167635217599855e-02
3.269500382215857065e-02
3.224819182380499194e-02
3.180126467356086950e-02
3.135424478365726048e-02
3.090715275153739505e-02
3.046000745122891262e-02
3.001282612572980096e-02
2.956562447939386704e-02
2.911841676969264409e-02
2.867121589752685135e-02
2.822403349568420108e-02
2.777688001504855647e-02
2.732976480816283818e-02
2.688269621003512924e-02
2.643568161604370470e-02
2.598872755681219324e-02
2.554183977016299956e-02
2.509502327007770081e-02
2.464828241281828355e-02
2.420162096022073633e-02
2.375504214033013692e-02
2.330854870544076321e-02
2.286214298763569394e-02
2.241582695193140157e-02
2.196960224719373203e-02
2.152347025474487738e-02
2.107743213492209444e-02
2.063148887144863192e-02
2.018564131384774710e-02
1.973989021777402403e-02
1.929423628341959962e-02
1.884868019192000033e-02
1.840322263982935996e-02
1.795786437163976457e-02
1.751260621036856632e-02
1.706744908619970899e-02
1.662239406320473872e-02
1.617744236415529294e-02
1.573259539338573570e-02
1.528785475780834041e-02
1.484322228598496107e-02
1.439870004539494860e-02
1.395429035784017356e-02
1.350999581305296210e-02
1.306581928058265021e-02
1.262176391991582172e-02
1.217783318900093892e-02
1.173403085111682231e-02
1.129036098025898438e-02
1.084682796499606035e-02
1.040343651096972341e-02
9.960191642052128660e-03
9.517098700267680525e-03
9.074163344538909229e-03
8.631391548365107205e-03
8.188789596495700193e-03
7.746364080686104873e-03
7.304121894651603025e-03
6.862070228279119194e-03
6.420216561167465218e-03
5.978568655642270586e-03
5.537134549248715933e-03
5.095922546877623173e-03
4.654941212566996236e-03
4.214199361044758396e-03
3.773706049134089094e-03
3.333470567050481059e-03
2.893502429665459515e-03
2.453811367827420618e-03
2.014407319778041897e-03
1.575300422708822336e-03
1.136501004558368704e-03
6.980195760423820069e-04
2.598668229972948612e-04
-1.779464009296245763e-04
-6.154090812147955522e-04
-1.052510048992464156e-03
-1.489237987120815452e-03
-1.925581435833088363e-03
-2.361528797874391447e-03
-2.797068343160926101e-03
-3.232188212940904914e-03
-3.666876423448649312e-03
-4.101120869040086186e-03
-4.534909324844024238e-03
-4.968229448895177328e-03
-5.401068783793409704e-03
-5.833414757886838664e-03
-6.265254686002003949e-03
0.000000000000000000e+00
