6.815430655627007471e-03
1.339197655390114150e-01
1.368165421699087114e-01
1.396014557008657397e-01
1.422868361055716901e-01
1.448833421638036911e-01
1.474002295935487039e-01
1.498455707909261969e-01
1.522264357858152117e-01
1.545490419599639953e-01
1.568188784800880198e-01
1.590408101636783811e-01
1.612191645352767377e-01
1.633578050816015814e-01
1.654601931249391478e-01
1.675294402710070796e-01
1.695683530192362842e-01
1.715794708314935801e-01
1.735650987207309481e-01
1.755273352333684977e-01
1.774680965474778882e-01
1.793891372853960720e-01
1.812920685397338971e-01
1.831783735293160964e-01
1.850494212347170431e-01
1.869064783070906732e-01
1.887507194987503301e-01
1.905832368251056119e-01
1.924050476362429429e-01
1.942171017498955377e-01
1.960202877746511918e-01
1.978154387342049847e-01
1.996033370870641810e-01
2.013847192226236593e-01
2.031602795037523168e-01
2.049306739150230650e-01
2.066965233688806691e-01
2.084584167135050681e-01
2.102169134810191187e-01
2.119725464085002731e-01
2.137258237605692279e-01
2.154772314774508202e-01
2.172272351696759585e-01
2.189762819770758040e-01
2.207248023075171206e-01
2.224732114682724249e-01
2.242219112009653514e-01
2.259712911294840532e-01
2.277217301287433326e-01
2.294735976204753114e-01
2.312272548017470508e-01
2.329830558105275840e-01
2.347413488318760288e-01
2.365024771477413634e-01
2.382667801326393830e-01
2.400345941972611974e-01
2.418062536814493957e-01
2.435820916975385275e-01
2.453624409257793015e-01
2.471476343617600990e-01
2.489380060174624099e-01
2.507338915762549192e-01
2.525356290027200856e-01
2.543435591081930069e-01
2.561580260726327718e-01
2.579793779241957852e-01
2.598079669772788702e-01
2.616441502302360167e-01
2.634882897243299160e-01
2.653407528647514502e-01
2.672019127060031862e-01
2.690721482021601885e-01
2.709518444246126201e-01
2.728413927479514944e-01
2.747411910061830498e-01
2.766516436206277740e-01
2.785731617006265703e-01
2.805061631187413806e-01
2.824510725611711903e-01
2.844083215548096621e-01
2.863783484710440419e-01
2.883615985071714682e-01
2.903585236456151519e-01
2.923695825903551704e-01
2.943952406808583722e-01
2.964359697821647432e-01
2.984922481507155112e-01
3.005645602739918099e-01
3.026533966830736722e-01
3.047592537359030684e-01
3.068826333694626429e-01
3.090240428188849031e-01
3.111839943007406184e-01
3.133630046588615214e-01
3.155615949700555367e-01
3.177802901073938924e-01
3.200196182590417382e-01
3.222801104008587991e-01
3.245622997206686344e-01
3.268667209930757878e-01
3.291939099035495753e-01
3.315444023216410629e-01
3.339187335220297204e-01
3.363174373553550756e-01
3.387410453682332956e-01
3.411900858750404053e-01
3.436650829829885900e-01
3.461665555737759026e-01
3.486950162451878388e-01
3.512509702168029602e-01
3.538349142050477569e-01
3.564473352729079503e-01
3.590887096613076257e-01
3.617595016084168558e-01
3.644601621655834678e-01
3.671911280170861991e-01
3.699528203139317295e-01
3.727456435298698301e-01
3.755699843499843427e-01
3.784262106020910843e-01
3.813146702407066990e-01
3.842356903943197066e-01
3.871895764861206235e-01
3.901766114383324879e-01
3.931970549698804995e-01
3.962511429962531362e-01
3.993390871408739606e-01
4.024610743646352962e-01
4.056172667209664850e-01
4.088078012415449214e-01
4.120327899563597240e-01
4.152923200514478941e-01
4.185864541640753611e-01
4.219152308153598652e-01
4.252786649768355298e-01
4.286767487668734500e-01
4.321094522694490236e-01
4.355767244677056782e-01
4.390784942808252378e-01
4.426146716926467883e-01
4.461851489577922658e-01
4.497898018701922407e-01
4.534284910772965471e-01
4.571010634227202218e-01
4.608073532987388976e-01
4.645471839913649648e-01
4.683203689980980911e-01
4.721267133021868068e-01
4.759660145855055813e-01
4.798380643642983223e-01
4.837426490346089514e-01
4.876795508140623348e-01
4.916485485714243708e-01
4.956494185355619364e-01
4.996819348799870220e-01
5.037458701810979544e-01
5.078409957509930628e-01
5.119670818495057896e-01
5.161238977820729046e-01
5.203112118929029695e-01
5.245287914653371519e-01
5.287764025432446502e-01
5.330538096888181032e-01
5.373607756929756896e-01
5.416970612559640630e-01
5.460624246545988658e-01
5.504566214133186364e-01
5.548794039946595147e-01
5.593305215230093275e-01
5.638097195539888418e-01
5.683167398998097974e-01
5.728513205173220157e-01
5.774131954638499487e-01
5.820020949222804996e-01
5.866177452943104331e-01
5.912598693581634368e-01
5.959281864845328291e-01
6.006224129024234637e-01
6.053422620045311175e-01
6.100874446819194441e-01
6.148576696753572657e-01
6.196526439318450485e-01
6.244720729552927230e-01
6.293156611408610157e-01
6.341831120841510128e-01
6.390741288589235625e-01
6.439884142579608284e-01
6.489256709954360769e-01
6.538856018703946837e-01
6.588679098939971279e-01
6.638722983847621384e-01
6.688984710379995979e-01
6.739461319772300785e-01
6.790149857959176805e-01
6.841047375979280032e-01
6.892150930460100300e-01
6.943457584259188353e-01
6.994964407327203260e-01
7.046668477854176604e-01
7.098566883724254373e-01
7.150656724302074663e-01
7.202935112540599372e-01
7.255399177387710230e-01
7.308046066444651157e-01
7.360872948819768835e-01
7.413877018095529348e-01
7.467055495340430005e-01
7.520405632061042400e-01
7.573924713021652488e-01
7.627610058829192852e-01
7.681459028220085639e-01
7.735469019966858539e-01
7.789637474352434365e-01
7.843961874167725279e-01
7.898439745199599127e-01
7.953068656200635855e-01
8.007846218331471366e-01
8.062770084099430967e-01
8.117837945806398725e-01
8.173047533553999822e-01
8.228396612838653201e-01
8.283882981795205325e-01
8.339504468135863213e-01
8.395258925845985321e-01
8.451144231697551579e-01
8.507158281627833496e-01
8.563298987045033783e-01
8.619564271115931486e-01
8.675952065072627395e-01
8.732460304596932898e-01
8.789086926309246373e-01
8.845829864404909371e-01
8.902687047471803394e-01
8.959656395494673964e-01
9.016735817102384809e-01
9.073923207041367789e-01
9.131216443911547298e-01
9.188613388170262519e-01
9.246111880405167849e-01
9.303709739899878040e-01
9.361404763471450341e-01
9.419194724610127079e-01
9.477077372897013685e-01
9.535050433716840690e-01
9.593111608253594991e-01
9.651258573774967875e-01
9.709488984190162153e-01
9.767800470890097841e-01
9.826190643851508977e-01
9.884657093003689221e-01
9.943197389854223633e-01
1.000180908934892532e+00
1.006048973197502638e+00
1.011923684607878515e+00
1.017804795039645605e+00
1.023692055678100399e+00
1.029585217310433842e+00
1.035484030633386565e+00
1.041388246575442267e+00
1.047297616633016792e+00
1.053211893218470419e+00
1.059130830018924385e+00
1.065054182364671087e+00
1.070981707604460098e+00
1.076913165488722957e+00
1.082848318557416478e+00
1.088786932532342711e+00
1.094728776713256968e+00
1.100673624376129922e+00
1.106621253173212027e+00
1.112571445534216386e+00
1.118523989067431668e+00
1.124478676960565693e+00
1.130435308380982828e+00
1.136393688873458929e+00
1.142353630756438143e+00
1.148314953514954828e+00
1.154277484190169067e+00
1.160241057764466399e+00
1.166205517541601955e+00
1.172170715520689743e+00
1.178136512763734212e+00
1.184102779754859558e+00
1.190069396751069153e+00
1.196036254122450959e+00
1.202003252681788981e+00
1.207970304001042550e+00
1.213937330713882323e+00
1.219904266803088833e+00
1.225871057871615433e+00
1.231837661394125760e+00
1.237804046949684711e+00
1.243770196433061193e+00
1.249736104242717527e+00
1.255701777444988343e+00
1.261667235911867690e+00
1.267632512432600445e+00
1.273597652795662061e+00
1.279562715841871201e+00
1.285527773485795056e+00
1.291492910706125041e+00
1.297458225501570750e+00
1.303423828814122887e+00
1.309389844416670279e+00
1.315356408765596896e+00
1.321323670816608509e+00
1.327291791804898313e+00
1.333260944987264107e+00
1.339231315347549689e+00
1.345203099263792890e+00
1.351176504138279277e+00
1.357151747989308044e+00
1.363129059004899668e+00
1.369108675059292235e+00
1.375090843190766021e+00
1.381075819043491526e+00
1.387063866270191959e+00
1.393055255899773304e+00
1.399050265667048709e+00
1.405049179307265028e+00
1.411052285814731633e+00
1.417059878666782957e+00
1.423072255013690723e+00
1.429089714835083846e+00
1.435112560064143228e+00
1.441141093681177709e+00
1.447175618776052053e+00
1.453216437583378706e+00
1.459263850489991077e+00
1.465318155016839707e+00
1.471379644779087448e+00
1.477448608423153509e+00
1.483525328546462685e+00
1.489610080600660247e+00
1.495703131781229933e+00
1.501804739907235620e+00
1.507915152294402095e+00
1.514034604624310720e+00
1.520163319815237557e+00
1.526301506896145854e+00
1.532449359891329799e+00
1.538607056717575805e+00
1.544774758099031420e+00
1.550952606507474352e+00
1.557140725127911907e+00
1.563339216859887415e+00
1.569548163356440318e+00
1.575767624107752063e+00
1.581997635573861638e+00
1.588238210372737713e+00
1.594489336528671641e+00
1.600750976785853874e+00
1.607023067992777721e+00
1.613305520562399176e+00
1.619598218012564761e+00
1.625901016590849846e+00
1.632213744988103343e+00
1.638536204145380815e+00
1.644868167155610905e+00
1.651209379264896526e+00
1.657559557974822573e+00
1.663918393247801886e+00
1.670285547817231375e+00
1.676660657603703974e+00
1.683043332236408673e+00
1.689433155680915455e+00
1.695829686972110339e+00
1.702232461050746881e+00
1.708640989702673307e+00
1.715054762597028493e+00
1.721473248422755509e+00
1.727895896117455088e+00
1.734322136187924634e+00
1.740751382115223400e+00
1.747183031842516110e+00
1.753616469338593609e+00
1.760051066233666361e+00
1.766486183520497910e+00
1.772921173317021815e+00
1.779355380682267951e+00
1.785788145481636002e+00
1.792218804294456236e+00
1.798646692357075416e+00
1.805071145536399690e+00
1.811491502325727421e+00
1.817907105858021177e+00
1.824317305929512800e+00
1.830721461025853980e+00
1.837118940347172380e+00
1.843509125822295314e+00
1.849891414107476706e+00
1.856265218563131203e+00
1.862629971201227974e+00
1.868985124596995284e+00
1.875330153759149132e+00
1.881664557951660877e+00
1.887987862460232424e+00
1.894299620297752451e+00
1.900599413842284591e+00
1.906886856400551666e+00
1.913161593691310225e+00
1.919423305242446975e+00
1.925671705694643965e+00
1.931906546007605918e+00
1.938127614560761769e+00
1.944334738144494423e+00
1.950527782836025459e+00
1.956706654753706420e+00
1.962871300687515363e+00
1.969021708597583853e+00
1.975157907979764094e+00
1.981279970092825859e+00
1.987388008044006282e+00
1.993482176730156041e+00
1.999562672632231308e+00
2.005629733460606356e+00
2.011683637649876566e+00
2.017724703702471700e+00
2.023753289379589759e+00
2.029769790740699076e+00
2.035774641030445142e+00
2.041768309415707527e+00
2.047751299571861416e+00
2.053724148122939575e+00
2.059687422934502798e+00
2.065641721264685593e+00
2.071587667775459884e+00
2.077525912406452679e+00
2.083457128116937174e+00
2.089382008498445131e+00
2.095301265264760460e+00
2.101215625619598626e+00
2.107125829515221316e+00
2.113032626797795466e+00
2.118936774254090327e+00
2.124839032561924412e+00
2.130740163151498834e+00
2.136640924987552204e+00
2.142542071278581872e+00
2.148444346122405424e+00
2.154348481099708223e+00
2.160255191822974652e+00
2.166165174454959264e+00
2.172079102206917689e+00
2.177997621830903618e+00
2.183921350119557125e+00
2.189850870428261764e+00
2.195786729236341550e+00
2.201729432762988381e+00
2.207679443657430518e+00
2.213637177779217868e+00
2.219603001091048355e+00
2.225577226681677345e+00
2.231560111940404934e+00
2.237551855903550102e+00
2.243552596794328835e+00
2.249562409775700988e+00
2.255581304938455212e+00
2.261609225542454027e+00
2.267646046532405979e+00
2.273691573344112093e+00
2.279745541019851718e+00
2.285807613647573344e+00
2.291877384136243645e+00
2.297954374341469652e+00
2.304038035548615859e+00
2.310127749321041701e+00
2.316222828719010085e+00
2.322322519890009485e+00
2.328426004030637486e+00
2.334532399717596185e+00
2.340640765599514062e+00
2.346750103444957603e+00
2.352859361531960403e+00
2.358967438368427594e+00
2.365073186726926568e+00
2.371175417975379229e+00
2.377272906686070275e+00
2.383364395499646182e+00
2.389448600221513175e+00
2.395524215127622814e+00
2.401589918452128103e+00
2.407644378030843857e+00
2.413686257075294606e+00
2.419714220044562492e+00
2.425726938590855752e+00
2.431723097547540569e+00
2.437701400930038176e+00
2.443660577921566102e+00
2.449599388813900713e+00
2.455516630873042505e+00
2.461411144102271464e+00
2.467281816873219125e+00
2.473127591396936165e+00
2.478947469006957061e+00
2.484740515228204494e+00
2.490505864604586339e+00
2.496242725260380269e+00
2.501950383170483239e+00
2.507628206115847469e+00
2.513275647302845694e+00
2.518892248623864738e+00
2.524477643540206095e+00
2.530031559569184907e+00
2.535553820358824151e+00
2.541044347334215914e+00
2.546503160904243224e+00
2.551930381215909982e+00
2.557326228449203320e+00
2.562691022642629157e+00
2.568025183049138516e+00
2.573329227014520715e+00
2.578603768383762596e+00
2.583849515432387722e+00
2.589067268330265570e+00
2.594257916143074105e+00
2.599422433379267705e+00
2.604561876094541262e+00
2.609677377564088019e+00
2.614770143539235647e+00
2.619841447101311616e+00
2.624892623132747183e+00
2.629925062423275062e+00
2.634940205430410742e+00
2.639939535717712893e+00
2.644924573092242159e+00
2.649896866465076606e+00
2.654857986461701458e+00
2.659809517806148715e+00
2.664753051508680137e+00
2.669690176884507160e+00
2.674622473433517555e+00
2.679551502613124470e+00
2.684478799537131533e+00
2.689405864632803400e+00
2.694334155294988875e+00
2.699265077572399196e+00
2.704199977925964227e+00
2.709140135099556534e+00
2.714086752146215975e+00
2.719040948652073908e+00
2.724003753205368472e+00
2.728976096155914632e+00
2.733958802712288971e+00
2.738952586426651070e+00
2.743958043114895773e+00
2.748975645260813394e+00
2.754005736953279104e+00
2.759048529403571148e+00
2.764104097087345835e+00
2.769172374556009508e+00
2.774253153957589202e+00
2.779346083302888903e+00
2.784450665512612666e+00
2.789566258270891996e+00
2.794692074711190521e+00
2.799827184951089176e+00
2.804970518488569819e+00
2.810120867465726313e+00
2.815276890800516796e+00
2.820437119178713647e+00
2.825599960893951490e+00
2.830763708517549215e+00
2.835926546370319823e+00
2.841086558767452086e+00
2.846241738997756343e+00
2.851389998994242614e+00
2.856529179648499284e+00
2.861657061714520722e+00
2.866771377245203922e+00
2.871869821497360142e+00
2.876950065238999876e+00
2.882009767390177224e+00
2.887046587920451657e+00
2.892058200929245260e+00
2.897042307828426644e+00
2.901996650546467826e+00
2.906919024672486973e+00
2.911807292455144580e+00
2.916659395574475067e+00
2.921473367603135696e+00
2.926247346074160482e+00
2.930979584075019240e+00
2.935668461289850928e+00
2.940312494414403677e+00
2.944910346870688311e+00
2.949460837755583764e+00
2.953962949957507078e+00
2.958415837386032532e+00
2.962818831259971919e+00
2.967171445408304464e+00
2.971473380545325504e+00
2.975724527485548165e+00
2.979924969272495616e+00
2.984074982205020987e+00
2.988175035745193497e+00
2.992225791307770777e+00
2.996228099931644628e+00
3.000182998843443638e+00
3.004091706929817196e+00
3.007955619142157033e+00
3.011776299861687711e+00
3.015555475259612983e+00
3.019295024694509166e+00
3.022996971187613902e+00
3.026663471029359620e+00
3.030296802566715186e+00
3.033899354229674383e+00
3.037473611854743627e+00
3.041022145367916707e+00
3.044547594890612441e+00
3.048052656334769850e+00
3.051540066554175645e+00
3.055012588121241990e+00
3.058472993798542650e+00
3.061924050777752981e+00
3.065368504756033730e+00
3.068809063926121183e+00
3.072248382951339618e+00
3.075689047002759136e+00
3.079133555935837485e+00
3.082584308681767027e+00
3.086043587937652433e+00
3.089513545231141745e+00
3.092996186447389384e+00
3.096493357900135024e+00
3.100006733033768835e+00
3.103537799843716805e+00
3.107087849104599009e+00
3.110657963493690836e+00
3.114249007699369631e+00
3.117861619600668543e+00
3.121496202605476888e+00
3.125152919225103076e+00
3.128831685965472342e+00
3.132532169604079098e+00
3.136253784916417153e+00
3.139995693907988272e+00
3.143756806595733089e+00
3.147535783377592544e+00
3.151331039011819879e+00
3.155140748221261227e+00
3.158962852923281606e+00
3.162795071076493159e+00
3.166634907121527842e+00
3.170479663981256024e+00
3.174326456579234623e+00
3.178172226815628498e+00
3.182013759936062502e+00
3.185847702214089416e+00
3.189670579856234145e+00
3.193478819031716487e+00
3.197268766911748550e+00
3.201036713599051176e+00
3.204778914811681201e+00
3.208491615179966061e+00
3.212171072001584360e+00
3.215813579294911406e+00
3.219415491978637966e+00
3.222973250004334211e+00
3.226483402259150424e+00
3.229942630057069941e+00
3.233347770034801449e+00
3.236695836267822202e+00
3.239984041430628015e+00
3.243209816826884140e+00
3.246370831125005463e+00
3.249465007645351733e+00
3.252490540056065971e+00
3.255445906349078378e+00
3.258329880982222981e+00
3.261141545090399774e+00
3.263880294684213368e+00
3.266545846773468931e+00
3.269138243371266128e+00
3.271657853348722611e+00
3.274105372134111569e+00
3.276481819261549688e+00
3.278788533794102733e+00
3.281027167662668997e+00
3.283199676973925563e+00
3.285308311355706223e+00
3.287355601421768636e+00
3.289344344446251789e+00
3.291277588349503347e+00
3.293158614105804460e+00
3.294990916688376625e+00
3.296778184675152712e+00
3.298524278644341834e+00
3.300233208488903003e+00
3.301909109786155927e+00
3.303556219358630308e+00
3.305178850164540272e+00
3.306781365653004290e+00
3.308368153725106176e+00
3.309943600431832333e+00
3.311512063544619799e+00
3.313077846125956682e+00
3.314645170225948956e+00
3.316218150825077871e+00
3.317800770141926314e+00
3.319396852416201416e+00
3.321010039281270032e+00
3.322643765833507068e+00
3.324301237509303952e+00
3.325985407884859413e+00
3.327698957511040057e+00
3.329444273911168040e+00
3.331223432865457745e+00
3.333038181119584387e+00
3.334889920656250339e+00
3.336779694672535879e+00
3.338708175408993117e+00
3.340675653970452519e+00
3.342682032276098170e+00
3.344726817267604346e+00
3.346809117485265439e+00
3.348927642116711567e+00
3.351080702592935445e+00
3.353266216798013843e+00
3.355481715929016229e+00
3.357724354027835645e+00
3.359990920185713659e+00
3.362277853399873173e+00
3.364581260048975508e+00
3.366896933930842994e+00
3.369220378797666449e+00
3.371546833302029533e+00
3.373871298256160500e+00
3.376188566085625453e+00
3.378493252344535236e+00
3.380779829135082792e+00
3.383042660252930656e+00
3.385276037855712961e+00
3.387474220424083082e+00
3.389631471759427139e+00
3.391742100732716203e+00
3.393800501479236065e+00
3.395801193704505394e+00
3.397738862756278788e+00
3.399608399099858236e+00
3.401404936828487990e+00
3.403123890842481014e+00
3.404760992336499648e+00
3.406312322247252666e+00
3.407774342335873730e+00
3.409143923604684989e+00
3.410418371773956459e+00
3.411595449587283557e+00
3.412673395738803794e+00
3.413650940265208433e+00
3.414527316275814517e+00
3.415302267939745562e+00
3.415976054686367558e+00
3.416549451611487598e+00
3.417023746126777173e+00
3.417400730917780738e+00
3.417682693315635234e+00
3.417872401217976641e+00
3.417973085718976733e+00
3.417988420640250880e+00
3.417922499162109329e+00
3.417779807785899404e+00
3.417565197851313741e+00
3.417283854856572045e+00
3.416941265820058860e+00
3.416543184933783728e+00
3.416095597752504265e+00
3.415604684167155014e+00
3.415076780408559554e+00
3.414518340328833723e+00
3.413935896203327047e+00
3.413336019301017821e+00
3.412725280453008381e+00
3.412110210850856973e+00
3.411497263281936476e+00
3.410892773985916282e+00
3.410302925293638321e+00
3.409733709168223381e+00
3.409190891739939389e+00
3.408679978892561913e+00
3.408206182931614148e+00
3.407774390356460792e+00
3.407389130752145334e+00
3.407054546838041098e+00
3.406774365738884924e+00
3.406551871582952806e+00
3.406389879591076753e+00
3.406290711857720588e+00
3.406256175086338267e+00
3.406287540564983729e+00
3.406385526697741195e+00
3.406550284403887296e+00
3.406781385693999908e+00
3.407077815687939992e+00
3.407437968314246834e+00
3.407859645867547638e+00
3.408340062552665639e+00
3.408875852090960112e+00
3.409463079412850206e+00
3.410097256423250123e+00
3.410773361792131642e+00
3.411485864700709580e+00
3.412228752464814274e+00
3.412995561944320411e+00
3.413779414652836408e+00
3.414573055474359187e+00
3.415368894890722373e+00
3.416159054608312928e+00
3.416935416446589269e+00
3.417689674314240200e+00
3.418413389043811534e+00
3.419098045796169050e+00
3.419735113667292659e+00
3.420316107061267985e+00
3.420832648307857049e+00
3.421276530940505545e+00
3.421639782989343459e+00
3.421914729597980376e+00
3.422094054253919548e+00
3.422170857916468911e+00
3.422138715345591997e+00
3.421991727975520980e+00
3.421724572737480763e+00
3.421332546303996747e+00
3.420811604315203258e+00
3.420158395226930548e+00
3.419370288506732081e+00
3.418445396976589556e+00
3.417382593167394678e+00
3.416181519606595884e+00
3.414842593007894500e+00
3.413367002382127424e+00
3.411756701132484526e+00
3.410014393260774490e+00
3.408143513864936303e+00
3.406148204192737783e+00
3.404033281579452730e+00
3.401804204677416177e+00
3.399467034440306179e+00
3.397028391373038136e+00
3.394495409573291766e+00
3.391875688090533192e+00
3.389177240099386257e+00
3.386408440344137016e+00
3.383577971258746597e+00
3.380694768124774097e+00
3.377767963592835265e+00
3.374806831887131597e+00
3.371820733025361339e+00
3.368819057420707530e+00
3.365811171285155279e+00
3.362806363291315659e+00
3.359813792971704682e+00
3.356842441302899438e+00
3.353901063839305863e+00
3.350998146609390993e+00
3.348141864786231103e+00
3.345340043916896100e+00
3.342600123271362023e+00
3.339929120701146115e+00
3.337333598304158322e+00
3.334819628215921927e+00
3.332392757974279363e+00
3.330057975148411842e+00
3.327819671222875364e+00
3.325681605065283541e+00
3.323646866616647433e+00
3.321717841690473350e+00
3.319896178918934737e+00
3.318182759924556358e+00
3.316577673738763554e+00
3.315080196337254925e+00
3.313688775965698774e+00
3.312401024703392594e+00
3.311213716495206683e+00
3.310122791685600863e+00
3.309123367936800619e+00
3.308209757296970643e+00
3.307375489113253852e+00
3.306613338461805718e+00
3.305915359774193707e+00
3.305272925391971039e+00
3.304676768863973102e+00
3.304117032900762752e+00
3.303583322010379852e+00
3.303064759929362992e+00
3.302550052016882010e+00
3.302027552775142816e+00
3.301485338582386131e+00
3.300911285582551535e+00
3.300293152470790581e+00
3.299618667677423733e+00
3.298875620205082182e+00
3.298051953150941351e+00
3.297135858756035098e+00
3.296115873691874310e+00
3.294980973215542619e+00
3.293720662786110420e+00
3.292325065752950142e+00
3.290785005775414440e+00
3.289092082739612621e+00
3.287238741102906925e+00
3.285218329823104355e+00
3.283025153328794410e+00
3.280654513314952947e+00
3.278102741477098903e+00
3.275367223566636010e+00
3.272446415310259482e+00
3.269339850752148280e+00
3.266048143463956777e+00
3.262572980838508663e+00
3.258917111430594371e+00
3.255084325086020414e+00
3.251079425487082730e+00
3.246908194789888125e+00
3.242577350215687826e+00
3.238094492794818091e+00
3.233468048853076926e+00
3.228707205223282806e+00
3.223821839484373619e+00
3.218822446702959361e+00
3.213720064171426749e+00
3.208526195456542496e+00
3.203252734770103416e+00
3.197911892250500543e+00
3.192516120317669071e+00
3.187078040905323206e+00
3.181610373178353157e+00
3.176125861381786653e+00
3.170637202779482688e+00
3.165156976166080049e+00
3.159697572096271223e+00
3.154271126571281503e+00
3.148889460290009268e+00
3.143564025530352080e+00
3.138305862202805496e+00
3.133125563647407130e+00
3.128033251470800913e+00
3.123038557383297942e+00
3.118150608853964556e+00
3.113378014707798958e+00
3.108728846667832446e+00
3.104210613373516559e+00
3.099830224486019414e+00
3.095593943976476137e+00
3.091507333325456131e+00
3.087575186902573599e+00
3.083801462971424989e+00
3.080189214410011811e+00
3.076740523277503137e+00
3.073456442839091807e+00
3.070336949760450462e+00
3.067380908123346295e+00
3.064586045937367942e+00
3.061948944071776424e+00
3.059465037078990868e+00
3.057128625147853551e+00
3.054932896300567968e+00
3.052869957796905176e+00
3.050930875481787208e+00
3.049105719539707771e+00
3.047383614933241169e+00
3.045752794867937485e+00
3.044200656057106436e+00
3.042713815386784315e+00
3.041278168661694092e+00
3.039878953227008740e+00
3.038500817094984541e+00
3.037127897509519503e+00
3.035743911494590108e+00
3.034332259890742733e+00
3.032876144855462641e+00
3.031358699134832246e+00
3.029763123949841486e+00
3.028072831420249855e+00
3.026271587245776828e+00
3.024343649877357265e+00
3.022273903425575448e+00
3.020047982720575064e+00
3.017652389860089102e+00
3.015074601959979006e+00
3.012303169561488581e+00
3.009327804405681484e+00
3.006139454438633951e+00
3.002730363426033389e+00
2.999094112825318348e+00
2.995225644704204271e+00
2.991121266341353113e+00
2.986778639194942908e+00
2.982196756592737863e+00
2.977375915276823104e+00
2.972317685595113890e+00
2.967024883778164757e+00
2.961501547750057028e+00
2.955752915773892653e+00
2.949785405387237436e+00
2.943606588840603333e+00
2.937225160792852563e+00
2.930650894371965798e+00
2.923894582807903930e+00
2.916967965536725327e+00
2.909883639676966283e+00
2.902654959757490438e+00
2.895295930137444795e+00
2.887821095370362912e+00
2.880245433633850105e+00
2.872584257265343943e+00
2.864853122596109358e+00
2.857067749028590953e+00
2.849243945141654688e+00
2.841397538069674322e+00
2.833544301959297407e+00
2.825699882208250191e+00
2.817879714300361993e+00
2.810098938825923653e+00
2.802372316909484962e+00
2.794714151928661572e+00
2.787138223650882374e+00
2.779657739702764196e+00
2.772285307083486305e+00
2.765032923871951986e+00
2.757911988925582314e+00
2.750933325477679325e+00
2.744107213061459216e+00
2.737443420899684732e+00
2.730951234705976116e+00
2.724639468013687615e+00
2.718516449268428836e+00
2.712589977677168473e+00
2.706867244526478533e+00
2.701354721947338611e+00
2.696058026791703366e+00
2.690981771778920173e+00
2.686129418049310935e+00
2.681503142153212949e+00
2.677103726900180725e+00
2.672930480846832602e+00
2.668981187241128428e+00
2.665252081180002897e+00
2.661737853716433122e+00
2.658431682742221192e+00
2.655325291139463140e+00
2.652409031601246081e+00
2.649671994303025357e+00
2.647102129038906071e+00
2.644686369275850879e+00
2.642410743727382716e+00
2.640260462808003972e+00
2.638219972811036040e+00
2.636272978682730361e+00
2.634402444806953625e+00
2.632590589954236115e+00
2.630818895721234618e+00
2.629068146500313397e+00
2.627318513644679054e+00
2.625549688319998687e+00
2.623741058526869896e+00
2.621871917975577393e+00
2.619921689545652743e+00
2.617870144893630346e+00
2.615697604424841671e+00
2.613385107484502701e+00
2.610914549781545801e+00
2.608268791939339692e+00
2.605431747982321244e+00
2.602388464407698443e+00
2.599125198945523074e+00
2.595629503819551598e+00
2.591890312622764814e+00
2.587898024551673615e+00
2.583644576288517403e+00
2.579123491332413920e+00
2.574329899165248570e+00
2.569260521485499993e+00
2.563913628305407144e+00
2.558288971317283611e+00
2.552387704369853960e+00
2.546212300849999721e+00
2.539766475832534454e+00
2.533055118141904316e+00
2.526084234931320172e+00
2.518860909397151460e+00
2.511393270536061539e+00
2.503690471879492563e+00
2.495762673715496760e+00
2.487621020866153110e+00
2.479277606688333968e+00
2.470745414680360241e+00
2.462038232439856422e+00
2.453170538223335306e+00
2.444157366568684875e+00
2.435014164455409968e+00
2.425756651751454829e+00
2.416400698570281946e+00
2.406962228154199135e+00
2.397457148307847952e+00
2.387901308798278777e+00
2.378310477764074005e+00
2.368700327729348132e+00
2.359086421453171045e+00
2.349484189365845133e+00
2.339908893267061973e+00
2.330375574590287435e+00
2.320898988964596565e+00
2.311493531195244255e+00
2.302173155743540978e+00
2.292951297578840641e+00
2.283840797784336019e+00
2.274853838501164738e+00
2.266001893148242630e+00
2.257295699853624438e+00
2.248745267241200718e+00
2.240359920354407564e+00
2.232148389361320096e+00
2.224118934931274438e+00
2.216279493648886767e+00
2.208637817659333979e+00
2.201201578246700929e+00
2.193978405504200424e+00
2.186975845901410587e+00
2.180201234253545728e+00
2.173661492487205749e+00
2.167362880312289075e+00
2.161310729106449280e+00
2.155509188836652879e+00
2.149961010084467716e+00
2.144667372576083864e+00
2.139627762097618735e+00
2.134839892447073062e+00
2.130299669184097855e+00
2.126001195969489110e+00
2.121936829002052605e+00
2.118097286762929077e+00
2.114471818508707024e+00
2.111048425566487197e+00
2.107814116956082007e+00
2.104755169487489752e+00
2.101857356747650840e+00
2.099106114265180345e+00
2.096486619850541633e+00
2.093983785935554565e+00
2.091582179957659271e+00
2.089265904353447389e+00
2.087018475680282759e+00
2.084822741236860288e+00
2.082660862253207679e+00
2.080514378115345231e+00
2.078364349924268772e+00
2.076191567521343373e+00
2.073976794534274859e+00
2.071701022255679980e+00
2.069345705139455482e+00
2.066892957228041894e+00
2.064325698053290914e+00
2.061627746424912200e+00
2.058783869113306686e+00
2.055779797359372552e+00
2.052602226727786139e+00
2.049238815184446949e+00
2.045678191123630363e+00
2.041909978376954982e+00
2.037924839923491938e+00
2.033714536827842423e+00
2.029271994424457048e+00
2.024591364546566741e+00
2.019668071302336720e+00
2.014498829116542211e+00
2.009081625630113166e+00
2.003415668024958851e+00
1.997501298106428846e+00
1.991339887318043456e+00
1.984933726297198886e+00
1.978285923833947635e+00
1.971400327336098712e+00
1.964281472079317137e+00
1.956934560903982101e+00
1.949365470846674553e+00
1.941580779320339456e+00
1.933587800242776433e+00
1.925394619850586464e+00
1.917010122411479944e+00
1.908443997190088393e+00
1.899706719531181420e+00
1.890809500771356344e+00
1.881764204078850256e+00
1.872583226487015695e+00
1.863279351351901925e+00
1.853865579861678770e+00
1.844354954266009816e+00
1.834760388145757926e+00
1.825094519369079515e+00
1.815369598934872375e+00
1.805597423946895486e+00
1.795789316444624362e+00
1.785956143136228969e+00
1.776108365602499628e+00
1.766256107332926151e+00
1.756409223402883857e+00
1.746577360500934262e+00
1.736769998627675227e+00
1.726996470096879621e+00
1.717265955503739949e+00
1.707587459336442848e+00
1.697969769585998101e+00
1.688421406201371378e+00
1.678950563034521393e+00
1.669565047674206548e+00
1.660272223762015109e+00
1.651078961171876358e+00
1.641991600472794577e+00
1.633015938689255098e+00
1.624157242710470905e+00
1.615420294252435163e+00
1.606809466073475079e+00
1.598328823921777220e+00
1.589982243664005424e+00
1.581773529530989597e+00
1.573706518355878492e+00
1.565785156369866371e+00
1.558013539078578757e+00
1.550395910022986268e+00
1.542936619657700348e+00
1.535640050150803404e+00
1.528510514973236756e+00
1.521552143430946469e+00
1.514768759895876782e+00
1.508163765755056840e+00
1.501740029542748545e+00
1.495499787974026162e+00
1.489444558289833909e+00
1.483575060982140537e+00
1.477891151875322606e+00
1.472391763669634868e+00
1.467074858983539620e+00
1.461937398980851288e+00
1.456975333022536567e+00
1.452183614753360663e+00
1.447556248277439117e+00
1.443086364730663984e+00
1.438766325270383062e+00
1.434587842232823762e+00
1.430542107057898304e+00
1.426619912379769817e+00
1.422811756844822639e+00
1.419107924536427312e+00
1.415498535619243992e+00
1.411973569891417313e+00
1.408522869251648935e+00
1.405136127820083347e+00
1.401802879267564528e+00
1.398512489981867057e+00
1.395254164610573389e+00
1.392016967998166876e+00
1.388789865191372819e+00
1.385561779380592995e+00
1.382321666393158122e+00
1.379058603480176615e+00
1.375761889396749149e+00
1.372421151987772925e+00
1.369026458680888680e+00
1.365568424571852457e+00
1.362038312383144767e+00
1.358428118639657178e+00
1.354730641007001246e+00
1.350939522829887940e+00
1.347049272373689321e+00
1.343055255965750705e+00
1.338953666020343825e+00
1.334741466699423951e+00
1.330416321582496897e+00
1.325976509024867633e+00
1.321420831696170417e+00
1.316748526910723527e+00
1.311959183696468356e+00
1.307052671118022147e+00
1.302029080386096105e+00
1.296888681068941507e+00
1.291631889696252422e+00
1.286259247585892940e+00
1.280771404112318823e+00
1.275169101965906382e+00
1.269453162126331414e+00
1.263624467988097910e+00
1.257683949917901778e+00
1.251632573048849117e+00
1.245471331941542470e+00
1.239201255669977630e+00
1.232823425918527782e+00
1.226339009001845115e+00
1.219749300701572725e+00
1.213055780861333144e+00
1.206260173184559470e+00
1.199364504913377871e+00
1.192371161116786871e+00
1.185282929123095075e+00
1.178103029905193999e+00
1.170835134695015878e+00
1.163483366417343401e+00
1.156052286505937055e+00
1.148546868230148954e+00
1.140972457898410175e+00
1.133334725370266582e+00
1.125639605392926734e+00
1.117893231473569449e+00
1.110101864338522759e+00
1.102271817420809263e+00
1.094409382151378729e+00
1.086520755966772001e+00
1.078611975829251168e+00
1.070688859678885940e+00
1.062756957659167778e+00
1.054821514276566896e+00
1.046887441976570132e+00
1.038959306012530392e+00
1.031041320000391837e+00
1.023137351185789745e+00
1.015250934171087804e+00
1.007385291620827239e+00
9.995433602607400880e-01
9.917278202949851851e-01
9.839411262421480231e-01
9.761855371570603568e-01
9.684631443443521004e-01
9.607758949852693853e-01
9.531256105971920300e-01
9.455139998604039642e-01
9.379426659934972932e-01
9.304131094353701448e-01
9.229267270160579351e-01
9.154848090248380865e-01
9.080885356003919329e-01
9.007389737167990074e-01
8.934370757689720222e-01
8.861836804273470758e-01
8.789795160916215044e-01
8.718252069543414029e-01
8.647212814114396684e-01
8.576681823490961420e-01
8.506662787016154859e-01
8.437158776261817206e-01
8.368172366838952936e-01
8.299705755309948474e-01
8.231760868023758615e-01
8.164339460539880022e-01
8.097443207971450896e-01
8.031073787548964615e-01
7.965232954841666713e-01
7.899922614381262864e-01
7.835144884143181443e-01
7.770902151868677166e-01
7.707197120007559521e-01
7.644032835520948588e-01
7.581412701035438184e-01
7.519340464900253762e-01
7.457820189278042688e-01
7.396856197157462010e-01
7.336453000697961135e-01
7.276615214385520058e-01
7.217347456852243326e-01
7.158654245060779298e-01
7.100539883929174456e-01
7.043008353696005308e-01
6.986063196593089719e-01
6.929707403907310326e-01
6.873943304328679060e-01
6.818772454576788045e-01
6.764195533651073955e-01
6.710212242434687724e-01
6.656821210796498578e-01
6.604019914582006656e-01
6.551804605014764915e-01
6.500170252877799371e-01
6.449110509552076209e-01
6.398617686503180746e-01
6.348682754139867157e-01
6.299295360282398670e-01
6.250443867692080380e-01
6.202115409421899983e-01
6.154295960080000683e-01
6.106970420618922368e-01
6.060122713884961154e-01
6.013735887998906682e-01
5.967792224610067864e-01
5.922273349180994240e-01
5.877160340735547717e-01
5.832433838811860172e-01
5.788074145806227921e-01
5.744061323321438817e-01
5.700375281614571410e-01
5.656995861694859018e-01
5.613902910032380067e-01
5.571076346241139454e-01
5.528496224374903623e-01
5.486142788730239417e-01
5.443996525170061718e-01
5.402038209071533537e-01
5.360248950951812530e-01
5.318610240756718177e-01
5.277103991636903357e-01
5.235712583844369661e-01
5.194418909127688222e-01
5.153206415799351792e-01
5.112059154336039413e-01
5.070961823179621630e-01
5.029899814173663941e-01
4.988859256866898240e-01
4.947827060829618762e-01
4.906790955009029953e-01
4.865739523144206879e-01
4.824662234298321417e-01
4.783549467639067188e-01
4.742392530725674238e-01
4.701183670738548481e-01
4.659916078245224247e-01
4.618583883329110962e-01
4.577182144070433001e-01
4.535706827583101397e-01
4.494154783989131596e-01
4.452523713836497032e-01
4.410812129627101341e-01
4.369019312195152605e-01
4.327145262753359645e-01
4.285190651472884360e-01
4.243156763479750682e-01
4.201045443137069735e-01
4.158859037484189392e-01
4.116600339642439432e-01
4.074272532953876480e-01
4.031879136550892140e-01
3.989423952982426580e-01
3.946911018414037131e-01
3.904344555853344056e-01
3.861728931731601699e-01
3.819068616073853506e-01
3.776368146410338800e-01
3.733632095471944301e-01
3.690865042642033633e-01
3.648071549074582420e-01
3.605256136327211203e-01
3.562423268336031290e-01
3.519577336524538080e-01
3.476722647855133852e-01
3.433863415618896298e-01
3.391003752787915548e-01
3.348147667771397828e-01
3.305299062438191160e-01
3.262461732290843353e-01
3.219639368683031022e-01
3.176835563002030627e-01
3.134053812701246278e-01
3.091297529107416286e-01
3.048570046869211181e-01
3.005874634920037702e-01
2.963214508783117984e-01
2.920592844033226276e-01
2.878012790674299715e-01
2.835477488180200845e-01
2.792990080909699691e-01
2.750553733576973636e-01
2.708171646451582593e-01
2.665847069948537040e-01
2.623583318275077847e-01
2.581383781800565824e-01
2.539251937860116937e-01
2.497191359719151682e-01
2.455205723466578061e-01
2.413298812676161753e-01
2.371474520709296319e-01
2.329736850601316078e-01
2.288089912539867377e-01
2.246537919004136796e-01
2.205085177676230357e-01
2.163736082310141473e-01
2.122495101775576654e-01
2.081366767522898065e-01
2.040355659760647034e-01
1.999466392635477208e-01
1.958703598713415484e-01
1.918071913069226975e-01
1.877575957265720519e-01
1.837220323486214446e-01
1.797009559074988216e-01
1.756948151681723136e-01
1.717040515214124929e-01
1.677290976721154403e-01
1.637703764339399903e-01
1.598282996386098942e-01
1.559032671630828926e-01
1.519956660792042558e-01
1.481058699246904364e-01
1.442342380930019263e-01
1.403811153384088295e-01
1.365468313914810494e-01
1.327317006769130336e-01
1.289360221278728347e-01
1.251600790887004711e-01
1.214041392975636485e-01
1.176684549413697656e-01
1.139532627759662353e-01
1.102587843020799985e-01
1.065852259921897666e-01
1.029327795603556250e-01
9.930162226904196143e-02
9.569191726729776859e-02
9.210381395617853184e-02
8.853744837499491482e-02
8.499294360568035445e-02
8.147041019094272696e-02
7.796994656305399063e-02
7.449163947962667010e-02
7.103556446402137237e-02
6.760178624789696389e-02
6.419035921304169778e-02
6.080132783034908339e-02
5.743472709447059593e-02
5.409058295131100036e-02
5.076891271707448250e-02
4.746972548770541506e-02
4.419302253585167400e-02
4.093879769558511628e-02
3.770703773286981919e-02
3.449772270067328478e-02
3.131082627812646624e-02
2.814631609367479470e-02
2.500415403004782947e-02
2.188429651264564568e-02
1.878669478015898564e-02
1.571129513737075378e-02
1.265803919062911606e-02
9.626864066226046082e-03
6.617702612161137365e-03
3.630483583378554119e-03
6.651318115318319811e-04
-2.278431640018466209e-03
-5.200289335573235298e-03
-8.100527340163947085e-03
-1.097923510447947754e-02
-1.383650536236400580e-02
-1.667243403897617632e-02
-1.948712016881411560e-02
-2.228066582364828657e-02
-2.505317604878053855e-02
-2.780475880687231782e-02
-3.053552492953219566e-02
-3.324558807518233905e-02
-3.593506469238448575e-02
-3.860407398950142788e-02
-4.125273790843049515e-02
-4.388118110296154728e-02
-4.648953092153123440e-02
-4.907791739336062053e-02
-5.164647321780620887e-02
-5.419533375736658443e-02
-5.672463703322314088e-02
-5.923452372367143948e-02
-6.172513716510173720e-02
-6.419662335546068299e-02
-6.664913096045657626e-02
-6.908281132149214632e-02
-7.149781846648749217e-02
-7.389430912302193122e-02
-7.627244273313388279e-02
-7.863238147126443145e-02
-8.097429026409705410e-02
-8.329833681263398848e-02
-8.560469161699489626e-02
-8.789352800344595040e-02
-9.016502215364746720e-02
-9.241935313660847029e-02
-9.465670294308478616e-02
-9.687725652193496240e-02
-9.908120181938538662e-02
-1.012687298205992292e-01
-1.034400345929268467e-01
-1.055953133323445370e-01
-1.077347664112061620e-01
-1.098585974286443723e-01
-1.119670132621477382e-01
-1.140602241217056195e-01
-1.161384436048976815e-01
-1.182018887533779761e-01
-1.202507801106987573e-01
-1.222853417808723864e-01
-1.243058014870768446e-01
-1.263123906311480193e-01
-1.283053443526101511e-01
-1.302849015868760840e-01
-1.322513051231195835e-01
-1.342048016603276384e-01
-1.361456418614129527e-01
-1.380740804053129933e-01
-1.399903760362575522e-01
-1.418947916091054529e-01
-1.437875941315893691e-01
-1.456690548016857933e-01
-1.475394490398705682e-01
-1.493990565163680617e-01
-1.512481611720012387e-01
-1.530870512324579713e-01
-1.549160192157938987e-01
0.000000000000000000e+00
