4.670887546433550620e-03
5.153267680791316120e-03
5.708416131475984624e-03
6.271799977081488411e-03
6.836115722646417779e-03
7.398160575833347130e-03
7.956444567509100493e-03
8.510334306953399805e-03
9.059615545529862632e-03
9.604275116840695764e-03
1.014439314000567527e-02
1.068008995792911302e-02
1.121150023243021841e-02
1.173876050996548216e-02
1.226200345344273523e-02
1.278135535467434837e-02
1.329693524423114157e-02
1.380885476355084816e-02
1.431721838664583996e-02
1.482212378908676423e-02
1.532366226642691183e-02
1.582191915601213750e-02
1.631697424158369200e-02
1.680890213254334839e-02
1.729777261569341237e-02
1.778365097996916985e-02
1.826659831592392785e-02
1.874667179206863238e-02
1.922392491031589198e-02
1.969840774257075600e-02
2.017016715046886927e-02
2.063924698997007812e-02
2.110568830241708535e-02
2.156952949345239748e-02
2.203080650108496519e-02
2.248955295396987825e-02
2.294580032098788094e-02
2.339957805291830589e-02
2.385091371711088246e-02
2.429983312575677290e-02
2.474636045845826637e-02
2.519051837963078369e-02
2.563232815122858110e-02
2.607180974122526307e-02
2.650898192825829058e-02
2.694386240274315031e-02
2.737646786475823185e-02
2.780681411898867569e-02
2.823491616687406891e-02
2.866078829621002827e-02
2.908444416830566204e-02
2.950589690286370068e-02
2.992515916066276413e-02
3.034224322405745800e-02
3.075716107547464898e-02
3.116992447382400597e-02
3.158054502884617698e-02
3.198903427349676643e-02
3.239540373419069752e-02
3.279966499901142141e-02
3.320182978374652122e-02
3.360190999576924409e-02
3.399991779561842981e-02
3.439586565630226023e-02
3.478976642018950793e-02
3.518163335342010950e-02
3.557148019773561515e-02
3.595932121972995887e-02
3.634517125733036091e-02
3.672904576352314931e-02
3.711096084718029653e-02
3.749093331099283971e-02
3.786898068637990777e-02
3.824512126539982015e-02
3.861937412955362969e-02
3.899175917549874831e-02
3.936229713763035598e-02
3.973100960759430589e-02
4.009791905062312645e-02
4.046304881884868476e-02
4.082642316159214996e-02
4.118806723266116993e-02
4.154800709478923687e-02
4.190626972126996336e-02
4.226288299496575029e-02
4.261787570471935183e-02
4.297127753943068978e-02
4.332311907985599009e-02
4.367343178839956652e-02
4.402224799703733510e-02
4.436960089356795089e-02
4.471552450640582654e-02
4.506005368817838502e-02
4.540322409828080608e-02
4.574507218464450575e-02
4.608563516496895496e-02
4.642495100755245074e-02
4.676305841204478342e-02
4.709999679022074809e-02
4.743580624703879617e-02
4.777052756205864281e-02
4.810420217152037992e-02
4.843687215103369137e-02
4.876858019904273950e-02
4.909936962122236209e-02
4.942928431567761294e-02
4.975836875901738093e-02
5.008666799329580116e-02
5.041422761365336319e-02
5.074109375652706422e-02
5.106731308832788974e-02
5.139293279430275085e-02
5.171800056734610074e-02
5.204256459637613547e-02
5.236667355400106277e-02
5.269037658306334471e-02
5.301372328166631398e-02
5.333676368600442919e-02
5.365954825084830182e-02
5.398212782687186739e-02
5.430455363435679472e-02
5.462687723284354036e-02
5.494915048600824969e-02
5.527142552129780950e-02
5.559375468373348866e-02
5.591619048346432863e-02
5.623878553643071182e-02
5.656159249781561593e-02
5.688466398780129413e-02
5.720805250936379649e-02
5.753181035769467516e-02
5.785598952126293215e-02
5.818064157418280369e-02
5.850581755999808425e-02
5.883156786693898022e-02
5.915794209480337157e-02
5.948498891375170877e-02
5.981275591552631665e-02
6.014128945738884263e-02
6.047063449968140270e-02
6.080083443757350325e-02
6.113193092785801364e-02
6.146396371190493424e-02
6.179697043572124349e-02
6.213098646829161298e-02
6.246604471945639558e-02
6.280217545870546425e-02
6.313940613626208009e-02
6.347776120771272956e-02
6.381726196395652584e-02
6.415792636774927948e-02
6.449976889839174887e-02
6.484280040605419626e-02
6.518702797720668518e-02
6.553245481256136928e-02
6.587908011886731141e-02
6.622689901585024352e-02
6.657590245941553964e-02
6.692607718236794068e-02
6.727740565334872080e-02
6.762986605504826831e-02
6.798343228232804625e-02
6.833807396068866669e-02
6.869375648547759727e-02
6.905044108225773247e-02
6.940808488804803278e-02
6.976664105363167279e-02
7.012605886639930453e-02
7.048628389336518418e-02
7.084725814370615438e-02
7.120892025007512227e-02
7.157120566755777180e-02
7.193404688947689640e-02
7.229737367849205232e-02
7.266111331179717081e-02
7.302519083892658469e-02
7.338952935058334903e-02
7.375405025671727399e-02
7.411867357222710895e-02
7.448331820844950046e-02
7.484790226853753337e-02
7.521234334496072760e-02
7.557655881702440848e-02
7.594046614695811048e-02
7.630398317216798010e-02
7.666702839233192901e-02
7.702952124932564704e-02
7.739138239834013333e-02
7.775253396868500588e-02
7.811289981262756199e-02
7.847240574103922506e-02
7.883097974448186052e-02
7.918855219863386863e-02
7.954505605299827531e-02
7.990042700217542260e-02
8.025460363874260816e-02
8.060752758747136149e-02
8.095914362026712663e-02
8.130939975149267807e-02
8.165824731391282953e-02
8.200564101489284108e-02
8.235153897317629146e-02
8.269590273667860869e-02
8.303869728145397977e-02
8.337989099264372928e-02
8.371945562781324401e-02
8.405736626382695476e-02
8.439360122760557192e-02
8.472814201222914066e-02
8.506097317911207045e-02
8.539208224743150000e-02
8.572145957200594246e-02
8.604909821082235011e-02
8.637499378349350332e-02
8.669914432178826846e-02
8.702155011383853889e-02
8.734221354312123042e-02
8.766113892357038639e-02
8.797833233219974625e-02
8.829380144063395108e-02
8.860755534659563171e-02
8.891960440682319944e-02
8.922996007252004258e-02
8.953863472847095606e-02
8.984564153686150356e-02
9.015099428700928952e-02
9.045470725164672654e-02
9.075679505066977515e-02
9.105727252330150789e-02
9.135615460895792073e-02
9.165345623747220283e-02
9.194919222913164325e-02
9.224337720478982539e-02
9.253602550613246325e-02
9.282715112628386889e-02
9.311676765063935102e-02
9.340488820776091106e-02
9.369152543022310486e-02
9.397669142489441241e-02
9.426039775225728001e-02
9.454265541446787990e-02
9.482347485137328225e-02
9.510286594404818161e-02
9.538083802497869523e-02
9.565739989456853443e-02
9.593255984288154292e-02
9.620632567608221331e-02
9.647870474700551147e-02
9.674970398874094268e-02
9.701932995097430068e-02
9.728758883798850621e-02
9.755448654815296328e-02
9.782002871365777508e-02
9.808422074049119588e-02
9.834706784776837962e-02
9.860857510602044629e-02
9.886874747385498985e-02
9.912758983283631586e-02
9.938510702002203989e-02
9.964130385784569777e-02
9.989618518111029188e-02
1.001497558610112415e-01
1.004020208258314534e-01
1.006529850782268143e-01
1.009026537092304610e-01
1.011510319086682264e-01
1.013981249721935263e-01
1.016439383049755202e-01
1.018884774219793177e-01
1.021317479452042848e-01
1.023737555977596025e-01
1.026145061952537796e-01
1.028540056343112685e-01
1.030922598787895328e-01
1.033292749435215513e-01
1.035650568763193946e-01
1.037996117378385680e-01
1.040329455799852976e-01
1.042650644228950568e-01
1.044959742307897399e-01
1.047256808866166566e-01
1.049541901662298521e-01
1.051815077116234343e-01
1.054076390039129646e-01
1.056325893359737478e-01
1.058563637850401529e-01
1.060789671851398719e-01
1.063004040998872524e-01
1.065206787954703083e-01
1.067397952140762690e-01
1.069577569479512047e-01
1.071745672139954864e-01
1.073902288292865465e-01
1.076047441874327937e-01
1.078181152361064599e-01
1.080303434556071501e-01
1.082414298387822521e-01
1.084513748724243859e-01
1.086601785201098264e-01
1.088678402068573581e-01
1.090743588055140406e-01
1.092797326250544709e-01
1.094839594011743911e-01
1.096870362888508615e-01
1.098889598575448351e-01
1.100897260886741502e-01
1.102893303757987720e-01
1.104877675276959570e-01
1.106850317741729650e-01
1.108811167749667315e-01
1.110760156317387448e-01
1.112697209032667556e-01
1.114622246240052073e-01
1.116535183259382835e-01
1.118435930639180564e-01
1.120324394443680815e-01
1.122200476575756084e-01
1.124064075132897300e-01
1.125915084798849997e-01
1.127753397267863278e-01
1.129578901701653593e-01
1.131391485219406245e-01
1.133191033416384719e-01
1.134977430913524654e-01
1.136750561931082620e-01
1.138510310890887556e-01
1.140256563039132587e-01
1.141989205089971593e-01
1.143708125887477195e-01
1.145413217082337232e-01
1.147104373822681045e-01
1.148781495449871792e-01
1.150444486206038119e-01
1.152093255940055266e-01
1.153727720817511460e-01
1.155347804023255931e-01
1.156953436462045959e-01
1.158544557443586531e-01
1.160121115360866761e-01
1.161683068346782560e-01
1.163230384914169524e-01
1.164763044570926581e-01
1.166281038411264293e-01
1.167784369675265027e-01
1.169273054277321922e-01
1.170747121300029225e-01
1.172206613447204504e-01
1.173651587458077739e-01
1.175082114477399159e-01
1.176498280376504779e-01
1.177900186028856544e-01
1.179287947532149522e-01
1.180661696376449077e-01
1.182021579558358154e-01
1.183367759637606181e-01
1.184700414734686791e-01
1.186019738467734702e-01
1.187325939830768395e-01
1.188619243007193738e-01
1.189899887123803679e-01
1.191168125942132228e-01
1.192424227486108268e-01
1.193668473610579872e-01
1.194901159508078708e-01
1.196122593157786379e-01
1.197333094713237817e-01
1.198532995838403475e-01
1.199722638987899548e-01
1.200902376635835239e-01
1.202072570458795897e-01
1.203233590468388570e-01
1.204385814109266428e-01
1.205529625312526526e-01
1.206665413518564905e-01
1.207793572668649507e-01
1.208914500168369321e-01
1.210028595833092802e-01
1.211136260811128962e-01
1.212237896498932488e-01
1.213333903441810718e-01
1.214424680234651999e-01
1.215510622421313164e-01
1.216592121395064369e-01
1.217669563310149056e-01
1.218743328004062154e-01
1.219813787933162752e-01
1.220881307127250348e-01
1.221946240166197489e-01
1.223008931177204522e-01
1.224069712861584891e-01
1.225128905545122826e-01
1.226186816260738666e-01
1.227243737860521378e-01
1.228299948158154686e-01
1.229355709105441757e-01
1.230411265999097614e-01
1.231466846723466707e-01
1.232522661024787469e-01
1.233578899817469599e-01
1.234635734526615264e-01
1.235693316463185865e-01
1.236751776230183286e-01
1.237811223168266417e-01
1.238871744832311383e-01
1.239933406505233648e-01
1.240996250748242768e-01
1.242060296989419554e-01
1.243125541152364788e-01
1.244191955327517835e-01
1.245259487487555550e-01
1.246328061251414654e-01
1.247397575695844141e-01
1.248467905224886210e-01
1.249538899493431443e-01
1.250610383396025815e-01
1.251682157117239846e-01
1.252753996255643876e-01
1.253825652019632531e-01
1.254896851501260402e-01
1.255967298034616486e-01
1.257036671641065806e-01
1.258104629563495946e-01
1.259170806897105255e-01
1.260234817320596834e-01
1.261296253925608124e-01
1.262354690154555703e-01
1.263409680845871130e-01
1.264460763388618458e-01
1.265507458991352308e-01
1.266549274061325447e-01
1.267585701701665624e-01
1.268616223319859182e-01
1.269640310350217682e-01
1.270657426087787034e-01
1.271667027629799496e-01
1.272668567924279404e-01
1.273661497914613805e-01
1.274645268779461549e-01
1.275619334258044080e-01
1.276583153051804587e-01
1.277536191291192835e-01
1.278477925057798226e-01
1.279407842946417018e-01
1.280325448656500220e-01
1.281230263593206298e-01
1.282121829464129559e-01
1.282999710859622777e-01
1.283863497786899288e-01
1.284712808159479691e-01
1.285547290203320203e-01
1.286366624783150114e-01
1.287170527621603056e-01
1.287958751394882029e-01
1.288731087700769884e-01
1.289487368876753304e-01
1.290227469662484361e-01
1.290951308692679655e-01
1.291658849817909072e-01
1.292350103236991066e-01
1.293025126444724004e-01
1.293684024981248404e-01
1.294326952984546364e-01
1.294954113537569729e-01
1.295565758810642842e-01
1.296162189992893510e-01
1.296743757009733433e-01
1.297310858026297642e-01
1.297863938730792754e-01
1.298403491395986042e-01
1.298930053716751409e-01
1.299444207420294151e-01
1.299946576651478114e-01
1.300437826129117735e-01
1.300918659074799810e-01
1.301389814920921595e-01
1.301852066798895313e-01
1.302306218817773920e-01
1.302753103138109270e-01
1.303193576860683378e-01
1.303628518736675568e-01
1.304058825722222703e-01
1.304485409396237139e-01
1.304909192257006911e-01
1.305331103925919667e-01
1.305752077281727430e-01
1.306173044547284390e-01
1.306594933351374332e-01
1.307018662793599517e-01
1.307445139528129741e-01
1.307875253890593281e-01
1.308309876083003365e-01
1.308749852433762628e-01
1.309196001744409865e-01
1.309649111729075110e-01
1.310109935561368233e-01
1.310579188524329530e-01
1.311057544775334760e-01
1.311545634218511391e-01
1.312044039492047953e-01
1.312553293073044358e-01
1.313073874491807180e-01
1.313606207668463199e-01
1.314150658375262126e-01
1.314707531823356423e-01
1.315277070397931902e-01
1.315859451539671821e-01
1.316454785798728544e-01
1.317063115075292890e-01
1.317684411064340699e-01
1.318318573930719884e-01
1.318965431238166008e-01
1.319624737151463278e-01
1.320296171939122354e-01
1.320979341800755380e-01
1.321673779034844565e-01
1.322378942567844218e-01
1.323094218863414828e-01
1.323818923214686860e-01
1.324552301435812096e-01
1.325293531947629722e-01
1.326041728263896713e-01
1.326795941864986617e-01
1.327555165459198272e-01
1.328318336610999628e-01
1.329084341733486607e-01
1.329852020421623815e-01
1.330620170118092249e-01
1.331387551094317390e-01
1.332152891733567324e-01
1.332914894107395665e-01
1.333672239822939198e-01
1.334423596141026125e-01
1.335167622332926740e-01
1.335902976272951015e-01
1.336628321228711946e-01
1.337342332829885572e-01
1.338043706167977853e-01
1.338731162985340728e-01
1.339403458896166466e-01
1.340059390574827036e-01
1.340697802844452724e-01
1.341317595589567868e-01
1.341917730421483546e-01
1.342497237019849299e-01
1.343055219093378383e-01
1.343590859901030721e-01
1.344103427299457032e-01
1.344592278285077769e-01
1.345056863035810069e-01
1.345496728458945301e-01
1.345911521272627476e-01
1.346300990666069175e-01
1.346664990583503752e-01
1.347003481686258053e-01
1.347316533036393982e-01
1.347604323550349870e-01
1.347867143237299059e-01
1.348105394233437559e-01
1.348319591609303258e-01
1.348510363917519439e-01
1.348678453407477495e-01
1.348824715828721155e-01
1.348950119726397279e-01
1.349055745112991422e-01
1.349142781420382686e-01
1.349212524617542097e-01
1.349266373413966491e-01
1.349305824483644500e-01
1.349332466664469321e-01
1.349347974133558170e-01
1.349354098578585681e-01
1.349352660432855955e-01
1.349345539254713788e-01
1.349334663387270483e-01
1.349321999029566843e-01
1.349309538888652793e-01
1.349299290578190036e-01
1.349293264936868020e-01
1.349293464435789569e-01
1.349301871822914389e-01
1.349320439132026539e-01
1.349351077165053536e-01
1.349395645508557895e-01
1.349455943127718383e-01
1.349533699531996200e-01
1.349630566486642869e-01
1.349748110206012153e-01
1.349887803952684318e-01
1.350051020949037672e-01
1.350239027510329870e-01
1.350452976305215325e-01
1.350693899672719966e-01
1.350962702944070448e-01
1.351260157728127742e-01
1.351586895170752700e-01
1.351943399202061302e-01
1.352329999841317132e-01
1.352746866627246580e-01
1.353194002299687171e-01
1.353671236862241112e-01
1.354178222197456316e-01
1.354714427422218925e-01
1.355279135193481754e-01
1.355871439185070138e-01
1.356490242961559400e-01
1.357134260463943309e-01
1.357802018294525515e-01
1.358491859943732616e-01
1.359201952051696249e-01
1.359930292710661570e-01
1.360674721763363015e-01
1.361432932951351094e-01
1.362202487724636646e-01
1.362980830472440563e-01
1.363765304908179377e-01
1.364553171356294725e-01
1.365341624709275892e-01
1.366127812875250203e-01
1.366908855596447037e-01
1.367681863563777467e-01
1.368443957796556809e-01
1.369192289269784146e-01
1.369924058752091944e-01
1.370636536741910716e-01
1.371327083338604591e-01
1.371993167743115472e-01
1.372632386992208575e-01
1.373242483443018191e-01
1.373821360448581053e-01
1.374367095689480456e-01
1.374877951667595744e-01
1.375352383013540569e-01
1.375789040440338340e-01
1.376186771428776767e-01
1.376544617967528361e-01
1.376861811933706159e-01
1.377137768912886917e-01
1.377372081398691162e-01
1.377564512377437711e-01
1.377714990270342832e-01
1.377823606081858554e-01
1.377890613361915650e-01
1.377916431309167689e-01
1.377901651001897931e-01
1.377847044380024755e-01
1.377753575290056598e-01
1.377622411615714582e-01
1.377454937362338483e-01
1.377252763501896071e-01
1.377017736453405028e-01
1.376751943269298173e-01
1.376457712862395877e-01
1.376137612944674793e-01
1.375794442643092919e-01
1.375431221024942530e-01
1.375051171921038429e-01
1.374657705516098005e-01
1.374254397128430449e-01
1.373844963560676979e-01
1.373433237306810328e-01
1.373023138875683058e-01
1.372618647536831826e-01
1.372223770895541484e-01
1.371842513874468039e-01
1.371478847834355363e-01
1.371136680693720300e-01
1.370819828885997960e-01
1.370531991904477553e-01
1.370276729909355173e-01
1.370057444567506499e-01
1.369877362905099760e-01
1.369739523673386972e-01
1.369646765500171504e-01
1.369601716028451821e-01
1.369606781318342958e-01
1.369664134927034982e-01
1.369775706269459603e-01
1.369943167991746480e-01
1.370167922144038541e-01
1.370451084879342196e-01
1.370793469300421730e-01
1.371195565978080011e-01
1.371657520712419309e-01
1.372179109341604142e-01
1.372759709939302131e-01
1.373398273477111908e-01
1.374093294942984600e-01
1.374842787742322492e-01
1.375644264848149556e-01
1.376494730307470382e-01
1.377390684329693193e-01
1.378328144169671254e-01
1.379302681507802997e-01
1.380309475238591377e-01
1.381343376768494335e-01
1.382398983450243701e-01
1.383470714894269871e-01
1.384552886774167990e-01
1.385639777442197462e-01
1.386725684137580794e-01
1.387804967483026730e-01
1.388872085108416587e-01
1.389921617188919212e-01
1.390948288072620109e-01
1.391946988770151883e-01
1.392912804651830760e-01
1.393841051306607404e-01
1.394727319328346593e-01
1.395567526123322744e-01
1.396357970275128313e-01
1.397095381948203485e-01
1.397776961848275490e-01
1.398400401641463620e-01
1.398963880497519907e-01
1.399466035344983650e-01
1.399905905974973552e-01
1.400282859682723813e-01
1.400596503083209321e-01
1.400846590555670512e-01
1.401032939344565575e-01
1.401155360682274087e-01
1.401213614683249897e-01
1.401207394526602368e-01
1.401136342872393581e-01
1.401000100610012011e-01
1.400798385116563682e-01
1.400531092149116530e-01
1.400198412754976030e-01
1.399800954522872065e-01
1.399339855772603058e-01
1.398816882296480546e-01
1.398234499109345941e-01
1.397595913753517660e-01
1.396905092143302385e-01
1.396166751428723485e-01
1.395386335975795089e-01
1.394569981859021535e-01
1.393724472633709466e-01
1.392857185659518438e-01
1.391976025340523337e-01
1.391089338561565802e-01
1.390205809077935672e-01
1.389334331401746170e-01
1.388483869752039079e-01
1.387663312293953843e-01
1.386881333529524085e-01
1.386146277195236531e-01
1.385466068218187685e-01
1.384848156102288508e-01
1.384299485188376921e-01
1.383826481731086355e-01
1.383435045297490562e-01
1.383130533545769425e-01
1.382917734693396850e-01
1.382800829405493315e-01
1.382783351161289975e-01
1.382868158912400336e-01
1.383057436016346120e-01
1.383352724329159344e-01
1.383754992667135808e-01
1.384264727073503121e-01
1.384882019646138385e-01
1.385606626783675022e-01
1.386437969009385041e-01
1.387375053936192870e-01
1.388416319918680530e-01
1.389559416999445185e-01
1.390800959286716820e-01
1.392136294333059521e-01
1.393559337296319534e-01
1.395062509730783384e-01
1.396636806357940408e-01
1.398271991539745962e-01
1.399956904791520573e-01
1.401679835925007667e-01
1.403428918547398319e-01
1.405192487741648566e-01
1.406959354190100986e-01
1.408718961889653121e-01
1.410461417655535787e-01
1.412177404465766728e-01
1.413858013331296681e-01
1.415494545417015915e-01
1.417078343821620290e-01
1.418600710252652664e-01
1.420052945393840693e-01
1.421426525245278738e-01
1.422713394020051758e-01
1.423906324335102724e-01
1.424999274993950793e-01
1.425987671687048708e-01
1.426868548524415914e-01
1.427640515681878886e-01
1.428303553212214860e-01
1.428858663772371029e-01
1.429307439266568336e-01
1.429651603678796512e-01
1.429892587423256534e-01
1.430031172673438822e-01
1.430067231773212710e-01
1.429999568524272235e-01
1.429825867648956417e-01
1.429542759381158268e-01
1.429146008762863518e-01
1.428630837122797648e-01
1.427992373068291965e-01
1.427226213109626385e-01
1.426329052472395942e-01
1.425299331207314502e-01
1.424137834493885146e-01
1.422848190696657522e-01
1.421437223766614799e-01
1.419915132865198215e-01
1.418295486209902867e-01
1.416595025034594058e-01
1.414833278296332431e-01
1.413031993517187002e-01
1.411214399587787383e-01
1.409404336758805776e-01
1.407625316000723492e-01
1.405899597304639814e-01
1.404247393402933419e-01
1.402686301484276088e-01
1.401231035357939914e-01
1.399893477766896988e-01
1.398683009306682656e-01
1.397607014663911351e-01
1.396671435858732047e-01
1.395881246264326081e-01
1.395240758015310611e-01
1.394753737443045483e-01
1.394423369648109812e-01
1.394252163723419258e-01
1.394241908693114596e-01
1.394393770004204447e-01
1.394708562065042901e-01
1.395187159044445069e-01
1.395830936477813200e-01
1.396642093727092082e-01
1.397623709245442991e-01
1.398779431195243672e-01
1.400112793602542594e-01
1.401626247802300052e-01
1.403320079893422556e-01
1.405191422075319496e-01
1.407233548488172614e-01
1.409435582415268784e-01
1.411782654084352551e-01
1.414256464832511218e-01
1.416836156033757232e-01
1.419499357670160611e-01
1.422223294129455473e-01
1.424985837425003510e-01
1.427766406584289882e-01
1.430546613957168756e-01
1.433310565409863235e-01
1.436044748389369852e-01
1.438737500133664138e-01
1.441378133012670149e-01
1.443955883905398974e-01
1.446458919138406407e-01
1.448873638655890916e-01
1.451184469422013290e-01
1.453374226719413298e-01
1.455424981272132046e-01
1.457319240794819892e-01
1.459041175781136124e-01
1.460577614706198568e-01
1.461918602682431290e-01
1.463057435802790629e-01
1.463990212973959593e-01
1.464715050171722655e-01
1.465231153586624979e-01
1.465537942110997915e-01
1.465634358155915029e-01
1.465518432546086547e-01
1.465187100188777569e-01
1.464636218009091606e-01
1.463860723677959108e-01
1.462854888987888680e-01
1.461612652554503122e-01
1.460128046944368652e-01
1.458395752497348985e-01
1.456411808132980212e-01
1.454174490050344770e-01
1.451685339294125354e-01
1.448950286427742595e-01
1.445980791120924369e-01
1.442794887750826205e-01
1.439418004705828591e-01
1.435883406839119081e-01
1.432232104690276120e-01
1.428512093365089386e-01
1.424776841344269351e-01
1.421083050243068246e-01
1.417487840581539427e-01
1.414045658016775953e-01
1.410805299050407191e-01
1.407807485261931002e-01
1.405083346800982125e-01
1.402654013643265252e-01
1.400531292398817795e-01
1.398719185288087585e-01
1.397215849113892239e-01
1.396015542740523530e-01
1.395110187064095841e-01
1.394490339283610270e-01
1.394145608311977147e-01
1.394064738520409685e-01
1.394235696677310621e-01
1.394646071183584246e-01
1.395283936139931902e-01
1.396139096111704003e-01
1.397204396179938246e-01
1.398476648091387664e-01
1.399956750722674836e-01
1.401648778574648702e-01
1.403558116670698408e-01
1.405689026638323180e-01
1.408042220963809654e-01
1.410613024348447986e-01
1.413390510884507401e-01
1.416357698514163488e-01
1.419492578241906833e-01
1.422769569197777084e-01
1.426160983142587546e-01
1.429638237993643424e-01
1.433172795095465635e-01
1.436736991653146112e-01
1.440304999034486833e-01
1.443854027066840962e-01
1.447365667626056562e-01
1.450827043426722585e-01
1.454231319569607994e-01
1.457577209959892706e-01
1.460867348368170837e-01
1.464105706958101494e-01
1.467294521564276866e-01
1.470431332215114684e-01
1.473506729092633472e-01
1.476503224528070146e-01
1.479395410322759119e-01
1.482151284738686958e-01
1.484734415290761833e-01
1.487106485552177337e-01
1.489229767154540973e-01
1.491069144693654425e-01
1.492593467286863484e-01
1.493776166944932315e-01
1.494595235176841563e-01
1.495032758236546633e-01
1.495074262138240961e-01
1.494708107020740195e-01
1.493925105123881381e-01
1.492718437599117876e-01
1.491083840776084024e-01
1.489019952423402959e-01
1.486528676083462008e-01
1.483615445037962388e-01
1.480289336403688427e-01
1.476563074368358597e-01
1.472453037208960869e-01
1.467979418311395057e-01
1.463166672964347492e-01
1.458044312558194888e-01
1.452648000864293354e-01
1.447020786329378250e-01
1.441214196203058351e-01
1.435288850276662531e-01
1.429314248890680705e-01
1.423367467815987719e-01
1.417530651700263100e-01
1.411887416514266969e-01
1.406518507618184088e-01
1.401497258651305533e-01
1.396885502894145981e-01
1.392730564441757857e-01
1.389063791633766420e-01
1.385900815351688853e-01
1.383243378563822346e-01
1.381082270611470320e-01
1.379400691784639921e-01
1.378177332911505459e-01
1.377388603257140576e-01
1.377009747773397241e-01
1.377014978403659773e-01
1.377377084212658975e-01
1.378067161305815969e-01
1.379055039463413790e-01
1.380310683386455350e-01
1.381806408864202917e-01
1.383519337908912239e-01
1.385433287596276597e-01
1.387539351090003037e-01
1.389834785900914971e-01
1.392320358498570221e-01
1.394996811677148285e-01
1.397861421597104414e-01
1.400905573799481607e-01
1.404113925942496455e-01
1.407465186645785460e-01
1.410934038331413398e-01
1.414493452048531663e-01
1.418116664692797568e-01
1.421778370255390722e-01
1.425455081921759015e-01
1.429124985080062749e-01
1.432767786840191682e-01
1.436365015586360816e-01
1.439900968953796712e-01
1.443364163506209441e-01
1.446748846389976917e-01
1.450055999045709865e-01
1.453293333570615797e-01
1.456474015255796450e-01
1.459614154190233548e-01
1.462729399752397130e-01
1.465831171148242462e-01
1.468923128075587115e-01
1.471998428522687530e-01
1.475038165057630524e-01
1.478011161663323747e-01
1.480875096744697361e-01
1.483578732065776173e-01
1.486064896403213320e-01
1.488273808368611728e-01
1.490146326771718543e-01
1.491626782901413206e-01
1.492665163367533354e-01
1.493218553510275159e-01
1.493251892189797481e-01
1.492738199355627682e-01
1.491658493227104032e-01
1.490001602434100902e-01
1.487764007802873933e-01
1.484949745978537128e-01
1.481570312073891282e-01
1.477644447597103450e-01
1.473197711812306299e-01
1.468261801891802276e-01
1.462873679495143853e-01
1.457074639533992022e-01
1.450909490012103065e-01
1.444425989058242821e-01
1.437674617232815033e-01
1.430708673597757830e-01
1.423584598510775900e-01
1.416362362686350573e-01
1.409105728783005274e-01
1.401882188699077048e-01
1.394762403995375155e-01
1.387819026597064132e-01
1.381124852725202079e-01
1.374750365227720150e-01
1.368760842158209812e-01
1.363213334270262089e-01
1.358153909549860983e-01
1.353615592194174488e-01
1.349617359496490254e-01
1.346164400491996205e-01
1.343249613244056895e-01
1.340856076187928458e-01
1.338960034415423161e-01
1.337533846737430365e-01
1.336548373734183781e-01
1.335974450577020745e-01
1.335783348093654566e-01
1.335946417927152130e-01
1.336434360218822504e-01
1.337216665286849182e-01
1.338261715925941064e-01
1.339537800781188115e-01
1.341014948910452809e-01
1.342667160606118015e-01
1.344474395115427268e-01
1.346423662789772990e-01
1.348508773947747486e-01
1.350728662934240765e-01
1.353084619309133652e-01
1.355577082684074341e-01
1.358202782951484222e-01
1.360952891224934125e-01
1.363812533142149119e-01
1.366761619693445118e-01
1.369776608629581505e-01
1.372832626939878009e-01
1.375905398783570932e-01
1.378972599351174222e-01
1.382014512151712449e-01
1.385014112688096599e-01
1.387956861479486270e-01
1.390830526768634390e-01
1.393625277039471644e-01
1.396334126059401992e-01
1.398953638197687477e-01
1.401484666390763467e-01
1.403932835761650399e-01
1.406308510274336121e-01
1.408626071219319653e-01
1.410902464783311550e-01
1.413155110092783051e-01
1.415399373309726427e-01
1.417645890823321375e-01
1.419898056933417696e-01
1.422149977928119091e-01
1.424385140436870423e-01
1.426575957474128797e-01
1.428684253504901303e-01
1.430662643993134697e-01
1.432456668613514561e-01
1.434007462221080498e-01
1.435254702717224939e-01
1.436139565187715406e-01
1.436607437386951402e-01
1.436610207567902142e-01
1.436108011240738447e-01
1.435070404263662225e-01
1.433477000022352899e-01
1.431317655114816845e-01
1.428592303918065909e-01
1.425310529546809368e-01
1.421490927867061216e-01
1.417160288727082329e-01
1.412352600269240477e-01
1.407107886864781832e-01
1.401470916781821785e-01
1.395489850182970448e-01
1.389214924879368651e-01
1.382697282963597507e-01
1.375988021073749346e-01
1.369137506179516905e-01
1.362194950473895327e-01
1.355208198081614135e-01
1.348223653683640610e-01
1.341286281826982729e-01
1.334439620409471061e-01
1.327725771751387396e-01
1.321185348395623738e-01
1.314857351674971753e-01
1.308778950951424158e-01
1.302985120622227044e-01
1.297508094676854962e-01
1.292376625522919098e-01
1.287615085095868417e-01
1.283242509114871366e-01
1.279271738056442231e-01
1.275708829320682247e-01
1.272552892077449815e-01
1.269796431780235990e-01
1.267426200837795391e-01
1.265424457519608858e-01
1.263770458114722162e-01
1.262441963002974565e-01
1.261416534035675052e-01
1.260672440181669907e-01
1.260189066274812475e-01
1.259946824213394601e-01
1.259926677485840030e-01
1.260109482959558269e-01
1.260475402745567797e-01
1.261003625999708999e-01
1.261672563364466815e-01
1.262460551293900501e-01
1.263346960656084039e-01
1.264313481275104456e-01
1.265345285011890142e-01
1.266431774687617751e-01
1.267566705877740396e-01
1.268747605158485892e-01
1.269974568496687328e-01
1.271248666846713227e-01
1.272570275788084959e-01
1.273937658874046419e-01
1.275346067815200657e-01
1.276787496169058955e-01
1.278251072611434336e-01
1.279723945681053299e-01
1.281192426934219530e-01
1.282643139407367572e-01
1.284063959493301765e-01
1.285444623587598811e-01
1.286776969499220380e-01
1.288054870645172767e-01
1.289273979344119914e-01
1.290431414914711139e-01
1.291525514177100931e-01
1.292555716431726676e-01
1.293522597344557157e-01
1.294428012361448499e-01
1.295275272721791993e-01
1.296069261971347364e-01
1.296816407718666131e-01
1.297524446966639988e-01
1.298201956327453277e-01
1.298857653762018338e-01
1.299499510878303898e-01
1.300133741005863319e-01
1.300763746464794202e-01
1.301389117856351918e-01
1.302004778528650375e-01
1.302600358851045137e-01
1.303159868315802161e-01
1.303661710305215049e-01
1.304079056755234611e-01
1.304380570592286737e-01
1.304531435613701384e-01
1.304494629217888557e-01
1.304232355456411419e-01
1.303707545906668819e-01
1.302885334605995982e-01
1.301734420429677130e-01
1.300228244569200386e-01
1.298345930050404107e-01
1.296072951933229522e-01
1.293401528184884852e-01
1.290330739781993530e-01
1.286866402657548258e-01
1.283020722981271233e-01
1.278811771393328356e-01
1.274262812610903461e-01
1.269401526150377435e-01
1.264259153358598675e-01
1.258869606384754314e-01
1.253268575837757914e-01
1.247492674422983616e-01
1.241578652216584477e-01
1.235562714070824464e-01
1.229479960580214665e-01
1.223363961841934244e-01
1.217246459782935081e-01
1.211157182502505536e-01
1.205123745292353693e-01
1.199171609424947438e-01
1.193324072060702734e-01
1.187602267867938488e-01
1.182025173216623426e-01
1.176609614151374744e-01
1.171370286884523548e-01
1.166319801991081567e-01
1.161468760200325967e-01
1.156825859695924663e-01
1.152398024952849820e-01
1.148190538831637131e-01
1.144207156065316644e-01
1.140450179120045121e-01
1.136920486306238071e-01
1.133617514625098188e-01
1.130539212682421246e-01
1.127681988573503713e-01
1.125040681560856431e-01
1.122608583917026059e-01
1.120377531466737187e-01
1.118338070125149269e-01
1.116479693465019657e-01
1.114791135033044306e-01
1.113260690155315619e-01
1.111876536189645298e-01
1.110627018200729677e-01
1.109500869253592092e-01
1.108487341233736906e-01
1.107576233078424732e-01
1.106757817599205579e-01
1.106022683798737472e-01
1.105361526189424792e-01
1.104764923254266396e-01
1.104223151465293234e-01
1.103726077795603860e-01
1.103263162523425572e-01
1.102823586886586271e-01
1.102396499653755108e-01
1.101971356390260837e-01
1.101538308634068541e-01
1.101088590169226195e-01
1.100614845818330273e-01
1.100111354982901135e-01
1.099574116452781414e-01
1.099000780562909008e-01
1.098390436527393321e-01
1.097743283337727638e-01
1.097060228780226410e-01
1.096342470350442355e-01
1.095591112717239080e-01
1.094806868834263813e-01
1.093989877231996283e-01
1.093139649023706084e-01
1.092255138088224775e-01
1.091334910170844441e-01
1.090377374103256164e-01
1.089381032718752529e-01
1.088344712650896606e-01
1.087267740085544471e-01
1.086150041719451120e-01
1.084992164181152186e-01
1.083795218512814962e-01
1.082560766928300500e-01
1.081290675558263387e-01
1.079986958772153061e-01
1.078651638147832270e-01
1.077286633259407489e-01
1.075893693548879287e-01
1.074474372230480174e-01
1.073030035887946598e-01
1.071561898226578574e-01
1.070071063875151496e-01
1.068558568170517864e-01
1.067025401055229222e-01
1.065472506805638653e-01
1.063900755475761517e-01
1.062310885969810492e-01
1.060703424011712748e-01
1.059078580736276809e-01
1.057436139092843980e-01
1.055775335896527167e-01
1.054094747347238126e-01
1.052392185360097321e-01
1.050664611317654734e-01
1.048908072914817718e-01
1.047117668740077528e-01
1.045287544098256888e-01
1.043410920366281136e-01
1.041480158878430873e-01
1.039486858995186114e-01
1.037421988652945243e-01
1.035276044380546573e-01
1.033039236551525908e-01
1.030701694595177742e-01
1.028253686035732195e-01
1.025685842635044170e-01
1.022989386563431524e-01
1.020156349457031347e-01
1.017179777393988627e-01
1.014053915257249472e-01
1.010774364602273906e-01
1.007338210011042567e-01
1.003744109958356612e-01
9.999923494236548360e-02
9.960848528149901515e-02
9.920251571981945904e-02
9.878183472797941178e-02
9.834709550329709393e-02
9.789908281843545668e-02
9.743869729480691966e-02
9.696693772909148468e-02
9.648488216121604844e-02
9.599366839368347892e-02
9.549447465561690385e-02
9.498850104929636162e-02
9.447695232814955213e-02
9.396102243818058031e-02
9.344188112180418226e-02
9.292066274340260446e-02
9.239845736218760264e-02
9.187630395884507917e-02
9.135518562724051495e-02
9.083602647375342565e-02
9.031968992687056108e-02
8.980697814790661315e-02
8.929863224348408290e-02
8.879533301073305740e-02
8.829770198818426286e-02
8.780630263607436259e-02
8.732164152393326328e-02
8.684416945557482670e-02
8.637428251042644778e-02
8.591232301973392160e-02
8.545858052710250674e-02
8.501329280085803686e-02
8.457664697266736864e-02
8.414878087136240525e-02
8.372978460681965163e-02
8.331970243657989272e-02
8.291853492277879989e-02
8.252624136098102303e-02
8.214274243972952139e-02
8.176792307157962347e-02
8.140163532558566950e-02
8.104370138826715031e-02
8.069391648324647504e-02
8.035205169089336408e-02
8.001785662285791634e-02
7.969106192373218156e-02
7.937138158928006004e-02
7.905851510588465803e-02
7.875214942879675550e-02
7.845196082522438996e-02
7.815761661242090486e-02
7.786877682172460569e-02
7.758509581559036583e-02
7.730622387910705828e-02
7.703180879923432478e-02
7.676149743654234192e-02
7.649493728456620290e-02
7.623177800450037234e-02
7.597167291431761171e-02
7.571428040644116730e-02
7.545926526396089240e-02
7.520629984332069529e-02
7.495506509228803960e-02
7.470525137451641817e-02
7.445655907745359070e-02
7.420869898744106297e-02
7.396139242475424647e-02
7.371437114191346784e-02
7.346737699931357723e-02
7.322016144348152122e-02
7.297248482385954027e-02
7.272411559311653395e-02
7.247482944303164365e-02
7.222440843304746283e-02
7.197264016978324741e-02
7.171931709444284708e-02
7.146423592976938743e-02
7.120719733060182355e-02
7.094800577054058421e-02
7.068646968492275917e-02
7.042240187559008213e-02
7.015562016823785607e-02
6.988594829928720942e-02
6.961321699548599085e-02
6.933726519953527234e-02
6.905794138631862755e-02
6.877510490971931734e-02
6.848862731821636629e-02
6.819839357945152447e-02
6.790430315830955910e-02
6.760627090097878766e-02
6.730422768650694276e-02
6.699812081883277370e-02
6.668791414413646756e-02
6.637358789045136320e-02
6.605513823827534325e-02
6.573257664199307071e-02
6.540592893106411676e-02
6.507523422797073520e-02
6.474054372535718860e-02
6.440191936829689490e-02
6.405943248896603381e-02
6.371316243955893466e-02
6.336319526653814982e-02
6.300962246394067878e-02
6.265253983711940866e-02
6.229204650022482359e-02
6.192824402289973107e-02
6.156123573220854961e-02
6.119112616825132106e-02
6.081802068354759394e-02
6.044202517002597586e-02
6.006324589231239880e-02
5.968178940222181733e-02
5.929776250769662471e-02
5.891127226931400229e-02
5.852242599886040703e-02
5.813133123738285085e-02
5.773809569409350806e-02
5.734282713228058825e-02
5.694563319334217111e-02
5.654662115564554337e-02
5.614589762946788076e-02
5.574356819416270703e-02
5.533973698725229429e-02
5.493450625799234377e-02
5.452797589992341293e-02
5.412024297799045147e-02
5.371140126540054072e-02
5.330154080514386272e-02
5.289074750887758775e-02
5.247910280436937636e-02
5.206668333973500651e-02
5.165356075038377709e-02
5.123980149159475250e-02
5.082546673715191560e-02
5.041061234220205883e-02
4.999528886620260848e-02
4.957954165060744767e-02
4.916341094420636354e-02
4.874693206882442509e-02
4.833013561754395671e-02
4.791304767750578786e-02
4.749569007004120907e-02
4.707808060130633937e-02
4.666023331764593274e-02
4.624215876062099523e-02
4.582386421782970454e-02
4.540535396658464118e-02
4.498662950850862430e-02
4.456768979388584656e-02
4.414853143540537622e-02
4.372914891150374295e-02
4.330953475994044760e-02
4.288967976260978088e-02
4.246957312270287221e-02
4.204920263544963122e-02
4.162855485363982366e-02
4.120761524894177991e-02
4.078636836996139131e-02
4.036479799764693815e-02
3.994288729859015591e-02
3.952061897639833760e-02
3.909797542116907887e-02
3.867493885677181220e-02
3.825149148560401391e-02
3.782761563033520263e-02
3.740329387185029053e-02
3.697850918277915955e-02
3.655324505564336302e-02
3.612748562507341055e-02
3.570121578300134574e-02
3.527442128634428881e-02
3.484708885622153640e-02
3.441920626825326068e-02
3.399076243335388131e-02
3.356174746854558022e-02
3.313215275754154143e-02
3.270197100079902386e-02
3.227119625499455524e-02
3.183982396191069320e-02
3.140785096688151340e-02
3.097527552699838246e-02
3.054209730939232148e-02
3.010831738005612795e-02
2.967393818358326357e-02
2.923896351459363829e-02
2.880339848123426166e-02
2.836724946163318370e-02
2.793052405391975579e-02
2.749323102057432688e-02
2.705538022793396030e-02
2.661698258155190122e-02
2.617804995827116912e-02
2.573859513574724284e-02
2.529863172009799016e-02
2.485817407261088977e-02
2.441723723594348139e-02
2.397583686070790115e-02
2.353398913287141347e-02
2.309171070267232451e-02
2.264901861543577519e-02
2.220593024489130735e-02
2.176246322926347898e-02
2.131863541054790367e-02
2.087446477725185892e-02
2.042996941084024992e-02
1.998516743601702964e-02
1.954007697509503594e-02
1.909471610634169356e-02
1.864910282648950604e-02
1.820325501742397004e-02
1.775719041678439775e-02
1.731092659265852721e-02
1.686448092209953328e-02
1.641787057339769151e-02
1.597111249185842810e-02
1.552422338904604904e-02
1.507721973515015537e-02
1.463011775440550832e-02
1.418293342325490508e-02
1.373568247107569487e-02
1.328838038330511402e-02
1.284104240665059904e-02
1.239368355626437046e-02
1.194631862461679843e-02
1.149896219193476642e-02
1.105162863793820137e-02
1.060433215478182555e-02
1.015708676097738274e-02
9.709906316158874173e-03
9.262804536536542108e-03
8.815795010928544062e-03
8.368891217223416168e-03
7.922106539187779434e-03
7.475454283492522292e-03
7.028947696881604305e-03
6.582599983388695737e-03
6.136424321563615711e-03
5.690433881602078615e-03
5.244641842343966687e-03
4.799061408073975951e-03
4.353705825124719667e-03
3.908588398158186275e-03
3.463722506172851271e-03
3.019121618173597425e-03
2.574799308463176888e-03
2.130769271529145761e-03
1.687045336531713602e-03
1.243641481365079498e-03
8.005718462098405106e-04
3.578507466762848727e-04
-8.450731361613674506e-05
-5.264876309191831791e-04
-9.680752898168790361e-04
-1.409255152192672410e-03
-1.850011846789967936e-03
-2.290329759343303316e-03
-2.730193023316912319e-03
-3.169585511257951710e-03
-3.608490826785255932e-03
-4.046892297229561994e-03
-4.484772966935696159e-03
-4.922115591264855997e-03
-5.358902631304193406e-03
-5.795116249274807722e-03
0.000000000000000000e+00
