1.415642532802941500e-01
1.120917349545420272e-01
1.161414469566141583e-01
1.199547340928915073e-01
1.235600949121384851e-01
1.269820170708583773e-01
1.302416008381143409e-01
1.333570810754763358e-01
1.363442642367732327e-01
1.392168944353364690e-01
1.419869604126826890e-01
1.446649533044081504e-01
1.472600834411247339e-01
1.497804630225679778e-01
1.522332603337586410e-01
1.546248302000390595e-01
1.569608245729117724e-01
1.592462864738937722e-01
1.614857299746436381e-01
1.636832084391147413e-01
1.658423728798323338e-01
1.679665219720570812e-01
1.700586450145745165e-01
1.721214589152565422e-01
1.741574401047448206e-01
1.761688521364464521e-01
1.781577696112023879e-01
1.801260989640118826e-01
1.820755965674406285e-01
1.840078845357392689e-01
1.859244645559136044e-01
1.878267300226640901e-01
1.897159767130977004e-01
1.915934122021117625e-01
1.934601641909893255e-01
1.953172878957441516e-01
1.971657726220457929e-01
1.990065476347544215e-01
2.008404874158459252e-01
2.026684163905691227e-01
2.044911131917838687e-01
2.063093145216609026e-01
2.081237186630257585e-01
2.099349886845741642e-01
2.117437553787231141e-01
2.135506199654484127e-01
2.153561565907030351e-01
2.171609146444533345e-01
2.189654209193503676e-01
2.207701816288179519e-01
2.225756842995687823e-01
2.243823995527824688e-01
2.261907827845598962e-01
2.280012757556957037e-01
2.298143080988921394e-01
2.316302987497550758e-01
2.334496573078401471e-01
2.352727853316900763e-01
2.371000775720686349e-01
2.389319231462829207e-01
2.407687066558674982e-01
2.426108092498504010e-01
2.444586096346837434e-01
2.463124850324133752e-01
2.481728120875187349e-01
2.500399677235299323e-01
2.519143299495779087e-01
2.537962786176140018e-01
2.556861961304008890e-01
2.575844681008161441e-01
2.594914839625942493e-01
2.614076375330712243e-01
2.633333275279608476e-01
2.652689580287753701e-01
2.672149389031232558e-01
2.691716861782201264e-01
2.711396223681132867e-01
2.731191767545690929e-01
2.751107856223699022e-01
2.771148924488497922e-01
2.791319480476959214e-01
2.811624106673564771e-01
2.832067460435456208e-01
2.852654274055173023e-01
2.873389354357996361e-01
2.894277581826861234e-01
2.915323909243279221e-01
2.936533359839409441e-01
2.957911024944379630e-01
2.979462061116111005e-01
3.001191686742398779e-01
3.023105178097868495e-01
3.045207864841559808e-01
3.067505124943354367e-01
3.090002379023893964e-01
3.112705084098052466e-01
3.135618726715754812e-01
3.158748815489475503e-01
3.182100873015180076e-01
3.205680427182416303e-01
3.229493001887962511e-01
3.253544107165042831e-01
3.277839228753870460e-01
3.302383817136581579e-01
3.327183276078672369e-01
3.352242950719459547e-01
3.377568115262071791e-01
3.403163960327018067e-01
3.429035580037464448e-01
3.455187958907983692e-01
3.481625958629213091e-01
3.508354304829913728e-01
3.535377573920103211e-01
3.562700180114659054e-01
3.590326362743745947e-01
3.618260173961879711e-01
3.646505466967565612e-01
3.675065884846350217e-01
3.703944850151646428e-01
3.733145555335600774e-01
3.762670954135822199e-01
3.792523754025103333e-01
3.822706409821536866e-01
3.853221118545214208e-01
3.884069815608900411e-01
3.915254172406609223e-01
3.946775595362992384e-01
3.978635226481005427e-01
4.010833945424547853e-01
4.043372373145298071e-01
4.076250877042665310e-01
4.109469577648552918e-01
4.143028356776845555e-01
4.176926867092572992e-01
4.211164543006103989e-01
4.245740612798610258e-01
4.280654111857137845e-01
4.315903896878648394e-01
4.351488660888938598e-01
4.387406948904035153e-01
4.423657174047371798e-01
4.460237633933670232e-01
4.497146527100723268e-01
4.534381969298911796e-01
4.571942009408213048e-01
4.609824644789277670e-01
4.648027835857352352e-01
4.686549519691952659e-01
4.725387622503989249e-01
4.764540070802470439e-01
4.804004801127613744e-01
4.843779768237080341e-01
4.883862951671231745e-01
4.924252360645395288e-01
4.964946037255318356e-01
5.005942058015729890e-01
5.047238533788306336e-01
5.088833608181718704e-01
5.130725454545621567e-01
5.172912271708917098e-01
5.215392278627482003e-01
5.258163708141669890e-01
5.301224800049881836e-01
5.344573793709301857e-01
5.388208920396149182e-01
5.432128395629227668e-01
5.476330411674685816e-01
5.520813130418875669e-01
5.565574676781143149e-01
5.610613132811497206e-01
5.655926532592439049e-01
5.701512858024293529e-01
5.747370035550304346e-01
5.793495933833383571e-01
5.839888362381181475e-01
5.886545071063711276e-01
5.933463750465184372e-01
5.980642032975613809e-01
6.028077494522912083e-01
6.075767656822708140e-01
6.123709990037491391e-01
6.171901915728421617e-01
6.220340809983111452e-01
6.269024006640576685e-01
6.317948800520322150e-01
6.367112450604588414e-01
6.416512183131122260e-01
6.466145194578014621e-01
6.516008654538456568e-01
6.566099708504913313e-01
6.616415480586861353e-01
6.666953076204835682e-01
6.717709584804182343e-01
6.768682082625456786e-01
6.819867635577940845e-01
6.871263302244089433e-01
6.922866137030019296e-01
6.974673193478555522e-01
7.026681527719749187e-01
7.078888202052641132e-01
7.131290288605209859e-01
7.183884873026279427e-01
7.236669058152840339e-01
7.289639967573988688e-01
7.342794749031645862e-01
7.396130577573152287e-01
7.449644658398518748e-01
7.503334229331170002e-01
7.557196562858776723e-01
7.611228967708114634e-01
7.665428789909073393e-01
7.719793413339997024e-01
7.774320259742051320e-01
7.829006788205339351e-01
7.883850494147766064e-01
7.938848907809266109e-01
7.993999592291479717e-01
8.049300141188132640e-01
8.104748175849908476e-01
8.160341342324893832e-01
8.216077308037124105e-01
8.271953758247752031e-01
8.327968392344078374e-01
8.384118920026278898e-01
8.440403057420369226e-01
8.496818523179532345e-01
8.553363034615691918e-01
8.610034303900577779e-01
8.666830034382786430e-01
8.723747917055419965e-01
8.780785627208376187e-01
8.837940821292262772e-01
8.895211134033226275e-01
8.952594175804409193e-01
9.010087530290117330e-01
9.067688752451976697e-01
9.125395366805235664e-01
9.183204866029205382e-01
9.241114709898735624e-01
9.299122324560749053e-01
9.357225102141274453e-01
9.415420400687679603e-01
9.473705544446222593e-01
9.532077824462743543e-01
9.590534499504775878e-01
9.649072797297055804e-01
9.707689916059364377e-01
9.766383026337490669e-01
9.825149273119436755e-01
9.883985778222090790e-01
9.942889642938954609e-01
1.000185795093297747e+00
1.006088777136833645e+00
1.011997616225974284e+00
1.017912017403167280e+00
1.023831685327374341e+00
1.029756324666681433e+00
1.035685640508745564e+00
1.041619338785627180e+00
1.047557126712249209e+00
1.053498713237923878e+00
1.059443809508236800e+00
1.065392129337522364e+00
1.071343389688823589e+00
1.077297311162400462e+00
1.083253618489485870e+00
1.089212041031845102e+00
1.095172313284951571e+00
1.101134175384400837e+00
1.107097373614557290e+00
1.113061660917961770e+00
1.119026797405007656e+00
1.124992550862619733e+00
1.130958697261505108e+00
1.136925021259843627e+00
1.142891316703575688e+00
1.148857387121848372e+00
1.154823046215873283e+00
1.160788118341081088e+00
1.166752438980785511e+00
1.172715855209340408e+00
1.178678226145990271e+00
1.184639423394170166e+00
1.190599331468466637e+00
1.196557848204875985e+00
1.202514885154813085e+00
1.208470367959385117e+00
1.214424236703493643e+00
1.220376446246818292e+00
1.226326966531733564e+00
1.232275782862932934e+00
1.238222896161042419e+00
1.244168323184899894e+00
1.250112096723132282e+00
1.256054265751352927e+00
1.261994895555283325e+00
1.267934067816421262e+00
1.273871880660194522e+00
1.279808448664721210e+00
1.285743902828332175e+00
1.291678390495901940e+00
1.297612075242604579e+00
1.303545136713156527e+00
1.309477770417898146e+00
1.315410187483052162e+00
1.321342614355694334e+00
1.327275292463169887e+00
1.333208477826127059e+00
1.339142440624921271e+00
1.345077464719803828e+00
1.351013847124848732e+00
1.356951897434526266e+00
1.362891937204739001e+00
1.368834299286976197e+00
1.374779327116880667e+00
1.380727373956727400e+00
1.386678802092464968e+00
1.392633981985867075e+00
1.398593291381988957e+00
1.404557114372468885e+00
1.410525840415211007e+00
1.416499863311747376e+00
1.422479580141988498e+00
1.428465390158474513e+00
1.434457693640540654e+00
1.440456890709636451e+00
1.446463380108018004e+00
1.452477557941465047e+00
1.458499816388800552e+00
1.464530542380070077e+00
1.470570116246392445e+00
1.476618910342853752e+00
1.482677287650147280e+00
1.488745600355878329e+00
1.494824188421443933e+00
1.500913378137264331e+00
1.507013480672585226e+00
1.513124790623605165e+00
1.519247584566142395e+00
1.525382119618496901e+00
1.531528632020985325e+00
1.537687335738032735e+00
1.543858421090571253e+00
1.550042053425244148e+00
1.556238371827717293e+00
1.562447487888575459e+00
1.568669484527279945e+00
1.574904414884755743e+00
1.581152301289643347e+00
1.587413134307031903e+00
1.593686871877192379e+00
1.599973438550138738e+00
1.606272724824941767e+00
1.612584586597790581e+00
1.618908844726576923e+00
1.625245284716987593e+00
1.631593656533953496e+00
1.637953674544214699e+00
1.644325017592441984e+00
1.650707329213831676e+00
1.657100217985280288e+00
1.663503258016811870e+00
1.669915989582327009e+00
1.676337919890616979e+00
1.682768523995090693e+00
1.689207245838969307e+00
1.695653499435221478e+00
1.702106670175867364e+00
1.708566116267404400e+00
1.715031170286971829e+00
1.721501140854633460e+00
1.727975314413718655e+00
1.734452957116037197e+00
1.740933316801497099e+00
1.747415625067215927e+00
1.753899099417958851e+00
1.760382945489591400e+00
1.766866359338822301e+00
1.773348529789811945e+00
1.779828640830529940e+00
1.786305874050700293e+00
1.792779411112609189e+00
1.799248436247804506e+00
1.805712138770614095e+00
1.812169715601898989e+00
1.818620373793780498e+00
1.825063333049783187e+00
1.831497828230190361e+00
1.837923111838177803e+00
1.844338456476330101e+00
1.850743157269097328e+00
1.857136534240933834e+00
1.863517934645859908e+00
1.869886735238386111e+00
1.876242344480405722e+00
1.882584204675692874e+00
1.888911794024914270e+00
1.895224628593678018e+00
1.901522264186155109e+00
1.907804298116837050e+00
1.914070370872605009e+00
1.920320167658298161e+00
1.926553419818327617e+00
1.932769906126278192e+00
1.938969453937027243e+00
1.945151940193646567e+00
1.951317292282910731e+00
1.957465488732851977e+00
1.963596559748833403e+00
1.969710587579942551e+00
1.975807706713803125e+00
1.981888103894593023e+00
1.987952017961723827e+00
1.993999739504892510e+00
2.000031610336229448e+00
2.006048022775674511e+00
2.012049418750467833e+00
2.018036288708786596e+00
2.024009170346251274e+00
2.029968647150949046e+00
2.035915346762865674e+00
2.041849939156082705e+00
2.047773134641706072e+00
2.053685681698653287e+00
2.059588364632647384e+00
2.065482001070641616e+00
2.071367439291701640e+00
2.077245555402170041e+00
2.083117250357009453e+00
2.088983446835225966e+00
2.094845085971851262e+00
2.100703123954853702e+00
2.106558528491059512e+00
2.112412275148732199e+00
2.118265343581859472e+00
2.124118713646280021e+00
2.129973361412025312e+00
2.135830255084068430e+00
2.141690350837518242e+00
2.147554588580620205e+00
2.153423887654745794e+00
2.159299142485069378e+00
2.165181218195373347e+00
2.171070946202591223e+00
2.176969119807109720e+00
2.182876489797888286e+00
2.188793760091568341e+00
2.194721583427388545e+00
2.200660557140966311e+00
2.206611219041084926e+00
2.212574043415708402e+00
2.218549437194774931e+00
2.224537736296779311e+00
2.230539202189393500e+00
2.236554018692949342e+00
2.242582289056675560e+00
2.248624033336027228e+00
2.254679186101790744e+00
2.260747594506482105e+00
2.266829016735169233e+00
2.272923120865483870e+00
2.279029484157153895e+00
2.285147592791852311e+00
2.291276842078425524e+00
2.297416537136458103e+00
2.303565894068043018e+00
2.309724041621718627e+00
2.315890023351942606e+00
2.322062800270299210e+00
2.328241253982129333e+00
2.334424190300360635e+00
2.340610343319439846e+00
2.346798379934517342e+00
2.352986904785630884e+00
2.359174465600338166e+00
2.365359558911686477e+00
2.371540636120765821e+00
2.377716109874310924e+00
2.383884360722771767e+00
2.390043744028117256e+00
2.396192597081925335e+00
2.402329246401634144e+00
2.408452015165184257e+00
2.414559230748741125e+00
2.420649232328837996e+00
2.426720378513212317e+00
2.432771054960698898e+00
2.438799681955655885e+00
2.444804721899399347e+00
2.450784686681525937e+00
2.456738144897853360e+00
2.462663728878212943e+00
2.468560141491628723e+00
2.474426162693246667e+00
2.480260655784363610e+00
2.486062573349338223e+00
2.491830962843162744e+00
2.497564971797649580e+00
2.503263852619434182e+00
2.508926966951858795e+00
2.514553789576747356e+00
2.520143911832930073e+00
2.525697044526555857e+00
2.531213020318483942e+00
2.536691795567433960e+00
2.542133451615356421e+00
2.547538195503804115e+00
2.552906360108132766e+00
2.558238403687647544e+00
2.563534908843059235e+00
2.568796580883132563e+00
2.574024245601693295e+00
2.579218846470160642e+00
2.584381441252187273e+00
2.589513198053399190e+00
2.594615390816529921e+00
2.599689394278799526e+00
2.604736678409864226e+00
2.609758802347257323e+00
2.614757407854010118e+00
2.619734212318185929e+00
2.624691001319845451e+00
2.629629620791675393e+00
2.634551968796902344e+00
2.639459986955147386e+00
2.644355651541059782e+00
2.649240964287661093e+00
2.654117942922695761e+00
2.658988611469669916e+00
2.663854990345556395e+00
2.668719086288341202e+00
2.673582882150764561e+00
2.678448326593573015e+00
2.683317323720928460e+00
2.688191722694828645e+00
2.693073307373334391e+00
2.697963786017687937e+00
2.702864781115533077e+00
2.707777819372611638e+00
2.712704321925641260e+00
2.717645594831625377e+00
2.722602819897971926e+00
2.727577045907199516e+00
2.732569180307884427e+00
2.737579981431906617e+00
2.742610051306296093e+00
2.747659829125245423e+00
2.752729585449574579e+00
2.757819417193726252e+00
2.762929243466042628e+00
2.768058802316595735e+00
2.773207648445559226e+00
2.778375151920644992e+00
2.783560497942406897e+00
2.788762687691328956e+00
2.793980540281096658e+00
2.799212695835200826e+00
2.804457619694890713e+00
2.809713607757096554e+00
2.814978792932665730e+00
2.820251152705364195e+00
2.825528517766777270e+00
2.830808581688031289e+00
2.836088911588325878e+00
2.841366959746863152e+00
2.846640076101579098e+00
2.851905521568628643e+00
2.857160482113367816e+00
2.862402083493156280e+00
2.867627406591861661e+00
2.872833503258330978e+00
2.878017412553091958e+00
2.883176177312493760e+00
2.888306860925187181e+00
2.893406564219762611e+00
2.898472442358514645e+00
2.903501721627637977e+00
2.908491716018084094e+00
2.913439843485971181e+00
2.918343641786345977e+00
2.923200783772390565e+00
2.928009092057408225e+00
2.932766552937680515e+00
2.937471329479306004e+00
2.942121773679732932e+00
2.946716437614060879e+00
2.951254083490722380e+00
2.955733692542215962e+00
2.960154472686860050e+00
2.964515864906446474e+00
2.968817548291780017e+00
2.973059443720073691e+00
2.977241716133413263e+00
2.981364775403068101e+00
2.985429275767719659e+00
2.989436113849774479e+00
2.993386425257699823e+00
2.997281579795273210e+00
3.001123175306298130e+00
3.004913030191188383e+00
3.008653174638453276e+00
3.012345840624571558e+00
3.015993450736686121e+00
3.019598605881856912e+00
3.023164071949164811e+00
3.026692765496624915e+00
3.030187738534042108e+00
3.033652162480592551e+00
3.037089311373344813e+00
3.040502544407317931e+00
3.043895287886317913e+00
3.047271016667627119e+00
3.050633235179104119e+00
3.053985458094943262e+00
3.057331190747751837e+00
3.060673909363299749e+00
3.064017041199460945e+00
3.067363944671148701e+00
3.070717889550246049e+00
3.074082037321097083e+00
3.077459421782724469e+00
3.080852929987669242e+00
3.084265283608067953e+00
3.087699020829574259e+00
3.091156478870084712e+00
3.094639777231664723e+00
3.098150801793840614e+00
3.101691189861668807e+00
3.105262316286395929e+00
3.108865280776855755e+00
3.112500896523146210e+00
3.116169680247904861e+00
3.119871843804401301e+00
3.123607287427355050e+00
3.127375594741305775e+00
3.131176029614659129e+00
3.135007534942243268e+00
3.138868733419128976e+00
3.142757930356995466e+00
3.146673118578301676e+00
3.150611985405834758e+00
3.154571921748436480e+00
3.158550033271590340e+00
3.162543153622927594e+00
3.166547859666689391e+00
3.170560488674057265e+00
3.174577157394847582e+00
3.178593782928649247e+00
3.182606105297618893e+00
3.186609711610744355e+00
3.190600061695701761e+00
3.194572515058938134e+00
3.198522359021309658e+00
3.202444837859388826e+00
3.206335182769080472e+00
3.210188642451186958e+00
3.214000514105619377e+00
3.217766174608660990e+00
3.221481111636363970e+00
3.225140954488130873e+00
3.228741504363488168e+00
3.232278763839977476e+00
3.235748965302822633e+00
3.239148598085864084e+00
3.242474434089904101e+00
3.245723551656386263e+00
3.248893357495736822e+00
3.251981606480821796e+00
3.254986419142365861e+00
3.257906296721397865e+00
3.260740133662106466e+00
3.263487227446658423e+00
3.266147285704827485e+00
3.268720430551467437e+00
3.271207200134781168e+00
3.273608547394985635e+00
3.275925836066372998e+00
3.278160833967809218e+00
3.280315703654418158e+00
3.282392990518315123e+00
3.284395608443464454e+00
3.286326823135604869e+00
3.288190233257666684e+00
3.289989749515178641e+00
3.291729571841213620e+00
3.293414164838806890e+00
3.295048231642794256e+00
3.296636686368710212e+00
3.298184625317421848e+00
3.299697297106156668e+00
3.301180071900758684e+00
3.302638409919253615e+00
3.304077829379646225e+00
3.305503874063845160e+00
3.306922080656340412e+00
3.308337946025598164e+00
3.309756894590811793e+00
3.311184245923157743e+00
3.312625182707153115e+00
3.314084719185872441e+00
3.315567670200441519e+00
3.317078620929820865e+00
3.318621897429308909e+00
3.320201538075014724e+00
3.321821266022753072e+00
3.323484462803565354e+00
3.325194143195576046e+00
3.326952931529929991e+00
3.328763039606382090e+00
3.330626246415668401e+00
3.332543879877121196e+00
3.334516800808077441e+00
3.336545389345408452e+00
3.338629534029898149e+00
3.340768623749986510e+00
3.342961542720050527e+00
3.345206668639466141e+00
3.347501874147542633e+00
3.349844531653947577e+00
3.352231521592560881e+00
3.354659244112348393e+00
3.357123634193613704e+00
3.359620180151901003e+00
3.362143945473909934e+00
3.364689593916446952e+00
3.367251417786532919e+00
3.369823369309915329e+00
3.372399094987917234e+00
3.374971972823388455e+00
3.377535152281905706e+00
3.380081596825243118e+00
3.382604128824496570e+00
3.385095476618359633e+00
3.387548323437975739e+00
3.389955357873128960e+00
3.392309325500628692e+00
3.394603081254223387e+00
3.396829642068984079e+00
3.398982239299960462e+00
3.401054370394779092e+00
3.403039849280591778e+00
3.404932854937124276e+00
3.406727977632872495e+00
3.408420262333271111e+00
3.410005248825143553e+00
3.411479008146984793e+00
3.412838174968928939e+00
3.414079975616888696e+00
3.415202251498694164e+00
3.416203477743684935e+00
3.417082776924167398e+00
3.417839927783990817e+00
3.418475368951500393e+00
3.418990197667563180e+00
3.419386163608971074e+00
3.419665657940274883e+00
3.419831697768526801e+00
3.419887906223684659e+00
3.419838488419352895e+00
3.419688203583659547e+00
3.419442333668705647e+00
3.419106648759070666e+00
3.418687369610212912e+00
3.418191127637790760e+00
3.417624922679307176e+00
3.416996078835219830e+00
3.416312198693166380e+00
3.415581116231400927e+00
3.414810848701728130e+00
3.414009547796352795e+00
3.413185450415299638e+00
3.412346829360362932e+00
3.411501944286952082e+00
3.410658993241808545e+00
3.409826065089986535e+00
3.409011093095368317e+00
3.408221809854079964e+00
3.407465703702512005e+00
3.406749976631475274e+00
3.406081503651768205e+00
3.405466793489971167e+00
3.404911950446201541e+00
3.404422637252815687e+00
3.404004038807866284e+00
3.403660826745477763e+00
3.403397124922173944e+00
3.403216476028596560e+00
3.403121809676444176e+00
3.403115412423930231e+00
3.403198900288595397e+00
3.403373194343313202e+00
3.403638499982212018e+00
3.403994290402344802e+00
3.404439294766127944e+00
3.404971491397994932e+00
3.405588106259868297e+00
3.406285616824542117e+00
3.407059761364022776e+00
3.407905553579189561e+00
3.408817302433494234e+00
3.409788637020260804e+00
3.410812536280001250e+00
3.411881363410007140e+00
3.412986904839183655e+00
3.414120413698729539e+00
3.415272657760963781e+00
3.416433971867433694e+00
3.417594314870199934e+00
3.418743331099771687e+00
3.419870416309536143e+00
3.420964787949369867e+00
3.422015559488692737e+00
3.423011818354150471e+00
3.423942706875962028e+00
3.424797505479598492e+00
3.425565717200989901e+00
3.426237152496694360e+00
3.426802013224076848e+00
3.427250974637702008e+00
3.427575264241698783e+00
3.427766736399928238e+00
3.427817941693712456e+00
3.427722190158167148e+00
3.427473607688971580e+00
3.427067185093239932e+00
3.426498819432208798e+00
3.425765347461806609e+00
3.424864571097655741e+00
3.423795274910053976e+00
3.422557235701028766e+00
3.421151224220515541e+00
3.419578999093331184e+00
3.417843293039521946e+00
3.415947791517632393e+00
3.413897104008640326e+00
3.411696728268839074e+00
3.409353008035918897e+00
3.406873084801558704e+00
3.404264844397858703e+00
3.401536859217242359e+00
3.398698326904190825e+00
3.395759006316009021e+00
3.392729151444376257e+00
3.389619443853722380e+00
3.386440924036611566e+00
3.383204921957111644e+00
3.379922986966304777e+00
3.376606817273315020e+00
3.373268189239333026e+00
3.369918886935861391e+00
3.366570632633131943e+00
3.363235019121935565e+00
3.359923444932129133e+00
3.356647053545420700e+00
3.353416677539223123e+00
3.350242788230667124e+00
3.347135450845573068e+00
3.344104284592984033e+00
3.341158426394408298e+00
3.338306496523491429e+00
3.335556564171096916e+00
3.332916111025807204e+00
3.330391991360650117e+00
3.327990387796572413e+00
3.325716762748564648e+00
3.323575806441021463e+00
3.321571383122241539e+00
3.319706477650166576e+00
3.317983144843479781e+00
3.316402463928932676e+00
3.314964500087336230e+00
3.313668274603016606e+00
3.312511744557169013e+00
3.311491792457346151e+00
3.310604225719329996e+00
3.309843785567965213e+00
3.309204164659277581e+00
3.308678032577629935e+00
3.308257068280902047e+00
3.307931998573905741e+00
3.307692641787762788e+00
3.307527956043991857e+00
3.307426091793918665e+00
3.307374448723085614e+00
3.307359737538229094e+00
3.307368047549643197e+00
3.307384921201261818e+00
3.307395436744819950e+00
3.307384300027377932e+00
3.307335945896335172e+00
3.307234649073444110e+00
3.307064643625414746e+00
3.306810249469366525e+00
3.306456003824593370e+00
3.305986795179886695e+00
3.305387997234110919e+00
3.304645600292346774e+00
3.303746337721459092e+00
3.302677805187131277e+00
3.301428570518264216e+00
3.299988272176999970e+00
3.298347704557222926e+00
3.296498888760094559e+00
3.294435128158815118e+00
3.292151048903402266e+00
3.289642626413620707e+00
3.286907199653153366e+00
3.283943475380143973e+00
3.280751524511245076e+00
3.277332772219738732e+00
3.273689982542713928e+00
3.269827237313953194e+00
3.265749908419601777e+00
3.261464621881177806e+00
3.256979212228972465e+00
3.252302666031596790e+00
3.247445054212828808e+00
3.242417453742992173e+00
3.237231860258364513e+00
3.231901093935260594e+00
3.226438701393141706e+00
3.220858856416476179e+00
3.215176261863540219e+00
3.209406054316246149e+00
3.203563711966257443e+00
3.197664965112368307e+00
3.191725707741662088e+00
3.185761908227684902e+00
3.179789517448898373e+00
3.173824373657562425e+00
3.167882105102652890e+00
3.161978033342785377e+00
3.156127081861780148e+00
3.150343695468173166e+00
3.144641775644403392e+00
3.139034635399738704e+00
3.133534974530811645e+00
3.128154873010893233e+00
3.122905797168045616e+00
3.117798610981823426e+00
3.112843583669206105e+00
3.108050384933424670e+00
3.103428060800353272e+00
3.098984985631321631e+00
3.094728789338144104e+00
3.090666262499826455e+00
3.086803245436122722e+00
3.083144509692969937e+00
3.079693641404662507e+00
3.076452935447377968e+00
3.073423307390527270e+00
3.070604227587485635e+00
3.067993679001703722e+00
3.065588138233889204e+00
3.063382577964693709e+00
3.061370488615953622e+00
3.059543916999341029e+00
3.057893519573839924e+00
3.056408627324676885e+00
3.055077318246698148e+00
3.053886492399811470e+00
3.052821944135257759e+00
3.051868426950310020e+00
3.051009708731491799e+00
3.050228618595238750e+00
3.049507090407093113e+00
3.048826211324690671e+00
3.048166285426558098e+00
3.047506922027381382e+00
3.046827155561213196e+00
3.046105599431631727e+00
3.045320630962367492e+00
3.044450599730534002e+00
3.043474048283771882e+00
3.042369933288460615e+00
3.041117836669988694e+00
3.039698159759203211e+00
3.038092297721237678e+00
3.036282795261460166e+00
3.034253486632743080e+00
3.031989622757945924e+00
3.029477986100324483e+00
3.026706990774039152e+00
3.023666762683968834e+00
3.020349193512834596e+00
3.016747963813911859e+00
3.012858534101152230e+00
3.008678107562778870e+00
3.004205572320783446e+00
2.999441433637505483e+00
2.994387746456967481e+00
2.989048056388678098e+00
2.983427353579974906e+00
2.977532039955214316e+00
2.971369906812157069e+00
2.964950117141500030e+00
2.958283185344416033e+00
2.951380946315134146e+00
2.944256506331471179e+00
2.936924170051945282e+00
2.929399341193717810e+00
2.921698398700341315e+00
2.913838554525217894e+00
2.905837702424987512e+00
2.897714268474849586e+00
2.889487072945550850e+00
2.881175209961448047e+00
2.872797946761544985e+00
2.864374639470518069e+00
2.855924658289092921e+00
2.847467312969214071e+00
2.839021770109979581e+00
2.830606957168606552e+00
2.822241453293647950e+00
2.813943372532599518e+00
2.805730248935210724e+00
2.797618934431040483e+00
2.789625519040768609e+00
2.781765279928942736e+00
2.774052662320218410e+00
2.766501292387294697e+00
2.759124019960803587e+00
2.751932986610015952e+00
2.744939711293690188e+00
2.738155180959330970e+00
2.731589928043493209e+00
2.725254072899732094e+00
2.719157309401464495e+00
2.713308818117682542e+00
2.707717103276051418e+00
2.702389764517043158e+00
2.697333227878773165e+00
2.692552468255256404e+00
2.688050755444411521e+00
2.683829448516195093e+00
2.679887851980138791e+00
2.676223136620307308e+00
2.672830321436721501e+00
2.669702311791217753e+00
2.666829990691026886e+00
2.664202361497557625e+00
2.661806737980830562e+00
2.659628970493407962e+00
2.657653687099799100e+00
2.655864519926516731e+00
2.654244284368958429e+00
2.652775084901901614e+00
2.651438335825501369e+00
2.650214704922277953e+00
2.649084007330082535e+00
2.648025090528636216e+00
2.647015755364543477e+00
2.646032751505589697e+00
2.645051870405497496e+00
2.644048138843296147e+00
2.642996096353001256e+00
2.641870124990044477e+00
2.640644793004347513e+00
2.639295176021914546e+00
2.637797129059566537e+00
2.636127497089973737e+00
2.634264267071851684e+00
2.632186676562708438e+00
2.629875300526121062e+00
2.627312137642996870e+00
2.624480711086876195e+00
2.621366188512245010e+00
2.617955514958012042e+00
2.614237543529358998e+00
2.610203144455391033e+00
2.605845274466161321e+00
2.601158994812245329e+00
2.596141435619815141e+00
2.590791713690937748e+00
2.585110817611914413e+00
2.579101476490297085e+00
2.572768026995535529e+00
2.566116289279447127e+00
2.559153458015972493e+00
2.551888011761063613e+00
2.544329642140705339e+00
2.536489202911921481e+00
2.528378676275866876e+00
2.520011149479277623e+00
2.511400789731954131e+00
2.502562802004234754e+00
2.493513354724291808e+00
2.484269463948346246e+00
2.474848836409084818e+00
2.465269683152439217e+00
2.455550524493064657e+00
2.445710010613754370e+00
2.435766778997233928e+00
2.425739361129282567e+00
2.415646139430184025e+00
2.405505344620299635e+00
2.395335076431807764e+00
2.385153327990342742e+00
2.374977996116014456e+00
2.364826865010019930e+00
2.354717557626634150e+00
2.344667455708820736e+00
2.334693594505611536e+00
2.324812540792601023e+00
2.315040263200803583e+00
2.305392003288156300e+00
2.295882155896142418e+00
2.286524169260317318e+00
2.277330478772177536e+00
2.268312491269345088e+00
2.259480636313003554e+00
2.250844494538203566e+00
2.242413000146780355e+00
2.234194697074338265e+00
2.226198010842662889e+00
2.218431486238631845e+00
2.210903939366461124e+00
2.203624483196626294e+00
2.196602406767666160e+00
2.189846914710675829e+00
2.183366758992564272e+00
2.177169812241618985e+00
2.171262637597132894e+00
2.165650103264983972e+00
2.160335074176586101e+00
2.155318194304560731e+00
2.150597757673504251e+00
2.146169658461506646e+00
2.142027411676400206e+00
2.138162242616228781e+00
2.134563249882315716e+00
2.131217647189831865e+00
2.128111080360276297e+00
2.125227998938166163e+00
2.122552042552799278e+00
2.120066388508164312e+00
2.117754006172348546e+00
2.115597778444425092e+00
2.113580478070963053e+00
2.111684619274712293e+00
2.109892233493952052e+00
2.108184634088133169e+00
2.106542234889261955e+00
2.104944472720505999e+00
2.103369859583867019e+00
2.101796163037572995e+00
2.100200689770230333e+00
2.098560631874003768e+00
2.096853429631955645e+00
2.095057108149037006e+00
2.093150555700186821e+00
2.091113726155340746e+00
2.088927762974604363e+00
2.086575055083125019e+00
2.084039243304316891e+00
2.081305199166044950e+00
2.078358996396476144e+00
2.075187890938691382e+00
2.071780319655657898e+00
2.068125922313854392e+00
2.064215586217956755e+00
2.060041507777078174e+00
2.055597260246434743e+00
2.050877852719743100e+00
2.045879763671764273e+00
2.040600934506834108e+00
2.035040715099106556e+00
2.029199763026316550e+00
2.023079908520246661e+00
2.016684005132058477e+00
2.010015789471668590e+00
2.003079771301184753e+00
1.995881168475003298e+00
1.988425891633166742e+00
1.980720573645712079e+00
1.972772630838839802e+00
1.964590338498719557e+00
1.956182902382961553e+00
1.947560510244999765e+00
1.938734351314160165e+00
1.929716595844146010e+00
1.920520330396713771e+00
1.911159447419703339e+00
1.901648490557712901e+00
1.892002460823536181e+00
1.882236593617343967e+00
1.872366122065810323e+00
1.862406046833321227e+00
1.852370934651703660e+00
1.842274765926575908e+00
1.832130845606408931e+00
1.821951782060889924e+00
1.811749528094830142e+00
1.801535468893434855e+00
1.791320535765166255e+00
1.781115323113935611e+00
1.770930188981927778e+00
1.760775325544305048e+00
1.750660793258083547e+00
1.740596519091454075e+00
1.730592264056842522e+00
1.720657567601162397e+00
1.710801676687049522e+00
1.701033466620893275e+00
1.691361360021949922e+00
1.681793250556124608e+00
1.672336439214549886e+00
1.662997592261779900e+00
1.653782730280968227e+00
1.644697255873420527e+00
1.635746023096404933e+00
1.626933445236457221e+00
1.618263630565697664e+00
1.609740530228421784e+00
1.601368079902803832e+00
1.593150317972124030e+00
1.585091467067427651e+00
1.577195971642518124e+00
1.569468490115850212e+00
1.561913844880480351e+00
1.554536936627391785e+00
1.547342631098106436e+00
1.540335626989158602e+00
1.533520313638086163e+00
1.526900626465470978e+00
1.520479906938502213e+00
1.514260772136611033e+00
1.508244997126064746e+00
1.502433411799494190e+00
1.496825813125545190e+00
1.491420894138595798e+00
1.486216192311486939e+00
1.481208061547385713e+00
1.476391672995569504e+00
1.471761049430527768e+00
1.467309135587926860e+00
1.463027902832950922e+00
1.458908481615462938e+00
1.454941310546573607e+00
1.451116287855366505e+00
1.447422910372999638e+00
1.443850387392267010e+00
1.440387721354532635e+00
1.437023753329842002e+00
1.433747177336481826e+00
1.430546532380143399e+00
1.427410183797086951e+00
1.424326305771528078e+00
1.421282875144599389e+00
1.418267683644152566e+00
1.415268372357597393e+00
1.412272489373501694e+00
1.409267569371305262e+00
1.406241232502572380e+00
1.403181298932459908e+00
1.400075914598219562e+00
1.396913682945347679e+00
1.393683796643631290e+00
1.390376162726727260e+00
1.386981514423514916e+00
1.383491503281956803e+00
1.379898766061120829e+00
1.376196962219770281e+00
1.372380779585856470e+00
1.368445907848217846e+00
1.364388981763159148e+00
1.360207498269648818e+00
1.355899713807710683e+00
1.351464529735475928e+00
1.346901374523412409e+00
1.342210091125920268e+00
1.337390836556485496e+00
1.332443998393467721e+00
1.327370130121778402e+00
1.322169904405661400e+00
1.316844081129101562e+00
1.311393485777746504e+00
1.305818993665691430e+00
1.300121516583658376e+00
1.294301990317769047e+00
1.288361363661848724e+00
1.282300591449415883e+00
1.276120635281680737e+00
1.269822475738627165e+00
1.263407138888135606e+00
1.256875738066093984e+00
1.250229529600553890e+00
1.243469978898306794e+00
1.236598831585022706e+00
1.229618183558810252e+00
1.222530543969911232e+00
1.215338886183810363e+00
1.208046683359191631e+00
1.200657926973427658e+00
1.193177128062916648e+00
1.185609301907127655e+00
1.177959937340200769e+00
1.170234952007248586e+00
1.162440634918550542e+00
1.154583577832356545e+00
1.146670597407738246e+00
1.138708650667898503e+00
1.130704746941173067e+00
1.122665859896353258e+00
1.114598843411235052e+00
1.106510354738079238e+00
1.098406787809780738e+00
1.090294218697249296e+00
1.082178364323566511e+00
1.074064554722581999e+00
1.065957718468928617e+00
1.057862380432430971e+00
1.049782670676380647e+00
1.041722343058931521e+00
1.033684801838965717e+00
1.025673134296709144e+00
1.017690147087335184e+00
1.009738403809706364e+00
1.001820261213189234e+00
9.939379016479754636e-01
9.860933598414940437e-01
9.782885428075862588e-01
9.705252425630207513e-01
9.628051421934770149e-01
9.551298165270293294e-01
9.475007291362197437e-01
9.399192275564003385e-01
9.323865384998328842e-01
9.249037645313339384e-01
9.174718832401927981e-01
9.100917494724118928e-01
9.027641007394282546e-01
8.954895655390557874e-01
8.882686740316679819e-01
8.811018703298776344e-01
8.739895256032259585e-01
8.669319512596271871e-01
8.599294116358453532e-01
8.529821358715419244e-01
8.460903288980747838e-01
8.392541816826166734e-01
8.324738809805753981e-01
8.257496188307418272e-01
8.190816018864249815e-01
8.124700604557957284e-01
8.059152568783957138e-01
7.994174926818617966e-01
7.929771138722256918e-01
7.865945137661853881e-01
7.802701329413925802e-01
7.740044561350961638e-01
7.677980061929192690e-01
7.616513354117024903e-01
7.555650147731519661e-01
7.495396216275972412e-01
7.435757263547181362e-01
7.376738784314057495e-01
7.318345922219493538e-01
7.260583326940697191e-01
7.203455011932019536e-01
7.146964213844266833e-01
7.091113254897950524e-01
7.035903409963057964e-01
6.981334780740042767e-01
6.927406179980521994e-01
6.874115029065110960e-01
6.821457272337725364e-01
6.769427311383015011e-01
6.718017961905280444e-01
6.667220435066942841e-01
6.617024344164023075e-01
6.567417736452738630e-01
6.518387148852339275e-01
6.469917685272070784e-01
6.421993112540684834e-01
6.374595971329443111e-01
6.327707698188127505e-01
6.281308754762621183e-01
6.235378760414425070e-01
6.189896624850709239e-01
6.144840677812570817e-01
6.100188793429849321e-01
6.055918507455697597e-01
6.012007126150962222e-01
5.968431826191838985e-01
5.925169745465909132e-01
5.882198065101283957e-01
5.839494083452397843e-01
5.797035283054678967e-01
5.754799391781650897e-01
5.712764439529909311e-01
5.670908811774345581e-01
5.629211301271320744e-01
5.587651159018940383e-01
5.546208145366370301e-01
5.504862581892719930e-01
5.463595404356020868e-01
5.422388216700581021e-01
5.381223345770285160e-01
5.340083896102538752e-01
5.298953803897421544e-01
5.257817889089720920e-01
5.216661904308658171e-01
5.175472579465301148e-01
5.134237660740751386e-01
5.092945942851815344e-01
5.051587293592018080e-01
5.010152669906285938e-01
4.968634124940418673e-01
4.927024805790407580e-01
4.885318941908945445e-01
4.843511824388993525e-01
4.801599776526243035e-01
4.759580116290473284e-01
4.717451111464243119e-01
4.675211928338033340e-01
4.632862574941436495e-01
4.590403839845657585e-01
4.547837227605575072e-01
4.505164891917575742e-01
4.462389567545618774e-01
4.419514502044505910e-01
4.376543388242424282e-01
4.333480298366485517e-01
4.290329620624006024e-01
4.247095998912014392e-01
4.203784276242622520e-01
4.160399442317586072e-01
4.116946585578091233e-01
4.073430849911500173e-01
4.029857396105852585e-01
3.986231368009945930e-01
3.942557863309320565e-01
3.898841908743096996e-01
3.855088439557975422e-01
3.811302282977223621e-01
3.767488145456726056e-01
3.723650603520095581e-01
3.679794097966082034e-01
3.635922931281969639e-01
3.592041268110839347e-01
3.548153138615314228e-01
3.504262444620739880e-01
3.460372968378879754e-01
3.416488383802363527e-01
3.372612269984712752e-01
3.328748126788259043e-01
3.284899392238552762e-01
3.241069461425636344e-01
3.197261706567162132e-01
3.153479497835536272e-01
3.109726224529756888e-01
3.066005316135457237e-01
3.022320262796053258e-01
2.978674634721154568e-01
2.935072100072453338e-01
2.891516440876701899e-01
2.848011566570122222e-01
2.804561524848210308e-01
2.761170509515913918e-01
2.717842865177667599e-01
2.674583088632683237e-01
2.631395826968144225e-01
2.588285872412525723e-01
2.545258154102221226e-01
2.502317726992547842e-01
2.459469758201262013e-01
2.416719511139458765e-01
2.374072327814358563e-01
2.331533609714315225e-01
2.289108797694144881e-01
2.246803351287827988e-01
2.204622727831558882e-01
2.162572361780268626e-01
2.120657644548593623e-01
2.078883905167633328e-01
2.037256392000069416e-01
1.995780255723993979e-01
1.954460533718292981e-01
1.913302135967853979e-01
1.872309832547846553e-01
1.831488242704040481e-01
1.790841825530515019e-01
1.750374872199680909e-01
1.710091499688134731e-01
1.669995645919278571e-01
1.630091066230645591e-01
1.590381331071578641e-01
1.550869824823417342e-01
1.511559745634729057e-01
1.472454106180040301e-01
1.433555735225851002e-01
1.394867279922376024e-01
1.356391208724894160e-01
1.318129814866595140e-01
1.280085220300555271e-01
1.242259380054270834e-01
1.204654086916962519e-01
1.167270976418843809e-01
1.130111532039745070e-01
1.093177090600685325e-01
1.056468847796328547e-01
1.019987863828021035e-01
9.837350690936767783e-02
9.477112699001712104e-02
9.119171541732998265e-02
8.763532971134596616e-02
8.410201667868966169e-02
8.059181296126904925e-02
7.710474557222991854e-02
7.364083241714271255e-02
7.020008279732824208e-02
6.678249789501626565e-02
6.338807123734749305e-02
6.001678913829609080e-02
5.666863111866652508e-02
5.334357030145078782e-02
5.004157378379266857e-02
4.676260298502823987e-02
4.350661397021061277e-02
4.027355775036219748e-02
3.706338055990571895e-02
3.387602411118038198e-02
3.071142582803081111e-02
2.756951905909675940e-02
2.445023327165264312e-02
2.135349422746796177e-02
1.827922414236081081e-02
1.522734182985086872e-02
1.219776283098245387e-02
9.190399531218862439e-03
6.205161265955137957e-03
3.241954415304224620e-03
3.006824898000920107e-04
-2.618753791872781463e-03
-5.516456432685584721e-03
-8.392530093460028387e-03
-1.124708203408050951e-02
-1.408022206002010682e-02
-1.689206247306663730e-02
-1.968271802518421765e-02
-2.245230587634233083e-02
-2.520094555484723997e-02
-2.792875892019158757e-02
-3.063587012859027639e-02
-3.332240560078528202e-02
-3.598849399172118768e-02
-3.863426616267957858e-02
-4.125985515574175089e-02
-4.386539616980267287e-02
-4.645102653978024076e-02
-4.901688571769891034e-02
-5.156311525620507763e-02
-5.408985879524830231e-02
-5.659726205115184899e-02
-5.908547280902541610e-02
-6.155464091764487750e-02
-6.400491828841997632e-02
-6.643645889725238729e-02
-6.884941878971652385e-02
-7.124395609049619105e-02
-7.362023101599701747e-02
-7.597840589087243024e-02
-7.831864516858072500e-02
-8.064111545582459961e-02
-8.294598554055226947e-02
-8.523342642441550376e-02
-8.750361135887332886e-02
-8.975671588494468778e-02
-9.199291787727553737e-02
-9.421239759147048698e-02
-9.641533771515503615e-02
-9.860192342246773545e-02
-1.007723424321577133e-01
-1.029267850679486951e-01
-1.050654443227812124e-01
-1.071885159249771347e-01
-1.092961984071378900e-01
-1.113886931767681387e-01
-1.134662045890196258e-01
-1.155289400206893635e-01
-1.175771099450586832e-01
-1.196109280075943193e-01
-1.216306111020561964e-01
-1.236363794456165899e-01
-1.256284566542614223e-01
-1.276070698165206463e-01
-1.295724495652159358e-01
-1.315248301477314474e-01
-1.334644494932901715e-01
-1.353915492764862505e-01
-1.373063749777917453e-01
-1.392091759392987960e-01
-1.411002054153680796e-01
-1.429797206182909508e-01
-1.448479827575708812e-01
-1.467052570727915006e-01
-1.485518128594867371e-01
-1.503879234876913384e-01
-1.522138664118829476e-01
-1.540299231735915986e-01
0.000000000000000000e+00
