1.246163724135107348e-03
5.179144511256077852e-06
3.679173048397153766e-06
4.725633032835302902e-06
5.318260743363231418e-06
5.641637415867919296e-06
5.820967223712635972e-06
5.925742027895580597e-06
5.992249862476095007e-06
6.038992733101506643e-06
6.075322758200115618e-06
6.105965174736572809e-06
6.133321679806795257e-06
6.158628853490933679e-06
6.182537686689164014e-06
6.205403071302680172e-06
6.227428555494969008e-06
6.248738964441569588e-06
6.269417052371258014e-06
6.289522183769753246e-06
6.309100002522220464e-06
6.328187554135173108e-06
6.346816092157377328e-06
6.365012687880502617e-06
6.382801208305447963e-06
6.400202950273833097e-06
6.417237079559475937e-06
6.433920953485662030e-06
6.450270369597110241e-06
6.466299764673525683e-06
6.482022378103981355e-06
6.497450388813047519e-06
6.512595031419326617e-06
6.527466695974206229e-06
6.542075014164548650e-06
6.556428934425704099e-06
6.570536787616470324e-06
6.584406344821101188e-06
6.598044868409168473e-06
6.611459157267960676e-06
6.624655587154958122e-06
6.637640146565288961e-06
6.650418468990893411e-06
6.662995861810574646e-06
6.675377332352754500e-06
6.687567611374621991e-06
6.699571174329067245e-06
6.711392260650409606e-06
6.723034891300295504e-06
6.734502884695000213e-06
6.745799871260161851e-06
6.756929306771304661e-06
6.767894484477070908e-06
6.778698546298372032e-06
6.789344493095057305e-06
6.799835194057230705e-06
6.810173395400598920e-06
6.820361728373744007e-06
6.830402716683066820e-06
6.840298783267088864e-06
6.850052256665881706e-06
6.859665376808891394e-06
6.869140300548874897e-06
6.878479106581958746e-06
6.887683800210518001e-06
6.896756317605618834e-06
6.905698529930130977e-06
6.914512247084737698e-06
6.923199221136884423e-06
6.931761149652313472e-06
6.940199678686166943e-06
6.948516405688384260e-06
6.956712882054214093e-06
6.964790615635037699e-06
6.972751073059702528e-06
6.980595681783388191e-06
6.988325832205390426e-06
6.995942879484037419e-06
7.003448145191969208e-06
7.010842919145992281e-06
7.018128460733420515e-06
7.025306000399797066e-06
7.032376740987341106e-06
7.039341858891621289e-06
7.046202505347949765e-06
7.052959807367007155e-06
7.059614868688147639e-06
7.066168770935275360e-06
7.072622574211991798e-06
7.078977318096203881e-06
7.085234022247916706e-06
7.091393687194930294e-06
7.097457294880655608e-06
7.103425809319525774e-06
7.109300177138170516e-06
7.115081328016951561e-06
7.120770175198438210e-06
7.126367615805301345e-06
7.131874531400989105e-06
7.137291788154119877e-06
7.142620237207922504e-06
7.147860714970810082e-06
7.153014043345334665e-06
7.158081029888445895e-06
7.163062468071212481e-06
7.167959137362793658e-06
7.172771803337485515e-06
7.177501217778985672e-06
7.182148118800316198e-06
7.186713230796159381e-06
7.191197264453927597e-06
7.195600916715289380e-06
7.199924870853700888e-06
7.204169796179573218e-06
7.208336348177854274e-06
7.212425168216529996e-06
7.216436883482177020e-06
7.220372106777009340e-06
7.224231436319734939e-06
7.228015455548935720e-06
7.231724732880003784e-06
7.235359821568770817e-06
7.238921259199408060e-06
7.242409567720160941e-06
7.245825252936508274e-06
7.249168804306320046e-06
7.252440694638933714e-06
7.255641379758003755e-06
7.258771298320409408e-06
7.261830871339714786e-06
7.264820502052102195e-06
7.267740575628900162e-06
7.270591458900615866e-06
7.273373500075235700e-06
7.276087028633661588e-06
7.278732355026593475e-06
7.281309770730993387e-06
7.283819547817806401e-06
7.286261939242277804e-06
7.288637178515373759e-06
7.290945479953976211e-06
7.293187038512300452e-06
7.295362030122321906e-06
7.297470611714093902e-06
7.299512921497415779e-06
7.301489079182433298e-06
7.303399186474312659e-06
7.305243327259479330e-06
7.307021568155018018e-06
7.308733959007020263e-06
7.310380533475822379e-06
7.311961309490164183e-06
7.313476290113000668e-06
7.314925464164221993e-06
7.316308806889933170e-06
7.317626280792800471e-06
7.318877836618671164e-06
7.320063413934555765e-06
7.321182942184576579e-06
7.322236341649438340e-06
7.323223524252861177e-06
7.324144394573421607e-06
7.324998850827393665e-06
7.325786785712779118e-06
7.326508087572867308e-06
7.327162641202944249e-06
7.327750328850630911e-06
7.328271031259000066e-06
7.328724628437620209e-06
7.329111000644217620e-06
7.329430029450461498e-06
7.329681598333601225e-06
7.329865593679469426e-06
7.329981905656967247e-06
7.330030428822299548e-06
7.330011063019906248e-06
7.329923714122920739e-06
7.329768294432213041e-06
7.329544723750496184e-06
7.329252929657311224e-06
7.328892848120708691e-06
7.328464424143881172e-06
7.327967612081895181e-06
7.327402376272457965e-06
7.326768691180111310e-06
7.326066541875527672e-06
7.325295924501955132e-06
7.324456846122115340e-06
7.323549325395708749e-06
7.322573392440380932e-06
7.321529089104533262e-06
7.320416469113287014e-06
7.319235597967510264e-06
7.317986553086014390e-06
7.316669423681333306e-06
7.315284310825090684e-06
7.313831327322171518e-06
7.312310597547092299e-06
7.310722257262127794e-06
7.309066453407523856e-06
7.307343344039568303e-06
7.305553097906443407e-06
7.303695894256843877e-06
7.301771922493418417e-06
7.299781382083027427e-06
7.297724481755771710e-06
7.295601439639969714e-06
7.293412482516986225e-06
7.291157845754810581e-06
7.288837772727919577e-06
7.286452514426032098e-06
7.284002329140396063e-06
7.281487482125793485e-06
7.278908244890029753e-06
7.276264895161398247e-06
7.273557716364143325e-06
7.270786997143497616e-06
7.267953031061932612e-06
7.265056116310956554e-06
7.262096555220978821e-06
7.259074653960432813e-06
7.255990722340405261e-06
7.252845073216651294e-06
7.249638022614552132e-06
7.246369888976551716e-06
7.243040993337376493e-06
7.239651658779904830e-06
7.236202210329880827e-06
7.232692974860754395e-06
7.229124280623468704e-06
7.225496457481067135e-06
7.221809836399012380e-06
7.218064749475009623e-06
7.214261529915254042e-06
7.210400511922912997e-06
7.206482030442561784e-06
7.202506421359828456e-06
7.198474021435867357e-06
7.194385168089536125e-06
7.190240199683642856e-06
7.186039455279623337e-06
7.181783274917227093e-06
7.177471999494024409e-06
7.173105970978018373e-06
7.168685532229445241e-06
7.164211027364465817e-06
7.159682801504425916e-06
7.155101201132831623e-06
7.150466574206983999e-06
7.145779270073994918e-06
7.141039639569552801e-06
7.136248035027417013e-06
7.131404810794263117e-06
7.126510322681388286e-06
7.121564928522646825e-06
7.116568987956630563e-06
7.111522862530505776e-06
7.106426915990922419e-06
7.101281513839658944e-06
7.096087023847756906e-06
7.090843815714945102e-06
7.085552261266549323e-06
7.080212734380682250e-06
7.074825611227810627e-06
7.069391269792188424e-06
7.063910090373895806e-06
7.058382455209924870e-06
7.052808748637340220e-06
7.047189357092371787e-06
7.041524668931082714e-06
7.035815074774956252e-06
7.030060967109450428e-06
7.024262740457539002e-06
7.018420791430699459e-06
7.012535518542240503e-06
7.006607322551655676e-06
7.000636606152112250e-06
6.994623773988871648e-06
6.988569233005698819e-06
6.982473391928789621e-06
6.976336661716803667e-06
6.970159455567239940e-06
6.963942188647023564e-06
6.957685278410666625e-06
6.951389144504929531e-06
6.945054208733534470e-06
6.938680895279143939e-06
6.932269630516554411e-06
6.925820843306155131e-06
6.919334964975550042e-06
6.912812429231918676e-06
6.906253672197894774e-06
6.899659132924570097e-06
6.893029252832380683e-06
6.886364476288176842e-06
6.879665250551609358e-06
6.872932025572330318e-06
6.866165254512719170e-06
6.859365393559161238e-06
6.852532902186260173e-06
6.845668243126563293e-06
6.838771882539996980e-06
6.831844290212321415e-06
6.824885939441545149e-06
6.817897307433966375e-06
6.810878874982417298e-06
6.803831127097979607e-06
6.796754552762594958e-06
6.789649645155738610e-06
6.782516901747650647e-06
6.775356824400046503e-06
6.768169919306271542e-06
6.760956697431548128e-06
6.753717674178316292e-06
6.746453369899445919e-06
6.739164309641190193e-06
6.731851023441431833e-06
6.724514046223892910e-06
6.717153918126811583e-06
6.709771184126401227e-06
6.702366394413341329e-06
6.694940104631807647e-06
6.687492875474073770e-06
6.680025272882630119e-06
6.672537868213568135e-06
6.665031238088964457e-06
6.657505964274782815e-06
6.649962634256390570e-06
6.642401840579122388e-06
6.634824181016661067e-06
6.627230258668847829e-06
6.619620681749326070e-06
6.611996063787131816e-06
6.604357023157813554e-06
6.596704183384485529e-06
6.589038172665617037e-06
6.581359624092791048e-06
6.573669175379700246e-06
6.565967468774217388e-06
6.558255150869328231e-06
6.550532872473512622e-06
6.542801288357646821e-06
6.535061057177567743e-06
6.527312841396688032e-06
6.519557306941368002e-06
6.511795122889640343e-06
6.504026961434447197e-06
6.496253497703444914e-06
6.488475409265657332e-06
6.480693376381577499e-06
6.472908081196918522e-06
6.465120207776344105e-06
6.457330442088341395e-06
6.449539471034235769e-06
6.441747983109173842e-06
6.433956667310868902e-06
6.426166213355385091e-06
6.418377311082445738e-06
6.410590650457282431e-06
6.402806921151407073e-06
6.395026812046864672e-06
6.387251011145758367e-06
6.379480205151168861e-06
6.371715079204703808e-06
6.363956316252813826e-06
6.356204597345075154e-06
6.348460600572823485e-06
6.340725001044179199e-06
6.332998470564027307e-06
6.325281677179762997e-06
6.317575284626161484e-06
6.309879952393972438e-06
6.302196334818109342e-06
6.294525081060978187e-06
6.286866834551706093e-06
6.279222232535564663e-06
6.271591905945630104e-06
6.263976478716882193e-06
6.256376567583652450e-06
6.248792781440065131e-06
6.241225721335613174e-06
6.233675979839537054e-06
6.226144140719369850e-06
6.218630778505570781e-06
6.211136458376122048e-06
6.203661735562066710e-06
6.196207155036573060e-06
6.188773251517611242e-06
6.181360548829270931e-06
6.173969559735747956e-06
6.166600785635050410e-06
6.159254716390745723e-06
6.151931830257066848e-06
6.144632593483206430e-06
6.137357460136688405e-06
6.130106871966229981e-06
6.122881258469749917e-06
6.115681036624654592e-06
6.108506610928919951e-06
6.101358373221354508e-06
6.094236702950538226e-06
6.087141966847759386e-06
6.080074519452520605e-06
6.073034702710892746e-06
6.066022846224297817e-06
6.059039267657549307e-06
6.052084272771018257e-06
6.045158155459589158e-06
6.038261198137865118e-06
6.031393672044146819e-06
6.024555837583335162e-06
6.017747944328410195e-06
6.010970231697023236e-06
6.004222929217888741e-06
5.997506256903188267e-06
5.990820425648258210e-06
5.984165637759949482e-06
5.977542087286496867e-06
5.970949960608147469e-06
5.964389437012189363e-06
5.957860688895256937e-06
5.951363882778152601e-06
5.944899179214634889e-06
5.938466734075068939e-06
5.932066698393708146e-06
5.925699219559772412e-06
5.919364441405944454e-06
5.913062505124213164e-06
5.906793549608261272e-06
5.900557712241759094e-06
5.894355129137421799e-06
5.888185936099417555e-06
5.882050268875550421e-06
5.875948263944676566e-06
5.869880058764391955e-06
5.863845792271396732e-06
5.857845605778816513e-06
5.851879643133874182e-06
5.845948051209478167e-06
5.840050980229155289e-06
5.834188584328023744e-06
5.828361022126540185e-06
5.822568456607413133e-06
5.816811055804831986e-06
5.811088993116962893e-06
5.805402447568772056e-06
5.799751603839292576e-06
5.794136653000055914e-06
5.788557792185846795e-06
5.783015225267220268e-06
5.777509162691171415e-06
5.772039821860202081e-06
5.766607427305442545e-06
5.761212210480424415e-06
5.755854410273789666e-06
5.750534272734354757e-06
5.745252051370258953e-06
5.740008006957813553e-06
5.734802407730661285e-06
5.729635529130120970e-06
5.724507654178341959e-06
5.719419072740347003e-06
5.714370082063955622e-06
5.709360986126919055e-06
5.704392095698924774e-06
5.699463728255736135e-06
5.694576207384167830e-06
5.689729862623930435e-06
5.684925029318301044e-06
5.680162048182818324e-06
5.675441264501058617e-06
5.670763028398388517e-06
5.666127693716425792e-06
5.661535617934019685e-06
5.656987161401910906e-06
5.652482686694538818e-06
5.648022558344005334e-06
5.643607141888221640e-06
5.639236803348879246e-06
5.634911908314284412e-06
5.630632821803538101e-06
5.626399906815836207e-06
5.622213524322785272e-06
5.618074031911603088e-06
5.613981783680765082e-06
5.609937128801428128e-06
5.605940411431364372e-06
5.601991969794197454e-06
5.598092135203386777e-06
5.594241231661709666e-06
5.590439575168884781e-06
5.586687472822354320e-06
5.582985222531316370e-06
5.579333111992318190e-06
5.575731418356028358e-06
5.572180407435757329e-06
5.568680333377960775e-06
5.565231438016220258e-06
5.561833950086975424e-06
5.558488085126257984e-06
5.555194045091357670e-06
5.551952017306635521e-06
5.548762174858020164e-06
5.545624675628644707e-06
5.542539662444712590e-06
5.539507262619263615e-06
5.536527587857639144e-06
5.533600734222923152e-06
5.530726781907552495e-06
5.527905795375953031e-06
5.525137823456298692e-06
5.522422899593421127e-06
5.519761041989145270e-06
5.517152254133373918e-06
5.514596525080138312e-06
5.512093829945009758e-06
5.509644130542674886e-06
5.507247376294245153e-06
5.504903504363912901e-06
5.502612440855133832e-06
5.500374101692572108e-06
5.498188392921506167e-06
5.496055212356724899e-06
5.493974449547216530e-06
5.491945987548696026e-06
5.489969703000463174e-06
5.488045467587767689e-06
5.486173148355665417e-06
5.484352608720421416e-06
5.482583709265925058e-06
5.480866308381648142e-06
5.479200262391068639e-06
5.477585426767845683e-06
5.476021656425625964e-06
5.474508805895304849e-06
5.473046730044516504e-06
5.471635284215273355e-06
5.470274324533692156e-06
5.468963708278812463e-06
5.467703293885617156e-06
5.466492941551341160e-06
5.465332512886337172e-06
5.464221871339000750e-06
5.463160882608342274e-06
5.462149414486963976e-06
5.461187337266833619e-06
5.460274523709995787e-06
5.459410849694662365e-06
5.458596193992612271e-06
5.457830438996657245e-06
5.457113470627257300e-06
5.456445178802790886e-06
5.455825457727682454e-06
5.455254206227171907e-06
5.454731327859292351e-06
5.454256731175325105e-06
5.453830330031861885e-06
5.453452043427800090e-06
5.453121795928516573e-06
5.452839517401461222e-06
5.452605143060758332e-06
5.452418613007416787e-06
5.452279872348632112e-06
5.452188870580063135e-06
5.452145561210079694e-06
5.452149901364396465e-06
5.452201851133644980e-06
5.452301372904845255e-06
5.452448430896136519e-06
5.452642990530047372e-06
5.452885017338414322e-06
5.453174477045797590e-06
5.453511334236464702e-06
5.453895552293338897e-06
5.454327092328321026e-06
5.454805912986522452e-06
5.455331969606674136e-06
5.455905213810990738e-06
5.456525592753348412e-06
5.457193048637338305e-06
5.457907517701409276e-06
5.458668929646053398e-06
5.459477206433744923e-06
5.460332261411966413e-06
5.461233997778923756e-06
5.462182307675701333e-06
5.463177069870122420e-06
5.464218148611060051e-06
5.465305391747336082e-06
5.466438628748972603e-06
5.467617668744647096e-06
5.468842299192531722e-06
5.470112283269382868e-06
5.471427359219537037e-06
5.472787238633598444e-06
5.474191605425689931e-06
5.475640115623458252e-06
5.477132396759872231e-06
5.478668048497597005e-06
5.480246643208144331e-06
5.481867727584515743e-06
5.483530824193762280e-06
5.485235433591349817e-06
5.486981037449107747e-06
5.488767101120012558e-06
5.490593077323274973e-06
5.492458409553767842e-06
5.494362535956940988e-06
5.496304892883103594e-06
5.498284919080200018e-06
5.500302059128870600e-06
5.502355766902172978e-06
5.504445509278760231e-06
5.506570768760815774e-06
5.508731046311258824e-06
5.510925863526190787e-06
5.513154764605471665e-06
5.515417317799219406e-06
5.517713116151336261e-06
5.520041778413967255e-06
5.522402949182381713e-06
5.524796298687211321e-06
5.527221522964017653e-06
5.529678342957700523e-06
5.532166504896814545e-06
5.534685779247728237e-06
5.537235961572789523e-06
5.539816872266144628e-06
5.542428357492621579e-06
5.545070290814355344e-06
5.547742574427156927e-06
5.550445141930537264e-06
5.553177960569594219e-06
5.555941034156633350e-06
5.558734406564629100e-06
5.561558163808032373e-06
5.564412437416457878e-06
5.567297405751522200e-06
5.570213295827039683e-06
5.573160383033975580e-06
5.576138990423155688e-06
5.579149486339660021e-06
5.582192281075016575e-06
5.585267821472796607e-06
5.588376585175179771e-06
5.591519072735388393e-06
5.594695799317532844e-06
5.597907285278049863e-06
5.601154046329835693e-06
5.604436583448817675e-06
5.607755372449215681e-06
5.611110853947279965e-06
5.614503424560413854e-06
5.617933427438977635e-06
5.621401145144898011e-06
5.624906792668401531e-06
5.628450512034331551e-06
5.632032367749968713e-06
5.635652342811494213e-06
5.639310336167111724e-06
5.643006159809396746e-06
5.646739536584821963e-06
5.650510097300302018e-06
5.654317377916308435e-06
5.658160815797300403e-06
5.662039744846237928e-06
5.665953390181114443e-06
5.669900862164946616e-06
5.673881149443550623e-06
5.677893111995392871e-06
5.681935474204802729e-06
5.686006818834981597e-06
5.690105581826562464e-06
5.694230049293856582e-06
5.698378356285066597e-06
5.702548488913742464e-06
5.706738288575680764e-06
5.710945460728228084e-06
5.715167585808666991e-06
5.719402134651726784e-06
5.723646486481165531e-06
5.727897949517803003e-06
5.732153784871131037e-06
5.736411231242961678e-06
5.740667532132029891e-06
5.744919962753515463e-06
5.749165857430389374e-06
5.753402636280297259e-06
5.757627830795366575e-06
5.761839107285828859e-06
5.766034288352027118e-06
5.770211370209455781e-06
5.774368537529532643e-06
5.778504172644061110e-06
5.782616860302667828e-06
5.786705386484897416e-06
5.790768731034415658e-06
5.794806053381555119e-06
5.798816672396484038e-06
5.802800040019422347e-06
5.806755710545214455e-06
5.810683307739994897e-06
5.814582491498413140e-06
5.818452929395313767e-06
5.822294274622384898e-06
5.826106155167286881e-06
5.829888176162788048e-06
5.833639936544582427e-06
5.837361061539532351e-06
5.841051246474287876e-06
5.844710310590098681e-06
5.848338254931424153e-06
5.851935318961834114e-06
5.855502031192042220e-06
5.859039248769524567e-06
5.862548183260706752e-06
5.866030410439044517e-06
5.869487865254096129e-06
5.872922822002952878e-06
5.876337862256587756e-06
5.879735833299860329e-06
5.883119797593417068e-06
5.886492976671829503e-06
5.889858689363165902e-06
5.893220286149589265e-06
5.896581080788317031e-06
5.899944280896336773e-06
5.903312921431977115e-06
5.906689803215306551e-06
5.910077441942693646e-06
5.913478031351929313e-06
5.916893423441933102e-06
5.920325127862607422e-06
5.923774329286463457e-06
5.927241920761881783e-06
5.930728546776037003e-06
5.934234650799778660e-06
5.937760519456743634e-06
5.941306317647151934e-06
5.944872110498524079e-06
5.948457868112877243e-06
5.952063455187412222e-06
5.955688606060210451e-06
5.959332888921932399e-06
5.962995661774956958e-06
5.966676024277423023e-06
5.970372767240828875e-06
5.974084321192829050e-06
5.977808706046506128e-06
5.981543484221600770e-06
5.985285719457023056e-06
5.989031946848909350e-06
5.992778158979174534e-06
5.996519812779429948e-06
6.000251861571342079e-06
6.003968810750204978e-06
6.007664796330677299e-06
6.011333678039290395e-06
6.014969141159940766e-06
6.018564800082316849e-06
6.022114298287244434e-06
6.025611403850562033e-06
6.029050098233712950e-06
6.032424659295078990e-06
6.035729734970568624e-06
6.038960407268733233e-06
6.042112245190028012e-06
6.045181351267351506e-06
6.048164409500548960e-06
6.051058746733379369e-06
6.053862412956047135e-06
6.056574276311131324e-06
6.059194108893093495e-06
6.061722623557375133e-06
6.064161406423236395e-06
6.066512697106922730e-06
6.068778989768740993e-06
6.070962471350336114e-06
6.073064368721274657e-06
6.075084325162118156e-06
6.077019958993223406e-06
6.078866744596739798e-06
6.080618307999306902e-06
6.082267136755479262e-06
6.083805605701702415e-06
6.085227133872845269e-06
6.086527248513445787e-06
6.087704351202720791e-06
6.088760053303745891e-06
6.089699052824494100e-06
6.090528630409406020e-06
6.091257921408331456e-06
6.091897154357146904e-06
6.092457027722813637e-06
6.092948340235384687e-06
6.093381901705514349e-06
6.093768663279260343e-06
6.094119934666040129e-06
6.094447528204716086e-06
6.094763686810304176e-06
6.095080721382493970e-06
6.095410370164314483e-06
6.095762981759949079e-06
6.096146684470750742e-06
6.096566723593897033e-06
6.097025127965516354e-06
6.097520809727765684e-06
6.098050118492974663e-06
6.098607778534213926e-06
6.099188039525357260e-06
6.099785803113685252e-06
6.100397459600696562e-06
6.101021228316883537e-06
6.101656930221492974e-06
6.102305310807640828e-06
6.102967194560436868e-06
6.103642820141854513e-06
6.104331632927683738e-06
6.105032630094539027e-06
6.105745131341381558e-06
6.106469664821313604e-06
6.107208557455808935e-06
6.107965840334942633e-06
6.108746227341289621e-06
6.109553219113500451e-06
6.110386774084629247e-06
6.111241333519979067e-06
6.112105085244756967e-06
6.112961053446876612e-06
6.113789950421532708e-06
6.114573977946576914e-06
6.115300281529982785e-06
6.115962791255382757e-06
6.116561746363041663e-06
6.117101055973516531e-06
6.117584446214821319e-06
6.118011790398688572e-06
6.118376965444848072e-06
6.118668048284982220e-06
6.118869784414582455e-06
6.118967306689592366e-06
6.118949464632925727e-06
6.118810279992301946e-06
6.118548012872615083e-06
6.118162579508673803e-06
6.117652762899738148e-06
6.117014389193926969e-06
6.116239752462187956e-06
6.115317815248114225e-06
6.114234497934983699e-06
6.112972629011231960e-06
6.111511657121822071e-06
6.109827878119188597e-06
6.107896303546926880e-06
6.105694703920723750e-06
6.103208708980157834e-06
6.100435332897969186e-06
6.097382598621193671e-06
6.094065279183644963e-06
6.090499312631972561e-06
6.086698011001546874e-06
6.082671512423808075e-06
6.078428736472061793e-06
6.073980106741880833e-06
6.069339603735856743e-06
6.064525316267682798e-06
6.059558045690818612e-06
6.054458082826857889e-06
6.049241315171346806e-06
6.043916649397013235e-06
6.038486327103500577e-06
6.032949082443117913e-06
6.027304511972903563e-06
6.021556792723704995e-06
6.015716956179944473e-06
6.009804054105097443e-06
6.003845554485697887e-06
5.997876228118413883e-06
5.991933979276219862e-06
5.986052000435706660e-06
5.980249421056430562e-06
5.974525447339945469e-06
5.968862168926851108e-06
5.963237412705763637e-06
5.957642923710011278e-06
5.952098718496204556e-06
5.946655043923558812e-06
5.941378930047535487e-06
5.936329518268862609e-06
5.931531484406499740e-06
5.926957427370580308e-06
5.922528121532776406e-06
5.918133949143851969e-06
5.913671906562303847e-06
5.909083425298669965e-06
5.904374975905171725e-06
5.899610535314931946e-06
5.894879996470731732e-06
5.890260989205227618e-06
5.885793812003652872e-06
5.881478726632112365e-06
5.877290083001737435e-06
5.873193931633595101e-06
5.869159129911721632e-06
5.865160145750787063e-06
5.861174102837724231e-06
5.857174160684119587e-06
5.853121676962029723e-06
5.848962447142584518e-06
5.844632389104665727e-06
5.840072003127749062e-06
5.835241394081147100e-06
5.830125415482473208e-06
5.824723256729584186e-06
5.819025823871138522e-06
5.812993599916735547e-06
5.806551392491569944e-06
5.799608684819119904e-06
5.792097653625388831e-06
5.784008136000022755e-06
5.775401331763170403e-06
5.766398951919621632e-06
5.757157340330239044e-06
5.747836653149795367e-06
5.738568874632119466e-06
5.729428192418499847e-06
5.720414730250040918e-06
5.711463670369984842e-06
5.702475958928606735e-06
5.693347144106474688e-06
5.683973271478774622e-06
5.674241561857507480e-06
5.664038357189633329e-06
5.653294571021661642e-06
5.642046965502389160e-06
5.630465766136476740e-06
5.618815567077983495e-06
5.607361331676546712e-06
5.596266220468965684e-06
5.585531977113560423e-06
5.575009225294958781e-06
5.564467933000553407e-06
5.553686336491095580e-06
5.542511072776477023e-06
5.530867981520114290e-06
5.518739442043144389e-06
5.506138807060298108e-06
5.493098603405678054e-06
5.479668361219703540e-06
5.465912036942821872e-06
5.451903723289461976e-06
5.437727273914113492e-06
5.423477947287125091e-06
5.409247468274899091e-06
5.395073270849850224e-06
5.380872997119675379e-06
5.366445074709577088e-06
5.351609346597598214e-06
5.336428968609381234e-06
5.321305135268939608e-06
5.306794010880397399e-06
5.293282726963638061e-06
5.280844977737414502e-06
5.269391475785448141e-06
5.258874317367080855e-06
5.249282110094786781e-06
5.240491071333966838e-06
5.232238334413561293e-06
5.224296653640841977e-06
5.216645355930276428e-06
5.209431851751865480e-06
5.202775296925052028e-06
5.196638184447478991e-06
5.190883453636396755e-06
5.185411404019239308e-06
5.180210115338643272e-06
5.175284665043634041e-06
5.170557869099044884e-06
5.165832141594534298e-06
5.160826013404249882e-06
5.155248530503012068e-06
5.148870741634720336e-06
5.141567068669151377e-06
5.133314203026947935e-06
5.124153103258255080e-06
5.114137771707853352e-06
5.103299962579700440e-06
5.091645344751996526e-06
5.079174823161536222e-06
5.065912015291682706e-06
5.051920167305494145e-06
5.037301802438198526e-06
5.022183497379713564e-06
5.006693712077146828e-06
4.990944028218140613e-06
4.975023328389363825e-06
4.959010565857269736e-06
4.943005675935010326e-06
4.927167421626734398e-06
4.911729245109146989e-06
4.896954754558520673e-06
4.883025783658165478e-06
4.869927940117522305e-06
4.857439053214053237e-06
4.845260720982895161e-06
4.833204587819852048e-06
4.821289848217668330e-06
4.809690833587496945e-06
4.798601521322293502e-06
4.788126714989992706e-06
4.778249970347083660e-06
4.768855495463300140e-06
4.759764893671480460e-06
4.750772620055225381e-06
4.741677577476573067e-06
4.732302976370515279e-06
4.722496588077610247e-06
4.712118358077019916e-06
4.701033886729699260e-06
4.689124741044064761e-06
4.676308499142850450e-06
4.662552859789910990e-06
4.647875884770834900e-06
4.632336853343391663e-06
4.616025232223821241e-06
4.599048530391735797e-06
4.581516189516083046e-06
4.563528213196706645e-06
4.545198414526050321e-06
4.526738702214091175e-06
4.508558774686073049e-06
4.491220564194460063e-06
4.475095990713453101e-06
4.459879754793224648e-06
4.444509581595879520e-06
4.427928729868752481e-06
4.410237971859846361e-06
4.393030720910230673e-06
4.378306500396496484e-06
4.366925549329261925e-06
4.358148324347605593e-06
4.350554535101509530e-06
4.343182839003104679e-06
4.335846181773338302e-06
4.328758829328290917e-06
4.322188662875342955e-06
4.316411758993470082e-06
4.311728285823832453e-06
4.308336550070935333e-06
4.306165900012214138e-06
4.304859900710237845e-06
4.303934766149797463e-06
4.302970792164286339e-06
4.301697784740731418e-06
4.299958248330721972e-06
4.297628211470531989e-06
4.294572729023879554e-06
4.290652505755955131e-06
4.285753123835754709e-06
4.279806173756879347e-06
4.272791702640275335e-06
4.264727207055426580e-06
4.255651938648737144e-06
4.245612684270032740e-06
4.234655264132237740e-06
4.222825225741244420e-06
4.210178018729961593e-06
4.196792899766265777e-06
4.182781176167484150e-06
4.168282634302100943e-06
4.153451439874973862e-06
4.138437956221116352e-06
4.123373421766755636e-06
4.108362938120220597e-06
4.093490592287087027e-06
4.078837013621297957e-06
4.064502843920772296e-06
4.050624380787923332e-06
4.037366125571640857e-06
4.024883660386657638e-06
4.013267542828395225e-06
4.002495863933790437e-06
3.992427635878929317e-06
3.982852751720326810e-06
3.973580049085476109e-06
3.964513518726673826e-06
3.955667221862307156e-06
3.947111316177430368e-06
3.938892846106509505e-06
3.930987949971009290e-06
3.923306799510358506e-06
3.915728411039854896e-06
3.908130829297671762e-06
3.900402807333261385e-06
3.892445400702435675e-06
3.884174991865094686e-06
3.875529167262389656e-06
3.866470176656116355e-06
3.856983298392905402e-06
3.847072523583822903e-06
3.836756664404657049e-06
3.826066264064187424e-06
3.815040477441155171e-06
3.803724990477589276e-06
3.792173807216385837e-06
3.780455889579223604e-06
3.768662900466244743e-06
3.756910883275998238e-06
3.745330277057469055e-06
3.734046568188935887e-06
3.723167122943100614e-06
3.712799033269689400e-06
3.703104476002722678e-06
3.694339434479178017e-06
3.686768389011209214e-06
3.680415545761609155e-06
3.674831454170901515e-06
3.669205956127160358e-06
3.662939559718468742e-06
3.656266983659672883e-06
3.650286279101100906e-06
3.646218889959390745e-06
3.644501694008714706e-06
3.644506453021361337e-06
3.645054690858508350e-06
3.645176739801438286e-06
3.644502937034411948e-06
3.643168814109652085e-06
3.641520324997550937e-06
3.639891874034100315e-06
3.638511941908583431e-06
3.637472387019487055e-06
3.636722754334395910e-06
3.636096493703651119e-06
3.635370769933625666e-06
3.634334059127635656e-06
3.632829692580254309e-06
3.630762722564733504e-06
3.628080385039404754e-06
3.624746593077751409e-06
3.620726751817838756e-06
3.615988114812127206e-06
3.610511317396720019e-06
3.604304969385342049e-06
3.597416386240525171e-06
3.589934448359022274e-06
3.581983267916905691e-06
3.573707945777591175e-06
3.565256500920026170e-06
3.556763997782487482e-06
3.548344339956919787e-06
3.540091688474609203e-06
3.532088685583510793e-06
3.524415555682816843e-06
3.517154670142333793e-06
3.510388615464388548e-06
3.504193509019352913e-06
3.498631140690165981e-06
3.493743402424306545e-06
3.489551429193560480e-06
3.486060328470204130e-06
3.483268208760729654e-06
3.481175957733446404e-06
3.479792989045463220e-06
3.479134723597583577e-06
3.479210315286516427e-06
3.480004029413848265e-06
3.481458516015807658e-06
3.483468863980145448e-06
3.485891291624598085e-06
3.488563401913736422e-06
3.491328751097714712e-06
3.494057599975095184e-06
3.496656566376193705e-06
3.499063120552555308e-06
3.501227708549707617e-06
3.503093649056455287e-06
3.504586435832867488e-06
3.505617304929668245e-06
3.506096269344593438e-06
3.505945133581925079e-06
3.505103907594980504e-06
3.503530460603303406e-06
3.501197462448253160e-06
3.498090441581816731e-06
3.494208069594014766e-06
3.489563585596777859e-06
3.484185852365593774e-06
3.478119138418033168e-06
3.471421243205532546e-06
3.464159867509394192e-06
3.456407648009395987e-06
3.448237169322791041e-06
3.439717956031200660e-06
3.430917121762135476e-06
3.421903795224975880e-06
3.412755400001929711e-06
3.403562614919691034e-06
3.394430238638869365e-06
3.385473002145964242e-06
3.376807667187367474e-06
3.368544834724714427e-06
3.360785338943546465e-06
3.353625399253387239e-06
3.347168987913278712e-06
3.341535035864443959e-06
3.336839710733597257e-06
3.333144874576646318e-06
3.330397234676121010e-06
3.328415011103057761e-06
3.326968917021113866e-06
3.325936701227949099e-06
3.325431252702378601e-06
3.325790717570346761e-06
3.327407561724018255e-06
3.330498167882637494e-06
3.334965955896405759e-06
3.340441675391718335e-06
3.346456991672482334e-06
3.352629723657426130e-06
3.358761076466586167e-06
3.364825942963465076e-06
3.370901762738758024e-06
3.377092189411094914e-06
3.383475628425774223e-06
3.390081141150586830e-06
3.396883489398728655e-06
3.403810660640319688e-06
3.410759891310910966e-06
3.417617578484089205e-06
3.424277137055117227e-06
3.430649978931262808e-06
3.436668249149891350e-06
3.442281411703957721e-06
3.447450374425641471e-06
3.452142405803636838e-06
3.456328580721813279e-06
3.459983937510952698e-06
3.463089532712467860e-06
3.465635255065986827e-06
3.467622413200255466e-06
3.469065438843781766e-06
3.469992337034811644e-06
3.470443719452019698e-06
3.470470456732701327e-06
3.470130262442343378e-06
3.469483821229074190e-06
3.468591267591208989e-06
3.467509755096910909e-06
3.466292505241620787e-06
3.464989213019578330e-06
3.463647238219356343e-06
3.462312832117852605e-06
3.461031795025982540e-06
3.459849322615124515e-06
3.458809176262161848e-06
3.457952539642256872e-06
3.457316977402997085e-06
3.456935843693582333e-06
3.456838365414513176e-06
3.457050452404771795e-06
3.457596062250621008e-06
3.458498725062385181e-06
3.459782702667093962e-06
3.461473270622991504e-06
3.463595762157435312e-06
3.466173283474582944e-06
3.469223404675602318e-06
3.472754590260480676e-06
3.476763438935241730e-06
3.481233711910457305e-06
3.486137600614418625e-06
3.491438970109555087e-06
3.497097754294854339e-06
3.503074441289520418e-06
3.509333621670276545e-06
3.515845793193505801e-06
3.522587028884943083e-06
3.529536722323883224e-06
3.536674288186712598e-06
3.543976089910467935e-06
3.551413730006935969e-06
3.558954193321882154e-06
3.566561523106353617e-06
3.574199165252458440e-06
3.581832068645065164e-06
3.589428003523428175e-06
3.596958063857402382e-06
3.604396665993525424e-06
3.611721426447239837e-06
3.618913152278565046e-06
3.625955970219083210e-06
3.632837489677778097e-06
3.639548880198999713e-06
3.646084804715518011e-06
3.652443212418772678e-06
3.658625018932230822e-06
3.664633690535986413e-06
3.670474735456792787e-06
3.676155119355147349e-06
3.681682660818081822e-06
3.687065510228396782e-06
3.692311834438946597e-06
3.697429803081445780e-06
3.702427900796003764e-06
3.707315488555440079e-06
3.712103453522600832e-06
3.716804744209572455e-06
3.721434612460655315e-06
3.726010469019203671e-06
3.730551377588526144e-06
3.735077332590087589e-06
3.739608553780549495e-06
3.744165054852781496e-06
3.748766665509188029e-06
3.753433484927643219e-06
3.758186438651337851e-06
3.763047312258160297e-06
3.768037551877864226e-06
3.773175460258139707e-06
3.778472235533569863e-06
3.783928329894580350e-06
3.789532284768315740e-06
3.795263909142895045e-06
3.801102149098492545e-06
3.807035700710763181e-06
3.813072423717804504e-06
3.819243148800088717e-06
3.825597143539529246e-06
3.832189800784485257e-06
3.839066546105526537e-06
3.846248808532653848e-06
3.853727189705019720e-06
3.861464042269057482e-06
3.869403975040575716e-06
3.877488064745471625e-06
3.885666855436587528e-06
3.893908534576935251e-06
3.902201050915273190e-06
3.910549164571209498e-06
3.918968655490386751e-06
3.927479987180745416e-06
3.936103013057656810e-06
3.944853391377631993e-06
3.953740682108701351e-06
3.962767778655507145e-06
3.971931294801077440e-06
3.981222604607677888e-06
3.990629294448297402e-06
4.000136791739492993e-06
4.009729925789411776e-06
4.019394194592334284e-06
4.029116588453662933e-06
4.038885930778605374e-06
4.048692809244535392e-06
4.058529239503155417e-06
4.068388229636624303e-06
4.078263383425489460e-06
4.088148628802116149e-06
4.098038102902544017e-06
4.107926174682801263e-06
4.117807564808999159e-06
4.127677510295776534e-06
4.137531929738523661e-06
4.147367556597363986e-06
4.157182023598900885e-06
4.166973891814619884e-06
4.176742629639288500e-06
4.186488549956335276e-06
4.196212716352207858e-06
4.205916830663669055e-06
4.215603111208411489e-06
4.225274171445211130e-06
4.234932906671784832e-06
4.244582395415194978e-06
4.254225819082546351e-06
4.263866403819773891e-06
4.273507383062659295e-06
4.283151980118226110e-06
4.292803403959475263e-06
4.302464854047087918e-06
4.312139525188656991e-06
4.321830608109557707e-06
4.331541279435471789e-06
4.341274681214445239e-06
4.351033889565782371e-06
4.360821875895205062e-06
4.370641466397147905e-06
4.380495304030000784e-06
4.390385818781892241e-06
4.400315210468583649e-06
4.410285445784289380e-06
4.420298271792389188e-06
4.430355243721613126e-06
4.440457765862808180e-06
4.450607140764862561e-06
4.460804622300800629e-06
4.471051467062497140e-06
4.481348977834790652e-06
4.491698534121152495e-06
4.502101605693480544e-06
4.512559745499246921e-06
4.523074560909767582e-06
4.533647663293318074e-06
4.544280598478417738e-06
4.554974762308216806e-06
4.565731308717075046e-06
4.576551057755498502e-06
4.587434414302639805e-06
4.598381306307729233e-06
4.609391151164025445e-06
4.620462855458398663e-06
4.631594850719767519e-06
4.642785162306064349e-06
4.654031506365501892e-06
4.665331405208703341e-06
4.676682309371731987e-06
4.688081714931728201e-06
4.699527264169564426e-06
4.711016820654343017e-06
4.722548512659561582e-06
4.734120743391959928e-06
4.745732169918030672e-06
4.757381657160052199e-06
4.769068215521859757e-06
4.780790931332658914e-06
4.792548900409866747e-06
4.804341171460069603e-06
4.816166705538684551e-06
4.828024353235671583e-06
4.839912849391782752e-06
4.851830822280025777e-06
4.863776813730811961e-06
4.875749305383125060e-06
4.887746746565567894e-06
4.899767581165425647e-06
4.911810270513489492e-06
4.923873311565616254e-06
4.935955250184463371e-06
4.948054689935771046e-06
4.960170297713964598e-06
4.972300806347010321e-06
4.984445016116813369e-06
4.996601795299543455e-06
5.008770079546655370e-06
5.020948871762908605e-06
5.033137241060102097e-06
5.045334321053404672e-06
5.057539308385908357e-06
5.069751459709984217e-06
5.081970088840607063e-06
5.094194562990271978e-06
5.106424298907128011e-06
5.118658758695489765e-06
5.130897445677734165e-06
5.143139900599719910e-06
5.155385697854638361e-06
5.167634442415341419e-06
5.179885767001944669e-06
5.192139329966167773e-06
5.204394813441835487e-06
5.216651922081571225e-06
5.228910381969188963e-06
5.241169939861417483e-06
5.253430362680486988e-06
5.265691436981063310e-06
5.277952968291000474e-06
5.290214780556911050e-06
5.302476715367462348e-06
5.314738631116478221e-06
5.327000401754730140e-06
5.339261915751008930e-06
5.351523074404445507e-06
5.363783790605148357e-06
5.376043987185301447e-06
5.388303595136526629e-06
5.400562552348878590e-06
5.412820801899712937e-06
5.425078290733259239e-06
5.437334968658586983e-06
5.449590787121215523e-06
5.461845698529228217e-06
5.474099655791999465e-06
5.486352611885080653e-06
5.498604519713617791e-06
5.510855332152025688e-06
5.523105002190512788e-06
5.535353483007318689e-06
5.547600728307774648e-06
5.559846692334958415e-06
5.572091330097555407e-06
5.584334597387396531e-06
5.596576450704050223e-06
5.608816846759451329e-06
5.621055742439101061e-06
5.633293093946157147e-06
5.645528856242082071e-06
5.657762982426110973e-06
5.669995422625219204e-06
5.682226123085489757e-06
5.694455025344281707e-06
5.706682065081406203e-06
5.718907171126949344e-06
5.731130264633093336e-06
5.743351257981234771e-06
5.755570054074692641e-06
5.767786545502946850e-06
5.780000613975256089e-06
5.792212129687972498e-06
5.804420951070796860e-06
5.816626924309523810e-06
5.828829883394015245e-06
5.841029649984984059e-06
5.853226033593416055e-06
5.865418831900601862e-06
5.877607831021829297e-06
5.889792806039315327e-06
5.901973521535392131e-06
5.914149732255931252e-06
5.926321183636074933e-06
5.938487612555749685e-06
5.950648747923200002e-06
5.962804311331292346e-06
5.974954017653723859e-06
5.987097575407247533e-06
5.999234687378629897e-06
6.011365050840344575e-06
6.023488357920507996e-06
6.035604295823552648e-06
6.047712546927762082e-06
6.059812788985376509e-06
6.071904695197346004e-06
6.083987934133462074e-06
6.096062170015108267e-06
6.108127062562962799e-06
6.120182267133638525e-06
6.132227434886402737e-06
6.144262212854290663e-06
6.156286244119885978e-06
6.168299168039639697e-06
6.180300620542960043e-06
6.192290234458630997e-06
6.204267639723151064e-06
6.216232463981853069e-06
6.228184332814945070e-06
6.240122870255317684e-06
6.252047699252878240e-06
6.263958441993449360e-06
6.275854720530251506e-06
6.287736156978302123e-06
6.299602374096057915e-06
6.311452995639666051e-06
6.323287646645206551e-06
6.335105953743042307e-06
6.346907545589455213e-06
6.358692052908262593e-06
6.370459108829910742e-06
6.382208349023582422e-06
6.393939411853452418e-06
6.405651938446896560e-06
6.417345572808764938e-06
6.429019961816440311e-06
6.440674755349390951e-06
6.452309606095872640e-06
6.463924169803804584e-06
6.475518104993897988e-06
6.487091073125725336e-06
6.498642738411449374e-06
6.510172767824021544e-06
6.521680831060306403e-06
6.533166600472996271e-06
6.544629750995210893e-06
6.556069960108358472e-06
6.567486907853608733e-06
6.578880276705131894e-06
6.590249751623703153e-06
6.601595019947299907e-06
6.612915771426204497e-06
6.624211698198101433e-06
6.635482494783209502e-06
6.646727858113951634e-06
6.657947487514716744e-06
6.669141084702619524e-06
6.680308353758654730e-06
6.691449001332106567e-06
6.702562736453557693e-06
6.713649270672238150e-06
6.724708318100304016e-06
6.735739595379070434e-06
6.746742821808051152e-06
6.757717719304175582e-06
6.768664012472491486e-06
6.779581428661752360e-06
6.790469698003064161e-06
6.801328553415814537e-06
6.812157730725304524e-06
6.822956968641397394e-06
6.833726008787664202e-06
6.844464595802912554e-06
6.855172477416951154e-06
6.865849404347924331e-06
6.876495130479194546e-06
