5.953205032880224401e-01
8.209763110383350973e-05
4.063195087381116526e-06
4.902283721512034996e-06
5.403425373901934489e-06
5.678749803436784264e-06
5.833713512612905879e-06
5.926487813605156415e-06
5.987258231246730574e-06
6.031378824553876349e-06
6.066614750762459253e-06
6.096901180798469650e-06
6.124249730452081320e-06
6.149705871659867021e-06
6.173827917217549847e-06
6.196926547649434313e-06
6.219184835761349467e-06
6.240718663930198733e-06
6.261607374115663376e-06
6.281909510350467429e-06
6.301671058889775070e-06
6.320929883485049177e-06
6.339718207999122082e-06
6.358064078900212727e-06
6.375992281050036648e-06
6.393524949766854971e-06
6.410682006280575044e-06
6.427481484541746222e-06
6.443939787131779538e-06
6.460071892045504612e-06
6.475891523632339709e-06
6.491411296335607702e-06
6.506642836846261776e-06
6.521596889168530330e-06
6.536283405354611447e-06
6.550711624542280281e-06
6.564890142134942146e-06
6.578826970533009685e-06
6.592529592816321830e-06
6.606005010225111826e-06
6.619259784471927905e-06
6.632300075371411630e-06
6.645131674625323381e-06
6.657760036033131164e-06
6.670190302725971476e-06
6.682427331766510504e-06
6.694475716295568361e-06
6.706339805642425294e-06
6.718023723647945124e-06
6.729531385234825839e-06
6.740866511532937333e-06
6.752032643791625812e-06
6.763033155998913975e-06
6.773871266414123950e-06
6.784550048298764061e-06
6.795072439693135569e-06
6.805441252371227674e-06
6.815659180125462066e-06
6.825728806465062830e-06
6.835652611667184754e-06
6.845432979304760781e-06
6.855072202290621643e-06
6.864572488482093498e-06
6.873935965911843114e-06
6.883164687572427331e-06
6.892260635886268881e-06
6.901225726900228765e-06
6.910061814118243146e-06
6.918770692141327159e-06
6.927354099985280148e-06
6.935813724173075899e-06
6.944151201695069151e-06
6.952368122661231937e-06
6.960466032844837566e-06
6.968446436018363200e-06
6.976310796123163045e-06
6.984060539323267452e-06
6.991697055884531437e-06
6.999221701950481603e-06
7.006635801174590141e-06
7.013940646200368336e-06
7.021137500125961926e-06
7.028227597873254494e-06
7.035212147305860331e-06
7.042092330403621163e-06
7.048869304347241161e-06
7.055544202435588893e-06
7.062118135043804244e-06
7.068592190436182381e-06
7.074967435518671893e-06
7.081244916552368765e-06
7.087425659823353413e-06
7.093510672174592653e-06
7.099500941712374492e-06
7.105397438175454407e-06
7.111201113352320712e-06
7.116912901646134197e-06
7.122533720273559794e-06
7.128064469798941973e-06
7.133506034244014148e-06
7.138859281461361430e-06
7.144125063318390255e-06
7.149304216010228282e-06
7.154397560057393361e-06
7.159405900552064126e-06
7.164330027268908327e-06
7.169170714727328738e-06
7.173928722258996252e-06
7.178604793989607328e-06
7.183199659009439157e-06
7.187714031166523703e-06
7.192148609141177278e-06
7.196504076378398849e-06
7.200781100950170428e-06
7.204980335524946947e-06
7.209102417179252414e-06
7.213147967230235901e-06
7.217117591158572904e-06
7.221011878398916178e-06
7.224831402078985862e-06
7.228576718876935916e-06
7.232248368730707466e-06
7.235846874696144855e-06
7.239372742560050667e-06
7.242826460656366872e-06
7.246208499694866643e-06
7.249519312298560023e-06
7.252759333027857231e-06
7.255928977785785515e-06
7.259028643852775949e-06
7.262058709541388237e-06
7.265019534004991384e-06
7.267911456939317567e-06
7.270734798581112808e-06
7.273489859458558718e-06
7.276176920244839136e-06
7.278796241783319028e-06
7.281348064892184813e-06
7.283832610574933738e-06
7.286250079857412365e-06
7.288600653913020749e-06
7.290884494318066608e-06
7.293101743208834883e-06
7.295252523338073820e-06
7.297336938640244622e-06
7.299355074335120354e-06
7.301306997619170658e-06
7.303192757791184359e-06
7.305012387139546647e-06
7.306765901102773837e-06
7.308453299320189985e-06
7.310074565920182355e-06
7.311629670545472132e-06
7.313118569058308304e-06
7.314541204099090980e-06
7.315897506292160056e-06
7.317187394975451421e-06
7.318410779081382421e-06
7.319567558151980189e-06
7.320657623237771646e-06
7.321680857987187299e-06
7.322637139502521918e-06
7.323526339525051366e-06
7.324348325284971717e-06
7.325102960612716646e-06
7.325790106899365736e-06
7.326409624063117543e-06
7.326961371615937010e-06
7.327445209586963680e-06
7.327860999395399477e-06
7.328208604921230351e-06
7.328487893180932411e-06
7.328698735370529471e-06
7.328841007583881224e-06
7.328914591680787833e-06
7.328919375873285800e-06
7.328855255674273208e-06
7.328722134316781701e-06
7.328519923522647035e-06
7.328248543980488918e-06
7.327907926002804444e-06
7.327498009831238766e-06
7.327018746315917380e-06
7.326470097014136470e-06
7.325852034700830710e-06
7.325164543825344243e-06
7.324407620388764222e-06
7.323581272493842548e-06
7.322685520311025616e-06
7.321720396337914907e-06
7.320685945288113390e-06
7.319582224471349353e-06
7.318409303389719506e-06
7.317167264061162399e-06
7.315856200648134422e-06
7.314476219576223217e-06
7.313027439273441948e-06
7.311509990096576400e-06
7.309924013928968838e-06
7.308269664352720659e-06
7.306547105878603913e-06
7.304756514024866709e-06
7.302898074914851906e-06
7.300971984976614667e-06
7.298978450542356345e-06
7.296917687556853716e-06
7.294789921196137454e-06
7.292595385569196772e-06
7.290334323184709503e-06
7.288006984567925706e-06
7.285613628147667549e-06
7.283154519489290991e-06
7.280629931181293487e-06
7.278040142275807222e-06
7.275385438125206454e-06
7.272666109687171189e-06
7.269882453448225520e-06
7.267034770860045672e-06
7.264123368234211917e-06
7.261148556151841015e-06
7.258110649235945262e-06
7.255009966133759990e-06
7.251846828656544347e-06
7.248621562043847099e-06
7.245334494441387901e-06
7.241985956733158427e-06
7.238576282328170815e-06
7.235105806912940236e-06
7.231574868390686568e-06
7.227983806611505269e-06
7.224332963122948368e-06
7.220622681522188571e-06
7.216853306770056408e-06
7.213025185518105067e-06
7.209138665712419196e-06
7.205194097008279045e-06
7.201191830215989999e-06
7.197132217695843034e-06
7.193015613087995910e-06
7.188842371657798337e-06
7.184612849923471023e-06
7.180327406047077445e-06
7.175986399781614784e-06
7.171590192437080091e-06
7.167139147149904692e-06
7.162633628731510624e-06
7.158074003953609123e-06
7.153460641602842715e-06
7.148793912560900137e-06
7.144074189613228344e-06
7.139301848216311374e-06
7.134477265757479598e-06
7.129600822280543361e-06
7.124672900074856645e-06
7.119693884081434638e-06
7.114664161890185626e-06
7.109584123582966807e-06
7.104454161843253029e-06
7.099274672151974198e-06
7.094046052506407910e-06
7.088768703832287243e-06
7.083443029449789677e-06
7.078069435603573046e-06
7.072648331085641741e-06
7.067180127384538011e-06
7.061665238546292186e-06
7.056104081354580658e-06
7.050497074998051997e-06
7.044844641381303235e-06
7.039147204847653610e-06
7.033405192196156376e-06
7.027619032728931847e-06
7.021789158369330190e-06
7.015916003241610808e-06
7.010000003907721927e-06
7.004041599397639623e-06
6.998041231035743011e-06
6.991999342440514391e-06
6.985916379609452610e-06
6.979792790900536594e-06
6.973629026920107827e-06
6.967425540491269252e-06
6.961182786703058068e-06
6.954901222816414069e-06
6.948581308582840209e-06
6.942223505745896609e-06
6.935828278240988526e-06
6.929396092348450616e-06
6.922927416402482697e-06
6.916422721092275041e-06
6.909882479167475544e-06
6.903307165527162058e-06
6.896697257502084786e-06
6.890053234438325023e-06
6.883375578061534567e-06
6.876664772157534002e-06
6.869921303047371964e-06
6.863145659184678718e-06
6.856338331387551591e-06
6.849499812899669245e-06
6.842630599246241866e-06
6.835731188518533765e-06
6.828802081184551520e-06
6.821843780266512617e-06
6.814856791217985019e-06
6.807841622160503281e-06
6.800798783968956243e-06
6.793728789987899604e-06
6.786632156239668531e-06
6.779509401505274384e-06
6.772361047224670826e-06
6.765187617708681460e-06
6.757989640038959318e-06
6.750767644076362312e-06
6.743522162374197587e-06
6.736253730554440519e-06
6.728962886913163897e-06
6.721650172689840191e-06
6.714316131975149639e-06
6.706961311633746937e-06
6.699586261387688054e-06
6.692191533942273916e-06
6.684777684719142702e-06
6.677345271780586606e-06
6.669894856295844314e-06
6.662427002016384430e-06
6.654942275346426894e-06
6.647441245450145167e-06
6.639924483976347487e-06
6.632392565282071547e-06
6.624846066050150812e-06
6.617285565500650036e-06
6.609711645142078133e-06
6.602124888611351467e-06
6.594525881863139594e-06
6.586915212531898686e-06
6.579293470654593072e-06
6.571661247748651594e-06
6.564019136980018946e-06
6.556367733016458036e-06
6.548707632274916640e-06
6.541039431970038357e-06
6.533363730702535404e-06
6.525681127910561144e-06
6.517992223993444662e-06
6.510297619775797578e-06
6.502597916789719169e-06
6.494893716814401777e-06
6.487185621826033889e-06
6.479474233933112234e-06
6.471760155031203857e-06
6.464043986666372219e-06
6.456326330225081991e-06
6.448607786098462128e-06
6.440888954375211015e-06
6.433170433945904015e-06
6.425452822873488222e-06
6.417736717773437301e-06
6.410022714080260242e-06
6.402311405760534222e-06
6.394603384935582764e-06
6.386899241911861351e-06
6.379199565120035432e-06
6.371504940878949603e-06
6.363815952978097966e-06
6.356133182924839165e-06
6.348457209419777212e-06
6.340788608313707648e-06
6.333127952649637155e-06
6.325475812279140312e-06
6.317832753458798369e-06
6.310199339120189306e-06
6.302576128570902142e-06
6.294963677080825716e-06
6.287362535843289357e-06
6.279773252030618925e-06
6.272196368195641121e-06
6.264632422382196723e-06
6.257081947957626265e-06
6.249545473295291928e-06
6.242023521850860477e-06
6.234516611522607040e-06
6.227025254967842051e-06
6.219549959507669178e-06
6.212091226423144979e-06
6.204649551318615389e-06
6.197225423951486655e-06
6.189819327805402895e-06
6.182431740364718654e-06
6.175063132651590318e-06
6.167713969342853105e-06
6.160384708655936738e-06
6.153075802255030295e-06
6.145787695202150799e-06
6.138520825967074688e-06
6.131275626150441049e-06
6.124052520683547202e-06
6.116851927926873041e-06
6.109674259301508193e-06
6.102519919805603254e-06
6.095389307364521029e-06
6.088282813482070194e-06
6.081200823149612726e-06
6.074143714674105209e-06
6.067111860322505400e-06
6.060105625431044246e-06
6.053125369605610481e-06
6.046171446195183278e-06
6.039244202546983135e-06
6.032343980527694447e-06
6.025471115957157068e-06
6.018625939467761697e-06
6.011808776220080598e-06
6.005019946506746180e-06
5.998259765645300484e-06
5.991528544333982057e-06
5.984826588773497102e-06
5.978154200969170527e-06
5.971511678904380181e-06
5.964899316880280589e-06
5.958317405760022033e-06
5.951766233106548418e-06
5.945246083255791921e-06
5.938757238166257210e-06
5.932299977142957309e-06
5.925874577267012615e-06
5.919481313564114740e-06
5.913120459430288472e-06
5.906792286756644475e-06
5.900497066074219389e-06
5.894235067117353533e-06
5.888006558701158272e-06
5.881811809054478740e-06
5.875651086168241221e-06
5.869524657959542068e-06
5.863432792167993737e-06
5.857375757046536908e-06
5.851353821121722538e-06
5.845367253612592523e-06
5.839416324364047005e-06
5.833501304361483801e-06
5.827622465312575039e-06
5.821780080183735477e-06
5.815974423292109433e-06
5.810205770063941929e-06
5.804474397425427649e-06
5.798780583797654995e-06
5.793124609016450518e-06
5.787506754689531199e-06
5.781927303774068798e-06
5.776386540747693095e-06
5.770884751921870365e-06
5.765422225081289266e-06
5.759999249400090127e-06
5.754616115660341848e-06
5.749273116091653674e-06
5.743970544149476180e-06
5.738708694675535233e-06
5.733487863594885587e-06
5.728308347901604487e-06
5.723170445269785865e-06
5.718074454487806505e-06
5.713020674659606165e-06
5.708009405466083634e-06
5.703040946569797743e-06
5.698115597658042382e-06
5.693233658191788470e-06
5.688395427303920573e-06
5.683601202981878063e-06
5.678851282423101478e-06
5.674145961567947221e-06
5.669485534565037818e-06
5.664870293694997614e-06
5.660300528875302723e-06
5.655776527608757709e-06
5.651298574300820909e-06
5.646866950159882399e-06
5.642481932766425771e-06
5.638143795663169209e-06
5.633852808150890749e-06
5.629609234731690456e-06
5.625413334999040470e-06
5.621265363033284692e-06
5.617165567199198762e-06
5.613114189656007751e-06
5.609111466326991235e-06
5.605157626216506231e-06
5.601252891242402570e-06
5.597397475944289509e-06
5.593591587174302634e-06
5.589835423562301656e-06
5.586129175668820847e-06
5.582473025503391893e-06
5.578867145954160380e-06
5.575311701287433639e-06
5.571806846138860267e-06
5.568352725781167084e-06
5.564949475956791344e-06
5.561597222377230907e-06
5.558296080909045046e-06
5.555046157434769100e-06
5.551847547512860386e-06
5.548700336669337581e-06
5.545604600176460320e-06
5.542560402934689234e-06
5.539567799946666947e-06
5.536626835977552784e-06
5.533737545609597953e-06
5.530899953918410716e-06
5.528114076051813306e-06
5.525379917785349850e-06
5.522697475706758282e-06
5.520066737385415904e-06
5.517487681708019383e-06
5.514960279457349661e-06
5.512484493238767284e-06
5.510060278418312400e-06
5.507687582985435448e-06
5.505366348391532673e-06
5.503096509851972658e-06
5.500877996681306231e-06
5.498710732848488088e-06
5.496594637612978209e-06
5.494529625897654889e-06
5.492515608401675101e-06
5.490552492600847514e-06
5.488640182737764556e-06
5.486778580661009627e-06
5.484967585823230945e-06
5.483207096010655446e-06
5.481497007511819444e-06
5.479837215327532005e-06
5.478227614050500026e-06
5.476668097552428334e-06
5.475158559559526063e-06
5.473698893893222401e-06
5.472288994496681265e-06
5.470928755953226968e-06
5.469618073479080911e-06
5.468356843031376921e-06
5.467144961623539567e-06
5.465982327316304764e-06
5.464868839393237708e-06
5.463804398273809503e-06
5.462788905790287153e-06
5.461822265191330064e-06
5.460904381100249949e-06
5.460035159628963874e-06
5.459214508299957952e-06
5.458442335948686277e-06
5.457718553055731515e-06
5.457043071149004613e-06
5.456415803089516785e-06
5.455836663107636753e-06
5.455305566336063035e-06
5.454822428831700272e-06
5.454387167528388007e-06
5.453999699875411589e-06
5.453659944017317107e-06
5.453367818276794380e-06
5.453123240809334008e-06
5.452926130109202501e-06
5.452776403845425036e-06
5.452673979488449235e-06
5.452618773547379286e-06
5.452610701602251293e-06
5.452649678082537539e-06
5.452735615972722926e-06
5.452868426799164096e-06
5.453048020242626923e-06
5.453274304154108237e-06
5.453547184404542534e-06
5.453866564517286239e-06
5.454232345908568336e-06
5.454644427372222438e-06
5.455102705214636080e-06
5.455607073046743987e-06
5.456157421275315331e-06
5.456753637457091437e-06
5.457395605698729003e-06
5.458083206448601941e-06
5.458816316211439373e-06
5.459594807380157394e-06
5.460418547521855197e-06
5.461287399243055519e-06
5.462201219850185031e-06
5.463159860318977500e-06
5.464163165706454516e-06
5.465210973972549349e-06
5.466303115765388337e-06
5.467439413975840489e-06
5.468619683609079340e-06
5.469843731095148955e-06
5.471111354355523777e-06
5.472422342684085251e-06
5.473776476367903478e-06
5.475173526984989630e-06
5.476613257958097944e-06
5.478095424036887050e-06
5.479619772446644028e-06
5.481186043118506276e-06
5.482793969472329163e-06
5.484443278782984584e-06
5.486133693470586109e-06
5.487864931816003968e-06
5.489636708601605671e-06
5.491448736445745400e-06
5.493300726593432847e-06
5.495192389961215263e-06
5.497123437943962798e-06
5.499093583406962608e-06
5.501102541542613063e-06
5.503150030636449006e-06
5.505235772884991873e-06
5.507359494656991591e-06
5.509520927770281319e-06
5.511719809381338746e-06
5.513955882679628645e-06
5.516228897527415142e-06
5.518538610633705855e-06
5.520884785843392527e-06
5.523267194774978737e-06
5.525685617109183512e-06
5.528139841059691743e-06
5.530629663859100376e-06
5.533154892327192816e-06
5.535715343565869322e-06
5.538310845532927125e-06
5.540941237809017418e-06
5.543606372266278772e-06
5.546306113809097935e-06
5.549040341182235171e-06
5.551808947010063909e-06
5.554611838959393665e-06
5.557448939282942998e-06
5.560320185231118656e-06
5.563225528451495465e-06
5.566164934366594402e-06
5.569138381076826697e-06
5.572145858059300452e-06
5.575187364060209547e-06
5.578262905075418152e-06
5.581372491482425808e-06
5.584516134948746291e-06
5.587693845324989072e-06
5.590905626686598967e-06
5.594151473698144240e-06
5.597431367390244111e-06
5.600745271146717978e-06
5.604093126446013775e-06
5.607474848502426402e-06
5.610890322739830950e-06
5.614339400294110552e-06
5.617821894245547052e-06
5.621337576152420837e-06
5.624886172387960097e-06
5.628467360956953001e-06
5.632080768042395215e-06
5.635725965186842923e-06
5.639402466465967229e-06
5.643109725417668386e-06
5.646847132601673929e-06
5.650614013000066556e-06
5.654409623588440025e-06
5.658233151109408671e-06
5.662083710252274318e-06
5.665960341744363734e-06
5.669862011637090821e-06
5.673787610018416559e-06
5.677735951512257092e-06
5.681705775548135818e-06
5.685695748435881327e-06
5.689704465479828413e-06
5.693730454656322576e-06
5.697772181439088847e-06
5.701828054313467093e-06
5.705896431594989980e-06
5.709975629657179797e-06
5.714063931409790074e-06
5.718159596409604085e-06
5.722260870890704247e-06
5.726365999203342901e-06
5.730473234932855721e-06
5.734580852129616909e-06
5.738687157069856185e-06
5.742790499049678315e-06
5.746889280789362769e-06
5.750981967947010780e-06
5.755067097789805430e-06
5.759143285963260953e-06
5.763209232768176478e-06
5.767263726806335295e-06
5.771305647943921618e-06
5.775333967448251183e-06
5.779347747556343488e-06
5.783346138878745479e-06
5.787328376610313570e-06
5.791293776213948887e-06
5.795241728168459368e-06
5.799171693026543486e-06
5.803083196825655530e-06
5.806975827475679442e-06
5.810849233398029776e-06
5.814703122839710021e-06
5.818537266642813029e-06
5.822351502196924979e-06
5.826145740212299822e-06
5.829919972221957254e-06
5.833674280114949597e-06
5.837408845486359552e-06
5.841123958777405728e-06
5.844820026822378297e-06
5.848497579183565379e-06
5.852157271258553592e-06
5.855799884609989839e-06
5.859426323711550082e-06
5.863037609719236823e-06
5.866634870137698276e-06
5.870219325640951358e-06
5.873792274680109137e-06
5.877355074216114659e-06
5.880909120279916372e-06
5.884455826401656888e-06
5.887996601477968888e-06
5.891532828652456261e-06
5.895065844109696568e-06
5.898596918067368542e-06
5.902127237564319833e-06
5.905657891892293183e-06
5.909189861233423289e-06
5.912724007298452587e-06
5.916261067276208039e-06
5.919801649697241949e-06
5.923346231476573126e-06
5.926895156364839707e-06
5.930448632383132718e-06
5.934006729262640792e-06
5.937569373627983753e-06
5.941136343052787917e-06
5.944707257215474575e-06
5.948281567909487251e-06
5.951858546969501107e-06
5.955437273322721860e-06
5.959016619454696045e-06
5.962595238945991145e-06
5.966171554136609990e-06
5.969743747543536144e-06
5.973309754935092681e-06
5.976867263404332708e-06
5.980413713654330871e-06
5.983946307938099103e-06
5.987462024279034833e-06
5.990957636873354457e-06
5.994429743226565800e-06
5.997874797558695041e-06
6.001289150194988110e-06
6.004669092013605450e-06
6.008010902844844068e-06
6.011310903102368802e-06
6.014565506863602606e-06
6.017771274749355638e-06
6.020924965962264218e-06
6.024023587247660954e-06
6.027064437184597199e-06
6.030045145435569374e-06
6.032963703277641973e-06
6.035818485375951248e-06
6.038608258589448719e-06
6.041332176211228747e-06
6.043989753869920263e-06
6.046580824383799683e-06
6.049105470149387779e-06
6.051563933882552572e-06
6.053956510437801658e-06
6.056283429248216086e-06
6.058544737842212130e-06
6.060740201517799586e-06
6.062869236023787869e-06
6.064930886431931499e-06
6.066923862736290847e-06
6.068846633349824071e-06
6.070697571292574432e-06
6.072475136905028766e-06
6.074178075791797497e-06
6.075805608525996804e-06
6.077357588640293729e-06
6.078834613365747367e-06
6.080238077835785820e-06
6.081570174974066658e-06
6.082833849588324403e-06
6.084032721304420368e-06
6.085170991080587670e-06
6.086253343530786756e-06
6.087284852245686819e-06
6.088270887194727544e-06
6.089217021095566374e-06
6.090128925588048532e-06
6.091012252628833636e-06
6.091872498162047610e-06
6.092714854330345403e-06
6.093544061634976379e-06
6.094364277612285762e-06
6.095178981845813629e-06
6.095990931962380183e-06
6.096802180904484313e-06
6.097614156053495179e-06
6.098427788103209619e-06
6.099243671159062308e-06
6.100062226311295863e-06
6.100883842662541489e-06
6.101708972451944063e-06
6.102538168317196033e-06
6.103372062483056498e-06
6.104211300283602568e-06
6.105056448700461296e-06
6.105907900927749813e-06
6.106765797700330271e-06
6.107629972259057049e-06
6.108499916685280311e-06
6.109374758537568216e-06
6.110253227342264439e-06
6.111133598508618653e-06
6.112013608455787066e-06
6.112890353570899786e-06
6.113760199802692421e-06
6.114618736149782600e-06
6.115460801814058527e-06
6.116280595723827995e-06
6.117071849548796993e-06
6.117828023299967201e-06
6.118542473932163324e-06
6.119208560208648280e-06
6.119819678881913618e-06
6.120369260122186800e-06
6.120850769467511104e-06
6.121257753701637740e-06
6.121583935710007403e-06
6.121823323924201452e-06
6.121970276922382631e-06
6.122019484916176198e-06
6.121965876992478975e-06
6.121804525949626202e-06
6.121530659178458094e-06
6.121139869126415676e-06
6.120628546507877039e-06
6.119994453846196877e-06
6.119237255258537262e-06
6.118358755921677023e-06
6.117362616397216094e-06
6.116253411431526736e-06
6.115035086248155572e-06
6.113709094011981035e-06
6.112272693800158839e-06
6.110717970299982187e-06
6.109032033195833091e-06
6.107198558130812179e-06
6.105200427878553977e-06
6.103022859882347306e-06
6.100656220214167935e-06
6.098097806567562884e-06
6.095352205762290968e-06
6.092430255579492144e-06
6.089347015888342169e-06
6.086119350767922767e-06
6.082763733135105213e-06
6.079294741031083412e-06
6.075724510361745207e-06
6.072063171334775564e-06
6.068320060987404430e-06
6.064505286980558406e-06
6.060631103971513655e-06
6.056712600706427951e-06
6.052767403178211826e-06
6.048814391970938421e-06
6.044871703209750644e-06
6.040954469680647047e-06
6.037072827557918558e-06
6.033230679710829316e-06
6.029425569607901285e-06
6.025649793465692843e-06
6.021892603861857141e-06
6.018143082213079005e-06
6.014393035624319825e-06
6.010639147827752271e-06
6.006883671006305937e-06
6.003133257042776016e-06
5.999396121282490053e-06
5.995678424863810677e-06
5.991981223800417913e-06
5.988299267379686650e-06
5.984622295001324267e-06
5.980938565674240571e-06
5.977239561540543355e-06
5.973524386074254944e-06
5.969802331626986585e-06
5.966092284004276566e-06
5.962418139299585941e-06
5.958800517022411318e-06
5.955246877956038325e-06
5.951744005516087413e-06
5.948257200192855891e-06
5.944738296680197129e-06
5.941140281125848418e-06
5.937432355517848682e-06
5.933608586729451061e-06
5.929686549840349403e-06
5.925697530572401158e-06
5.921673511710286820e-06
5.917636331194612246e-06
5.913591723949107358e-06
5.909527916211462584e-06
5.905417277941978695e-06
5.901220488799007160e-06
5.896893749375209667e-06
5.892398618441306255e-06
5.887711389652813475e-06
5.882827514115802419e-06
5.877758787329251420e-06
5.872525500000248034e-06
5.867148479296718506e-06
5.861644591892597809e-06
5.856025545376722292e-06
5.850297144000910070e-06
5.844455949156956780e-06
5.838481802871287668e-06
5.832327526308427725e-06
5.825911688486222782e-06
5.819124484051933487e-06
5.811854486227012943e-06
5.804031599112663637e-06
5.795665506032446728e-06
5.786854185421116572e-06
5.777752199737644473e-06
5.768513944663021488e-06
5.759242432383444649e-06
5.749967944151743176e-06
5.740660496683430864e-06
5.731262216609127467e-06
5.721720310418419008e-06
5.712006653131414622e-06
5.702119505808066817e-06
5.692071712123556674e-06
5.681875180631017456e-06
5.671531364916190317e-06
5.661031721481690556e-06
5.650364765084605165e-06
5.639522862490197544e-06
5.628504181603966051e-06
5.617310252027089715e-06
5.605943235656000130e-06
5.594407145945661615e-06
5.582713934316696166e-06
5.570890294511882384e-06
5.558978039930587783e-06
5.547024143897570761e-06
5.535065631699917835e-06
5.523122006524251665e-06
5.511204973506103030e-06
5.499342035945826773e-06
5.487598453986108118e-06
5.476082127510718552e-06
5.464926395945256694e-06
5.454255565580044864e-06
5.444142314237719870e-06
5.434570247706005973e-06
5.425420727286752929e-06
5.416500649853374538e-06
5.407608381815925157e-06
5.398608902374148608e-06
5.389480154944157589e-06
5.380310625073666321e-06
5.371255979544721185e-06
5.362476711549880892e-06
5.354077090476570193e-06
5.346062632737639827e-06
5.338332785421671652e-06
5.330716567560803692e-06
5.323037731829685156e-06
5.315177295888650072e-06
5.307102040930928349e-06
5.298848080878528929e-06
5.290473705684562934e-06
5.282009549635634077e-06
5.273430860258183175e-06
5.264661135366704189e-06
5.255599078920886135e-06
5.246151233635691744e-06
5.236254394056643321e-06
5.225881085408541896e-06
5.215030464337099222e-06
5.203711755381122701e-06
5.191928924098300396e-06
5.179675038895680607e-06
5.166940895586916158e-06
5.153734641454341776e-06
5.140102764001358214e-06
5.126143691373134237e-06
5.112010644240451055e-06
5.097901138614363618e-06
5.084025549710676079e-06
5.070550171990193351e-06
5.057532330050040622e-06
5.044890085103112818e-06
5.032442142561069613e-06
5.020005673299097436e-06
5.007490765170490981e-06
4.994929850026809326e-06
4.982430992436707019e-06
4.970097662637273978e-06
4.957970236052210087e-06
4.946016615451313108e-06
4.934163404150366916e-06
4.922339814522644823e-06
4.910506134876993616e-06
4.898650478154049387e-06
4.886757233166649213e-06
4.874770269661026992e-06
4.862579268042925520e-06
4.850041146737103436e-06
4.837022496702384171e-06
4.823435700635261757e-06
4.809250952585419847e-06
4.794486491789007614e-06
4.779190678306385561e-06
4.763426239276114947e-06
4.747259207423489576e-06
4.730754121845961027e-06
4.713982601287543103e-06
4.697051990857090625e-06
4.680140507345896033e-06
4.663489989419075809e-06
4.647299129478284857e-06
4.631535643956147153e-06
4.615827272623578626e-06
4.599640083643504273e-06
4.582739619898358076e-06
4.565570548241950152e-06
4.549117568002993818e-06
4.534267932592624986e-06
4.521247918546366302e-06
4.509652037265622514e-06
4.498936106933211489e-06
4.488804682853660931e-06
4.479192672594864384e-06
4.470068439941891485e-06
4.461388577030612335e-06
4.453212129081226480e-06
4.445744969517153871e-06
4.439197966060568176e-06
4.433589283089464868e-06
4.428687749091781923e-06
4.424137733418217539e-06
4.419632784721205698e-06
4.414994976452619323e-06
4.410138316662267111e-06
4.404992860178196361e-06
4.399460936326137903e-06
4.393417607576228220e-06
4.386731070842005083e-06
4.379282671121733111e-06
4.370982131246658359e-06
4.361778773980130068e-06
4.351665709315971455e-06
4.340673031136746594e-06
4.328852350801434109e-06
4.316261939380954522e-06
4.302961300010251576e-06
4.289016273785384183e-06
4.274508238647692987e-06
4.259539494251838091e-06
4.244230689093432604e-06
4.228710775227991277e-06
4.213103018981157322e-06
4.197512447904070439e-06
4.182021000961722787e-06
4.166695157423344913e-06
4.151605886074130367e-06
4.136853454587362369e-06
4.122582389107704995e-06
4.108968746479218085e-06
4.096170541464619199e-06
4.084257476397128349e-06
4.073164322150446803e-06
4.062712217751754271e-06
4.052698865653429782e-06
4.043002612234381459e-06
4.033629858666817697e-06
4.024678845699102882e-06
4.016256107082462157e-06
4.008407529762145973e-06
4.001098295017874900e-06
3.994231301510499724e-06
3.987674524275159790e-06
3.981280007120779598e-06
3.974895832986871277e-06
3.968377014378647270e-06
3.961594624560186389e-06
3.954438659787170103e-06
3.946814545367314764e-06
3.938639096434559473e-06
3.929841503722422902e-06
3.920369220905850414e-06
3.910194034702309340e-06
3.899314397377826361e-06
3.887754356124227851e-06
3.875562000824667054e-06
3.862808614384421462e-06
3.849585862687297906e-06
3.835997363402594821e-06
3.822146587601975215e-06
3.808133995089345228e-06
3.794081994137375963e-06
3.780187791753217805e-06
3.766754569834618760e-06
3.754111677368499235e-06
3.742389042879426248e-06
3.731285659100258980e-06
3.720114179657215454e-06
3.708266447716150344e-06
3.695821747541969426e-06
3.683727352475885233e-06
3.673260466055303629e-06
3.665162234368727506e-06
3.659186656425451446e-06
3.654404273523293403e-06
3.649893171406497348e-06
3.645205910792223882e-06
3.640371263970370217e-06
3.635645140483301568e-06
3.631307110179033994e-06
3.627588174883501409e-06
3.624649120894147334e-06
3.622544927016784451e-06
3.621195060472717680e-06
3.620402173084396921e-06
3.619918895313714633e-06
3.619521390362081718e-06
3.619049197997063708e-06
3.618401614311818749e-06
3.617509487969216911e-06
3.616308851198144328e-06
3.614731608703329340e-06
3.612712528215943712e-06
3.610202725318297835e-06
3.607180097504803756e-06
3.603652160805418224e-06
3.599651413190360768e-06
3.595225790320045114e-06
3.590427545929552841e-06
3.585303867988833835e-06
3.579891968734084811e-06
3.574220011512236266e-06
3.568313025104462796e-06
3.562200695459086399e-06
3.555923012335625114e-06
3.549531001501956991e-06
3.543082437344402894e-06
3.536634768218401585e-06
3.530238338409933074e-06
3.523932504668657557e-06
3.517746149656491844e-06
3.511702747669394142e-06
3.505828556151236247e-06
3.500160877037789768e-06
3.494752212640355062e-06
3.489666406833004943e-06
3.484965397332786363e-06
3.480689760497197009e-06
3.476840492983707889e-06
3.473370485787945668e-06
3.470190999824152785e-06
3.467192670494785307e-06
3.464274219115870920e-06
3.461367277008111399e-06
3.458445654894699316e-06
3.455514426101746251e-06
3.452585657248127446e-06
3.449655422030446233e-06
3.446694356760967445e-06
3.443653543121873526e-06
3.440477881841536600e-06
3.437117338987727755e-06
3.433531717824839410e-06
3.429690795598050710e-06
3.425573832057159708e-06
3.421170523977043895e-06
3.416482670591626946e-06
3.411524839743326332e-06
3.406323279367434165e-06
3.400913581536278950e-06
3.395337952718927629e-06
3.389642518585237072e-06
3.383874766106414082e-06
3.378081469851298512e-06
3.372307913330412412e-06
3.366599179422048748e-06
3.361003417169555344e-06
3.355575716037401698e-06
3.350380416078593052e-06
3.345489985352992061e-06
3.340980019454814248e-06
3.336922040961035628e-06
3.333378010473419620e-06
3.330401512628553394e-06
3.328047897525595531e-06
3.326387238427817399e-06
3.325503352331734157e-06
3.325461100547456128e-06
3.326244710182426542e-06
3.327706205113716591e-06
3.329583349615792859e-06
3.331615322846694023e-06
3.333706153264713605e-06
3.336021851446333081e-06
3.338927973349824667e-06
3.342783602469387135e-06
3.347720539578568620e-06
3.353552812073099253e-06
3.359865250512717252e-06
3.366205423282458739e-06
3.372251794301213103e-06
3.377877472519898133e-06
3.383114446509123498e-06
3.388075056982522591e-06
3.392882965690888446e-06
3.397633053751991855e-06
3.402374841272112223e-06
3.407109377945425125e-06
3.411795133240790415e-06
3.416361686686733393e-06
3.420728090182711531e-06
3.424820096454933206e-06
3.428580970565835676e-06
3.431974091088280801e-06
3.434979280012835884e-06
3.437586622577307469e-06
3.439791172561708029e-06
3.441590345057188518e-06
3.442984113427687450e-06
3.443977047041063986e-06
3.444580914010881440e-06
3.444816816095883332e-06
3.444716268870596940e-06
3.444321014837585982e-06
3.443681601793574812e-06
3.442854927286862716e-06
3.441901132628030362e-06
3.440880399947805412e-06
3.439850276228008064e-06
3.438864032902222846e-06
3.437970259725926460e-06
3.437213494422788370e-06
3.436635364466667944e-06
3.436275612485153023e-06
3.436172522301058254e-06
3.436362574850562759e-06
3.436879482711190014e-06
3.437752953416147976e-06
3.439007586382314051e-06
3.440662250782253147e-06
3.442730171232518964e-06
3.445219774830692421e-06
3.448136143386906859e-06
3.451482705988039533e-06
3.455262681536167855e-06
3.459479762694205905e-06
3.464137646182385655e-06
3.469238250750864016e-06
3.474778846063481188e-06
3.480748768149969580e-06
3.487126721578269269e-06
3.493879643371653147e-06
3.500963685562550054e-06
3.508327243385393824e-06
3.515915391266639311e-06
3.523674731131826447e-06
3.531557534897477678e-06
3.539524174291827811e-06
3.547543238900774496e-06
3.555589443032454307e-06
3.563640203892205110e-06
3.571672258923344678e-06
3.579659581447396479e-06
3.587573183811129327e-06
3.595382534705654974e-06
3.603057723596597833e-06
3.610571433903851733e-06
3.617900157481500701e-06
3.625024598252411260e-06
3.631929573423184785e-06
3.638603792880699941e-06
3.645039745036907246e-06
3.651233701696416557e-06
3.657185720201865930e-06
3.662899517107295733e-06
3.668382163573693815e-06
3.673643636575528997e-06
3.678696290937338856e-06
3.683554305188947982e-06
3.688233120178887827e-06
3.692748881162959815e-06
3.697117912058442207e-06
3.701356287770621869e-06
3.705479592605740379e-06
3.709502943484896715e-06
3.713441298317365439e-06
3.717309990371258772e-06
3.721125347658259351e-06
3.724905212251102457e-06
3.728669187613015649e-06
3.732438512784033586e-06
3.736235573543284906e-06
3.740083178849683476e-06
3.744003826520350733e-06
3.748019217352953215e-06
3.752150217247070602e-06
3.756417285841545088e-06
3.760841100732537034e-06
3.765442804570096194e-06
3.770243170014050187e-06
3.775260218903005296e-06
3.780505536034993282e-06
3.785980494887814635e-06
3.791674384231806116e-06
3.797566390978352824e-06
3.803632213849010088e-06
3.809854004005112431e-06
3.816230249623644866e-06
3.822781319673412107e-06
3.829547429321980438e-06
3.836578612972243642e-06
3.843919690214891213e-06
3.851595538739549773e-06
3.859602050663378300e-06
3.867905885330723080e-06
3.876452649336902842e-06
3.885180082852846180e-06
3.894031503948925017e-06
3.902965472000674927e-06
3.911959714386758803e-06
3.921009667305757552e-06
3.930123530701120812e-06
3.939316149807721036e-06
3.948603525008004206e-06
3.957998858511280031e-06
3.967510265447216447e-06
3.977139852950544333e-06
3.986883783935078675e-06
3.996733020259022806e-06
4.006674529409155389e-06
4.016692763540600270e-06
4.026771197668136783e-06
4.036893700711423675e-06
4.047045551035888071e-06
4.057213998206397414e-06
4.067388383465881791e-06
4.077559925942985618e-06
4.087721329165931665e-06
4.097866357517554085e-06
4.107989495579358679e-06
4.118085744470205318e-06
4.128150560786924886e-06
4.138179906616087076e-06
4.148170364193086253e-06
4.158119268432281635e-06
4.168024820152224934e-06
4.177886157614196216e-06
4.187703377413283064e-06
4.197477505491318998e-06
4.207210427922091030e-06
4.216904790262400675e-06
4.226563879627893088e-06
4.236191497985419663e-06
4.245791836734532255e-06
4.255369359319639183e-06
4.264928696956494528e-06
4.274474561809360999e-06
4.284011679308530580e-06
4.293544740188993101e-06
4.303078371109183324e-06
4.312617120118849167e-06
4.322165451653203035e-06
4.331727746471290006e-06
4.341308299371628908e-06
4.350911310559709077e-06
4.360540868598602870e-06
4.370200923409808261e-06
4.379895251986728178e-06
4.389627420256376774e-06
4.399400745903464211e-06
4.409218266511591855e-06
4.419082717966682761e-06
4.428996525778886885e-06
4.438961810807833467e-06
4.448980410163774638e-06
4.459053911211550292e-06
4.469183696520280314e-06
4.479370995185568585e-06
4.489616936405910675e-06
4.499922599403537747e-06
4.510289054986628357e-06
4.520717394555146208e-06
4.531208742028170275e-06
4.541764246635455529e-06
4.552385056003773348e-06
4.563072269453085204e-06
4.573826874570901918e-06
4.584649671021038167e-06
4.595541188453256009e-06
4.606501606090665525e-06
4.617530682684992542e-06
4.628627706339902840e-06
4.639791469863354742e-06
4.651020278063225182e-06
4.662311987448418175e-06
4.673664076550878417e-06
4.685073741545877770e-06
4.696538007345496444e-06
4.708053845318254041e-06
4.719618285036478147e-06
4.731228510101914147e-06
4.742881930003811049e-06
4.754576222144046114e-06
4.766309342773406101e-06
4.778079508768350187e-06
4.789885156068962481e-06
4.801724882498522472e-06
4.813597383908830241e-06
4.825501392286824598e-06
4.837435623403517809e-06
4.849398738222300384e-06
4.861389320798416603e-06
4.873405872780757618e-06
4.885446820868712611e-06
4.897510534971769140e-06
4.909595352110860993e-06
4.921699602531361414e-06
4.933821634741011113e-06
4.945959837155779156e-06
4.958112655278067227e-06
4.970278604477389860e-06
4.982456277973702327e-06
4.994644351605324528e-06
5.006841585986217869e-06
5.019046826747807234e-06
5.031259003834861135e-06
5.043477129993282096e-06
5.055700298908031770e-06
5.067927682858265922e-06
5.080158529952086097e-06
5.092392161049905896e-06
5.104627965905840664e-06
5.116865399123753669e-06
5.129103975394440655e-06
5.141343264638612484e-06
5.153582887094301401e-06
5.165822508208218978e-06
5.178061833847094316e-06
5.190300605807748049e-06
5.202538597686276990e-06
5.214775611612759060e-06
5.227011474763828058e-06
5.239246037259423942e-06
5.251479169779012563e-06
5.263710761943756133e-06
5.275940721207536176e-06
5.288168971532011048e-06
5.300395452610358516e-06
5.312620118829368174e-06
5.324842938665813575e-06
5.337063893644977791e-06
5.349282977472047385e-06
5.361500194783900937e-06
5.373715560078783818e-06
5.385929096334905873e-06
5.398140833618045458e-06
5.410350807518491598e-06
5.422559057695826977e-06
5.434765626306058066e-06
5.446970556573398982e-06
5.459173891360397716e-06
5.471375671953965968e-06
5.483575936914703528e-06
5.495774721375042535e-06
5.507972056083386047e-06
5.520167967030156544e-06
5.532362475229872990e-06
5.544555596481376975e-06
5.556747341396685203e-06
5.568937715589961696e-06
5.581126719712732338e-06
5.593314349851704065e-06
5.605500597566639944e-06
5.617685450128757444e-06
5.629868890505398828e-06
5.642050897362019147e-06
5.654231445013072725e-06
5.666410503089370612e-06
5.678588036183115340e-06
5.690764003462652546e-06
5.702938358017529007e-06
5.715111046448258488e-06
5.727282008092424161e-06
5.739451174362119267e-06
5.751618468156794047e-06
5.763783803148197299e-06
5.775947083077256024e-06
5.788108201439788935e-06
5.800267040589453669e-06
5.812423471632296273e-06
5.824577353828808618e-06
5.836728534336608263e-06
5.848876848084150925e-06
5.861022117656765583e-06
5.873164153231089045e-06
5.885302752665929715e-06
5.897437701697746704e-06
5.909568774193098680e-06
5.921695732682436409e-06
5.933818328557255606e-06
5.945936302728744667e-06
5.958049386217916763e-06
5.970157300624198628e-06
5.982259758938391608e-06
5.994356466031492680e-06
6.006447119283970475e-06
6.018531409312562745e-06
6.030609020390167535e-06
6.042679631143578107e-06
6.054742914848440135e-06
6.066798539894018689e-06
6.078846170368946923e-06
6.090885466084898958e-06
6.102916083003389452e-06
6.114937673517992270e-06
6.126949886532425917e-06
6.138952367641547532e-06
6.150944759415943256e-06
6.162926701401628382e-06
6.174897830404326857e-06
6.186857780503716684e-06
6.198806183413820417e-06
6.210742668439183066e-06
6.222666862921076346e-06
6.234578392250323604e-06
6.246476880265652639e-06
6.258361949425768749e-06
6.270233221219601586e-06
6.282090316303202625e-06
6.293932854969545207e-06
6.305760457315792375e-06
6.317572743684367253e-06
6.329369334948741120e-06
6.341149852689025879e-06
6.352913919697848393e-06
6.364661160088823213e-06
6.376391199665775942e-06
6.388103666080299827e-06
6.399798189072425772e-06
6.411474400701512512e-06
6.423131935437649935e-06
6.434770430381439569e-06
6.446389525355898501e-06
6.457988862972869308e-06
6.469568088761886794e-06
6.481126851166590813e-06
6.492664801661612575e-06
6.504181594612763391e-06
6.515676887530526222e-06
6.527150340857760422e-06
6.538601618034668322e-06
6.550030385508851201e-06
6.561436312646923093e-06
6.572819071757860946e-06
6.584178338097858967e-06
6.595513789668161337e-06
6.606825107372409596e-06
6.618111974925030945e-06
6.629374078817598334e-06
6.640611108255724811e-06
6.651822755201101772e-06
6.663008714397131866e-06
6.674168683187813874e-06
6.685302361708431844e-06
6.696409452739454619e-06
6.707489661788498972e-06
6.718542697098423862e-06
6.729568269580139537e-06
6.740566092900174654e-06
6.751535883505192796e-06
6.762477360599713813e-06
6.773390246143715873e-06
6.784274264936937259e-06
6.795129144668544694e-06
6.805954615876702757e-06
6.816750411982539908e-06
6.827516269397428599e-06
6.838251927488857469e-06
6.848957128647798414e-06
6.859631618316760320e-06
6.870275145001681406e-06
6.880887460358566291e-06
