5.021724239281454699e-02
6.592188253641517998e-06
3.313659009783599066e-06
4.508250333004786407e-06
5.185108508998845465e-06
5.555131317370076709e-06
5.759719141361417916e-06
5.878252301960554619e-06
5.952493502799276076e-06
6.003828264856954295e-06
6.043094968201892168e-06
6.075780099289406001e-06
6.104676626749676560e-06
6.131224648690357580e-06
6.156183288455336082e-06
6.179966799433514498e-06
6.202812852474167102e-06
6.224867082199448437e-06
6.246225827989379585e-06
6.266957961202482125e-06
6.287116209116211384e-06
6.306743170273575347e-06
6.325874620247217275e-06
6.344541413722660741e-06
6.362770643349888778e-06
6.380586392669773651e-06
6.398010257973255071e-06
6.415061731680710390e-06
6.431758497585349414e-06
6.448116666705814173e-06
6.464150970588379262e-06
6.479874922852224282e-06
6.495300956001450082e-06
6.510440538547787903e-06
6.525304276020454011e-06
6.539901998686951024e-06
6.554242838127998996e-06
6.568335294408111261e-06
6.582187295225211266e-06
6.595806248266891851e-06
6.609199087618765131e-06
6.622372315098921544e-06
6.635332037201163426e-06
6.648083998151536425e-06
6.660633609615992497e-06
6.672985977423616163e-06
6.685145925704826490e-06
6.697118018731920893e-06
6.708906580733143426e-06
6.720515713821371239e-06
6.731949314386573799e-06
6.743211088044211379e-06
6.754304563214738522e-06
6.765233103619348324e-06
6.775999919731541094e-06
6.786608079253891072e-06
6.797060516724774783e-06
6.807360042420296833e-06
6.817509350590776454e-06
6.827511026852537218e-06
6.837367555281403090e-06
6.847081324811643557e-06
6.856654635190433980e-06
6.866089702473207998e-06
6.875388664165825992e-06
6.884553584012602461e-06
6.893586456284485701e-06
6.902489209914508134e-06
6.911263712362147964e-06
6.919911773052442194e-06
6.928435146673053897e-06
6.936835536263211640e-06
6.945114595976821592e-06
6.953273933761945290e-06
6.961315113817261256e-06
6.969239658832736499e-06
6.977049052071301459e-06
6.984744739456981892e-06
6.992328131269824498e-06
6.999800603787431530e-06
7.007163501066332911e-06
7.014418136144631572e-06
7.021565792523143043e-06
7.028607725395837021e-06
7.035545162649774165e-06
7.042379306118477686e-06
7.049111332401519885e-06
7.055742393775841516e-06
7.062273619073627744e-06
7.068706114308600914e-06
7.075040963394274847e-06
7.081279228840582689e-06
7.087421952207923837e-06
7.093470154678180191e-06
7.099424837468589159e-06
7.105286982254799339e-06
7.111057551451919448e-06
7.116737488708343603e-06
7.122327719058102909e-06
7.127829149236657126e-06
7.133242667831291298e-06
7.138569145472483368e-06
7.143809435046399331e-06
7.148964371782124078e-06
7.154034773377803231e-06
7.159021439989209052e-06
7.163925154396472099e-06
7.168746681958930980e-06
7.173486770644136459e-06
7.178146151034691245e-06
7.182725536226695825e-06
7.187225621839589289e-06
7.191647085969084797e-06
7.195990589005709707e-06
7.200256773648065029e-06
7.204446264660399516e-06
7.208559668799082965e-06
7.212597574791687047e-06
7.216560552909201479e-06
7.220449155047383921e-06
7.224263914379130024e-06
7.228005345279145099e-06
7.231673943103396220e-06
7.235270184019030549e-06
7.238794524713101034e-06
7.242247402271362769e-06
7.245629234085799023e-06
7.248940417459071247e-06
7.252181329627244127e-06
7.255352327508758050e-06
7.258453747549883707e-06
7.261485905694982768e-06
7.264449097165266262e-06
7.267343596531592828e-06
7.270169657526969495e-06
7.272927513089926552e-06
7.275617375477165301e-06
7.278239436216298706e-06
7.280793866311937893e-06
7.283280816192091061e-06
7.285700416171161005e-06
7.288052776570441486e-06
7.290337987987461000e-06
7.292556121659870674e-06
7.294707229987569773e-06
7.296791346797376394e-06
7.298808487966574156e-06
7.300758652016672979e-06
7.302641820597578198e-06
7.304457959288736350e-06
7.306207018231867934e-06
7.307888932931176384e-06
7.309503625084100188e-06
7.311051003446026807e-06
7.312530964680125062e-06
7.313943394268426483e-06
7.315288167689998156e-06
7.316565151105704493e-06
7.317774202627191332e-06
7.318915173295923891e-06
7.319987908065716182e-06
7.320992247078072102e-06
7.321928026559564323e-06
7.322795079915396178e-06
7.323593238923447914e-06
7.324322334676426356e-06
7.324982198787833149e-06
7.325572664288650775e-06
7.326093566736871862e-06
7.326544745124628265e-06
7.326926042832741298e-06
7.327237308708079879e-06
7.327478397751182726e-06
7.327649171957860125e-06
7.327749501190037821e-06
7.327779264026618558e-06
7.327738348171815484e-06
7.327626651289574470e-06
7.327444081481183807e-06
7.327190557970614488e-06
7.326866011358657200e-06
7.326470384241840826e-06
7.326003631429999635e-06
7.325465720345177522e-06
7.324856631274123441e-06
7.324176357529824829e-06
7.323424905606185137e-06
7.322602295451646813e-06
7.321708560274206011e-06
7.320743746742156857e-06
7.319707914897961756e-06
7.318601138110297461e-06
7.317423502996442298e-06
7.316175109188947385e-06
7.314856069305021471e-06
7.313466508697934396e-06
7.312006565175789440e-06
7.310476388809931249e-06
7.308876141684235096e-06
7.307205997486162760e-06
7.305466141296019036e-06
7.303656769240129857e-06
7.301778088161227897e-06
7.299830315326791172e-06
7.297813677793657368e-06
7.295728412383322669e-06
7.293574765086769819e-06
7.291352990854707191e-06
7.289063353132325773e-06
7.286706123404858373e-06
7.284281581076647873e-06
7.281790012934750914e-06
7.279231712772572356e-06
7.276606981173941334e-06
7.273916125003604847e-06
7.271159457300394032e-06
7.268337296854000765e-06
7.265449967793526324e-06
7.262497799600859430e-06
7.259481126410278249e-06
7.256400287202801263e-06
7.253255625251657663e-06
7.250047487920714685e-06
7.246776226621643157e-06
7.243442196482652225e-06
7.240045756087638787e-06
7.236587267551138891e-06
7.233067096100379661e-06
7.229485610041096434e-06
7.225843180786073533e-06
7.222140182460494678e-06
7.218376991948876237e-06
7.214553988973301724e-06
7.210671555906859410e-06
7.206730077606059394e-06
7.202729941692665178e-06
7.198671538197674712e-06
7.194555259926171366e-06
7.190381502177070370e-06
7.186150662887391396e-06
7.181863142865482309e-06
7.177519345479837889e-06
7.173119676893558556e-06
7.168664546375727302e-06
7.164154365885685076e-06
7.159589550419716285e-06
7.154970518053112451e-06
7.150297690259246135e-06
7.145571491439366851e-06
7.140792349288742074e-06
7.135960694783200424e-06
7.131076962322005794e-06
7.126141589778581923e-06
7.121155018175177202e-06
7.116117692056673019e-06
7.111030059364177645e-06
7.105892571481908662e-06
7.100705683022606480e-06
7.095469851997339880e-06
7.090185539760638611e-06
7.084853210832248855e-06
7.079473332758491720e-06
7.074046376450838410e-06
7.068572815596435424e-06
7.063053126897111848e-06
7.057487789968921248e-06
7.051877287014343304e-06
7.046222102946488488e-06
7.040522725333038036e-06
7.034779644101765322e-06
7.028993351529654020e-06
7.023164342275056564e-06
7.017293112963209582e-06
7.011380162258451080e-06
7.005425990852400942e-06
6.999431101288584456e-06
6.993395997757122536e-06
6.987321185988358786e-06
6.981207173261839740e-06
6.975054468453091411e-06
6.968863581247828521e-06
6.962635022768082949e-06
6.956369305263357730e-06
6.950066941739122641e-06
6.943728446071144165e-06
6.937354332981151082e-06
6.930945117628392644e-06
6.924501315865185868e-06
6.918023443669799879e-06
6.911512017747141179e-06
6.904967554730685981e-06
6.898390571484852339e-06
6.891781585170813757e-06
6.885141112689553853e-06
6.878469671025632138e-06
6.871767777019528668e-06
6.865035947445106897e-06
6.858274698725013997e-06
6.851484547175156589e-06
6.844666008818173923e-06
6.837819599234905571e-06
6.830945834122059282e-06
6.824045228265770528e-06
6.817118296449960637e-06
6.810165552963908260e-06
6.803187511828456295e-06
6.796184686517101727e-06
6.789157590175074768e-06
6.782106735420563943e-06
6.775032634605437913e-06
6.767935799633866075e-06
6.760816741771657374e-06
6.753675971811629934e-06
6.746514000327618451e-06
6.739331337168138226e-06
6.732128491864562721e-06
6.724905973047854973e-06
6.717664289181953287e-06
6.710403947896959795e-06
6.703125456354623311e-06
6.695829321062277538e-06
6.688516047781180239e-06
6.681186141667932169e-06
6.673840107222575127e-06
6.666478448068449789e-06
6.659101666974359172e-06
6.651710266200810292e-06
6.644304746773503840e-06
6.636885609024363772e-06
6.629453352315845872e-06
6.622008474788219544e-06
6.614551473749333411e-06
6.607082845145886335e-06
6.599603083952562826e-06
6.592112683638177821e-06
6.584612136400831665e-06
6.577101933255693217e-06
6.569582563456709281e-06
6.562054514916125626e-06
6.554518273801063828e-06
6.546974324767726723e-06
6.539423150526264039e-06
6.531865232182972000e-06
6.524301048866510403e-06
6.516731077979854256e-06
6.509155794911018475e-06
6.501575673108453135e-06
6.493991183885288226e-06
6.486402796930339312e-06
6.478810979639578308e-06
6.471216197488982137e-06
6.463618913999341051e-06
6.456019590717903428e-06
6.448418687400558158e-06
6.440816661738996016e-06
6.433213969731908296e-06
6.425611065529790047e-06
6.418008401507756109e-06
6.410406428562224564e-06
6.402805595928123640e-06
6.395206351175232530e-06
6.387609140621421657e-06
6.380014409119662011e-06
6.372422600515471215e-06
6.364834157172027895e-06
6.357249520457073323e-06
6.349669130811963236e-06
6.342093427769005753e-06
6.334522850050461738e-06
6.326957835642456900e-06
6.319398821832684069e-06
6.311846245521827571e-06
6.304300543133621879e-06
6.296762150743305850e-06
6.289231504231653981e-06
6.281709039462630550e-06
6.274195192065098217e-06
6.266690397966452170e-06
6.259195093255532078e-06
6.251709714128703358e-06
6.244234697651151756e-06
6.236770481064679554e-06
6.229317502362275120e-06
6.221876200411897456e-06
6.214447014863199238e-06
6.207030386486958327e-06
6.199626757095503259e-06
6.192236569732983105e-06
6.184860268921650768e-06
6.177498300630103483e-06
6.170151112435064420e-06
6.162819153374707910e-06
6.155502874592228310e-06
6.148202729064993589e-06
6.140919171425574894e-06
6.133652658944545321e-06
6.126403650475842588e-06
6.119172607325975602e-06
6.111959993141791753e-06
6.104766273587308430e-06
6.097591916956724320e-06
6.090437393819305926e-06
6.083303176931017466e-06
6.076189741717299160e-06
6.069097565891140075e-06
6.062027129445036393e-06
6.054978914580287877e-06
6.047953406248411168e-06
6.040951091066992669e-06
6.033972458131512871e-06
6.027017998540217626e-06
6.020088205183881175e-06
6.013183573202273903e-06
6.006304599176803566e-06
5.999451781327614775e-06
5.992625619619971251e-06
5.985826615049271929e-06
5.979055269988246372e-06
5.972312087606896448e-06
5.965597572126819662e-06
5.958912228109186487e-06
5.952256560617405418e-06
5.945631075098711154e-06
5.939036276601890706e-06
5.932472670058781248e-06
5.925940759808642480e-06
5.919441049374220597e-06
5.912974041249491154e-06
5.906540236392155037e-06
5.900140134219927612e-06
5.893774232109064730e-06
5.887443025003242718e-06
5.881147005585561128e-06
5.874886663213796911e-06
5.868662484217480891e-06
5.862474951007260414e-06
5.856324542099783477e-06
5.850211731957121613e-06
5.844136989751252059e-06
5.838100780077348431e-06
5.832103561870786430e-06
5.826145788116033854e-06
5.820227905876098555e-06
5.814350355433866567e-06
5.808513570386728400e-06
5.802717976808633906e-06
5.796963993427909056e-06
5.791252030737463080e-06
5.785582491121247942e-06
5.779955768129144775e-06
5.774372246677396440e-06
5.768832301990447382e-06
5.763336299972550536e-06
5.757884596654491336e-06
5.752477537916901859e-06
5.747115459322522895e-06
5.741798685506366478e-06
5.736527530667300778e-06
5.731302297662605761e-06
5.726123278116891458e-06
5.720990752229975652e-06
5.715904988588319094e-06
5.710866243945256874e-06
5.705874763297427902e-06
5.700930779694343264e-06
5.696034513858657116e-06
5.691186174836168758e-06
5.686385959148050227e-06
5.681634051354215533e-06
5.676930623836026213e-06
5.672275836924218722e-06
5.667669838992610835e-06
5.663112766328083786e-06
5.658604743568138316e-06
5.654145883702853008e-06
5.649736288224156060e-06
5.645376047502926890e-06
5.641065240791656672e-06
5.636803936591701490e-06
5.632592193184285598e-06
5.628430058679620016e-06
5.624317571409984259e-06
5.620254760465592418e-06
5.616241645763932968e-06
5.612278239046617283e-06
5.608364543827724173e-06
5.604500556129942673e-06
5.600686264858827616e-06
5.596921652236845576e-06
5.593206694645352721e-06
5.589541362832539710e-06
5.585925622478838041e-06
5.582359434740479728e-06
5.578842757146705095e-06
5.575375543530373834e-06
5.571957745032060732e-06
5.568589310319869190e-06
5.565270186477585926e-06
5.562000319120278104e-06
5.558779652983695280e-06
5.555608132778624100e-06
5.552485702938483499e-06
5.549412308738581324e-06
5.546387896357309084e-06
5.543412413254167665e-06
5.540485808730192286e-06
5.537608034461817883e-06
5.534779044247464633e-06
5.531998794655740936e-06
5.529267245590211947e-06
5.526584359947133041e-06
5.523950104455348205e-06
5.521364449452139711e-06
5.518827369204642384e-06
5.516338842170427367e-06
5.513898850912646355e-06
5.511507382486702984e-06
5.509164428123563309e-06
5.506869983698048125e-06
5.504624049202790789e-06
5.502426629406997603e-06
5.500277733056181258e-06
5.498177373335456510e-06
5.496125567497946828e-06
5.494122336575116918e-06
5.492167705336498838e-06
5.490261701947200164e-06
5.488404357672000650e-06
5.486595706693797490e-06
5.484835785356593341e-06
5.483124631747357660e-06
5.481462285855066460e-06
5.479848788376049576e-06
5.478284180472945425e-06
5.476768502972930106e-06
5.475301795986897317e-06
5.473884098237813745e-06
5.472515446052317025e-06
5.471195873263713525e-06
5.469925409823863295e-06
5.468704081574573498e-06
5.467531909159822604e-06
5.466408907642781219e-06
5.465335085386913752e-06
5.464310443498452007e-06
5.463334975025503514e-06
5.462408664125459641e-06
5.461531485701710790e-06
5.460703404576389974e-06
5.459924374158907327e-06
5.459194336992149135e-06
5.458513223207017100e-06
5.457880950378890131e-06
5.457297422933397700e-06
5.456762531636974418e-06
5.456276153230685995e-06
5.455838150288200454e-06
5.455448370587260033e-06
5.455106647313672131e-06
5.454812798774397230e-06
5.454566628708105048e-06
5.454367926086536847e-06
5.454216465601972896e-06
5.454112008111923067e-06
5.454054301152996321e-06
5.454043079561623388e-06
5.454078066305475509e-06
5.454158973762837400e-06
5.454285504491941021e-06
5.454457352746142346e-06
5.454674205960123678e-06
5.454935745987957662e-06
5.455241651233275717e-06
5.455591598225249067e-06
5.455985263345437350e-06
5.456422325212430313e-06
5.456902466389700012e-06
5.457425375606214576e-06
5.457990749607944653e-06
5.458598295666418403e-06
5.459247733110743212e-06
5.459938795462643714e-06
5.460671232507448031e-06
5.461444811941991219e-06
5.462259320675902664e-06
5.463114567072901007e-06
5.464010381665844952e-06
5.464946618361608838e-06
5.465923155888759353e-06
5.466939898065096822e-06
5.467996774640698624e-06
5.469093741542881975e-06
5.470230781200038168e-06
5.471407902273292542e-06
5.472625139600655361e-06
5.473882553711811695e-06
5.475180230366046317e-06
5.476518279491814352e-06
5.477896834528083379e-06
5.479316051012783514e-06
5.480776105786253396e-06
5.482277195351787582e-06
5.483819534095210569e-06
5.485403353471601493e-06
5.487028899393231713e-06
5.488696430947307706e-06
5.490406218033249735e-06
5.492158539548150768e-06
5.493953681065692749e-06
5.495791932437577142e-06
5.497673585410816170e-06
5.499598931082779973e-06
5.501568257106866256e-06
5.503581844960166815e-06
5.505639967057221408e-06
5.507742883760123589e-06
5.509890840400634921e-06
5.512084064031299483e-06
5.514322760660381886e-06
5.516607111787909101e-06
5.518937271544604068e-06
5.521313363936879700e-06
5.523735479433328292e-06
5.526203672689767203e-06
5.528717959667404926e-06
5.531278315077972868e-06
5.533884670384030496e-06
5.536536911353491428e-06
5.539234876424948948e-06
5.541978354740412341e-06
5.544767084501230340e-06
5.547600751893562072e-06
5.550478989476395431e-06
5.553401375404528181e-06
5.556367432199500279e-06
5.559376626039604930e-06
5.562428366029541202e-06
5.565522003582970210e-06
5.568656832293749166e-06
5.571832087212729563e-06
5.575046945251125283e-06
5.578300525241893678e-06
5.581591888442210769e-06
5.584920039381682410e-06
5.588283927146540261e-06
5.591682447167594504e-06
5.595114443322298573e-06
5.598578710469853538e-06
5.602073997894791758e-06
5.605599013367544406e-06
5.609152427055761794e-06
5.612732877063419263e-06
5.616338974388045322e-06
5.619969309202578867e-06
5.623622457285312328e-06
5.627296986580136435e-06
5.630991463968999775e-06
5.634704462773909345e-06
5.638434569655483669e-06
5.642180391462215369e-06
5.645940561978777575e-06
5.649713748727186879e-06
5.653498658743104714e-06
5.657294043776449393e-06
5.661098705646062267e-06
5.664911499706169740e-06
5.668731338621718373e-06
5.672557194710714065e-06
5.676388101791999856e-06
5.680223155961819128e-06
5.684061516278739145e-06
5.687902403928430834e-06
5.691745102067014272e-06
5.695588954422516657e-06
5.699433364333201079e-06
5.703277793741215141e-06
5.707121762166840840e-06
5.710964846621348427e-06
5.714806681635433843e-06
5.718646960052088995e-06
5.722485434770453703e-06
5.726321920415834332e-06
5.730156296123235317e-06
5.733988508389521544e-06
5.737818573861406113e-06
5.741646582006191812e-06
5.745472697359577178e-06
5.749297160640891412e-06
5.753120288955443776e-06
5.756942475103366730e-06
5.760764184218137732e-06
5.764585950204316951e-06
5.768408369348022844e-06
5.772232093157035496e-06
5.776057819334465402e-06
5.779886281334128265e-06
5.783718237157446671e-06
5.787554457256879405e-06
5.791395711595461142e-06
5.795242757365665817e-06
5.799096325751229495e-06
5.802957110145260031e-06
5.806825754441718438e-06
5.810702842611211403e-06
5.814588889123796429e-06
5.818484330881434320e-06
5.822389519584864532e-06
5.826304715966163761e-06
5.830230084086873356e-06
5.834165686813750711e-06
5.838111480902589189e-06
5.842067312848581692e-06
5.846032914250992148e-06
5.850007896444172804e-06
5.853991745162790629e-06
5.857983814520738506e-06
5.861983320371566677e-06
5.865989334034247123e-06
5.870000775502681522e-06
5.874016407858926893e-06
5.878034831826545889e-06
5.882054482729012278e-06
5.886073628556430246e-06
5.890090370735066364e-06
5.894102647702399528e-06
5.898108241611886487e-06
5.902104788707840659e-06
5.906089792655469148e-06
5.910060642087173795e-06
5.914014631486561843e-06
5.917948985385729322e-06
5.921860885144448225e-06
5.925747498426958819e-06
5.929606010222285521e-06
5.933433654968680557e-06
5.937227748806821704e-06
5.940985721152653693e-06
5.944705144635634745e-06
5.948383762844090196e-06
5.952019513821299970e-06
5.955610549606617293e-06
5.959155249976978208e-06
5.962652229328004964e-06
5.966100336082149373e-06
5.969498643946171833e-06
5.972846433247575868e-06
5.976143164804509067e-06
5.979388444224107861e-06
5.982581981095990723e-06
5.985723543372202888e-06
5.988812912617464558e-06
5.991849843836458193e-06
5.994834034521687780e-06
5.997765107930658119e-06
6.000642614460648264e-06
6.003466052142124806e-06
6.006234907001954822e-06
6.008948709637182817e-06
6.011607103979451516e-06
6.014209920810036600e-06
6.016757250187381763e-06
6.019249504523390880e-06
6.021687467749848457e-06
6.024072326693723627e-06
6.026405683353273712e-06
6.028689548403436891e-06
6.030926319316586618e-06
6.033118744272745573e-06
6.035269877096751856e-06
6.037383023782375463e-06
6.039461683333624646e-06
6.041509483049297612e-06
6.043530110278551855e-06
6.045527239283062524e-06
6.047504458091869180e-06
6.049465195519793956e-06
6.051412654942724530e-06
6.053349758547692774e-06
6.055279107074573614e-06
6.057202959196234283e-06
6.059123232067561605e-06
6.061041521775013363e-06
6.062959140541796816e-06
6.064877163317217658e-06
6.066796477050687207e-06
6.068717824187070069e-06
6.070641832835632808e-06
6.072569030673170742e-06
6.074499839771346295e-06
6.076434555076616727e-06
6.078373310265558450e-06
6.080316035530101889e-06
6.082262413586889761e-06
6.084211835741966944e-06
6.086163361640783635e-06
6.088115680791619539e-06
6.090067076026469713e-06
6.092015387746329506e-06
6.093957979973185531e-06
6.095891711308826995e-06
6.097812916579310539e-06
6.099717404669595898e-06
6.101600478222668435e-06
6.103456976988940490e-06
6.105281343647287750e-06
6.107067705881823553e-06
6.108809970568876879e-06
6.110501921251468693e-06
6.112137318461042100e-06
6.113709998756310282e-06
6.115213972978849683e-06
6.116643522253477285e-06
6.117993285114266238e-06
6.119258334080822887e-06
6.120434238618393120e-06
6.121517120008095114e-06
6.122503710623407299e-06
6.123391432428483417e-06
6.124178503160192783e-06
6.124864062246213716e-06
6.125448284258053739e-06
6.125932422790774879e-06
6.126318715247321259e-06
6.126610084963232818e-06
6.126809612962614058e-06
6.126919809439824309e-06
6.126941788823715101e-06
6.126874512848806237e-06
6.126714302694995333e-06
6.126454791978506575e-06
6.126087417782103722e-06
6.125602420858814484e-06
6.124990193204802523e-06
6.124242712875272698e-06
6.123354773925102120e-06
6.122324766424449980e-06
6.121154874873168507e-06
6.119850708273519616e-06
6.118420506789655994e-06
6.116874153635536004e-06
6.115222241027849614e-06
6.113475394031167737e-06
6.111643964356572798e-06
6.109738092551277665e-06
6.107768025196773953e-06
6.105744500362362287e-06
6.103678992717154555e-06
6.101583654744475416e-06
6.099470885857037204e-06
6.097352576929604447e-06
6.095239177408161272e-06
6.093138788932832980e-06
6.091056490643680178e-06
6.088994057902189613e-06
6.086950162201265794e-06
6.084921045993310423e-06
6.082901574543359585e-06
6.080886476582785931e-06
6.078871518641622969e-06
6.076854337742115270e-06
6.074834714977775218e-06
6.072814214342362890e-06
6.070795315219103300e-06
6.068780349378720289e-06
6.066770636448456385e-06
6.064766142818953955e-06
6.062765800703283227e-06
6.060768382615714530e-06
6.058773619168324539e-06
6.056783115028906720e-06
6.054800587756166369e-06
6.052831067360240601e-06
6.050878991289609540e-06
6.048945603299609267e-06
6.047026550962683269e-06
6.045110797064120431e-06
6.043181667316419003e-06
6.041220056959871903e-06
6.039208838997089709e-06
6.037136876472040996e-06
6.035001095313127835e-06
6.032805814992230689e-06
6.030559593442770144e-06
6.028270720346427196e-06
6.025942889206040153e-06
6.023572442214241740e-06
6.021148067055557549e-06
6.018653065134134409e-06
6.016069419858108764e-06
6.013382110747252892e-06
6.010581883431062823e-06
6.007665353310351270e-06
6.004632683887040160e-06
6.001484287942381240e-06
5.998218202167605985e-06
5.994828928891697507e-06
5.991307432500925532e-06
5.987641407477544499e-06
5.983815079689926500e-06
5.979808370174946594e-06
5.975596087005922355e-06
5.971148653211755359e-06
5.966435924168363508e-06
5.961434027939977114e-06
5.956132460696495752e-06
5.950537207326560006e-06
5.944667415087286831e-06
5.938547227643158345e-06
5.932197460674362984e-06
5.925631360285520307e-06
5.918855500140883738e-06
5.911873861975792160e-06
5.904692281497881557e-06
5.897321289489021654e-06
5.889776468242655989e-06
5.882076180729350815e-06
5.874237395253617583e-06
5.866271427656359757e-06
5.858181876124479949e-06
5.849965975799640425e-06
5.841618580430546170e-06
5.833136602623142342e-06
5.824522103616993322e-06
5.815783774555159033e-06
5.806937759582874401e-06
5.798008507895154430e-06
5.789028816257843073e-06
5.780036947269123560e-06
5.771069375512218694e-06
5.762150744075861663e-06
5.753286204550462966e-06
5.744462303676568373e-06
5.735658961386564330e-06
5.726868298478760970e-06
5.718110672087545200e-06
5.709438478036333427e-06
5.700924207564132577e-06
5.692636820785481264e-06
5.684615278758498848e-06
5.676848945544869613e-06
5.669272970642801521e-06
5.661783245200671255e-06
5.654269001293386705e-06
5.646652237133592273e-06
5.638916753778627856e-06
5.631111762721611365e-06
5.623326909463926834e-06
5.615650843686166101e-06
5.608134497023015394e-06
5.600776947259078724e-06
5.593538072926340575e-06
5.586366971334448562e-06
5.579228177624853581e-06
5.572112448577360345e-06
5.565029749396274517e-06
5.557990859197339156e-06
5.550987432722923165e-06
5.543980030338578941e-06
5.536900448083953054e-06
5.529668088700334506e-06
5.522212334570081440e-06
5.514489217698972912e-06
5.506483805690680132e-06
5.498197010619580136e-06
5.489623017484242685e-06
5.480729187813058447e-06
5.471451655741822677e-06
5.461713289607455582e-06
5.451457360399967831e-06
5.440679385978541937e-06
5.429440860432149057e-06
5.417860875368293202e-06
5.406093227603304190e-06
5.394297800044746874e-06
5.382609428541636738e-06
5.371107072176588103e-06
5.359794195187063974e-06
5.348605344532182998e-06
5.337440882318248693e-06
5.326208662944937472e-06
5.314842847226960382e-06
5.303290603398515039e-06
5.291490124373597682e-06
5.279374038798417347e-06
5.266907494656260587e-06
5.254133943378171632e-06
5.241189160637243599e-06
5.228264603790908558e-06
5.215534276348370791e-06
5.203080957467874377e-06
5.190858747698745532e-06
5.178710889923049996e-06
5.166432194236176389e-06
5.153840555328807543e-06
5.140820779681492288e-06
5.127328043385499302e-06
5.113366393945184153e-06
5.098966349139650767e-06
5.084173365214329202e-06
5.069043751376173342e-06
5.053641362954336033e-06
5.038035208431280915e-06
5.022302482908407760e-06
5.006534322413705330e-06
4.990826691128332351e-06
4.975236046660316311e-06
4.959711198778734449e-06
4.944068624078593141e-06
4.928092010638568726e-06
4.911741620300088224e-06
4.895308370155350960e-06
4.879326869287380467e-06
4.864272382112315866e-06
4.850311172683761672e-06
4.837333488081924787e-06
4.825183058351256240e-06
4.813797447926372964e-06
4.803138583516838014e-06
4.793078266600633226e-06
4.783432325532010451e-06
4.774111250346557284e-06
4.765194925169999341e-06
4.756833107669355776e-06
4.749078918687617063e-06
4.741827873306573263e-06
4.734903500196242887e-06
4.728177231083785949e-06
4.721603776326426983e-06
4.715164242966955732e-06
4.708791731692661503e-06
4.702341113750839882e-06
4.695609315495463029e-06
4.688381019427141505e-06
4.680475489378834468e-06
4.671779461619691665e-06
4.662256764564858844e-06
4.651932199590087940e-06
4.640858617518510398e-06
4.629085270368966284e-06
4.616643507584676710e-06
4.603553450692568628e-06
4.589842610893484938e-06
4.575563185242785521e-06
4.560798840948229294e-06
4.545658689981838152e-06
4.530261768885992939e-06
4.514718781178379629e-06
4.499119133962839816e-06
4.483530023611177150e-06
4.468010683060427476e-06
4.452639356910509999e-06
4.437542047061734333e-06
4.422901066624283493e-06
4.408918909952403980e-06
4.395736563485406497e-06
4.383351062546564070e-06
4.371601481434236068e-06
4.360253392496880446e-06
4.349131314587580280e-06
4.338204785445840155e-06
4.327573221004519797e-06
4.317377262730937181e-06
4.307709655369934272e-06
4.298575316407100602e-06
4.289898348927543153e-06
4.281547445909503801e-06
4.273360512171613470e-06
4.265166263941454634e-06
4.256803258078232189e-06
4.248131126683340096e-06
4.239029931354414503e-06
4.229392717998209963e-06
4.219121978905200260e-06
4.208135746530718937e-06
4.196379166169689696e-06
4.183832893646720100e-06
4.170513739163252999e-06
4.156469746466966809e-06
4.141774035717465528e-06
4.126518224610891429e-06
4.110802857857475359e-06
4.094725766445229766e-06
4.078380421819322913e-06
4.061884464347543965e-06
4.045441915375385472e-06
4.029388653928257625e-06
4.014118098163348223e-06
3.999830358654456220e-06
3.986244729785145326e-06
3.972606868233308253e-06
3.958199175358662270e-06
3.943062726759206735e-06
3.928244403960882817e-06
3.915186263705861405e-06
3.904717738671703732e-06
3.896557866925950518e-06
3.889712739173657792e-06
3.883268791046756774e-06
3.876846276805307715e-06
3.870512097762327731e-06
3.864490902768253212e-06
3.859008608754693349e-06
3.854280160908466254e-06
3.850489027198079424e-06
3.847703021740817845e-06
3.845804873657962364e-06
3.844516668764609125e-06
3.843504428225570904e-06
3.842483712719755500e-06
3.841262962595689550e-06
3.839722037786066115e-06
3.837767025056859675e-06
3.835301560842463297e-06
3.832226784949004794e-06
3.828457787500679624e-06
3.823939122157610140e-06
3.818650115656197224e-06
3.812600241710089380e-06
3.805819268385660520e-06
3.798346744144793363e-06
3.790223777678942545e-06
3.781489022060090120e-06
3.772180045062083701e-06
3.762339579640941851e-06
3.752023528118084482e-06
3.741306051585373992e-06
3.730278400488360751e-06
3.719041591982259305e-06
3.707696037072690261e-06
3.696332073843791631e-06
3.685024562343374693e-06
3.673833437755635911e-06
3.662810678017626211e-06
3.652011980238373473e-06
3.641508565698956590e-06
3.631392269924684573e-06
3.621767608780487938e-06
3.612729333034813207e-06
3.604331941963737659e-06
3.596564637267404859e-06
3.589346468331818899e-06
3.582549334102894626e-06
3.576042556939178213e-06
3.569738561469400999e-06
3.563615037541604599e-06
3.557701356840644297e-06
3.552039694514531683e-06
3.546646839708302324e-06
3.541498204393934422e-06
3.536536361339011401e-06
3.531690343780482642e-06
3.526890763215209168e-06
3.522075757276370080e-06
3.517191923010375729e-06
3.512195618140515993e-06
3.507055699415680758e-06
3.501755306953946667e-06
3.496290803837343397e-06
3.490668530690100053e-06
3.484901373782723329e-06
3.479006345825647587e-06
3.473003006515007608e-06
3.466912277747365718e-06
3.460756068817277373e-06
3.454558779362539422e-06
3.448351044205881694e-06
3.442174282206027146e-06
3.436083132956872183e-06
3.430143057182568430e-06
3.424422704452583650e-06
3.418984723365068196e-06
3.413882968461264167e-06
3.409174184778003849e-06
3.404941827546694974e-06
3.401308615232752332e-06
3.398400588313542328e-06
3.396249068574080705e-06
3.394684473156390850e-06
3.393334143908227325e-06
3.391799816055369318e-06
3.389942143605749707e-06
3.388058130447875194e-06
3.386767165908822437e-06
3.386642882949028653e-06
3.387850699319246069e-06
3.390054569556232775e-06
3.392633641470098930e-06
3.395016406749934287e-06
3.396900145237357300e-06
3.398268118548114919e-06
3.399276695923981719e-06
3.400129556403896144e-06
3.401000526633501159e-06
3.402001489366650068e-06
3.403172156595900475e-06
3.404481890721159116e-06
3.405845403794060481e-06
3.407150775525664430e-06
3.408289748166731786e-06
3.409178598177685471e-06
3.409764240574197953e-06
3.410018338287056281e-06
3.409926580384481407e-06
3.409479850385434395e-06
3.408670705802861879e-06
3.407495031172458304e-06
3.405956577756049761e-06
3.404071738164891817e-06
3.401872672109323961e-06
3.399407910458109842e-06
3.396740312138575577e-06
3.393942758623163107e-06
3.391092426581978417e-06
3.388264886881264642e-06
3.385529425703309602e-06
3.382946654803959926e-06
3.380568688206683875e-06
3.378441210925721366e-06
3.376606101383267582e-06
3.375103230528010009e-06
3.373970631554863850e-06
3.373243064466348488e-06
3.372949658085476491e-06
3.373111578602161030e-06
3.373740598657023637e-06
3.374839168286908756e-06
3.376402180627546645e-06
3.378420105033287234e-06
3.380882644808835823e-06
3.383781740089155242e-06
3.387112709336539299e-06
3.390872651673986667e-06
3.395055990303066404e-06
3.399648173000923023e-06
3.404619624957131575e-06
3.409922368544892474e-06
3.415490924984180985e-06
3.421247614609356019e-06
3.427110944102004443e-06
3.433004867235117681e-06
3.438866348342041349e-06
3.444648914873485577e-06
3.450321026200740096e-06
3.455860063424997822e-06
3.461244701326734750e-06
3.466449100868660013e-06
3.471441179486398403e-06
3.476184912132266915e-06
3.480644693046059953e-06
3.484789337939491082e-06
3.488594270001027991e-06
3.492041875740831268e-06
3.495120943457316111e-06
3.497826136214144475e-06
3.500157897655481546e-06
3.502122616925602224e-06
3.503732663608627921e-06
3.505006043908662545e-06
3.505965676205577416e-06
3.506638420053210237e-06
3.507053976680478924e-06
3.507243713467251882e-06
3.507239474227450689e-06
3.507072526644059635e-06
3.506772905233419308e-06
3.506369411469766701e-06
3.505890380635264980e-06
3.505365052120569422e-06
3.504825107595879642e-06
3.504305806260739343e-06
3.503846229394199079e-06
3.503488429471683696e-06
3.503275677430898527e-06
3.503250387848365867e-06
3.503452570790176390e-06
3.503919633599528217e-06
3.504687837915178773e-06
3.505794607578980462e-06
3.507279523275698015e-06
3.509181196524980623e-06
3.511528483401300336e-06
3.514328079827385029e-06
3.517554943665926007e-06
3.521154004484359135e-06
3.525058228071702628e-06
3.529219354131319891e-06
3.533637984093439667e-06
3.538375942617709418e-06
3.543540253785745716e-06
3.549242418088369432e-06
3.555550671027930267e-06
3.562457597701883274e-06
3.569877681630880879e-06
3.577673979533938033e-06
3.585699573441675450e-06
3.593835086626018984e-06
3.602009149801755683e-06
3.610199125397919850e-06
3.618418022591330531e-06
3.626696614775443988e-06
3.635067800547083564e-06
3.643556253370533038e-06
3.652173237807382655e-06
3.660915222696379158e-06
3.669765059720120718e-06
3.678694955460639859e-06
3.687670604281967905e-06
3.696655686303580510e-06
3.705615814411252833e-06
3.714521192075955537e-06
3.723347692779023180e-06
3.732076574217215840e-06
3.740693370911464112e-06
3.749186577757264337e-06
3.757546591574836523e-06
3.765765138703642944e-06
3.773835192694050272e-06
3.781751242312629588e-06
3.789509721748010452e-06
3.797109431235865264e-06
3.804551832506759205e-06
3.811841164471498249e-06
3.818984373392302618e-06
3.825990880018415594e-06
3.832872221397926866e-06
3.839641609175133488e-06
3.846313445817514152e-06
3.852902844062986783e-06
3.859425188788339650e-06
3.865895779259116434e-06
3.872329575748182078e-06
3.878741059571215084e-06
3.885144193667203601e-06
3.891552455093757383e-06
3.897978897343607164e-06
3.904436201577334028e-06
3.910936685033053017e-06
3.917492250740402323e-06
3.924114283529464708e-06
3.930813511262246597e-06
3.937599860611014122e-06
3.944482336096108141e-06
3.951468949423867256e-06
3.958566715514234713e-06
3.965781722217900687e-06
3.973119269974910821e-06
3.980584063612503025e-06
3.988180431173161536e-06
3.995912534813828494e-06
4.003784538894538075e-06
4.011800700843515076e-06
4.019965358359988539e-06
4.028282796593425242e-06
4.036756993698010412e-06
4.045391262819019994e-06
4.054187830817193014e-06
4.063147415676669056e-06
4.072268876169270351e-06
4.081549005271587993e-06
4.090982519762018045e-06
4.100562266976868156e-06
4.110279631742923884e-06
4.120125092142359682e-06
4.130088844280656150e-06
4.140161404014657847e-06
4.150334096012949344e-06
4.160599357908362920e-06
4.170950822680623240e-06
4.181383184635856927e-06
4.191891896452799971e-06
4.202472776862563642e-06
4.213121620115403603e-06
4.223833887268044326e-06
4.234604530912227586e-06
4.245427966032867478e-06
4.256298165097619942e-06
4.267208834042369493e-06
4.278153616815691304e-06
4.289126286207875438e-06
4.300120893691626970e-06
4.311131869836534386e-06
4.322154081460881288e-06
4.333182858402232804e-06
4.344214005065834508e-06
4.355243805038784593e-06
4.366269024850488307e-06
4.377286914493178335e-06
4.388295202149554830e-06
4.399292079443703095e-06
4.410276175767507159e-06
4.421246523053600676e-06
4.432202512826031933e-06
4.443143850760262366e-06
4.454070510894228158e-06
4.464982693322916307e-06
4.475880785881390155e-06
4.486765330334870441e-06
4.497636993316513955e-06
4.508496540334178910e-06
4.519344813859496941e-06
4.530182714991514774e-06
4.541011189400510266e-06
4.551831218223355535e-06
4.562643814743995687e-06
4.573450026519201665e-06
4.584250942655326112e-06
4.595047704773997834e-06
4.605841519793568611e-06
4.616633671873417855e-06
4.627425531631611630e-06
4.638218560252155252e-06
4.649014308306162283e-06
4.659814408431263023e-06
4.670620563446001771e-06
4.681434531402527617e-06
4.692258109839413390e-06
4.703093121327739760e-06
4.713941402346023051e-06
4.724804796117733440e-06
4.735685149228729020e-06
4.746584310711264207e-06
4.757504130449169850e-06
4.768446454013778799e-06
4.779413109037381624e-06
4.790405881090108596e-06
4.801426476943522073e-06
4.812476475052010770e-06
4.823557268676395054e-06
4.834670006498843426e-06
4.845815540975668755e-06
4.856994394814080012e-06
4.868206755028995925e-06
4.879452502234971497e-06
4.890731278014612791e-06
4.902042586160648200e-06
4.913385918814940770e-06
4.924760890527013795e-06
4.936167361523687369e-06
4.947605529560750963e-06
4.959075973150523330e-06
4.970579635502939607e-06
4.982117746306698682e-06
4.993691689620720106e-06
5.005302833238685169e-06
5.016952342977432518e-06
5.028641007136206083e-06
5.040369095299863502e-06
5.052136270408673859e-06
5.063941564901137517e-06
5.075783422726126583e-06
5.087659798853647930e-06
5.099568302118562435e-06
5.111506361221182951e-06
5.123471393563132957e-06
5.135460958324957668e-06
5.147472878855304574e-06
5.159505325785933970e-06
5.171556858185346643e-06
5.183626424993422205e-06
5.195713333590648835e-06
5.207817194370081230e-06
5.219937850894047158e-06
5.232075304891618692e-06
5.244229643744313021e-06
5.256400975321555751e-06
5.268589374259345014e-06
5.280794840444158913e-06
5.293017269830374183e-06
5.305256436633461844e-06
5.317511985260043431e-06
5.329783429962828402e-06
5.342070161228264082e-06
5.354371456358656344e-06
5.366686494023569680e-06
5.379014370939628802e-06
5.391354119959091031e-06
5.403704728761302869e-06
5.416065158245905248e-06
5.428434359958816098e-06
5.440811291898225128e-06
5.453194932160441149e-06
5.465584290332403893e-06
5.477978415683877516e-06
5.490376403267910633e-06
5.502777396971316208e-06
5.515180590475140848e-06
5.527585226197712532e-06
5.539990592674262018e-06
5.552396021083730319e-06
5.564800880847218742e-06
5.577204575174140569e-06
5.589606536719046074e-06
5.602006223457457214e-06
5.614403115316645008e-06
5.626796711022303748e-06
5.639186526041622118e-06
5.651572090688748324e-06
5.663952949225196205e-06
5.676328659171445464e-06
5.688698790875421584e-06
5.701062927660696943e-06
5.713420665912207164e-06
5.725771615238913624e-06
5.738115398859280530e-06
5.750451653518919594e-06
5.762780029817084817e-06
5.775100192083525753e-06
5.787411818131262311e-06
5.799714599046187699e-06
5.812008238856312222e-06
5.824292453774411646e-06
5.836566971681754679e-06
5.848831531489721355e-06
5.861085882181363220e-06
5.873329782259129389e-06
5.885562998552613458e-06
5.897785305728401796e-06
5.909996485235459081e-06
5.922196324583396091e-06
5.934384616520501304e-06
5.946561158228309132e-06
5.958725750747991750e-06
5.970878198114205223e-06
5.983018307009606792e-06
5.995145885965553081e-06
6.007260745053907158e-06
6.019362695219228443e-06
6.031451548077883598e-06
6.043527115456152683e-06
6.055589209015317975e-06
6.067637640133747664e-06
6.079672219564987619e-06
6.091692757274601660e-06
6.103699062174221006e-06
6.115690942155054590e-06
6.127668203851598207e-06
6.139630652540923144e-06
6.151578092038712203e-06
6.163510324739287091e-06
6.175427151527546636e-06
6.187328371609831254e-06
6.199213782718584738e-06
6.211083180854895209e-06
6.222936360407805634e-06
6.234773114084809694e-06
6.246593232948590984e-06
6.258396506358000072e-06
6.270182721995184957e-06
6.281951665861161938e-06
6.293703122290499775e-06
6.305436873917220684e-06
6.317152701764960221e-06
6.328850385178665927e-06
6.340529701880548095e-06
6.352190427970702338e-06
6.363832337940157281e-06
6.375455204755638001e-06
6.387058799796800033e-06
6.398642892976500428e-06
6.410207252712730470e-06
6.421751645993330684e-06
6.433275838399101287e-06
6.444779594158021612e-06
6.456262676178907807e-06
6.467724846156206062e-06
6.479165864622243526e-06
6.490585490878286603e-06
6.501983483132703038e-06
6.513359598669717138e-06
6.524713593745178130e-06
6.536045223727075309e-06
6.547354243163298125e-06
6.558640405827709702e-06
6.569903464814609638e-06
6.581143172575414773e-06
6.592359280997452731e-06
6.603551541519380327e-06
6.614719705164176343e-06
6.625863522594927968e-06
6.636982744201645747e-06
6.648077120221547336e-06
6.659146400714842530e-06
6.670190335676168070e-06
6.681208675196458176e-06
6.692201169430157599e-06
6.703167568640475203e-06
6.714107623359559590e-06
6.725021084452503448e-06
6.735907703123731875e-06
6.746767231030327766e-06
6.757599420329797692e-06
6.768404023798615856e-06
6.779180794862907861e-06
6.789929487667304327e-06
6.800649857147624783e-06
6.811341659085589225e-06
6.822004650244872780e-06
6.832638588391967279e-06
6.843243232379022776e-06
6.853818342154135610e-06
6.864363678899237745e-06
6.874879005142848712e-06
