2.586454981009287876e-02
1.873599633753744720e-01
8.239264616301072985e-02
4.131745167107436778e-02
2.308164487870735526e-02
1.409600784452748855e-02
9.292808168688312942e-03
6.563507402084937936e-03
4.942821641194450853e-03
3.951872968959488537e-03
3.336837972284763601e-03
2.955690749214473414e-03
2.725338438432042733e-03
2.595329209661841659e-03
2.534053332734499328e-03
2.521163475796189216e-03
2.543246932567322285e-03
2.591271624351453376e-03
2.659035524557808779e-03
2.742201899842000926e-03
2.837686050457929356e-03
2.943258046509462759e-03
3.057280997192995606e-03
3.178535948389365432e-03
3.306103068635261877e-03
3.439279955774816443e-03
3.577524757189286860e-03
3.720416085757694176e-03
3.867624438694797131e-03
4.018891582730214039e-03
4.174015515935634163e-03
4.332839374309466023e-03
4.495243157500708117e-03
4.661137489723015705e-03
4.830458864728754027e-03
5.003165983791317897e-03
5.179236906685243634e-03
5.358666813317754934e-03
5.541466228440287620e-03
5.727659600806886409e-03
5.917284156057675548e-03
6.110388962753670640e-03
6.307034165671459615e-03
6.507290351228100199e-03
6.711238017877344149e-03
6.918967130251748449e-03
7.130576740296691585e-03
7.346174662020275858e-03
7.565877189081611845e-03
7.789808846427705331e-03
8.018102168755435882e-03
8.250897499792020362e-03
8.488342807371561383e-03
8.730593510062251150e-03
8.977812311747339694e-03
9.230169041088542164e-03
9.487840493252202093e-03
9.751010271653469744e-03
1.001986862781198591e-02
1.029461229770450501e-02
1.057544433325806506e-02
1.086257392787825203e-02
1.115621623512176933e-02
1.145659217983960483e-02
1.176392826130848689e-02
1.207845634806459581e-02
1.240041346433496880e-02
1.273004156813247259e-02
1.306758732125765446e-02
1.341330185160786309e-02
1.376744050835744700e-02
1.413026261071497792e-02
1.450203119111783193e-02
1.488301273384629551e-02
1.527347691017790637e-02
1.567369631130756391e-02
1.608394618036937396e-02
1.650450414498328897e-02
1.693564995182791910e-02
1.737766520480209936e-02
1.783083310838011470e-02
1.829543821779058485e-02
1.877176619765857576e-02
1.926010359072587511e-02
1.976073759823735593e-02
2.027395587350955958e-02
2.080004633011807089e-02
2.133929696602835865e-02
2.189199570485843988e-02
2.245843025530459836e-02
2.303888798957570705e-02
2.363365584147595136e-02
2.424302022455112823e-02
2.486726697046266754e-02
2.550668128749276897e-02
2.616154773880510070e-02
2.683215023980183717e-02
2.751877207361526703e-02
2.822169592348184805e-02
2.894120392044723794e-02
2.967757770455910910e-02
3.043109849742465373e-02
3.120204718374896755e-02
3.199070439920692621e-02
3.279735062180727523e-02
3.362226626367278981e-02
3.446573176003008693e-02
3.532802765205030060e-02
3.620943466009540757e-02
3.711023374387774354e-02
3.803070614602563349e-02
3.897113341558679223e-02
3.993179740809447292e-02
4.091298025894523488e-02
4.191496432703428754e-02
4.293803210582239349e-02
4.398246609930749063e-02
4.504854866070699682e-02
4.613656179205451874e-02
4.724678690334672276e-02
4.837950453037765525e-02
4.953499401091196463e-02
5.071353311942129044e-02
5.191539766121808924e-02
5.314086102742967416e-02
5.439019371291983068e-02
5.566366279989562460e-02
5.696153141061135322e-02
5.828405813320159529e-02
5.963149642530032185e-02
6.100409400067331733e-02
6.240209220462625966e-02
6.382572538439762466e-02
6.527522026116018561e-02
6.675079531053448867e-02
6.825266015873644732e-02
6.978101500156980164e-02
7.133605005347808115e-02
7.291794503372144021e-02
7.452686869650022861e-02
7.616297841148080006e-02
7.782641980067918352e-02
7.951732643707017101e-02
8.123581960958860260e-02
8.298200815839341937e-02
8.475598838339677699e-02
8.655784402816629752e-02
8.838764634029420975e-02
9.024545420839942544e-02
9.213131437490940101e-02
9.404526172282709484e-02
9.598731963377829524e-02
9.795750041377981887e-02
9.995580578240391423e-02
1.019822274203572854e-01
1.040367475699288530e-01
1.061193396823309210e-01
1.082299691056545637e-01
1.103685938069793454e-01
1.125351651221249000e-01
1.147296285265900911e-01
1.169519244214215770e-01
1.192019889279788830e-01
1.214797546859743560e-01
1.237851516495120652e-01
1.261181078763490837e-01
1.284785503060760226e-01
1.308664055234042278e-01
1.332816005032509687e-01
1.357240633347933378e-01
1.381937239221121827e-01
1.406905146594798761e-01
1.432143710797524061e-01
1.457652324746510908e-01
1.483430424860638364e-01
1.509477496677616715e-01
1.535793080171798664e-01
1.562376774771248866e-01
1.589228244074156748e-01
1.616347220266743656e-01
1.643733508245231734e-01
1.671386989445927396e-01
1.699307625387420639e-01
1.727495460929758531e-01
1.755950627254811158e-01
1.784673344572227371e-01
1.813663924554667350e-01
1.842922772505216633e-01
1.872450389259414649e-01
1.902247372823272220e-01
1.932314419747864220e-01
1.962652326240421630e-01
1.993261989011821389e-01
2.024144405859087947e-01
2.055300675983091907e-01
2.086732000040707746e-01
2.118439679932493380e-01
2.150425118327669860e-01
2.182689817930020815e-01
2.215235380489794514e-01
2.248063505569110332e-01
2.281175989070591548e-01
2.314574721540668401e-01
2.348261686262163861e-01
2.382238957152032210e-01
2.416508696482742302e-01
2.451073152447126313e-01
2.485934656588277281e-01
2.521095621116997143e-01
2.556558536140410842e-01
2.592325966825575478e-01
2.628400550522582702e-01
2.664784993871460173e-01
2.701482069916743556e-01
2.738494615253931896e-01
2.775825527230784129e-01
2.813477761226278462e-01
2.851454328029154328e-01
2.889758291337230500e-01
2.928392765397885844e-01
2.967360912809040019e-01
3.006665942499168742e-01
3.046311107903241777e-01
3.086299705351029932e-01
3.126635072682230621e-01
3.167320588101467660e-01
3.208359669284987503e-01
3.249755772748780247e-01
3.291512393486089594e-01
3.333633064880540120e-01
3.376121358899038527e-01
3.418980886566519994e-01
3.462215298722387535e-01
3.505828287056992898e-01
3.549823585423587113e-01
3.594204971419484584e-01
3.638976268228019118e-01
3.684141346710549936e-01
3.729704127735670727e-01
3.775668584730510480e-01
3.822038746436787759e-01
3.868818699851769849e-01
3.916012593332455216e-01
3.963624639837902142e-01
4.011659120283226354e-01
4.060120386975046292e-01
4.109012867096246691e-01
4.158341066204393477e-01
4.208109571705688778e-01
4.258323056262653949e-01
4.308986281091067294e-01
4.360104099097829589e-01
4.411681457808673823e-01
4.463723402030714826e-01
4.516235076192295916e-01
4.569221726298782205e-01
4.622688701440706427e-01
4.676641454787983099e-01
4.731085544001432108e-01
4.786026630991866426e-01
4.841470480955192834e-01
4.897422960611961251e-01
4.953890035580285622e-01
5.010877766810917233e-01
5.068392306016805682e-01
5.126439890030826119e-01
5.185026834029601295e-01
5.244159523566025438e-01
5.303844405358393299e-01
5.364087976791317436e-01
5.424896774090277596e-01
5.486277359141796817e-01
5.548236304939178076e-01
5.610780179646204235e-01
5.673915529281398085e-01
5.737648859038760873e-01
5.801986613273519833e-01
5.866935154195795921e-01
5.932500739328891992e-01
5.998689497804060577e-01
6.065507405577750255e-01
6.132960259673215786e-01
6.201053651561213576e-01
6.269792939810177046e-01
6.339183222147397601e-01
6.409229307086823368e-01
6.479935685287672165e-01
6.551306500818452339e-01
6.623345522507563254e-01
6.696056115565870437e-01
6.769441213671180124e-01
6.843503291702137670e-01
6.918244339309277402e-01
6.993665835503607431e-01
7.069768724437068830e-01
7.146553392538566030e-01
7.224019647156142421e-01
7.302166696841871918e-01
7.380993133399452732e-01
7.460496915794782025e-01
7.540675356012525032e-01
7.621525106918656256e-01
7.703042152171304391e-01
7.785221798197363707e-01
7.868058668235876629e-01
7.951546698427164328e-01
8.035679135909193915e-01
8.120448538865526755e-01
8.205846778456291624e-01
8.291865042547850173e-01
8.378493841150906896e-01
8.465723013465250579e-01
8.553541736428335041e-01
8.641938534659364679e-01
8.730901291693830002e-01
8.820417262403715819e-01
8.910473086505230622e-01
9.001054803060949405e-01
9.092147865893482894e-01
9.183737159834686192e-01
9.275807017746393601e-01
9.368341238257774650e-01
9.461323104174882426e-01
9.554735401528454686e-01
9.648560439233684338e-01
9.742780069345307048e-01
9.837375707896042210e-01
9.932328356314128470e-01
1.002761862341696286e+00
1.012322674798218802e+00
1.021913262189726224e+00
1.031531581388841268e+00
1.041175559382842453e+00
1.050843095761960555e+00
1.060532065264644830e+00
1.070240320378750054e+00
1.079965693997304577e+00
1.089706002127190043e+00
1.099459046648781024e+00
1.109222618124268367e+00
1.118994498652364111e+00
1.128772464766990336e+00
1.138554290377596923e+00
1.148337749748955305e+00
1.158120620518565458e+00
1.167900686750185324e+00
1.177675742022399774e+00
1.187443592551813198e+00
1.197202060350889052e+00
1.206948986421134906e+00
1.216682233982866901e+00
1.226399691743384590e+00
1.236099277205865210e+00
1.245778940021537107e+00
1.255436665388065753e+00
1.265070477497197032e+00
1.274678443034373387e+00
1.284258674733029126e+00
1.293809334985526860e+00
1.303328639512037590e+00
1.312814861087730156e+00
1.322266333327249299e+00
1.331681454524258568e+00
1.341058691541862524e+00
1.350396583748126877e+00
1.359693746988753116e+00
1.368948877586741109e+00
1.378160756356709093e+00
1.387328252619050684e+00
1.396450328196752411e+00
1.405526041375320112e+00
1.414554550803954092e+00
1.423535119313806607e+00
1.432467117627170383e+00
1.441350027929433120e+00
1.450183447274308923e+00
1.458967090790988630e+00
1.467700794661414010e+00
1.476384518834728654e+00
1.485018349445899277e+00
1.493602500905563568e+00
1.502137317628650326e+00
1.510623275370275742e+00
1.519060982138778382e+00
1.527451178657472264e+00
1.535794738349139044e+00
1.544092666819291138e+00
1.552346100817763919e+00
1.560556306661012194e+00
1.568724678100978487e+00
1.576852733630469405e+00
1.584942113218406501e+00
1.592994574472849534e+00
1.601011988233598915e+00
1.608996333600432482e+00
1.616949692407575467e+00
1.624874243158886289e+00
1.632772254442771409e+00
1.640646077849896134e+00
1.648498140420844082e+00
1.656330936654968555e+00
1.664147020115349429e+00
1.671948994668795319e+00
1.679739505403284205e+00
1.687521229268759804e+00
1.695296865490664606e+00
1.703069125808553741e+00
1.710840724595576123e+00
1.718614368916891344e+00
1.726392748588284620e+00
1.734178526298180145e+00
1.741974327858563543e+00
1.749782732651965045e+00
1.757606264343035463e+00
1.765447381923958670e+00
1.773308471163538957e+00
1.781191836529259609e+00
1.789099693650659573e+00
1.797034162390841461e+00
1.804997260590285313e+00
1.812990898543564766e+00
1.821016874265547703e+00
1.829076869598000199e+00
1.837172447201605552e+00
1.845305048470872622e+00
1.853475992401333761e+00
1.861686475429311649e+00
1.869937572254621871e+00
1.878230237645743150e+00
1.886565309215922248e+00
1.894943511146652826e+00
1.903365458822911194e+00
1.911831664332520830e+00
1.920342542769380989e+00
1.928898419269002407e+00
1.937499536692979918e+00
1.946146063868632314e+00
1.954838104280491651e+00
1.963575705101659352e+00
1.972358866446439318e+00
1.981187550719827550e+00
1.990061691936322985e+00
1.998981204878169216e+00
2.007945993964239229e+00
2.016955961702440181e+00
2.026011016603289416e+00
2.035111080438866349e+00
2.044256094739546281e+00
2.053446026431447802e+00
2.062680872529512932e+00
2.071960663814309545e+00
2.081285467435777026e+00
2.090655388402317794e+00
2.100070569930351905e+00
2.109531192645597297e+00
2.119037472644611952e+00
2.128589658440842580e+00
2.138188026835936117e+00
2.147832877771250981e+00
2.157524528229042726e+00
2.167263305264703455e+00
2.177049538262668893e+00
2.186883550517672248e+00
2.196765650250678714e+00
2.206696121174361203e+00
2.216675212726623823e+00
2.226703130093026228e+00
2.236780024138785183e+00
2.246905981369673455e+00
2.257081014038271327e+00
2.267305050507381292e+00
2.277577925976745021e+00
2.287899373672672709e+00
2.298269016592110248e+00
2.308686359884560613e+00
2.319150783946080985e+00
2.329661538290148659e+00
2.340217736250602698e+00
2.350818350561941994e+00
2.361462209852376759e+00
2.372147996075524734e+00
2.382874242896813932e+00
2.393639335041591654e+00
2.404441508602738420e+00
2.415278852297124690e+00
2.426149309651541852e+00
2.437050682091332021e+00
2.447980632896741060e+00
2.458936691985463163e+00
2.469916261472669738e+00
2.480916621954250889e+00
2.491934939452813413e+00
2.502968272962039276e+00
2.514013582520691958e+00
2.525067737744977503e+00
2.536127526746328353e+00
2.547189665361822453e+00
2.558250806625138374e+00
2.569307550409322793e+00
2.580356453176691378e+00
2.591394037776960868e+00
2.602416803242185050e+00
2.613421234535089344e+00
2.624403812216772103e+00
2.635361022008916532e+00
2.646289364235896002e+00
2.657185363140542211e+00
2.668045576076095493e+00
2.678866602583063194e+00
2.689645093365378159e+00
2.700377759182250870e+00
2.711061379673229688e+00
2.721692812131861761e+00
2.732269000238960022e+00
2.742786982760471837e+00
2.753243902206230054e+00
2.763637013436957890e+00
2.773963692196024677e+00
2.784221443531912143e+00
2.794407910066899703e+00
2.804520880057891130e+00
2.814558295186344594e+00
2.824518258007654659e+00
2.834399038984654506e+00
2.844199083026517361e+00
2.853917015452746231e+00
2.863551647301436631e+00
2.873101979903405656e+00
2.882567208645863133e+00
2.891946725854279254e+00
2.901240122725497805e+00
2.910447190252829941e+00
2.919567919089169905e+00
2.928602498304337498e+00
2.937551313001136144e+00
2.946414940765635482e+00
2.955194146940144151e+00
2.963889878719887516e+00
2.972503258092147771e+00
2.981035573652260684e+00
2.989488271351764759e+00
2.997862944253093076e+00
3.006161321388171270e+00
3.014385255837790378e+00
3.022536712170456941e+00
3.030617753396738223e+00
3.038630527610299392e+00
3.046577254497143450e+00
3.054460211899217015e+00
3.062281722617410384e+00
3.070044141630930312e+00
3.077749843895763782e+00
3.085401212864930631e+00
3.093000629849365080e+00
3.100550464310027898e+00
3.108053065144850802e+00
3.115510753005076072e+00
3.122925813651667326e+00
3.130300492340331253e+00
3.137636989208329119e+00
3.144937455625108402e+00
3.152203991464110011e+00
3.159438643254259382e+00
3.166643403174538740e+00
3.173820208865337555e+00
3.180970944042567528e+00
3.188097439915193121e+00
3.195201477420477776e+00
3.202284790304647188e+00
3.209349069084754369e+00
3.216395965930891609e+00
3.223427100502253673e+00
3.230444066755583599e+00
3.237448440717797915e+00
3.244441789176090385e+00
3.251425679190200313e+00
3.258401688272155372e+00
3.265371415016295575e+00
3.272336489896948475e+00
3.279298585891156304e+00
3.286259428534374027e+00
3.293220804982968097e+00
3.300184571643915099e+00
3.307152659943489947e+00
3.314127079843837809e+00
3.321109920779639957e+00
3.328103349774034214e+00
3.335109606600934917e+00
3.342130995981139829e+00
3.349169876927447387e+00
3.356228649479707116e+00
3.363309739183998115e+00
3.370415579766595560e+00
3.377548594519276026e+00
3.384711176949704026e+00
3.391905671249592302e+00
3.399134353098418160e+00
3.406399411253590692e+00
3.413702930283923909e+00
3.421046874693598472e+00
3.428433074565583105e+00
3.435863212741209871e+00
3.443338813455278036e+00
3.450861232274069490e+00
3.458431647144396770e+00
3.466051050358304852e+00
3.473720241270263021e+00
3.481439819665464785e+00
3.489210179761758734e+00
3.497031504919233758e+00
3.504903763218552015e+00
3.512826704136575717e+00
3.520799856583308074e+00
3.528822528559453442e+00
3.536893808642938897e+00
3.545012569417686166e+00
3.553177472823231042e+00
3.561386977242009699e+00
3.569639345969411792e+00
3.577932656552204271e+00
3.586264810360800137e+00
3.594633541707525914e+00
3.603036425865220771e+00
3.611470885494866057e+00
3.619934195266019117e+00
3.628423484835024748e+00
3.636935740796496841e+00
3.645467808686860600e+00
3.654016396519109033e+00
3.662578081586968626e+00
3.671149322327047049e+00
3.679726476825526671e+00
3.688305829098244004e+00
3.696883623597281510e+00
3.705456107579928382e+00
3.714019580121709296e+00
3.722570445772243719e+00
3.731105270242503380e+00
3.739620835138936616e+00
3.748114188654657841e+00
3.756582689277625509e+00
3.765024039939188771e+00
3.773436310547574557e+00
3.781817947478199660e+00
3.790167769288658395e+00
3.798484948675597828e+00
3.806768981488233283e+00
3.815019644452117387e+00
3.823236944104211332e+00
3.831421060232487630e+00
3.839572287743852730e+00
3.847690981231832286e+00
3.855777506459246329e+00
3.863832202442893049e+00
3.871855356821886307e+00
3.879847195800717685e+00
3.887807888349233743e+00
3.895737562731190984e+00
3.903636332045935742e+00
3.911504324483721540e+00
3.919341713525432702e+00
3.927148743384146545e+00
3.934925745543729647e+00
3.942673143204635355e+00
3.950391441694073080e+00
3.958081204325780700e+00
3.965743014699403712e+00
3.973377427887445634e+00
3.980984914236076921e+00
3.988565800457278154e+00
3.996120213194618742e+00
4.003648030250356094e+00
4.011148844193207275e+00
4.018621942236504374e+00
4.026066305218482633e+00
4.033480627331377910e+00
4.040863356956087671e+00
4.048212757506735038e+00
4.055526985499041004e+00
4.062804181124198166e+00
4.070042564586620060e+00
4.077240529673384906e+00
4.084396724915602128e+00
4.091510112724139780e+00
4.098579998322947837e+00
4.105606023172976293e+00
4.112588121553366172e+00
4.119526443452636855e+00
4.126421251208306273e+00
4.133272800789664636e+00
4.140081220858116140e+00
4.146846403684183002e+00
4.153567921764793169e+00
4.160244982672536729e+00
4.166876432115661721e+00
4.173460810884466632e+00
4.179996464637225628e+00
4.186481696016915777e+00
4.192914937067432568e+00
4.199294908474695553e+00
4.205620724310963787e+00
4.211891900736209671e+00
4.218108237541128958e+00
4.224269562913914200e+00
4.230375361147083346e+00
4.236424333575710577e+00
4.242413966560666161e+00
4.248340189456992988e+00
4.254197196428896710e+00
4.259977479920930676e+00
4.265672086658474527e+00
4.271271068351532030e+00
4.276764068241196703e+00
4.282140968261929359e+00
4.287392522561407127e+00
4.292510919100859468e+00
4.297490235441296491e+00
4.302326778613276836e+00
4.307019313623641210e+00
4.311569185665610426e+00
4.315980328456012316e+00
4.320259132844553207e+00
4.324414137813537451e+00
4.328455511741457151e+00
4.332394320974915836e+00
4.336241631228059390e+00
4.340007541370975552e+00
4.343700289886392341e+00
4.347325584768832130e+00
4.350886279802680612e+00
4.354382458308963422e+00
4.357811905478102155e+00
4.361170874795693209e+00
4.364455004537799887e+00
4.367660230238673336e+00
4.370783568058371316e+00
4.373823697098784713e+00
4.376781321615560216e+00
4.379659324233343476e+00
4.382462720793921740e+00
4.385198410042692174e+00
4.387874706355551879e+00
4.390500676979914196e+00
4.393085376667459130e+00
4.395637147016839386e+00
4.398163171295595752e+00
4.400669410320822372e+00
4.403160901113988501e+00
4.405642237945134099e+00
4.408117955591929871e+00
4.410592553874885802e+00
4.413070043693796407e+00
4.415553105418860369e+00
4.418042145622107064e+00
4.420534635090755948e+00
4.423025063570076298e+00
4.425505665951536827e+00
4.427967826117179762e+00
4.430403839513160413e+00
4.432808592051488361e+00
4.435180729581385428e+00
4.437523040995665191e+00
4.439842010475007150e+00
4.442146730521865372e+00
4.444447514530788901e+00
4.446754537500676285e+00
4.449076668177981198e+00
4.451420427364003451e+00
4.453788863246611385e+00
4.456180201790177264e+00
4.458586433376646063e+00
4.460992418323095343e+00
4.463376393108328344e+00
4.465712661533014050e+00
4.467976600648123409e+00
4.470151014757255403e+00
4.472231786080582694e+00
4.474230341284110679e+00
4.476171143294302546e+00
4.478084136939759929e+00
4.479994116654495429e+00
4.481910388653166599e+00
4.483820211253168431e+00
4.485688275921020818e+00
4.487462449221484739e+00
4.489083903684557342e+00
4.490498358554702918e+00
4.491664895498375998e+00
4.492559759408160325e+00
4.493174340877262196e+00
4.493508572237610466e+00
4.493562639435657147e+00
4.493330686785871109e+00
4.492799671955050478e+00
4.491954622592864155e+00
4.490788770334050106e+00
4.489314588375044934e+00
4.487570972174446560e+00
4.485623213976134949e+00
4.483555256077291773e+00
4.481456405904845397e+00
4.479406036275249470e+00
4.477459601991270688e+00
4.475638320764621092e+00
4.473924108941633726e+00
4.472261286850930162e+00
4.470566392571585723e+00
4.468745636270869959e+00
4.466715867167565079e+00
4.464421929752389495e+00
4.461844307493472606e+00
4.458996283046796627e+00
4.455915604751827352e+00
4.452657275123883984e+00
4.449290571723550691e+00
4.445897974211098891e+00
4.442570749347103387e+00
4.439397775563438842e+00
4.436449264461192143e+00
4.433761370841868832e+00
4.431328221895888930e+00
4.429105122135456263e+00
4.427023233606655950e+00
4.425012941344170336e+00
4.423029420074969131e+00
4.421070486786718767e+00
4.419177944641972999e+00
4.417421743630630893e+00
4.415876230171029704e+00
4.414600482315968577e+00
4.413628130574636543e+00
4.412964313877993483e+00
4.412586845976277594e+00
4.412453248272268702e+00
4.412515875821055644e+00
4.412740398277163578e+00
4.413116288236763829e+00
4.413651756769326084e+00
4.414358230457954058e+00
4.415237473074474117e+00
4.416278203557533644e+00
4.417455841567925034e+00
4.418724702400977478e+00
4.420001482018903971e+00
4.421151621674864529e+00
4.421993810760052490e+00
4.422329789944419609e+00
4.421992586135192305e+00
4.420895324533661963e+00
4.419061939355130697e+00
4.416630218628672999e+00
4.413828703814393073e+00
4.410934728748263645e+00
4.408221373680865973e+00
4.405900101779090861e+00
4.404066718876821440e+00
4.402664552988663438e+00
4.401487683687069108e+00
4.400243144758179348e+00
4.398661976981773414e+00
4.396610005617027639e+00
4.394135305808734238e+00
4.391419446168015384e+00
4.388655421936100254e+00
4.385916691561314806e+00
4.383082671020977372e+00
4.379854254854885554e+00
4.375854291643511473e+00
4.370775191273387428e+00
4.364508343094864351e+00
4.357184086760673480e+00
4.349095747120167665e+00
4.340562081082814494e+00
4.331826185329147094e+00
4.323045205475573027e+00
4.314337273910711978e+00
4.305809528539930930e+00
4.297529792638987267e+00
4.289477501360425826e+00
4.281539837147769312e+00
4.273574842208506475e+00
4.265492225050750541e+00
4.257280878452306183e+00
4.248960781663788211e+00
4.240506533711712933e+00
4.231813001207649805e+00
4.222730857901984436e+00
4.213141511998316879e+00
4.203024771895269573e+00
4.192494020347579564e+00
4.181792900078368902e+00
4.171252404245513468e+00
4.161213021581365190e+00
4.151930304554054096e+00
4.143493628222773673e+00
4.135788577909071506e+00
4.128527711164258207e+00
4.121362633082405580e+00
4.114056862084766841e+00
4.106642844413128657e+00
4.099459162288631831e+00
4.093026022371886619e+00
4.087832260247989069e+00
4.084157416757013159e+00
4.081999498761796019e+00
4.081105639623195280e+00
4.081070268855762073e+00
4.081456844274425677e+00
4.081899700938030229e+00
4.082157537193420005e+00
4.082115102593439460e+00
4.081756887005738577e+00
4.081148150867386803e+00
4.080431209444709495e+00
4.079801483523652017e+00
4.079430827979740215e+00
4.079365223019978615e+00
4.079470535978668266e+00
4.079473351917699553e+00
4.079066094921936170e+00
4.077995678373384614e+00
4.076084676777811389e+00
4.073209871161842521e+00
4.069300682061941288e+00
4.064382082606778468e+00
4.058623765907118042e+00
4.052342443010196860e+00
4.045943203226916474e+00
4.039823057925520544e+00
4.034265252230342824e+00
4.029352602129110394e+00
4.024938586295967902e+00
4.020708929504884566e+00
4.016316020895972727e+00
4.011500382694723754e+00
4.006109553765037745e+00
4.000022869611368215e+00
3.993092766058143006e+00
3.985191325124674666e+00
3.976327460949057535e+00
3.966714126758916770e+00
3.956697979094311535e+00
3.946580264294779816e+00
3.936453577817899063e+00
3.926166280166404121e+00
3.915417513700897967e+00
3.903891777767988014e+00
3.891351326433534208e+00
3.877681748884194590e+00
3.862925265306918821e+00
3.847303237065167636e+00
3.831191179791515022e+00
3.815026917526090688e+00
3.799186893948223176e+00
3.783898136404380885e+00
3.769229949023904513e+00
3.755145480988154372e+00
3.741548841856640273e+00
3.728291285533957389e+00
3.715160096695026670e+00
3.701879464932790853e+00
3.688125669721841859e+00
3.673576565324534915e+00
3.658027836947645994e+00
3.641531622573170424e+00
3.624430209077647902e+00
3.607211586185882890e+00
3.590272418870496640e+00
3.573761988454139171e+00
3.557608525647267150e+00
3.541686389531696122e+00
3.525997552030009086e+00
3.510754141553943608e+00
3.496339407118862042e+00
3.483223293547168531e+00
3.471906326098837425e+00
3.462868621971566085e+00
3.456464069265517747e+00
3.452777101052276088e+00
3.451529012593898216e+00
3.452098363305403428e+00
3.453650023735443497e+00
3.455317091283895081e+00
3.456369696168731132e+00
3.456321386340301505e+00
3.454953768013785176e+00
3.452277403225428198e+00
3.448471883268291904e+00
3.443838827076446840e+00
3.438767134381700341e+00
3.433679937007553473e+00
3.428933244808775260e+00
3.424678468081491012e+00
3.420765169267651729e+00
3.416779744239295091e+00
3.412225999789982200e+00
3.406718276896216313e+00
3.400051661129706915e+00
3.392163338665544980e+00
3.383098837076240706e+00
3.373030294974828092e+00
3.362271994229427907e+00
3.351226650321097456e+00
3.340262861608937595e+00
3.329598483459221381e+00
3.319263220009853743e+00
3.309141740681355248e+00
3.299054745988108106e+00
3.288842428246239180e+00
3.278419707477794987e+00
3.267776501765236485e+00
3.256929590735976987e+00
3.245878612083712866e+00
3.234621177344485954e+00
3.223218627912495915e+00
3.211847244356397901e+00
3.200789182767787455e+00
3.190369286000906968e+00
3.180864256564579051e+00
3.172407580086759715e+00
3.164911577176875213e+00
3.158030102740532641e+00
3.151193257002601555e+00
3.143741219705201928e+00
3.135134031564124069e+00
3.125141506477035591e+00
3.113907152500745568e+00
3.101860031325410105e+00
3.089539415287859470e+00
3.077419224441242385e+00
3.065785065197606407e+00
3.054681363598880317e+00
3.043927090343390152e+00
3.033185826812703656e+00
3.022071211882482178e+00
3.010268480689109794e+00
2.997633249414792367e+00
2.984203267624759182e+00
2.970096892058361249e+00
2.955377687064856485e+00
2.940011154633360047e+00
2.923946440150244630e+00
2.907230946553037043e+00
2.890048797826531235e+00
2.872657717901689445e+00
2.855281932673292999e+00
2.838029905024291644e+00
2.820860113573086636e+00
2.803589098060383922e+00
2.785952208908112571e+00
2.767734576168090044e+00
2.748947031633417915e+00
2.729967712550307457e+00
2.711562082971780807e+00
2.694745363587294218e+00
2.680531479352184387e+00
2.669667341133258542e+00
2.662448199036415719e+00
2.658670879306543444e+00
2.657738027922980972e+00
2.658876097385049597e+00
2.661376997708152725e+00
2.664760698924386606e+00
2.668810420898721780e+00
2.673509545862314152e+00
2.678943170146424357e+00
2.685211360449505147e+00
2.692373660571316663e+00
2.700417007666042313e+00
2.709217270949159762e+00
2.718483742836433681e+00
2.727733853492679383e+00
2.736360845550572574e+00
2.743784861661486385e+00
2.749599326244630770e+00
2.753632671723539094e+00
2.755912509352183459e+00
2.756567327507330578e+00
2.755718097891871832e+00
2.753415748649102657e+00
2.749650261205359492e+00
2.744395849274986698e+00
2.737634091190547458e+00
2.729345436868650054e+00
2.719507608894883521e+00
2.708122825621760654e+00
2.695250792338599766e+00
2.681015512574858040e+00
2.665580915031817710e+00
2.649112028858770174e+00
2.631739610217029846e+00
2.613541511750510526e+00
2.594552934812514255e+00
2.574808911151024393e+00
2.554398186248407310e+00
2.533492055876792381e+00
2.512330967023118422e+00
2.491185408060066830e+00
2.470315979093753445e+00
2.449940157797205753e+00
2.430200452423522339e+00
2.411136455314475846e+00
2.392682376181445747e+00
2.374718307019490826e+00
2.357176103138786782e+00
2.340149601666663859e+00
2.323933795799804969e+00
2.308956799442285046e+00
2.295644088891050760e+00
2.284295998637071889e+00
2.275033122598463020e+00
2.267807453452784561e+00
2.262446366462141700e+00
2.258704224528329085e+00
2.256313430027433675e+00
2.255031194720192644e+00
2.254675829675644394e+00
2.255146670500840944e+00
2.256421300246208794e+00
2.258522081385942570e+00
2.261453679315563292e+00
2.265136596332862684e+00
2.269375999229171548e+00
2.273888341451919093e+00
2.278370932127337767e+00
2.282574124971844309e+00
2.286338881532431699e+00
2.289584870683637696e+00
2.292259313817584410e+00
2.294271116110103481e+00
2.295433591866566925e+00
2.295431441217664403e+00
2.293825046418081826e+00
2.290104088743270427e+00
2.283791440149637975e+00
2.274577177657096438e+00
2.262442141819192898e+00
2.247720847855680937e+00
2.231063797992073994e+00
2.213293982386202785e+00
2.195199065597059462e+00
2.177332998634763594e+00
2.159900534631631341e+00
2.142767017283512043e+00
2.125586714935677968e+00
2.107993169726796623e+00
2.089767730646821864e+00
2.070917963149503382e+00
2.051651505005184450e+00
2.032287431734058458e+00
2.013167220072785479e+00
1.994604404054510560e+00
1.976873232725880003e+00
1.960212275757544420e+00
1.944820098067829850e+00
1.930839385349909509e+00
1.918344759665035149e+00
1.907350493256284585e+00
1.897837764666114202e+00
1.889786620452214683e+00
1.883200253452247175e+00
1.878119451151295971e+00
1.874625935138865662e+00
1.872826974481480722e+00
1.872817054404856130e+00
1.874628872531631796e+00
1.878197865137811728e+00
1.883356924357346474e+00
1.889858300472744279e+00
1.897407024112924834e+00
1.905692330483558239e+00
1.914412088863980399e+00
1.923289913751689451e+00
1.932084181265966816e+00
1.940587180591365035e+00
1.948614449339388655e+00
1.955988408597921557e+00
1.962523496423044245e+00
1.968019333452670550e+00
1.972264573041456748e+00
1.975050147949338530e+00
1.976188372780088631e+00
1.975532491114648570e+00
1.972989520901528238e+00
1.968520774219265190e+00
1.962130367420740429e+00
1.953847946682184089e+00
1.943713067013015161e+00
1.931765722526255669e+00
1.918043806502234050e+00
1.902585873516587478e+00
1.885437296112596250e+00
1.866659569502558735e+00
1.846343534607221448e+00
1.824624576683398391e+00
1.801692790100055230e+00
1.777789591234367528e+00
1.753188003185811583e+00
1.728163227632727672e+00
1.702965469127862175e+00
1.677804138120972288e+00
1.652844758307889350e+00
1.628214255580609837e+00
1.604010599916243729e+00
1.580315939304744344e+00
1.557212797578536367e+00
1.534799707129961499e+00
1.513200484794271050e+00
1.492563782907490477e+00
1.473054187346209520e+00
1.454838380396728859e+00
1.438069038959580270e+00
1.422868203425632805e+00
1.409312676925233321e+00
1.397425359661320199e+00
1.387176174785696769e+00
1.378493624352759239e+00
1.371284072177553659e+00
1.365452707855316916e+00
1.360919427653364489e+00
1.357624690189729533e+00
1.355523846244978570e+00
1.354572212236021533e+00
1.354705801292425127e+00
1.355823193547843308e+00
1.357772902399792647e+00
1.360349060877847682e+00
1.363297045820715869e+00
1.366329406337227326e+00
1.369150708653881887e+00
1.371488008444403883e+00
1.373122210051045622e+00
1.373914568708174411e+00
1.373821952429752136e+00
1.372895015918611739e+00
1.371256425461680140e+00
1.369061830582458006e+00
1.366452508534145682e+00
1.363512548127032709e+00
1.360242938229530019e+00
1.356559883684555157e+00
1.352316953583747150e+00
1.347343135934240266e+00
1.341484253108323532e+00
1.334635144598367074e+00
1.326754512744611203e+00
1.317861452703939396e+00
1.308019328080981092e+00
1.297315946907573680e+00
1.285847858458254223e+00
1.273712245199063675e+00
1.261005046448349542e+00
1.247821273653097363e+00
1.234254041771150279e+00
1.220391591746323945e+00
1.206314178798654213e+00
1.192093292883739108e+00
1.177794193553775681e+00
1.163480702108061760e+00
1.149220247707438469e+00
1.135087712113177938e+00
1.121167706292840682e+00
1.107555353012799726e+00
1.094355210081976670e+00
1.081677498565498885e+00
1.069631251114197656e+00
1.058315375794655511e+00
1.047809948040263617e+00
1.038170247043201266e+00
1.029424979101265292e+00
1.021578543609932721e+00
1.014616030273286951e+00
1.008509280612514436e+00
1.003222599735622333e+00
9.987171811172343983e-01
9.949537738383896768e-01
9.918935099499947006e-01
9.894971028038964667e-01
9.877228317473530916e-01
9.865238935308413559e-01
9.858458567183905341e-01
9.856250213230091095e-01
9.857883116714574179e-01
9.862548781899294070e-01
9.869390349424977948e-01
9.877537906672776424e-01
9.886141828279110255e-01
9.894398300573122862e-01
9.901564299382313861e-01
9.906962328109433225e-01
9.909977357552903765e-01
9.910049060875799620e-01
9.906661874686584213e-01
9.899334825435923690e-01
9.887613307207268054e-01
9.871065493342304764e-01
9.849285395857797498e-01
9.821902332735146235e-01
9.788594072810931079e-01
9.749100056810404702e-01
9.703232340854831550e-01
9.650883969949251018e-01
9.592035536971954546e-01
9.526759975729718333e-01
9.455224001985444993e-01
9.377683626017084828e-01
9.294471880604184832e-01
9.205979188786169720e-01
9.112629449999243292e-01
9.014856530865187345e-01
8.913085619832388229e-01
8.807722106649378269e-01
8.699148335245241448e-01
8.587726860982463073e-01
8.473808192819226592e-01
8.357741112805286976e-01
8.239883907798266627e-01
8.120614858656458601e-01
8.000340240126340152e-01
7.879498243180463879e-01
7.758557800444725316e-01
7.638012101545283983e-01
7.518367339385136905e-01
7.400127800792555277e-01
7.283778863718056718e-01
7.169769835515150680e-01
7.058498755287464510e-01
6.950301114621635357e-01
6.845443883812477592e-01
6.744125420883210209e-01
6.646481020222650971e-01
6.552593181624212226e-01
6.462505184080562515e-01
6.376236200067795235e-01
6.293795954755955213e-01
6.215196841604773148e-01
6.140461546873134946e-01
6.069624741514995092e-01
6.002728321108129483e-01
5.939810873839080907e-01
5.880893210158838480e-01
5.825962536603631614e-01
5.774957995179268444e-01
5.727759862583539086e-01
5.684183943807118444e-01
5.643981863843243740e-01
5.606847209366327967e-01
5.572426818522753234e-01
5.540335945121837025e-01
5.510175585876092574e-01
5.481550081231406635e-01
5.454083276559904547e-01
5.427432014115983749e-01
5.401296319058500606e-01
5.375426105499679919e-01
5.349624424902170716e-01
5.323747250394872399e-01
5.297699713567057822e-01
5.271428779498018580e-01
5.244912658613394285e-01
5.218147761572640153e-01
5.191134540123135688e-01
5.163863920547685504e-01
5.136306076668432086e-01
5.108402967111600468e-01
5.080065457803036866e-01
5.051175126695999218e-01
5.021590177419984480e-01
4.991154397219174088e-01
4.959707831038380754e-01
4.927097791548559202e-01
4.893188938072072225e-01
4.857871393175147712e-01
4.821066196610087062e-01
4.782727796778213913e-01
4.742843705369484408e-01
4.701431821058787985e-01
4.658536184991692863e-01
4.614222010662906714e-01
4.568570730201099162e-01
4.521675567827794229e-01
4.473637872272282490e-01
4.424564197455377879e-01
4.374563972172061388e-01
4.323747561233780567e-01
4.272224570822324430e-01
4.220102344962166629e-01
4.167484690085868082e-01
4.114470915989515976e-01
4.061155281301603859e-01
4.007626888613833316e-01
3.953970011109865235e-01
3.900264774029715831e-01
3.846588078435198566e-01
3.793014646466390527e-01
3.739618079224516500e-01
3.686471836329235363e-01
3.633650056716059007e-01
3.581228137650996346e-01
3.529282978230136592e-01
3.477892788518731626e-01
3.427136382100936518e-01
3.377091918596354381e-01
3.327835142068981678e-01
3.279437256082099461e-01
3.231962662038906919e-01
3.185466839082218282e-01
3.139994643938348595e-01
3.095579254358596377e-01
3.052241881670582080e-01
3.009992258539483378e-01
2.968829793327339983e-01
2.928745195213431352e-01
2.889722329027913927e-01
2.851740059639071290e-01
2.814773886921009272e-01
2.778797240620766718e-01
2.743782382830779465e-01
2.709700937304104773e-01
2.676524116233359729e-01
2.644222739436916658e-01
2.612767138778649967e-01
2.582127019422116865e-01
2.552271320441698021e-01
2.523168091665636825e-01
2.494784389046042772e-01
2.467086189246641414e-01
2.440038331884283596e-01
2.413604508044453478e-01
2.387747319287438774e-01
2.362428428025210025e-01
2.337608807566491920e-01
2.313249081697564269e-01
2.289309924883073388e-01
2.265752480549587944e-01
2.242538750241411249e-01
2.219631911817717407e-01
2.196996538692351231e-01
2.174598710810142221e-01
2.152406027158062229e-01
2.130387545034518604e-01
2.108513680265763912e-01
2.086756104109238896e-01
2.065087667543742955e-01
2.043482374122431167e-01
2.021915411183374256e-01
2.000363238372092345e-01
1.978803723779910262e-01
1.957216312270230185e-01
1.935582207703671898e-01
1.913884550287492381e-01
1.892108571563439201e-01
1.870241712131911760e-01
1.848273690793104107e-01
1.826196518175306482e-01
1.804004452901782629e-01
1.781693903569555038e-01
1.759263284772167035e-01
1.736712839494038152e-01
1.714044442870269747e-01
1.691261403142068354e-01
1.668368274511216609e-01
1.645370693685843932e-01
1.622275247666093434e-01
1.599089375392544754e-01
1.575821300994605101e-01
1.552479992209491733e-01
1.529075134621159515e-01
1.505617111003551278e-01
1.482116975304549888e-01
1.458586412507447971e-01
1.435037678396327010e-01
1.411483516657237314e-01
1.387937054253210734e-01
1.364411679142946143e-01
1.340920906795548262e-01
1.317478243353136513e-01
1.294097053636285577e-01
1.270790441548057537e-01
1.247571149005351210e-01
1.224451477580877079e-01
1.201443234872451027e-01
1.178557705505912101e-01
1.155805644849482033e-01
1.133197292119602489e-01
1.110742398661783981e-01
1.088450266789279114e-01
1.066329794596849179e-01
1.044389522540243864e-01
1.022637678173625719e-01
1.001082216162780120e-01
9.797308514534046331e-02
9.585910842087005945e-02
9.376702157982780284e-02
9.169753557032071789e-02
8.965134196944996026e-02
8.762911200464733319e-02
8.563149488675235455e-02
8.365911558713087781e-02
8.171257220722663583e-02
7.979243309706332554e-02
7.789923387930623722e-02
7.603347452791130168e-02
7.419561663574857080e-02
7.238608098527463119e-02
7.060524551184416131e-02
6.885344372275760405e-02
6.713096360857258305e-02
6.543804705855318926e-02
6.377488977085755961e-02
6.214164163123910012e-02
6.053840752202502978e-02
5.896524851586566751e-02
5.742218340558061240e-02
5.590919052146220425e-02
5.442620978961108802e-02
5.297314498817014272e-02
5.154986616185119191e-02
5.015621215822843593e-02
4.879199325152076827e-02
4.745699382092671142e-02
4.615097505109971854e-02
4.487367762241410707e-02
4.362482435860331326e-02
4.240412279962591652e-02
4.121126766853139278e-02
4.004594320296495091e-02
3.890782532486019435e-02
3.779658362585332915e-02
3.671188315086994919e-02
3.565338596794499076e-02
3.462075251838695605e-02
3.361364274749803482e-02
3.263171702194730961e-02
3.167463684521189260e-02
3.074206538704483960e-02
2.983366784650553355e-02
2.894911167059418394e-02
2.808806665195003396e-02
2.725020492944123934e-02
2.643520091487722851e-02
2.564273116768086072e-02
2.487247423729562965e-02
2.412411049059947493e-02
2.339732193878563474e-02
2.269179207526276706e-02
2.200720573324423807e-02
2.134324896896971913e-02
2.069960897404671957e-02
2.007597401824509284e-02
1.947203342230106882e-02
1.888747755888273497e-02
1.832199787882710790e-02
1.777528695907096626e-02
1.724703856831385010e-02
1.673694774633625176e-02
1.624471089299489232e-02
1.577002586318747984e-02
1.531259206447000386e-02
1.487211055448117714e-02
1.444828413583765410e-02
1.404081744668900407e-02
1.364941704562881546e-02
1.327379149012617582e-02
1.291365140807881721e-02
1.256870956245064765e-02
1.223868090927343784e-02
1.192328264954542298e-02
1.162223427575277863e-02
1.133525761387878771e-02
1.106207686186440851e-02
1.080241862552591865e-02
1.055601195295195575e-02
1.032258836838541131e-02
1.010188190654903208e-02
9.893629148311053681e-03
9.697569258513416904e-03
9.513444026687177882e-03
9.340997911291016795e-03
9.179978087997461844e-03
9.030134502455973086e-03
8.891219927850534804e-03
8.762990027466303553e-03
8.645203422386723430e-03
8.537621764336386296e-03
8.440009813600910654e-03
8.352135521869868615e-03
8.273770119769711245e-03
8.204688208779665343e-03
8.144667857172261521e-03
8.093490699552922593e-03
8.050942039536565162e-03
8.016810955059126484e-03
7.990890405797410057e-03
7.972977342144863672e-03
7.962872815191916753e-03
7.960382087149836181e-03
7.965314741666387408e-03
7.977484793502062632e-03
7.996710797053786443e-03
8.022815953243016621e-03
8.055628214331060286e-03
