7.884358039262937684e-03
8.052232400506438846e-06
2.960664014131975349e-06
4.298347621185502596e-06
5.066475184378042963e-06
5.487260040944499184e-06
5.718771075034389105e-06
5.851353530840249261e-06
5.932959016980517902e-06
5.988241876943273229e-06
6.029716334471780636e-06
6.063717121380493787e-06
6.093464854207351088e-06
6.120615592613816952e-06
6.146038249669778859e-06
6.170203603381823251e-06
6.193379039366507506e-06
6.215726323883607336e-06
6.237350969689991456e-06
6.258327394236577917e-06
6.278711929077619652e-06
6.298549696818885816e-06
6.317878364231937923e-06
6.336730282005447463e-06
6.355133774259778496e-06
6.373113966569335807e-06
6.390693353566568050e-06
6.407892212001299565e-06
6.424728916570411413e-06
6.441220190834423191e-06
6.457381312188958834e-06
6.473226282669659552e-06
6.488767973405448626e-06
6.504018248060265574e-06
6.518988069212124572e-06
6.533687590631015719e-06
6.548126237779766911e-06
6.562312778403165894e-06
6.576255384577673906e-06
6.589961687621914508e-06
6.603438826764298347e-06
6.616693492400390151e-06
6.629731964776387579e-06
6.642560148533930188e-06
6.655183603778731765e-06
6.667607573943381844e-06
6.679837011009178113e-06
6.691876598274981900e-06
6.703730770964517578e-06
6.715403734923227266e-06
6.726899483679087332e-06
6.738221813968070098e-06
6.749374339837809926e-06
6.760360505638108763e-06
6.771183597888649548e-06
6.781846756089644681e-06
6.792352982792036245e-06
6.802705152775141187e-06
6.812906021475307618e-06
6.822958232755868317e-06
6.832864326170448252e-06
6.842626743575268838e-06
6.852247835304768595e-06
6.861729865846263955e-06
6.871075019115743101e-06
6.880285403306997453e-06
6.889363055495599800e-06
6.898309945821348004e-06
6.907127981338306731e-06
6.915819009708660536e-06
6.924384822537725669e-06
6.932827158485994871e-06
6.941147706215869275e-06
6.949348107043762615e-06
6.957429957491003626e-06
6.965394811560565735e-06
6.973244182954769577e-06
6.980979546995975936e-06
6.988602342565558516e-06
6.996113973745970478e-06
7.003515811466450688e-06
7.010809194916133013e-06
7.017995432969224997e-06
7.025075805348341546e-06
7.032051563808898391e-06
7.038923933218231217e-06
7.045694112503169727e-06
7.052363275497494104e-06
7.058932571769736078e-06
7.065403127413837592e-06
7.071776045606810194e-06
7.078052407301586807e-06
7.084233271700353061e-06
7.090319676810157706e-06
7.096312639832424102e-06
7.102213157515180399e-06
7.108022206572173978e-06
7.113740743967876022e-06
7.119369707164240840e-06
7.124910014277858435e-06
7.130362564422719093e-06
7.135728237698851279e-06
7.141007895443029841e-06
7.146202380302773652e-06
7.151312516273225424e-06
7.156339108789513881e-06
7.161282944741435373e-06
7.166144792489307796e-06
7.170925401835873662e-06
7.175625504051733108e-06
7.180245811709788770e-06
7.184787018777343668e-06
7.189249800443561449e-06
7.193634812995620003e-06
7.197942693756018317e-06
7.202174060996788135e-06
7.206329513742812058e-06
7.210409631701618065e-06
7.214414974980985507e-06
7.218346084097964313e-06
7.222203479710907645e-06
7.225987662524883729e-06
7.229699113011130077e-06
7.233338291375291439e-06
7.236905637286073650e-06
7.240401569796124821e-06
7.243826487173985699e-06
7.247180766645953831e-06
7.250464764502307430e-06
7.253678815782110859e-06
7.256823234263918445e-06
7.259898312387587411e-06
7.262904321183031389e-06
7.265841510351023135e-06
7.268710108170901812e-06
7.271510321613291057e-06
7.274242336352828190e-06
7.276906317015637596e-06
7.279502407194750959e-06
7.282030729848194113e-06
7.284491387360046261e-06
7.286884462042686463e-06
7.289210016338946520e-06
7.291468093295384708e-06
7.293658717013763653e-06
7.295781893240100758e-06
7.297837609715641390e-06
7.299825837055570013e-06
7.301746529293383859e-06
7.303599624516403118e-06
7.305385045857744774e-06
7.307102702110831454e-06
7.308752488698557212e-06
7.310334288524578507e-06
7.311847972942745956e-06
7.313293402743177736e-06
7.314670429307658268e-06
7.315978895238064662e-06
7.317218636010070647e-06
7.318389480656463294e-06
7.319491252933971562e-06
7.320523772516341001e-06
7.321486856123956370e-06
7.322380318634965909e-06
7.323203974145286320e-06
7.323957637112907853e-06
7.324641123447615751e-06
7.325254251613968596e-06
7.325796843592540948e-06
7.326268725935173082e-06
7.326669730747913761e-06
7.326999696572631608e-06
7.327258469359677439e-06
7.327445903169499445e-06
7.327561861085898860e-06
7.327606215902820379e-06
7.327578850796067912e-06
7.327479659864042798e-06
7.327308548848595947e-06
7.327065435518377164e-06
7.326750250190506649e-06
7.326362935818469910e-06
7.325903448918478735e-06
7.325371759172350807e-06
7.324767850149363037e-06
7.324091719110470912e-06
7.323343377189182219e-06
7.322522849725479449e-06
7.321630175817863888e-06
7.320665408722027764e-06
7.319628615445050080e-06
7.318519876710729250e-06
7.317339287047079061e-06
7.316086954186956301e-06
7.314762999250355803e-06
7.313367556216816488e-06
7.311900771816707234e-06
7.310362805118186500e-06
7.308753827355322402e-06
7.307074021601965548e-06
7.305323582232754868e-06
7.303502714798886678e-06
7.301611635702019704e-06
7.299650571584858589e-06
7.297619759220860044e-06
7.295519445021273220e-06
7.293349884751172766e-06
7.291111343090334072e-06
7.288804093275375405e-06
7.286428416858371307e-06
7.283984603371256448e-06
7.281472949755370956e-06
7.278893760412460271e-06
7.276247346612937933e-06
7.273534026287784826e-06
7.270754123726854683e-06
7.267907969337733119e-06
7.264995899478359691e-06
7.262018255938011840e-06
7.258975385940444848e-06
7.255867641806283139e-06
7.252695380952606078e-06
7.249458965347890742e-06
7.246158761542830363e-06
7.242795140548119338e-06
7.239368477672663156e-06
7.235879152306873486e-06
7.232327547730948206e-06
7.228714051205198145e-06
7.225039053726713997e-06
7.221302950038486330e-06
7.217506138647190731e-06
7.213649021425230558e-06
7.209732004022570282e-06
7.205755495510715685e-06
7.201719908596099245e-06
7.197625659509206066e-06
7.193473168107746723e-06
7.189262857717790308e-06
7.184995155558101675e-06
7.180670492295580433e-06
7.176289302374074905e-06
7.171852024223103745e-06
7.167359099983175864e-06
7.162810975589741558e-06
7.158208101110217601e-06
7.153550930621147982e-06
7.148839922151272286e-06
7.144075537805520301e-06
7.139258243900294191e-06
7.134388510705847666e-06
7.129466812827606655e-06
7.124493628830013836e-06
7.119469441387534284e-06
7.114394737204331332e-06
7.109270007062436491e-06
7.104095745542752041e-06
7.098872451232416559e-06
7.093600626290365951e-06
7.088280776681169606e-06
7.082913411845878473e-06
7.077499044701418587e-06
7.072038191447720816e-06
7.066531371199631688e-06
7.060979106445683373e-06
7.055381922237291722e-06
7.049740346316316890e-06
7.044054909062720932e-06
7.038326143163791276e-06
7.032554583340499105e-06
7.026740766368621817e-06
7.020885230852558123e-06
7.014988516969568990e-06
7.009051166294560406e-06
7.003073721788414654e-06
6.997056727273515979e-06
6.991000727630723023e-06
6.984906268114020909e-06
6.978773894742577221e-06
6.972604153502156797e-06
6.966397590716377967e-06
6.960154752529581149e-06
6.953876184642941666e-06
6.947562432495344309e-06
6.941214040658749202e-06
6.934831552957681892e-06
6.928415512108023769e-06
6.921966459819259110e-06
6.915484936144694927e-06
6.908971480034997000e-06
6.902426628641840703e-06
6.895850917305309693e-06
6.889244879500767464e-06
6.882609047029652364e-06
6.875943949240466478e-06
6.869250113573784576e-06
6.862528065377095253e-06
6.855778327467292317e-06
6.849001420492067328e-06
6.842197862810456772e-06
6.835368170387487260e-06
6.828512856736078383e-06
6.821632433079123317e-06
6.814727408183242507e-06
6.807798288499796023e-06
6.800845578040544206e-06
6.793869778508397363e-06
6.786871389134096810e-06
6.779850907015842891e-06
6.772808826628391104e-06
6.765745640383427930e-06
6.758661838548563983e-06
6.751557908856527408e-06
6.744434336836765427e-06
6.737291606021734126e-06
6.730130197601297155e-06
6.722950590523592954e-06
6.715753261740474406e-06
6.708538685799498151e-06
6.701307335397620703e-06
6.694059680895905325e-06
6.686796190568577667e-06
6.679517330483709317e-06
6.672223564663320578e-06
6.664915355006894245e-06
6.657593161122101995e-06
6.650257440543365996e-06
6.642908648587772669e-06
6.635547238401361350e-06
6.628173660695347215e-06
6.620788364186842687e-06
6.613391795110035570e-06
6.605984397335985769e-06
6.598566612258312257e-06
6.591138879117851494e-06
6.583701634350139661e-06
6.576255311912708736e-06
6.568800343231971597e-06
6.561337156968763304e-06
6.553866179186915897e-06
6.546387833075789045e-06
6.538902539217040526e-06
6.531410715169666481e-06
6.523912775641317217e-06
6.516409132805150210e-06
6.508900195525759726e-06
6.501386370046477147e-06
6.493868059843024848e-06
6.486345665431160948e-06
6.478819584631692199e-06
6.471290212561218462e-06
6.463757941590105468e-06
6.456223161846597324e-06
6.448686260650833338e-06
6.441147623346614037e-06
6.433607632823324769e-06
6.426066670065310250e-06
6.418525114058490888e-06
6.410983342036363162e-06
6.403441729874259587e-06
6.395900651690081941e-06
6.388360480737611860e-06
6.380821589107049961e-06
6.373284348167850597e-06
6.365749128519153491e-06
6.358216300732625695e-06
6.350686234950467386e-06
6.343159301520351989e-06
6.335635871209323180e-06
6.328116315148963048e-06
6.320601005476916221e-06
6.313090315361078582e-06
6.305584619219328627e-06
6.298084293088099455e-06
6.290589714922216569e-06
6.283101264767161512e-06
6.275619325010898993e-06
6.268144280748560998e-06
6.260676519971655311e-06
6.253216434033349184e-06
6.245764417527302971e-06
6.238320868961244274e-06
6.230886191064766169e-06
6.223460790509159198e-06
6.216045078798777174e-06
6.208639472259620870e-06
6.201244392231960089e-06
6.193860265448940450e-06
6.186487524243692261e-06
6.179126606704281644e-06
6.171777956863670379e-06
6.164442024988615125e-06
6.157119267840237627e-06
6.149810148597873061e-06
6.142515136949190110e-06
6.135234709728934269e-06
6.127969350131892789e-06
6.120719548526855214e-06
6.113485802384273388e-06
6.106268615986647333e-06
6.099068500399366986e-06
6.091885973904687840e-06
6.084721561748126734e-06
6.077575795645708909e-06
6.070449214096934821e-06
6.063342362184871897e-06
6.056255791501136217e-06
6.049190059450409003e-06
6.042145730039821354e-06
6.035123372607534073e-06
6.028123562224752212e-06
6.021146879106754264e-06
6.014193908778930100e-06
6.007265241222652430e-06
6.000361470885869795e-06
5.993483196353544681e-06
5.986631019933284159e-06
5.979805547251869286e-06
5.973007387170484054e-06
5.966237151105900641e-06
5.959495452703139295e-06
5.952782907482180210e-06
5.946100132390003373e-06
5.939447745367643768e-06
5.932826365059467646e-06
5.926236610087279689e-06
5.919679098745064192e-06
5.913154448594023698e-06
5.906663275700105343e-06
5.900206194417583943e-06
5.893783816826826934e-06
5.887396751903419425e-06
5.881045605386929146e-06
5.874730978896288957e-06
5.868453469814213273e-06
5.862213670031202364e-06
5.856012165954551396e-06
5.849849537758246851e-06
5.843726358738337187e-06
5.837643194596469173e-06
5.831600603071907126e-06
5.825599133410193385e-06
5.819639325262559433e-06
5.813721708820725266e-06
5.807846803691306105e-06
5.802015118524529906e-06
5.796227150283197102e-06
5.790483383917562254e-06
5.784784291684724445e-06
5.779130332793214791e-06
5.773521952320221527e-06
5.767959581512137617e-06
5.762443636620770525e-06
5.756974518846870526e-06
5.751552613706201085e-06
5.746178290567888109e-06
5.740851902445931264e-06
5.735573785399856163e-06
5.730344258280530787e-06
5.725163622409176429e-06
5.720032161156075521e-06
5.714950139947725676e-06
5.709917805612998019e-06
5.704935386709345665e-06
5.700003092847274616e-06
5.695121114752207658e-06
5.690289624448713183e-06
5.685508774913589289e-06
5.680778700168401287e-06
5.676099515392471656e-06
5.671471317150309241e-06
5.666894183423118875e-06
5.662368173952379120e-06
5.657893330721000180e-06
5.653469677979375247e-06
5.649097223014416957e-06
5.644775956476925462e-06
5.640505853132718614e-06
5.636286872584027056e-06
5.632118959497954251e-06
5.628002045069213448e-06
5.623936047134051070e-06
5.619920871747223856e-06
5.615956413315729269e-06
5.612042556377697510e-06
5.608179175892873835e-06
5.604366138535328909e-06
5.600603303712792645e-06
5.596890524470129200e-06
5.593227648678119757e-06
5.589614519696979013e-06
5.586050977812299639e-06
5.582536860994180150e-06
5.579072005652443713e-06
5.575656247907100326e-06
5.572289424361422776e-06
5.568971372581727277e-06
5.565701932607449409e-06
5.562480947166997758e-06
5.559308262616368913e-06
5.556183729588488853e-06
5.553107203608415519e-06
5.550078545898580846e-06
5.547097623785998467e-06
5.544164311173519811e-06
5.541278489273734788e-06
5.538440046974933218e-06
5.535648881205074047e-06
5.532904897666952342e-06
5.530208010864749542e-06
5.527558144537592353e-06
5.524955232255905446e-06
5.522399217510252512e-06
5.519890054023788075e-06
5.517427706018473177e-06
5.515012148360912426e-06
5.512643366845786468e-06
5.510321358067966103e-06
5.508046129777428411e-06
5.505817700597219339e-06
5.503636100136209041e-06
5.501501368564170168e-06
5.499413556769427647e-06
5.497372725844650386e-06
5.495378946583153815e-06
5.493432299041986741e-06
5.491532872192730154e-06
5.489680762862296082e-06
5.487876075167182427e-06
5.486118919945027456e-06
5.484409413308937170e-06
5.482747675973283500e-06
5.481133832079442198e-06
5.479568008074629543e-06
5.478050331881810893e-06
5.476580930939748612e-06
5.475159931808000955e-06
5.473787458403815372e-06
5.472463630699197013e-06
5.471188564110397024e-06
5.469962367336415761e-06
5.468785141620120701e-06
5.467656979579378244e-06
5.466577963679530588e-06
5.465548165256231420e-06
5.464567643238739408e-06
5.463636442597804869e-06
5.462754594024043730e-06
5.461922111802229579e-06
5.461138992973446785e-06
5.460405216617722203e-06
5.459720741918490516e-06
5.459085507750054460e-06
5.458499430959840125e-06
5.457962406213946425e-06
5.457474304296585000e-06
5.457034971673714259e-06
5.456644229895087474e-06
5.456301875077849833e-06
5.456007677707537362e-06
5.455761382525025983e-06
5.455562708817016375e-06
5.455411351310275463e-06
5.455306980549471551e-06
5.455249244408879108e-06
5.455237769865388136e-06
5.455272164482584660e-06
5.455352018973887683e-06
5.455476909727236756e-06
5.455646401505467745e-06
5.455860050576926279e-06
5.456117408001961507e-06
5.456418023339442333e-06
5.456761447916466371e-06
5.457147238519108654e-06
5.457574961208708252e-06
5.458044194758128471e-06
5.458554534170549404e-06
5.459105594151673667e-06
5.459697012080385299e-06
5.460328451166138761e-06
5.460999602898950068e-06
5.461710189542149532e-06
5.462459965954706231e-06
5.463248721800367864e-06
5.464076282505954017e-06
5.464942510473000368e-06
5.465847305803500757e-06
5.466790606777598189e-06
5.467772390002817641e-06
5.468792670332872871e-06
5.469851500679078770e-06
5.470948971308913210e-06
5.472085209699593003e-06
5.473260379365985282e-06
5.474474679433957006e-06
5.475728344037655961e-06
5.477021641046651479e-06
5.478354871660313234e-06
5.479728369387896323e-06
5.481142499410160488e-06
5.482597657251805217e-06
5.484094268034992306e-06
5.485632784853275541e-06
5.487213687537408470e-06
5.488837480401899642e-06
5.490504690012247312e-06
5.492215862871770392e-06
5.493971561618555027e-06
5.495772361623129924e-06
5.497618846480659500e-06
5.499511603515627370e-06
5.501451218252118976e-06
5.503438269113452777e-06
5.505473321145421317e-06
5.507556920085810376e-06
5.509689585739991457e-06
5.511871806287254405e-06
5.514104031584125118e-06
5.516386667633145533e-06
5.518720070884729675e-06
5.521104543477907452e-06
5.523540328369713257e-06
5.526027605585129710e-06
5.528566488966927369e-06
5.531157023001555297e-06
5.533799180893826704e-06
5.536492862163193602e-06
5.539237891212405967e-06
5.542034015881911946e-06
5.544880905678189349e-06
5.547778150240737984e-06
5.550725257582098506e-06
5.553721651996340878e-06
5.556766671470985691e-06
5.559859565465988910e-06
5.562999491672103588e-06
5.566185513430368577e-06
5.569416597131935071e-06
5.572691609784607864e-06
5.576009317512666139e-06
5.579368384997534587e-06
5.582767375641999373e-06
5.586204753605874796e-06
5.589678887491359784e-06
5.593188054945069547e-06
5.596730450306908254e-06
5.600304192923342510e-06
5.603907337736962365e-06
5.607537887213857181e-06
5.611193804939251677e-06
5.614873029847256260e-06
5.618573491689857046e-06
5.622293126928085733e-06
5.626029894154853107e-06
5.629781790353678699e-06
5.633546865918309500e-06
5.637323238854328466e-06
5.641109108045576812e-06
5.644902764749800570e-06
5.648702602631799896e-06
5.652507125271320743e-06
5.656314952041818421e-06
5.660124820514858029e-06
5.663935587561903571e-06
5.667746226571652941e-06
5.671555822605122121e-06
5.675363565536090310e-06
5.679168740361488549e-06
5.682970717022545502e-06
5.686768939029979463e-06
5.690562912820743928e-06
5.694352198490718041e-06
5.698136403016609195e-06
5.701915176957187449e-06
5.705688215842090917e-06
5.709455265969332610e-06
5.713216134878584151e-06
5.716970706745174588e-06
5.720718960272842318e-06
5.724460989413634818e-06
5.728197023886566048e-06
5.731927448703548699e-06
5.735652820643205848e-06
5.739373880135180278e-06
5.743091557750350794e-06
5.746806974555490846e-06
5.750521435721363092e-06
5.754236417959515714e-06
5.757953550826533089e-06
5.761674593307710011e-06
5.765401404618278473e-06
5.769135912845453439e-06
5.772880079806598642e-06
5.776635865091199897e-06
5.780405189746000381e-06
5.784189900695635790e-06
5.787991738105072525e-06
5.791812306415726874e-06
5.795653051361137893e-06
5.799515242378783962e-06
5.803399963201228947e-06
5.807308108261474464e-06
5.811240386633670549e-06
5.815197329659934994e-06
5.819179302770146710e-06
5.823186517894798516e-06
5.827219044158077448e-06
5.831276815646066587e-06
5.835359633925662660e-06
5.839467164322717495e-06
5.843598925826053278e-06
5.847754274550356358e-06
5.851932381842029814e-06
5.856132208127930435e-06
5.860352474179544738e-06
5.864591631407218250e-06
5.868847833540552512e-06
5.873118911337506450e-06
5.877402352324191593e-06
5.881695288130132007e-06
5.885994490820162708e-06
5.890296379851440752e-06
5.894597041093321036e-06
5.898892257286420530e-06
5.903177550501762582e-06
5.907448234206843567e-06
5.911699473804664118e-06
5.915926352724859731e-06
5.920123941890975108e-06
5.924287370586712513e-06
5.928411896146437406e-06
5.932492971460243369e-06
5.936526308859914593e-06
5.940507939394356752e-06
5.944434266715437693e-06
5.948302116086099125e-06
5.952108777468911632e-06
5.955852043720929022e-06
5.959530240108443801e-06
5.963142243163560106e-06
5.966687479736086860e-06
5.970165897993003289e-06
5.973577898080302056e-06
5.976924215305911631e-06
5.980205750076174349e-06
5.983423354574419605e-06
5.986577593499885732e-06
5.989668512826421811e-06
5.992695455151251660e-06
5.995656965190713383e-06
5.998550817530159870e-06
6.001374182262634835e-06
6.004123918426518760e-06
6.006796962474570133e-06
6.009390754295884420e-06
6.011903638451252411e-06
6.014335181483558183e-06
6.016686361534377311e-06
6.018959616629932827e-06
6.021158761582257076e-06
6.023288810370522132e-06
6.025355750286828800e-06
6.027366316501311668e-06
6.029327800448529428e-06
6.031247908199760538e-06
6.033134658528855220e-06
6.034996295226144703e-06
6.036841177678138103e-06
6.038677618424699151e-06
6.040513652978019806e-06
6.042356747400970007e-06
6.044213475690410146e-06
6.046089215114816125e-06
6.047987914771547427e-06
6.049911988389919924e-06
6.051862363604340622e-06
6.053838693322855106e-06
6.055839702164728347e-06
6.057863612661513021e-06
6.059908574042964231e-06
6.061973014901721933e-06
6.064055858308282573e-06
6.066156573457188952e-06
6.068275082932497745e-06
6.070411581937918647e-06
6.072566344052500783e-06
6.074739578825857802e-06
6.076931375653372621e-06
6.079141724056537867e-06
6.081370562037015830e-06
6.083617777046106630e-06
6.085883086568450047e-06
6.088165756838645076e-06
6.090464175222717706e-06
6.092775364772780688e-06
6.095094589021881458e-06
6.097415210028953455e-06
6.099728917437244326e-06
6.102026331269205804e-06
6.104297845241629554e-06
6.106534463828879415e-06
6.108728358768162547e-06
6.110872958538523817e-06
6.112962562803160131e-06
6.114991675479804652e-06
6.116954377040424688e-06
6.118844038106205703e-06
6.120653505280600747e-06
6.122375637334830916e-06
6.124003871680386314e-06
6.125532470905961340e-06
6.126956269680123866e-06
6.128270029168813523e-06
6.129467738321626881e-06
6.130542254843645841e-06
6.131485526329297490e-06
6.132289375982447077e-06
6.132946595247934920e-06
6.133451943038194060e-06
6.133802642686883252e-06
6.133998090511766833e-06
6.134038722292366674e-06
6.133924270932196176e-06
6.133651892250004960e-06
6.133214776520121660e-06
6.132601841298135014e-06
6.131798882202888389e-06
6.130791127427585964e-06
6.129566598553187797e-06
6.128119279272218585e-06
6.126451087453231914e-06
6.124572093173625738e-06
6.122499075432894364e-06
6.120253001495019350e-06
6.117856147118884214e-06
6.115329451877548925e-06
6.112690562237891115e-06
6.109952960771947274e-06
6.107126480040804823e-06
6.104219181032295622e-06
6.101240074515012571e-06
6.098201784443665718e-06
6.095122248053706669e-06
6.092024886640234229e-06
6.088937105821794411e-06
6.085887304484056609e-06
6.082900833617618923e-06
6.079995686128166292e-06
6.077179072006309888e-06
6.074446190036368919e-06
6.071782152128800349e-06
6.069167096688338278e-06
6.066583310191521231e-06
6.064022112011232972e-06
6.061487846693394371e-06
6.058996903683184820e-06
6.056571305950936942e-06
6.054228631947770344e-06
6.051971980034952216e-06
6.049784305649504234e-06
6.047630203395633736e-06
6.045465386482802408e-06
6.043250898853796282e-06
6.040966968161753523e-06
6.038621445159548666e-06
6.036249877308065348e-06
6.033907064846081042e-06
6.031651991737407625e-06
6.029529265666256847e-06
6.027551777618862162e-06
6.025691187136743382e-06
6.023882514900913487e-06
6.022043867075380105e-06
6.020103637724530522e-06
6.018021845588449208e-06
6.015795263860038646e-06
6.013446173533454983e-06
6.011003929504087820e-06
6.008490200568461780e-06
6.005912879658462435e-06
6.003265897536909662e-06
6.000528699552234569e-06
5.997662596220613576e-06
5.994608442009063341e-06
5.991293543488288770e-06
5.987650215353045666e-06
5.983638091765248509e-06
5.979257423305168927e-06
5.974546440399182954e-06
5.969566785837317998e-06
5.964386881061033987e-06
5.959070046871718258e-06
5.953667380543544536e-06
5.948211681459438705e-06
5.942709298869987893e-06
5.937128517089259783e-06
5.931385563044431022e-06
5.925335774037481427e-06
5.918786265679238711e-06
5.911545479344743657e-06
5.903503280610161384e-06
5.894703062484484171e-06
5.885355578804202746e-06
5.875773378448647435e-06
5.866256287192450537e-06
5.856989626447867246e-06
5.848004062484295614e-06
5.839204797695999634e-06
5.830441233566737967e-06
5.821575830135313594e-06
5.812521757315545057e-06
5.803242191113345744e-06
5.793726481452008895e-06
5.783967391139224260e-06
5.773954572546747981e-06
5.763681829838587628e-06
5.753155336852061792e-06
5.742393479502191460e-06
5.731419265305607569e-06
5.720252724528421637e-06
5.708909174161773254e-06
5.697402240815677848e-06
5.685744856754289321e-06
5.673944840645022397e-06
5.662004228512242164e-06
5.649937675552998460e-06
5.637807866289690342e-06
5.625747544167509102e-06
5.613939684859270146e-06
5.602571362955173251e-06
5.591807581889350556e-06
5.581794980601260906e-06
5.572646554341401620e-06
5.564374125105890643e-06
5.556822376912663344e-06
5.549696809406124514e-06
5.542697823348420794e-06
5.535661245520306209e-06
5.528597017781340856e-06
5.521622573102336228e-06
5.514878601383098717e-06
5.508491862307802653e-06
5.502564141106757379e-06
5.497139091618332239e-06
5.492151418940319509e-06
5.487409233647047731e-06
5.482640569963493119e-06
5.477581092857526304e-06
5.472051164681293131e-06
5.465983527992182964e-06
5.459396259341086475e-06
5.452334390543975467e-06
5.444815058537594170e-06
5.436803013652192503e-06
5.428222175734415304e-06
5.418988458056389073e-06
5.409042025933060672e-06
5.398364476390572978e-06
5.386978295827862034e-06
5.374933803834859283e-06
5.362291930285275239e-06
5.349111618968090644e-06
5.335448040792348049e-06
5.321362676240792109e-06
5.306942776958030809e-06
5.292326448495085188e-06
5.277722673491303536e-06
5.263400210060521347e-06
5.249617491866162893e-06
5.236506837862255709e-06
5.223990666566198434e-06
5.211816848199530403e-06
5.199712756145906147e-06
5.187549220815565802e-06
5.175395063622938541e-06
5.163441368203191039e-06
5.151873864063279101e-06
5.140782047866696572e-06
5.130136564876696347e-06
5.119817254154561279e-06
5.109663133985412255e-06
5.099519716276768857e-06
5.089262099038127887e-06
5.078784724208182531e-06
5.067973355963807899e-06
5.056689702423658275e-06
5.044786113690763296e-06
5.032139656482681226e-06
5.018680220409715496e-06
5.004397268411396002e-06
4.989328885432956962e-06
4.973544604571362181e-06
4.957127962597698573e-06
4.940160702453518069e-06
4.922719881692647550e-06
4.904912629823856650e-06
4.886957804526612879e-06
4.869251273802961685e-06
4.852268581991663359e-06
4.836218859405456329e-06
4.820664853766202020e-06
4.804611237261088292e-06
4.787308602945555124e-06
4.769183578544175837e-06
4.751842128732962500e-06
4.736910087144517560e-06
4.724825260987940903e-06
4.714796563891235863e-06
4.705766223540346763e-06
4.697191372163430921e-06
4.689019504411143801e-06
4.681318373910445242e-06
4.674168336293665884e-06
4.667788998662210909e-06
4.662526005869933365e-06
4.658600676916117884e-06
4.655883019610671889e-06
4.653925849070670170e-06
4.652206525383475492e-06
4.650341039689140580e-06
4.648123332874875718e-06
4.645436381049635462e-06
4.642161889031654814e-06
4.638154537375861187e-06
4.633262794017704361e-06
4.627355178576170217e-06
4.620333997057794773e-06
4.612140120428516632e-06
4.602753967420743065e-06
4.592191554092516658e-06
4.580494794995620297e-06
4.567721767865785607e-06
4.553944826769481479e-06
4.539257496855932590e-06
4.523782472402247206e-06
4.507671959174395278e-06
4.491097615893252576e-06
4.474233340442726866e-06
4.457236746736278694e-06
4.440236488059092062e-06
4.423333233343455156e-06
4.406618459342186511e-06
4.390205409852351836e-06
4.374255044574136471e-06
4.358974117664542373e-06
4.344569474419116028e-06
4.331166899205787103e-06
4.318737758387497885e-06
4.307093372403700045e-06
4.295973648556580425e-06
4.285183925193618277e-06
4.274685533880111125e-06
4.264576549911295812e-06
4.254987933328425252e-06
4.245981539529147132e-06
4.237514838008159804e-06
4.229467652121137450e-06
4.221684724228196418e-06
4.214001860267639739e-06
4.206256835692923012e-06
4.198298371435970631e-06
4.189996021030451235e-06
4.181244584903892400e-06
4.171960903902679819e-06
4.162079131859698771e-06
4.151550684504952366e-06
4.140348132772975679e-06
4.128467998136734523e-06
4.115930359577480345e-06
4.102778415810359885e-06
4.089081337637977498e-06
4.074937916448861866e-06
4.060472888635586667e-06
4.045820464997197479e-06
4.031105131290601244e-06
4.016451199584706954e-06
4.002048901909073250e-06
3.988236146603860620e-06
3.975451069814113594e-06
3.963930617006874375e-06
3.953310008553910211e-06
3.942604474297691513e-06
3.930901212198467102e-06
3.918327462804151183e-06
3.906293039148185906e-06
3.896547519030979371e-06
3.889844328935844649e-06
3.885470778134780717e-06
3.881969301968438793e-06
3.878201428855535547e-06
3.873825815776302539e-06
3.869088695152761660e-06
3.864419238133172551e-06
3.860196307819385111e-06
3.856678233865857392e-06
3.853965681822512392e-06
3.851972031612195184e-06
3.850449452730842727e-06
3.849079330799219954e-06
3.847574416375627520e-06
3.845735169085939404e-06
3.843444908709393667e-06
3.840630064159533489e-06
3.837223539639161134e-06
3.833153394231448490e-06
3.828355684398084546e-06
3.822796897275112198e-06
3.816491436529973764e-06
3.809506263850335178e-06
3.801951315517386657e-06
3.793959071884448390e-06
3.785660342581439363e-06
3.777165248580693344e-06
3.768556627458817536e-06
3.759897186831804937e-06
3.751244479306120527e-06
3.742663957298146053e-06
3.734232772347556727e-06
3.726033443719263813e-06
3.718142008406870951e-06
3.710616888720706828e-06
3.703493472794794546e-06
3.696787187261285224e-06
3.690504857769618591e-06
3.684660304139894326e-06
3.679286718199253032e-06
3.674437449001350730e-06
3.670170192359372683e-06
3.666517887102215433e-06
3.663459132500677930e-06
3.660903857910812709e-06
3.658702808291880176e-06
3.656677966535749588e-06
3.654662509474952317e-06
3.652534490100543379e-06
3.650228528728242450e-06
3.647718678486335849e-06
3.644982828402495029e-06
3.641971917120590929e-06
3.638602560074718635e-06
3.634772737187850319e-06
3.630384624740758819e-06
3.625358969565299385e-06
3.619637236189216583e-06
3.613177936082229948e-06
3.605954570982420603e-06
3.597957429571816858e-06
3.589196987990176494e-06
3.579706041733373410e-06
3.569539213748342310e-06
3.558769616527483442e-06
3.547482934246228721e-06
3.535770128217015503e-06
3.523721462873587814e-06
3.511425143865127901e-06
3.498972134223262859e-06
3.486465116644260541e-06
3.474026490839292614e-06
3.461800098404955627e-06
3.449944261737724337e-06
3.438618092543896773e-06
3.427967643242314192e-06
3.418122313358826328e-06
3.409209958822902910e-06
3.401382985743712037e-06
3.394820454131813534e-06
3.389663436204225417e-06
3.385890659327325031e-06
3.383233005459978108e-06
3.381260438790043285e-06
3.379661211433342924e-06
3.378529713076218595e-06
3.378396275633998083e-06
3.379909856220275360e-06
3.383388690312043897e-06
3.388582475847942347e-06
3.394807376695760652e-06
3.401310077382318455e-06
3.407580433486204383e-06
3.413445680668714204e-06
3.418978060118381150e-06
3.424345082123623858e-06
3.429697254488113699e-06
3.435113167440415158e-06
3.440583944829120664e-06
3.446021317163199376e-06
3.451282880868353233e-06
3.456207110427636232e-06
3.460645933927858127e-06
3.464484133934149831e-06
3.467642594155372716e-06
3.470070132838899418e-06
3.471731788746480237e-06
3.472599985932752528e-06
3.472651464362465225e-06
3.471869571953963662e-06
3.470249681399412824e-06
3.467805180404964983e-06
3.464572024449348428e-06
3.460610513405233980e-06
3.456003533695707581e-06
3.450851212477972132e-06
3.445262937426766103e-06
3.439348719365614633e-06
3.433212304967185592e-06
3.426947845186433205e-06
3.420640442332657657e-06
3.414369276768680932e-06
3.408211130589498264e-06
3.402242406595928015e-06
3.396538866398077283e-06
3.391173512518049036e-06
3.386213709646595246e-06
3.381718717243939329e-06
3.377738561886587570e-06
3.374314773549992622e-06
3.371482905252832520e-06
3.369276002689755930e-06
3.367727599025093583e-06
3.366872694483143521e-06
3.366745580512279652e-06
3.367374244746279542e-06
3.368772450278082666e-06
3.370932049904701377e-06
3.373818698342059916e-06
3.377373067621755087e-06
3.381517420283327252e-06
3.386165394550274015e-06
3.391232079489423086e-06
3.396641720295596234e-06
3.402331104576712740e-06
3.408247793327894796e-06
3.414344098081670654e-06
3.420569590359240574e-06
3.426865723555719288e-06
3.433165002367981928e-06
3.439394624674801960e-06
3.445482316429127746e-06
3.451361522254858739e-06
3.456974243493131522e-06
3.462271534768786319e-06
3.467212796599048660e-06
3.471765068099953138e-06
3.475902887715606078e-06
3.479608618715949759e-06
3.482872846276905770e-06
3.485694520306646638e-06
3.488080682831650110e-06
3.490045702593978063e-06
3.491609963142503117e-06
3.492798047537329377e-06
3.493636673025196097e-06
3.494152870258899292e-06
3.494372988189905854e-06
3.494322927185678935e-06
3.494029577226555857e-06
3.493522943686166984e-06
3.492838118698790148e-06
3.492016268525672372e-06
3.491104162138605060e-06
3.490152310058945092e-06
3.489212326250912773e-06
3.488334532246418433e-06
3.487566948850846959e-06
3.486956412841811934e-06
3.486551328055914599e-06
3.486403675705629771e-06
3.486566503307967136e-06
3.487084067534429453e-06
3.487976264972665909e-06
3.489225373625439402e-06
3.490776787893190174e-06
3.492561405733766321e-06
3.494535112578296981e-06
3.496716953136281141e-06
3.499202504308822784e-06
3.502138991081584504e-06
3.505669671118399902e-06
3.509873768202823924e-06
3.514731905723875206e-06
3.520132892100817532e-06
3.525915402589732879e-06
3.531921862201372252e-06
3.538040274067421735e-06
3.544220806082252161e-06
3.550468445632672121e-06
3.556822244268450353e-06
3.563332696889242569e-06
3.570044402979517415e-06
3.576985971185490739e-06
3.584166085799516972e-06
3.591573964988625991e-06
3.599182816767356069e-06
3.606955170984995294e-06
3.614848876135179628e-06
3.622822453589415806e-06
3.630838764639759792e-06
3.638866569346038126e-06
3.646880253497968149e-06
3.654858461562596664e-06
3.662782465950712031e-06
3.670634899741304307e-06
3.678399150566048293e-06
3.686059413516911810e-06
3.693601211289337494e-06
3.701012129072547597e-06
3.708282537891871273e-06
3.715406152267374327e-06
3.722380343840169106e-06
3.729206191506367227e-06
3.735888282664503427e-06
3.742434302035725808e-06
3.748854457982949631e-06
3.755160811287731051e-06
3.761366584378594095e-06
3.767485533971964236e-06
3.773531459494479028e-06
3.779517894544971563e-06
3.785457987245704955e-06
3.791364534720966618e-06
3.797250105203056458e-06
3.803127168207225697e-06
3.809008167674155595e-06
3.814905498595185415e-06
3.820831386352650356e-06
3.826797696413779455e-06
3.832815721358069336e-06
3.838895995435333194e-06
3.845048178585564562e-06
3.851281039346096197e-06
3.857602548145131106e-06
3.864020071806802528e-06
3.870540641163346894e-06
3.877171244789467101e-06
3.883919091259205738e-06
3.890791781381985412e-06
3.897797339620243222e-06
3.904944068523723712e-06
3.912240214914233127e-06
3.919693463741579500e-06
3.927310315323835000e-06
3.935095437642011260e-06
3.943051110285361473e-06
3.951176877825039149e-06
3.959469498218876758e-06
3.967923218820804464e-06
3.976530349353332001e-06
3.985282044031182954e-06
3.994169166065619619e-06
4.003183092394829297e-06
4.012316324816701575e-06
4.021562809961950588e-06
4.030917926410213649e-06
4.040378167666278228e-06
4.049940615276996312e-06
4.059602338652580301e-06
4.069359864739123115e-06
4.079208826631287184e-06
4.089143842402970797e-06
4.099158608804059849e-06
4.109246145969156859e-06
4.119399107231289273e-06
4.129610075928592524e-06
4.139871798212259187e-06
4.150177335600142468e-06
4.160520147784186218e-06
4.170894130220639213e-06
4.181293633519828545e-06
4.191713480018969107e-06
4.202148984463649522e-06
4.212595973831172062e-06
4.223050798602322471e-06
4.233510329535312843e-06
4.243971936765215699e-06
4.254433453986125491e-06
4.264893132851602367e-06
4.275349594084544557e-06
4.285801778992650617e-06
4.296248904795383414e-06
4.306690423639990439e-06
4.317125985431153594e-06
4.327555402545706565e-06
4.337978618220096383e-06
4.348395678259213621e-06
4.358806709614135493e-06
4.369211907027472371e-06
4.379611531205251298e-06
4.390005918227149649e-06
4.400395499008284956e-06
4.410780826393144293e-06
4.421162604331989053e-06
4.431541714535779851e-06
4.441919235456579754e-06
4.452296449608068708e-06
4.462674839035590162e-06
4.473056069340338037e-06
4.483441966143612857e-06
4.493834488872762236e-06
4.504235706946540405e-06
4.514647783135492398e-06
4.525072965782675558e-06
4.535513589220401449e-06
4.545972076633664609e-06
4.556450937307861455e-06
4.566952747094517304e-06
4.577480101991815793e-06
4.588035537327600585e-06
4.598621413209015509e-06
4.609239775839224816e-06
4.619892214495538351e-06
4.630579743747028079e-06
4.641302742829572134e-06
4.652060981215254491e-06
4.662853748257454186e-06
4.673680084008917562e-06
4.684539087296889933e-06
4.695430254672293253e-06
4.706353788828737065e-06
4.717310812313239951e-06
4.728303434184760409e-06
4.739334639000387585e-06
4.750408002202502169e-06
4.761527269400750545e-06
4.772695865223142985e-06
4.783916413124541991e-06
4.795190347685792690e-06
4.806517682971602733e-06
4.817896972621538050e-06
4.829325462229611900e-06
4.840799401515039376e-06
4.852314460557015269e-06
4.863866180708591192e-06
4.875450394883342283e-06
4.887063563051724320e-06
4.898702990748866320e-06
4.910366920309482857e-06
4.922054505455461781e-06
4.933765693380072207e-06
4.945501047798337453e-06
4.957261544882464551e-06
4.969048371076143613e-06
4.980862743016936515e-06
4.992705761597157916e-06
5.004578305257825695e-06
5.016480960624337530e-06
5.028413986079299774e-06
5.040377302679760974e-06
5.052370505682540157e-06
5.064392891734401176e-06
5.076443496991640559e-06
5.088521142457567516e-06
5.100624483636263944e-06
5.112752061106658439e-06
5.124902349756116451e-06
5.137073804215694150e-06
5.149264897953320351e-06
5.161474155104574687e-06
5.173700173475589311e-06
5.185941639193174901e-06
5.198197333109233382e-06
5.210466130243073131e-06
5.222746994028213813e-06
5.235038966565701077e-06
5.247341157219675285e-06
5.259652730501140334e-06
5.271972895043074297e-06
5.284300893767661004e-06
5.296635996630348321e-06
5.308977495471843630e-06
5.321324700905210144e-06
5.333676941685349141e-06
5.346033564718478259e-06
5.358393936919098766e-06
5.370757447374085121e-06
5.383123509418050373e-06
5.395491563119721589e-06
5.407861077128678362e-06
5.420231550058327213e-06
5.432602511242787367e-06
5.444973520969888342e-06
5.457344170144746247e-06
5.469714079289969289e-06
5.482082897192657325e-06
5.494450299272575092e-06
5.506815985407340911e-06
5.519179678079903797e-06
5.531541119895139418e-06
5.543900071359807233e-06
5.556256308691054337e-06
5.568609621560400804e-06
5.580959811259672796e-06
5.593306688547278997e-06
5.605650072034395158e-06
5.617989786700862424e-06
5.630325662426112027e-06
5.642657532709406920e-06
5.654985233890251290e-06
5.667308604046125406e-06
5.679627482336030849e-06
5.691941708414530911e-06
5.704251122016837429e-06
5.716555562509608888e-06
5.728854868512892512e-06
5.741148877803161012e-06
5.753437426895569491e-06
5.765720351087120242e-06
5.777997484085564061e-06
5.790268657839465958e-06
5.802533702478877271e-06
5.814792446028199126e-06
5.827044714220142657e-06
5.839290330358327559e-06
5.851529114954331008e-06
5.863760885593393980e-06
5.875985456694333994e-06
5.888202639289373297e-06
5.900412240735700431e-06
5.912614064615402604e-06
5.924807910497779778e-06
5.936993573794236064e-06
5.949170845624731429e-06
5.961339512706952511e-06
5.973499357306911123e-06
5.985650157209537807e-06
5.997791685686600460e-06
6.009923711598792135e-06
6.022045999432848024e-06
6.034158309403150449e-06
6.046260397714790189e-06
6.058352016456147455e-06
6.070432914039412554e-06
6.082502835255731963e-06
6.094561521591357454e-06
6.106608711401153165e-06
6.118644140110407130e-06
6.130667540486637377e-06
6.142678642877234643e-06
6.154677175319418264e-06
6.166662863911278107e-06
6.178635432914752606e-06
6.190594604869621602e-06
6.202540100891744109e-06
6.214471640733455147e-06
6.226388942969984145e-06
6.238291725020323287e-06
6.250179703357151080e-06
6.262052593501788270e-06
6.273910110182277908e-06
6.285751967283091920e-06
6.297577877973696312e-06
6.309387554722557704e-06
6.321180709372443714e-06
6.332957053061244858e-06
6.344716296362281321e-06
6.356458149229084884e-06
6.368182321165803312e-06
6.379888521036003847e-06
6.391576457237454221e-06
6.403245837791236446e-06
6.414896370192962096e-06
6.426527761602331501e-06
6.438139718834235663e-06
6.449731948425413519e-06
6.461304156683878853e-06
6.472856049720906798e-06
6.484387333595312349e-06
6.495897714226926796e-06
6.507386897582955979e-06
6.518854589744869637e-06
6.530300496939294393e-06
6.541724325631919211e-06
6.553125782556578278e-06
6.564504574793075540e-06
6.575860409961779512e-06
6.587192996099057765e-06
6.598502041892330262e-06
6.609787256644720135e-06
6.621048350416498021e-06
6.632285034044074232e-06
6.643497019237190710e-06
6.654684018633387779e-06
6.665845745835429456e-06
6.676981915517436674e-06
6.688092243454202247e-06
6.699176446611954686e-06
6.710234243191467093e-06
6.721265352586884585e-06
6.732269495710779114e-06
6.743246394721647960e-06
6.754195773251547056e-06
6.765117356483658032e-06
6.776010871139940167e-06
6.786876045495890789e-06
6.797712609561506236e-06
6.808520295028619279e-06
6.819298835307986460e-06
6.830047965665370712e-06
6.840767423188583302e-06
6.851456946895066341e-06
6.862116277728216652e-06
6.872745158714732312e-06
