3.033425009733420330e-02
1.871971477671870859e-02
9.166720675471255048e-03
5.560192068239292081e-03
4.079129973097989255e-03
3.450648466654882441e-03
3.200046925518044809e-03
3.131396215893780983e-03
3.156449399862250923e-03
3.232466836160272344e-03
3.337495465206517624e-03
3.459721222541745252e-03
3.592552435661646240e-03
3.732210227874524500e-03
3.876486568320496734e-03
4.024076527936287263e-03
4.174206428113363086e-03
4.326420690679689748e-03
4.480456755306205449e-03
4.636170294824010912e-03
4.793489858480784460e-03
4.952389080084769295e-03
5.112869542109048544e-03
5.274950188144525605e-03
5.438660798781034048e-03
5.604038005847491316e-03
5.771122898048527093e-03
5.939959624638938528e-03
6.110594622885565617e-03
6.283076232308408039e-03
6.457454545404359321e-03
6.633781399697842585e-03
6.812110451198728246e-03
6.992497291901606481e-03
7.174999588409465730e-03
7.359677227984493496e-03
7.546592464179810444e-03
7.735810057877368778e-03
7.927397411817051903e-03
8.121424698057561758e-03
8.317964978586443389e-03
8.517094319699608160e-03
8.718891900954506627e-03
8.923440119536196410e-03
9.130824690838519261e-03
9.341134745974219097e-03
9.554462926826793809e-03
9.770905479141105132e-03
9.990562344046181875e-03
1.021353724829745027e-02
1.043993779343932796e-02
1.066987554400085185e-02
1.090346611477820832e-02
1.114082925718814718e-02
1.138208894462830120e-02
1.162737345675038045e-02
1.187681546250167648e-02
1.213055210177930478e-02
1.238872506551651209e-02
1.265148067400921096e-02
1.291896995327732924e-02
1.319134870926496131e-02
1.346877759966788254e-02
1.375142220319551176e-02
1.403945308607609105e-02
1.433304586562500135e-02
1.463238127071141842e-02
1.493764519897950067e-02
1.524902877068980839e-02
1.556672837907611441e-02
1.589094573713492609e-02
1.622188792078659014e-02
1.655976740837354633e-02
1.690480211649447381e-02
1.725721543219417564e-02
1.761723624156349283e-02
1.798509895483159718e-02
1.836104352806295845e-02
1.874531548160408498e-02
1.913816591544440296e-02
1.953985152170334763e-02
1.995063459445611115e-02
2.037078303715959826e-02
2.080057036795135081e-02
2.124027572310911369e-02
2.169018385898531173e-02
2.215058515273901629e-02
2.262177560218429917e-02
2.310405682509712039e-02
2.359773605829414492e-02
2.410312615680092196e-02
2.462054559340488488e-02
2.515031845885520520e-02
2.569277446294095102e-02
2.624824893662999759e-02
2.681708283539359014e-02
2.739962274377782947e-02
2.799622088119808200e-02
2.860723510884571538e-02
2.923302893749400722e-02
2.987397153587162055e-02
3.053043773915038381e-02
3.120280805695080720e-02
3.189146868012716213e-02
3.259681148542770135e-02
3.331923403696750857e-02
3.405913958327422969e-02
3.481693704849337517e-02
3.559304101615803212e-02
3.638787170375390456e-02
3.720185492613811706e-02
3.803542204570371094e-02
3.888900990702544996e-02
3.976306075359888059e-02
4.065802212414479366e-02
4.157434672588332381e-02
4.251249228209814240e-02
4.347292135129241647e-02
4.445610111523908003e-02
4.546250313327906967e-02
4.649260306030612855e-02
4.754688032603167358e-02
4.862581777329863519e-02
4.972990125346663653e-02
5.085961917718832132e-02
5.201546201924514556e-02
5.319792177652184206e-02
5.440749137865755203e-02
5.564466405141455657e-02
5.690993263337608410e-02
5.820378884717297002e-02
5.952672252706617956e-02
6.087922080539796138e-02
6.226176726108013926e-02
6.367484103400153361e-02
6.511891590991769618e-02
6.659445938106671459e-02
6.810193168841784106e-02
6.964178485206477809e-02
7.121446169684815530e-02
7.282039488078062561e-02
7.446000593427899716e-02
7.613370431851830544e-02
7.784188651145361459e-02
7.958493513016327847e-02
8.136321809813069905e-02
8.317708786596313131e-02
8.502688069372892066e-02
8.691291600269998585e-02
8.883549580372074317e-02
9.079490420872958489e-02
9.279140703118238243e-02
9.482525148016716920e-02
9.689666595202085786e-02
9.900585992213647990e-02
1.011530239384966778e-01
1.033383297172849463e-01
1.055619303396549136e-01
1.078239605476013496e-01
1.101245371355901725e-01
1.124637594335467644e-01
1.148417098756668170e-01
1.172584546485708618e-01
1.197140444114301733e-01
1.222085150799522291e-01
1.247418886654874104e-01
1.273141741600618271e-01
1.299253684578031420e-01
1.325754573030838712e-01
1.352644162556300989e-01
1.379922116630498685e-01
1.407588016313893742e-01
1.435641369848004445e-01
1.464081622058119592e-01
1.492908163483412931e-01
1.522120339161956992e-01
1.551717457005787892e-01
1.581698795708156025e-01
1.612063612133956825e-01
1.642811148151439304e-01
1.673940636871912857e-01
1.705451308271843935e-01
1.737342394179357541e-01
1.769613132614812345e-01
1.802262771481417114e-01
1.835290571609137500e-01
1.868695809160831889e-01
1.902477777414993410e-01
1.936635787945114595e-01
1.971169171219735172e-01
2.006077276651833663e-01
2.041359472129698205e-01
2.077015143064379343e-01
2.113043690992070789e-01
2.149444531771368405e-01
2.186217093417435198e-01
2.223360813616339915e-01
2.260875136963546861e-01
2.298759511970811242e-01
2.337013387885680804e-01
2.375636211367219419e-01
2.414627423060367595e-01
2.453986454110192728e-01
2.493712722655367919e-01
2.533805630337984116e-01
2.574264558864548524e-01
2.615088866650090438e-01
2.656277885574888642e-01
2.697830917879397994e-01
2.739747233220685696e-01
2.782026065909585233e-01
2.824666612345170247e-01
2.867668028659077217e-01
2.911029428579837153e-01
2.954749881523168198e-01
2.998828410912303677e-01
3.043263992728560963e-01
3.088055554290587423e-01
3.133201973257845885e-01
3.178702076852054081e-01
3.224554641288729373e-01
3.270758391409133159e-01
3.317312000502469771e-01
3.364214090307063865e-01
3.411463231179153177e-01
3.459057942417602671e-01
3.506996692733858612e-01
3.555277900855940421e-01
3.603899936257324854e-01
3.652861120001401063e-01
3.702159725694188497e-01
3.751793980538968287e-01
3.801762066487071601e-01
3.852062121481463208e-01
3.902692240789897293e-01
3.953650478425946857e-01
4.004934848656998003e-01
4.056543327598899351e-01
4.108473854897644606e-01
4.160724335498913184e-01
4.213292641505753666e-01
4.266176614125917754e-01
4.319374065708743160e-01
4.372882781872295399e-01
4.426700523720190628e-01
4.480825030147398969e-01
4.535254020233829286e-01
4.589985195723439437e-01
4.645016243586377325e-01
4.700344838660823754e-01
4.755968646371123709e-01
4.811885325517644696e-01
4.868092531134304290e-01
4.924587917408377313e-01
4.981369140658309935e-01
5.038433862363755900e-01
5.095779752243474459e-01
5.153404491374981022e-01
5.211305775352045311e-01
5.269481317473662108e-01
5.327928851960833656e-01
5.386646137195172379e-01
5.445630958975340441e-01
5.504881133785518577e-01
5.564394512072140531e-01
5.624168981523390842e-01
5.684202470346747527e-01
5.744492950540019960e-01
5.805038441150899287e-01
5.865837011520226296e-01
5.926886784504253880e-01
5.988185939670694902e-01
6.049732716464512050e-01
6.111525417337617672e-01
6.173562410838291381e-01
6.235842134654905333e-01
6.298363098609226496e-01
6.361123887593808091e-01
6.424123164448458656e-01
6.487359672769709151e-01
6.550832239648567423e-01
6.614539778329336928e-01
6.678481290784479274e-01
6.742655870198230872e-01
6.807062703352674271e-01
6.871701072908974472e-01
6.936570359576859079e-01
7.001670044164196582e-01
7.066999709499636184e-01
7.132559042219762668e-01
7.198347834413173496e-01
7.264365985112861690e-01
7.330613501629309470e-01
7.397090500716115846e-01
7.463797209559585033e-01
7.530733966585675399e-01
7.597901222076557382e-01
7.665299538588855599e-01
7.732929591168983263e-01
7.800792167357429863e-01
7.868888166978553755e-01
7.937218601708860843e-01
8.005784594421738731e-01
8.074587378303220708e-01
8.143628295737013190e-01
8.212908796955803448e-01
8.282430438457869526e-01
8.352194881187428033e-01
8.422203888478981826e-01
8.492459323765630952e-01
8.562963148053095441e-01
8.633717417160490237e-01
8.704724278730809894e-01
8.775985969014179489e-01
8.847504809427481076e-01
8.919283202895665896e-01
8.991323629978734688e-01
9.063628644792143252e-01
9.136200870725263989e-01
9.209042995967275935e-01
9.282157768846679424e-01
9.355547992994167616e-01
9.429216522338157436e-01
9.503166255941141172e-01
9.577400132689399825e-01
9.651921125844656890e-01
9.726732237469529752e-01
9.801836492738199569e-01
9.877236934143608371e-01
9.952936615612674176e-01
1.002893859654173214e+00
1.010524593576436203e+00
1.018186168546233228e+00
1.025878888503317210e+00
1.033603055492482437e+00
1.041358969044897664e+00
1.049146925558526178e+00
1.056967217678633109e+00
1.064820133679454051e+00
1.072705956848075237e+00
1.080624964871431892e+00
1.088577429227412852e+00
1.096563614580814638e+00
1.104583778185020959e+00
1.112638169290104395e+00
1.120727028557976235e+00
1.128850587485249690e+00
1.137009067834217069e+00
1.145202681072517326e+00
1.153431627821790206e+00
1.161696097315694898e+00
1.169996266867573409e+00
1.178332301347840838e+00
1.186704352671472451e+00
1.195112559295528731e+00
1.203557045726902253e+00
1.212037922040267279e+00
1.220555283406327352e+00
1.229109209630389943e+00
1.237699764701233995e+00
1.246326996350275884e+00
1.254990935621245640e+00
1.263691596450173371e+00
1.272428975256055361e+00
1.281203050542143007e+00
1.290013782508196316e+00
1.298861112673812546e+00
1.307744963513377989e+00
1.316665238102787017e+00
1.325621819778607602e+00
1.334614571810210037e+00
1.343643337085462575e+00
1.352707937810833982e+00
1.361808175226746354e+00
1.370943829339006381e+00
1.380114658667602523e+00
1.389320400013693613e+00
1.398560768246317698e+00
1.407835456109891137e+00
1.417144134054009408e+00
1.426486450087070201e+00
1.435862029654994210e+00
1.445270475546921451e+00
1.454711367829236934e+00
1.464184263809719333e+00
1.473688698033453148e+00
1.483224182311967176e+00
1.492790205787556834e+00
1.502386235034048889e+00
1.512011714195853118e+00
1.521666065166510595e+00
1.531348687808467224e+00
1.541058960215056617e+00
1.550796239016164035e+00
1.560559859728516630e+00
1.570349137151536789e+00
1.580163365809640341e+00
1.590001820441531377e+00
1.599863756536938464e+00
1.609748410921113315e+00
1.619655002387097698e+00
1.629582732375717269e+00
1.639530785702855376e+00
1.649498331333514756e+00
1.659484523201981254e+00
1.669488501076909381e+00
1.679509391470345392e+00
1.689546308589219725e+00
1.699598355327611499e+00
1.709664624298132374e+00
1.719744198900339249e+00
1.729836154423968209e+00
1.739939559184693785e+00
1.750053475689996363e+00
1.760176961832215392e+00
1.770309072106309278e+00
1.780448858849263960e+00
1.790595373498117704e+00
1.800747667863758616e+00
1.810904795417049851e+00
1.821065812584406807e+00
1.831229780049453471e+00
1.841395764057538909e+00
1.851562837719909593e+00
1.861730082314499102e+00
1.871896588579809118e+00
1.882061457999010701e+00
1.892223804071034632e+00
1.902382753565447171e+00
1.912537447758293707e+00
1.922687043645580740e+00
1.932830715131581334e+00
1.942967654188940463e+00
1.953097071987498046e+00
1.963218199988921775e+00
1.973330291004173231e+00
1.983432620210682007e+00
1.993524486126340145e+00
2.003605211537165864e+00
2.013674144375594555e+00
2.023730658546279315e+00
2.033774154696369241e+00
2.043804060927063571e+00
2.053819833443586429e+00
2.063820957140298784e+00
2.073806946118371908e+00
2.083777344132979437e+00
2.093731724967536234e+00
2.103669692732514029e+00
2.113590882086766154e+00
2.123494958379379849e+00
2.133381617710651046e+00
2.143250586910955047e+00
2.153101623436768808e+00
2.162934515183612572e+00
2.172749080215964579e+00
2.182545166414916249e+00
2.192322651044489312e+00
2.202081440238484955e+00
2.211821468409771452e+00
2.221542697584629522e+00
2.231245116665269368e+00
2.240928740623988169e+00
2.250593609632737913e+00
2.260239788132702987e+00
2.269867363848232067e+00
2.279476446750377860e+00
2.289067167975251671e+00
2.298639678702900646e+00
2.308194149002400941e+00
2.317730766649523488e+00
2.327249735922912954e+00
2.336751276385609533e+00
2.346235621658132597e+00
2.355703018190152598e+00
2.365153724037194483e+00
2.374588007649370169e+00
2.384006146678868454e+00
2.393408426812802858e+00
2.402795140638283922e+00
2.412166586545890112e+00
2.421523067678073016e+00
2.430864890928392530e+00
2.440192365997311708e+00
2.449505804509924722e+00
2.458805519200617518e+00
2.468091823168961252e+00
2.477365029210985448e+00
2.486625449228911489e+00
2.495873393722173539e+00
2.505109171361570297e+00
2.514333088647743519e+00
2.523545449654213346e+00
2.532746555854361148e+00
2.541936706030755388e+00
2.551116196263995217e+00
2.560285319997526177e+00
2.569444368173222415e+00
2.578593629431770395e+00
2.587733390370188236e+00
2.596863935848207294e+00
2.605985549333251328e+00
2.615098513273090397e+00
2.624203109483980612e+00
2.633299619540833358e+00
2.642388325155620610e+00
2.651469508528530028e+00
2.660543452657083474e+00
2.669610441587127792e+00
2.678670760590062372e+00
2.687724696250916256e+00
2.696772536452463953e+00
2.705814570241302341e+00
2.714851087563152632e+00
2.723882378856322894e+00
2.732908734493385783e+00
2.741930444064090366e+00
2.750947795493650538e+00
2.759961073993546954e+00
2.768970560843873496e+00
2.777976532009037935e+00
2.786979256590026655e+00
2.795978995119682509e+00
2.804975997708063939e+00
2.813970502047533184e+00
2.822962731288221061e+00
2.831952891795402660e+00
2.840941170801548843e+00
2.849927733965889942e+00
2.858912722855336153e+00
2.867896252360267351e+00
2.876878408059300174e+00
2.885859243547527431e+00
2.894838777743073965e+00
2.903816992187503665e+00
2.912793828357008064e+00
2.921769185002278668e+00
2.930742915537423166e+00
2.939714825499471385e+00
2.948684670103820515e+00
2.957652151922309791e+00
2.966616918714477524e+00
2.975578561444416792e+00
2.984536612519071319e+00
2.993490544284653776e+00
3.002439767820585637e+00
3.011383632070258276e+00
3.020321423348179213e+00
3.029252365262001145e+00
3.038175619085329959e+00
3.047090284615253442e+00
3.055995401543183387e+00
3.064889951363830800e+00
3.073772859840836258e+00
3.082643000041934922e+00
3.091499195949486634e+00
3.100340226645852404e+00
3.109164831066139278e+00
3.117971713303580472e+00
3.126759548446918391e+00
3.135526988922244573e+00
3.144272671305799349e+00
3.152995223568654026e+00
3.161693272708312019e+00
3.170365452717780919e+00
3.179010412837461885e+00
3.187626826030902638e+00
3.196213397621613161e+00
3.204768874024743308e+00
3.213292051504134772e+00
3.221781784883673616e+00
3.230236996140416483e+00
3.238656682806397846e+00
3.247039926107614161e+00
3.255385898770484232e+00
3.263693872429227039e+00
3.271963224572801643e+00
3.280193444975076034e+00
3.288384141558413187e+00
3.296535045647638107e+00
3.304646016577572620e+00
3.312717045624180123e+00
3.320748259233668342e+00
3.328739921528657497e+00
3.336692436072290047e+00
3.344606346872039282e+00
3.352482338604525935e+00
3.360321236039897297e+00
3.368124002642505666e+00
3.375891738321234126e+00
3.383625676301483587e+00
3.391327179090139587e+00
3.398997733507488572e+00
3.406638944764582622e+00
3.414252529574230088e+00
3.421840308295040156e+00
3.429404196125136028e+00
3.436946193380381764e+00
3.444468374914172681e+00
3.451972878758781338e+00
3.459461894092000112e+00
3.466937648654540904e+00
3.474402395764565554e+00
3.481858401090515809e+00
3.489307929355043747e+00
3.496753231146516150e+00
3.504196530011618016e+00
3.511640009992759826e+00
3.519085803755090947e+00
3.526535981424358646e+00
3.533992540226433388e+00
3.541457394986125440e+00
3.548932369508323248e+00
3.556419188831000611e+00
3.563919472309685421e+00
3.571434727469970927e+00
3.578966344548176526e+00
3.586515591634683364e+00
3.594083610337766466e+00
3.601671411898468289e+00
3.609279873709390518e+00
3.616909736217406302e+00
3.624561600221731350e+00
3.632235924611715294e+00
3.639933024616834434e+00
3.647653070664967245e+00
3.655396087959089435e+00
3.663161956884870119e+00
3.670950414351981550e+00
3.678761056149403963e+00
3.686593340360265980e+00
3.694446591838016491e+00
3.702320007695506732e+00
3.710212663706319081e+00
3.718123521468100989e+00
3.726051436135359385e+00
3.733995164499039454e+00
3.741953373174622843e+00
3.749924646663264305e+00
3.757907495070629711e+00
3.765900361304997723e+00
3.773901627625959598e+00
3.781909621473668714e+00
3.789922620568142442e+00
3.797938857323753137e+00
3.805956522666940511e+00
3.813973769371473921e+00
3.821988715030744999e+00
3.829999444768735106e+00
3.838004013754548360e+00
3.846000449531267851e+00
3.853986754111198731e+00
3.861960905732605642e+00
3.869920860134187457e+00
3.877864551190482345e+00
3.885789890779933309e+00
3.893694767826342940e+00
3.901577046570679386e+00
3.909434564280532598e+00
3.917265128776886041e+00
3.925066516327658128e+00
3.932836470600324930e+00
3.940572703451896253e+00
3.948272898343523352e+00
3.955934717080716645e+00
3.963555810398861290e+00
3.971133832643785944e+00
3.978666460465678067e+00
3.986151415079326910e+00
3.993586487288224074e+00
4.000969564156336311e+00
4.008298655978225433e+00
4.015571922066065724e+00
4.022787693856449742e+00
4.029944493943034445e+00
4.037041049856760822e+00
4.044076301731037937e+00
4.051049403380549307e+00
4.057959716771157410e+00
4.064806800327488645e+00
4.071590391985214552e+00
4.078310388301964906e+00
4.084966821254989888e+00
4.091559834532747963e+00
4.098089661139013629e+00
4.104556603955895611e+00
4.110961020559711798e+00
4.117303313080706850e+00
4.123583923296858522e+00
4.129803332519964343e+00
4.135962065247709596e+00
4.142060695085307387e+00
4.148099851142831085e+00
4.154080223021482610e+00
4.160002562623408728e+00
4.165867681342408702e+00
4.171676441683832337e+00
4.177429742974423377e+00
4.183128501499197682e+00
4.188773626077986201e+00
4.194365990700573477e+00
4.199906406311392892e+00
4.205395594117476321e+00
4.210834162851250007e+00
4.216222592238298539e+00
4.221561224513655119e+00
4.226850265228296877e+00
4.232089793835654312e+00
4.237279783692249779e+00
4.242420130198922834e+00
4.247510684902735534e+00
4.252551292541829397e+00
4.257541827332843809e+00
4.262482224379172457e+00
4.267372502025248870e+00
4.272212771397809306e+00
4.277003230304291748e+00
4.281744140087485384e+00
4.286435785858542680e+00
4.291078422572364381e+00
4.295672211433002374e+00
4.300217152864432180e+00
4.304713023501386182e+00
4.309159325131519225e+00
4.313555253076463813e+00
4.317899690026470338e+00
4.322191228786182116e+00
4.326428223818555630e+00
4.330608867111376270e+00
4.334731279199987242e+00
4.338793601884904483e+00
4.342794076219972155e+00
4.346731088714906655e+00
4.350603171180773998e+00
4.354408945519344876e+00
4.358147013518337332e+00
4.361815802038574219e+00
4.365413383888149035e+00
4.368937301988459865e+00
4.372384427322843159e+00
4.375750878684363521e+00
4.379032024677270485e+00
4.382222577213802595e+00
4.385316773131908263e+00
4.388308628989745053e+00
4.391192245581325260e+00
4.393962134339084891e+00
4.396613537478404332e+00
4.399142716438658951e+00
4.401547187304285735e+00
4.403825885983805755e+00
4.405979249253372032e+00
4.408009200683556728e+00
4.409919034273219296e+00
4.411713194990651843e+00
4.413396965456126253e+00
4.414976081300655331e+00
4.416456311994660489e+00
4.417843055318127377e+00
4.419140997954868588e+00
4.420353889033428629e+00
4.421484457590617367e+00
4.422534481913513282e+00
4.423504994053605976e+00
4.424396582739849926e+00
4.425209747136754856e+00
4.425945253757668674e+00
4.426604456926915176e+00
4.427189554491210544e+00
4.427703759913074855e+00
4.428151376938091133e+00
4.428537765274954907e+00
4.428869190017771018e+00
4.429152558928294958e+00
4.429395071468413825e+00
4.429603826643806919e+00
4.429785453147037977e+00
4.429945824623753303e+00
4.430089900968538608e+00
4.430221699303767302e+00
4.430344360169669926e+00
4.430460251844953845e+00
4.430571058773395521e+00
4.430677827561224191e+00
4.430780983686550378e+00
4.430880366104679169e+00
4.430975339529717338e+00
4.431065028026880626e+00
4.431148672818137513e+00
4.431226066002957431e+00
4.431297969070368659e+00
4.431366407159647025e+00
4.431434744906857404e+00
4.431507493199638326e+00
4.431589852990437173e+00
4.431687051924666498e+00
4.431803555204389511e+00
4.431942229883364170e+00
4.432103524358323554e+00
4.432284716573149375e+00
4.432479308026852749e+00
4.432676700044976492e+00
4.432862357475490178e+00
4.433018688553638675e+00
4.433126787300351701e+00
4.433168965831478125e+00
4.433131683235450815e+00
4.433008166034151820e+00
4.432799866990981386e+00
4.432516050465723723e+00
4.432171243574096309e+00
4.431780929897056964e+00
4.431356457863147469e+00
4.430900455628531631e+00
4.430403956919692909e+00
4.429845973066563580e+00
4.429195557650858817e+00
4.428415731629164576e+00
4.427468183980970196e+00
4.426317569510472616e+00
4.424934504272856728e+00
4.423296902477829029e+00
4.421389917358377275e+00
4.419205231519415022e+00
4.416740615596894237e+00
4.414000450335481496e+00
4.410997331467651605e+00
4.407754151086216154e+00
4.404305490610838980e+00
4.400697066487245124e+00
4.396982448121568687e+00
4.393217151681577448e+00
4.389451140905621607e+00
4.385721369672132219e+00
4.382046084012869436e+00
4.378422201256942259e+00
4.374826404309702710e+00
4.371219838424852178e+00
4.367555563700608268e+00
4.363787225613235066e+00
4.359876938969866167e+00
4.355800526818486951e+00
4.351549267606023008e+00
4.347128834779433681e+00
4.342557229933547092e+00
4.337863348201925540e+00
4.333086347551088124e+00
4.328274249300887888e+00
4.323479659186707735e+00
4.318751986291553102e+00
4.314128309650872239e+00
4.309627052773052469e+00
4.305248120362305642e+00
4.300980266543257713e+00
4.296813075627794909e+00
4.292748898941168179e+00
4.288809983848446805e+00
4.285037591317550465e+00
4.281482797138020935e+00
4.278192148529030625e+00
4.275193659732928531e+00
4.272488130603363743e+00
4.270047854618487015e+00
4.267821877950942699e+00
4.265745999572017944e+00
4.263756013335514794e+00
4.261802182849166343e+00
4.259861037729127275e+00
4.257939424321508959e+00
4.256067918843192466e+00
4.254285846957979622e+00
4.252624394170684496e+00
4.251093982735935306e+00
4.249677993547271271e+00
4.248331543063584625e+00
4.246984249033206815e+00
4.245547582937007292e+00
4.243926731955274256e+00
4.242034086503904788e+00
4.239800645997862105e+00
4.237184795261289771e+00
4.234181180406037193e+00
4.230830465882437608e+00
4.227224367734717880e+00
4.223496887503501718e+00
4.219797473469726334e+00
4.216251504214644008e+00
4.212920325517763409e+00
4.209774292055396216e+00
4.206690393007634476e+00
4.203481466044639348e+00
4.199953683815046190e+00
4.195974180771840700e+00
4.191520479238340258e+00
4.186687093499835477e+00
4.181642401068997650e+00
4.176550972522191429e+00
4.171492059348449466e+00
4.166408683578620042e+00
4.161112967036928900e+00
4.155351372341111293e+00
4.148902679182659980e+00
4.141659278802277022e+00
4.133650594866437267e+00
4.125006270081499338e+00
4.115895272525452953e+00
4.106481937494359968e+00
4.096911229250403075e+00
4.087305144989310079e+00
4.077748788413610548e+00
4.068267236219297978e+00
4.058817451777893659e+00
4.049316684397580524e+00
4.039697658306638850e+00
4.029950063968503748e+00
4.020111179232943144e+00
4.010210020172507051e+00
4.000214176916938591e+00
3.990030571098665213e+00
3.979565453190229807e+00
3.968801611971274124e+00
3.957844305937688656e+00
3.946915210523889606e+00
3.936303740360978853e+00
3.926298811642114472e+00
3.917121597987470061e+00
3.908870567614234570e+00
3.901485493292516704e+00
3.894742161374512790e+00
3.888296197861321968e+00
3.881785775007482453e+00
3.874969893480691319e+00
3.867839091097549975e+00
3.860629571860334064e+00
3.853723722373355365e+00
3.847495094362823664e+00
3.842185444575955788e+00
3.837862645123755190e+00
3.834448916988783207e+00
3.831780459223648627e+00
3.829666433363566824e+00
3.827933437606743539e+00
3.826450611705792593e+00
3.825130252904624495e+00
3.823907847740136479e+00
3.822724657931114489e+00
3.821533080224688739e+00
3.820309816953150861e+00
3.819042329262090085e+00
3.817686991933442187e+00
3.816140822856689763e+00
3.814258875050755559e+00
3.811896304646340106e+00
3.808928524837282836e+00
3.805238762774625361e+00
3.800711272317773393e+00
3.795265554606397806e+00
3.788915847862567965e+00
3.781804110962609933e+00
3.774176721240010135e+00
3.766328048831984798e+00
3.758553729122426912e+00
3.751122311702264955e+00
3.744238365335498475e+00
3.737986698556681642e+00
3.732295267443445308e+00
3.726965009937769135e+00
3.721759945589344643e+00
3.716484583876689118e+00
3.710981197725592651e+00
3.705064643559664361e+00
3.698484928042665043e+00
3.690983210429534811e+00
3.682409924195416018e+00
3.672804088176599091e+00
3.662358009992419561e+00
3.651287590519595838e+00
3.639707826972190752e+00
3.627603340119477604e+00
3.614894846299784970e+00
3.601522765893221845e+00
3.587478238339071979e+00
3.572789384759107900e+00
3.557517959356385262e+00
3.541787513469673687e+00
3.525805287737019178e+00
3.509833108356054332e+00
3.494109921004132868e+00
3.478774563859133639e+00
3.463840178475950715e+00
3.449234117036720892e+00
3.434869792258200327e+00
3.420695362068134404e+00
3.406686004338302709e+00
3.392790672748154268e+00
3.378874922681325721e+00
3.364709629022051729e+00
3.350042727055526193e+00
3.334743209316576529e+00
3.318934120066913351e+00
3.303003135249502620e+00
3.287452250030962198e+00
3.272673621116080955e+00
3.258798594499315193e+00
3.245708332266235452e+00
3.233179901384338972e+00
3.221063216555228426e+00
3.209384604286343645e+00
3.198343309420559333e+00
3.188247549692104776e+00
3.179448605746584278e+00
3.172280186733080765e+00
3.166979442968413938e+00
3.163589897922767680e+00
3.161885437205432137e+00
3.161367659729780843e+00
3.161359089143700007e+00
3.161156144692875092e+00
3.160170919400171474e+00
3.158011438555007100e+00
3.154495510172691919e+00
3.149622780253702459e+00
3.143534846466633947e+00
3.136481848885714463e+00
3.128796311112154616e+00
3.120861570938616492e+00
3.113057972716536170e+00
3.105679946882605069e+00
3.098844956149948260e+00
3.092445284114642146e+00
3.086188034760293686e+00
3.079709908243383865e+00
3.072690720853056501e+00
3.064902303064846567e+00
3.056211414956455652e+00
3.046598213709743597e+00
3.036198848105535752e+00
3.025315951154913474e+00
3.014355005478567495e+00
3.003709956034216866e+00
2.993656957504625016e+00
2.984296641644184511e+00
2.975552908725783485e+00
2.967223343170778627e+00
2.959066873804939934e+00
2.950891666148086401e+00
2.942596697643863113e+00
2.934149193213312135e+00
2.925530136752236832e+00
2.916705182974940858e+00
2.907646873469179827e+00
2.898379429049423361e+00
2.889001467905137233e+00
2.879667293053352672e+00
2.870533475724744932e+00
2.861690332214472221e+00
2.853103476129426053e+00
2.844585491367932928e+00
2.835805156182329423e+00
2.826336408386958876e+00
2.815748117860228383e+00
2.803719314299355947e+00
2.790137474439143617e+00
2.775132309349543913e+00
2.759029238211840429e+00
2.742249730783496098e+00
2.725204350453840796e+00
2.708212045554900360e+00
2.691457315836328856e+00
2.674983111942019320e+00
2.658712565104492498e+00
2.642494007507583564e+00
2.626165911267773545e+00
2.609626774038816155e+00
2.592871387187490662e+00
2.575959165347213808e+00
2.558936399551101637e+00
2.541787843080418163e+00
2.524470028273372524e+00
2.506997933408105617e+00
2.489507821642554131e+00
2.472245185042242444e+00
2.455490105883874286e+00
2.439472993818244007e+00
2.424324297663738026e+00
2.410065780798185564e+00
2.396631200070343581e+00
2.383910769402322938e+00
2.371820439038110795e+00
2.360384752046515100e+00
2.349800822807417422e+00
2.340444045723326649e+00
2.332797893768089548e+00
2.327329407417782381e+00
2.324356789972417570e+00
2.323950155031570208e+00
2.325888651888154968e+00
2.329685239358812332e+00
2.334678150364014382e+00
2.340165740114207082e+00
2.345539288390492416e+00
2.350367504376902783e+00
2.354412832052977134e+00
2.357594198462331647e+00
2.359929111800471269e+00
2.361483708625737865e+00
2.362341469992464305e+00
2.362580782156762815e+00
2.362242233434640681e+00
2.361282093507884206e+00
2.359540337739604698e+00
2.356763492635481683e+00
2.352689222748015840e+00
2.347148119217197682e+00
2.340122600884250392e+00
2.331736546939357613e+00
2.322194141891749553e+00
2.311707936362263904e+00
2.300452901616688361e+00
2.288562623093359338e+00
2.276151966058459930e+00
2.263331748911805441e+00
2.250198562968904969e+00
2.236817002371230600e+00
2.223219810871968072e+00
2.209428534963296720e+00
2.195476282995620476e+00
2.181416523811391617e+00
2.167316760910402706e+00
2.153245087959814175e+00
2.139257213563744209e+00
2.125388807560230298e+00
2.111657946101251682e+00
2.098080429158489135e+00
2.084691842697378839e+00
2.071562741017828113e+00
2.058798092784589251e+00
2.046523546144679795e+00
2.034866099491295710e+00
2.023933989503523989e+00
2.013797060224305380e+00
2.004468508669835281e+00
1.995892531081603583e+00
1.987948554583535365e+00
1.980483423768981455e+00
1.973369325189409995e+00
1.966562999573236104e+00
1.960131607870363446e+00
1.954226889701589753e+00
1.949021499524131729e+00
1.944642679147501996e+00
1.941132697309369881e+00
1.938442669710769950e+00
1.936448531860829325e+00
1.934975575586294294e+00
1.933824473498666041e+00
1.932796872416452372e+00
1.931719643056420521e+00
1.930465809389907417e+00
1.928967704053989429e+00
1.927214787560024067e+00
1.925230102634627904e+00
1.923030196849862650e+00
1.920587412080597689e+00
1.917816417665039630e+00
1.914593021891085822e+00
1.910793728643545242e+00
1.906334413865659494e+00
1.901189883068682640e+00
1.895387099259547625e+00
1.888976775792440055e+00
1.881995670713896285e+00
1.874432558750181776e+00
1.866206892313381216e+00
1.857165743033537542e+00
1.847102838021195570e+00
1.835799884551340133e+00
1.823083551771007116e+00
1.808884833111860990e+00
1.793284464273285250e+00
1.776529286235652982e+00
1.759010014268764799e+00
1.741200881344503459e+00
1.723573889611736076e+00
1.706510330918788565e+00
1.690235419192811728e+00
1.674796327937132068e+00
1.660090686278676175e+00
1.645935541490519682e+00
1.632152129313036548e+00
1.618636306206963749e+00
1.605392078610025530e+00
1.592523406447495127e+00
1.580197658446420350e+00
1.568602571138022039e+00
1.557914257790248058e+00
1.548281993401941836e+00
1.539824487756733973e+00
1.532628076629181324e+00
1.526740855267008534e+00
1.522164513581040879e+00
1.518851064905433201e+00
1.516710309926105671e+00
1.515627290056770882e+00
1.515483328649265937e+00
1.516173808886992935e+00
1.517618815953807543e+00
1.519764889793247198e+00
1.522576750914222732e+00
1.526019997276454987e+00
1.530040360126701415e+00
1.534548286678953932e+00
1.539415289186165658e+00
1.544481886047885055e+00
1.549571570256706998e+00
1.554504791572311806e+00
1.559110048410347060e+00
1.563232033383758379e+00
1.566737343954980100e+00
1.569517390040611415e+00
1.571487609725093826e+00
1.572582836258547001e+00
1.572750204287685749e+00
1.571942181603975808e+00
1.570112224872038720e+00
1.567214227572351071e+00
1.563205362692823952e+00
1.558051052799583669e+00
1.551730548694237211e+00
1.544241448280991191e+00
1.535601597820542619e+00
1.525847655486564758e+00
1.515030839279931874e+00
1.503211202401504298e+00
1.490451946091568836e+00
1.476815109656365754e+00
1.462359516961291517e+00
1.447140977706175446e+00
1.431213895988149076e+00
1.414633446342852929e+00
1.397458339443342634e+00
1.379754791341804010e+00
1.361601625430503670e+00
1.343094850060346346e+00
1.324349056601562769e+00
1.305493731844707517e+00
1.286664820138908594e+00
1.267994146458479854e+00
1.249600132131623242e+00
1.231582212624171113e+00
1.214019440089279422e+00
1.196972320900063336e+00
1.180486656133792778e+00
1.164598540775140245e+00
1.149339876681098049e+00
1.134743518304025978e+00
1.120846972816152753e+00
1.107693863240725385e+00
1.095332977475912406e+00
1.083815183550257855e+00
1.073188627480239132e+00
1.063492736864209309e+00
1.054751906351525603e+00
1.046970200413283703e+00
1.040128555269981270e+00
1.034185513877935003e+00
1.029081585183174941e+00
1.024746284801365537e+00
1.021106209229049711e+00
1.018092294823808919e+00
1.015644644228965277e+00
1.013713857125450479e+00
1.012258624051361355e+00
1.011240291639943001e+00
1.010615875758540616e+00
1.010331288451583154e+00
1.010316318870523533e+00
1.010482396915997283e+00
1.010723623123304549e+00
1.010921043718304491e+00
1.010949642308300644e+00
1.010687046938516298e+00
1.010022678187361800e+00
1.008866105840316996e+00
1.007153642019800843e+00
1.004852444804779754e+00
1.001961508987105898e+00
9.985089970948418658e-01
9.945456765389750764e-01
9.901349299044375218e-01
9.853407528378894664e-01
9.802159531695788797e-01
9.747930026017084248e-01
9.690794855757141057e-01
9.630589851048696470e-01
9.566969247423512401e-01
9.499497695537152397e-01
9.427753666220610729e-01
9.351421761162452828e-01
9.270356440692831823e-01
9.184608280063202290e-01
9.094413754447995268e-01
9.000158163579469184e-01
8.902326279669987574e-01
8.801455229265049418e-01
8.698099346640998375e-01
8.592809544269045530e-01
8.486123424939490123e-01
8.378559550137614220e-01
8.270610615511866381e-01
8.162734217323054375e-01
8.055343758587132363e-01
7.948803661626170358e-01
7.843431866347166936e-01
7.739509707588133613e-01
7.637296529984008986e-01
7.537045201292951191e-01
7.439015216038258327e-01
7.343481468701824610e-01
7.250737898740464704e-01
7.161095563940179654e-01
7.074874670253723519e-01
6.992390472515831457e-01
6.913934182691990893e-01
6.839751702151434243e-01
6.770024213228051924e-01
6.704854641749534716e-01
6.644262623551288049e-01
6.588188450924959971e-01
6.536504397109842435e-01
6.489030482744013728e-01
6.445551393063818635e-01
6.405831735211554578e-01
6.369627805974240609e-01
6.336695155400828838e-01
6.306792169162609429e-01
6.279680451401892238e-01
6.255122942468863689e-01
6.232880614673381725e-01
6.212708504631805351e-01
6.194351912611338884e-01
6.177543748867657669e-01
6.162003990825863919e-01
6.147441840191293361e-01
6.133560476685243623e-01
6.120063563421986874e-01
6.106662185812777865e-01
6.093080880237811137e-01
6.079061804244604295e-01
6.064366736721006346e-01
6.048777230298709728e-01
6.032093645287927020e-01
6.014133852874863351e-01
5.994732145534120704e-01
5.973738520987936784e-01
5.951018233206993857e-01
5.926451445481865088e-01
5.899932926798810984e-01
5.871371852792426349e-01
5.840691784532513475e-01
5.807830798004552930e-01
5.772741622937180850e-01
5.735391631998018047e-01
5.695762634507964828e-01
5.653850607928974092e-01
5.609665628865012632e-01
5.563232249881847613e-01
5.514590392730394086e-01
5.463796559516884699e-01
5.410924915943668978e-01
5.356067684653240679e-01
5.299334360862322235e-01
5.240849513466242504e-01
5.180749284115485631e-01
5.119177031651371834e-01
5.056278784772848534e-01
4.992199201651819629e-01
4.927078593559475750e-01
4.861051307521067066e-01
4.794245466022108992e-01
4.726783811203576491e-01
4.658785249636295811e-01
4.590366656620351593e-01
4.521644558024712213e-01
4.452736425262888709e-01
4.383761452465014252e-01
4.314840798587699089e-01
4.246097349478289429e-01
4.177655080762245898e-01
4.109638092050711400e-01
4.042169356992049711e-01
3.975369215430405445e-01
3.909353640324824686e-01
3.844232346473743789e-01
3.780106858462080610e-01
3.717068699548977673e-01
3.655197879692053675e-01
3.594561838360447181e-01
3.535214940452124921e-01
3.477198548518276033e-01
3.420541623290595523e-01
3.365261754564658481e-01
3.311366503223679425e-01
3.258854939453414423e-01
3.207719281683589774e-01
3.157946562942848256e-01
3.109520265811622219e-01
3.062421868829437455e-01
3.016632237182968468e-01
2.972132775523494974e-01
2.928906250913431153e-01
2.886937199070178650e-01
2.846211853263286851e-01
2.806717581968019015e-01
2.768441881327994847e-01
2.731371029328255595e-01
2.695488556776355904e-01
2.660773715029211561e-01
2.627200117160549686e-01
2.594734700230161839e-01
2.563337109541246051e-01
2.532959552047125418e-01
2.503547115429771153e-01
2.475038508510055413e-01
2.447367150066091512e-01
2.420462516052206692e-01
2.394251647389056270e-01
2.368660719879533971e-01
2.343616583253315400e-01
2.319048187351609724e-01
2.294887829413413960e-01
2.271072175972766449e-01
2.247543033893077691e-01
2.224247865091635024e-01
2.201140056412420609e-01
2.178178968590985809e-01
2.155329796019148925e-01
2.132563272584072356e-01
2.109855259229828917e-01
2.087186247192620581e-01
2.064540808067550914e-01
2.041907018662035833e-01
2.019275885338129850e-01
1.996640789316305176e-01
1.973996971083493424e-01
1.951341068428248116e-01
1.928670718591437572e-01
1.905984230619818254e-01
1.883280329502661776e-01
1.860557969476172302e-01
1.837816210458933230e-01
1.815054149284870966e-01
1.792270896357250620e-01
1.769465588419664726e-01
1.746637428979051498e-01
1.723785749081797602e-01
1.700910082249291744e-01
1.678010248200899335e-01
1.655086440503618916e-01
1.632139313626636279e-01
1.609170065244730219e-01
1.586180510193235527e-01
1.563173143282647060e-01
1.540151189162860534e-01
1.517118638425127564e-01
1.494080269961920449e-01
1.471041660137138163e-01
1.448009179507801503e-01
1.424989977740924452e-01
1.401991957118240151e-01
1.379023734777310162e-01
1.356094593742998566e-01
1.333214422940489918e-01
1.310393646757694874e-01
1.287643145276416712e-01
1.264974166901914332e-01
1.242398235656951150e-01
1.219927055748778327e-01
1.197572416090424280e-01
1.175346097238274268e-01
1.153259782736850564e-01
1.131324976224096501e-01
1.109552924962728532e-01
1.087954549847227476e-01
1.066540381493785161e-01
1.045320501818674114e-01
1.024304490568488518e-01
1.003501376551547281e-01
9.829195937623268209e-02
9.625669430907815571e-02
9.424505607574465427e-02
9.225768949174145694e-02
9.029516919594891833e-02
8.835799938596797243e-02
8.644661475359979863e-02
8.456138265409879340e-02
8.270260646915872371e-02
8.087053004636854392e-02
7.906534302617428123e-02
7.728718680939714036e-02
7.553616088012356233e-02
7.381232918369069751e-02
7.211572626813947395e-02
7.044636292788002130e-02
6.880423113625999676e-02
6.718930811388512669e-02
6.560155944572633457e-02
6.404094122642359221e-02
6.250740127444746885e-02
6.100087950786872715e-02
5.952130761452807672e-02
5.806860817610803860e-02
5.664269341872788660e-02
5.524346376322903512e-02
5.387080633796670348e-02
5.252459359792748667e-02
5.120468216886049639e-02
4.991091200631594949e-02
4.864310592939849465e-02
4.740106955965452118e-02
4.618459166851166670e-02
4.499344491323163664e-02
4.382738692227230309e-02
4.268616167663200067e-02
4.156950112424378369e-02
4.047712695953016582e-02
3.940875249942944053e-02
3.836408458986857034e-02
3.734282548219255288e-02
3.634467462667513582e-02
3.536933033926741021e-02
3.441649130750413371e-02
3.348585791142726781e-02
3.257713334499374308e-02
3.169002453230717470e-02
3.082424284089756855e-02
2.997950460091309416e-02
2.915553144442915856e-02
2.835205048304454550e-02
2.756879434459963071e-02
2.680550109126049463e-02
2.606191404153618621e-02
2.533778151816884136e-02
2.463285654244486145e-02
2.394689649349528507e-02
2.327966274878958547e-02
2.263092031941275201e-02
2.200043749105212720e-02
2.138798547900086500e-02
2.079333810304947669e-02
2.021627148594452861e-02
1.965656377722732606e-02
1.911399490272376253e-02
1.858834633878698323e-02
1.807940090955363274e-02
1.758694260495609688e-02
1.711075641699537353e-02
1.665062819176734224e-02
1.620634449492182327e-02
1.577769248854042974e-02
1.536445981781896925e-02
1.496643450639057599e-02
1.458340485956819386e-02
1.421515937521332547e-02
1.386148666231960640e-02
1.352217536771102568e-02
1.319701411149613347e-02
1.288579143209018715e-02
1.258829574170410373e-02
1.230431529322068701e-02
1.203363815934112117e-02
1.177605222479304915e-02
1.153134519225492913e-02
1.129930460249967301e-02
1.107971786907403604e-02
1.087237232764237498e-02
1.067705529994171336e-02
1.049355417210539633e-02
1.032165648695118794e-02
1.016115004967011425e-02
1.001182304622874435e-02
9.873464173677900385e-03
9.745862781473626363e-03
9.628809022849318250e-03
9.522094015223015601e-03
9.425510008596475753e-03
9.338850560886608962e-03
9.261910719129753944e-03
9.194487205506418626e-03
9.136378607163844062e-03
9.087385568837187330e-03
9.047310987305011432e-03
9.015960206765611523e-03
8.993141214256449023e-03
8.978664834288697938e-03
8.972344921925102385e-03
8.973998553574438417e-03
8.983446214827986095e-03
9.000511984722611714e-03
9.025023715861812609e-03
9.056813209881414695e-03
9.095716387804604619e-03
