2.390717440704966112e-03
1.083351184879500573e-03
9.048282907641938544e-04
1.021071515893033936e-03
1.221976944277512137e-03
1.441787352231009046e-03
1.659613725978984714e-03
1.869476761920974787e-03
2.070505890418681758e-03
2.263522629876254036e-03
2.449804655447673004e-03
2.630640284460265300e-03
2.807180870726825542e-03
2.980406779409549168e-03
3.151135212287449992e-03
3.320041434447000214e-03
3.487682231891155778e-03
3.654517486002274804e-03
3.820928640460613708e-03
3.987233985377736621e-03
4.153701098350210015e-03
4.320556890788024643e-03
4.487995694766922644e-03
4.656185770290885949e-03
4.825274548688283233e-03
4.995392868031031143e-03
5.166658405251669216e-03
5.339178467565204415e-03
5.513052272015424998e-03
5.688372815133136036e-03
5.865228413533505290e-03
6.043703979613488514e-03
6.223882083408686233e-03
6.405843841348725538e-03
6.589669664509515377e-03
6.775439892519857787e-03
6.963235334174724261e-03
7.153137731742674650e-03
7.345230162710167723e-03
7.539597390107006039e-03
7.736326170466249590e-03
7.935505526787326250e-03
8.137226992510120105e-03
8.341584831387284515e-03
8.548676237255234400e-03
8.758601516947194660e-03
8.971464259000232894e-03
9.187371490296740439e-03
9.406433822376235321e-03
9.628765588805607636e-03
9.854484974719520535e-03
1.008371413939916118e-02
1.031657933257065785e-02
1.055321100493123061e-02
1.079374391328597783e-02
1.103831722055840722e-02
1.128707459084908951e-02
1.154016427963960693e-02
1.179773921917875827e-02
1.205995709903738555e-02
1.232698044178243482e-02
1.259897667369161249e-02
1.287611819041044846e-02
1.315858241744088768e-02
1.344655186534800956e-02
1.374021417956879966e-02
1.403976218471707400e-02
1.434539392328902999e-02
1.465731268868844007e-02
1.497572705251575681e-02
1.530085088608617097e-02
1.563290337616853043e-02
1.597210903497207901e-02
1.631869770443996823e-02
1.667290455493741774e-02
1.703497007847339095e-02
1.740514007661674023e-02
1.778366564332370392e-02
1.817080314291645571e-02
1.856681418350793200e-02
1.897196558619501303e-02
1.938652935038248301e-02
1.981078261563809159e-02
2.024500762050783498e-02
2.068949165874692242e-02
2.114452703345071766e-02
2.161041100958276812e-02
2.208744576541452759e-02
2.257593834338875866e-02
2.307620060092472822e-02
2.358854916166063659e-02
2.411330536761778845e-02
2.465079523272652173e-02
2.520134939812191180e-02
2.576530308954823323e-02
2.634299607715597999e-02
2.693477263787849227e-02
2.754098152049389708e-02
2.816197591336050757e-02
2.879811341469322786e-02
2.944975600511607131e-02
3.011727002208286139e-02
3.080102613559078037e-02
3.150139932445363000e-02
3.221876885222696441e-02
3.295351824168687299e-02
3.370603524659573913e-02
3.447671181928844281e-02
3.526594407244274670e-02
3.607413223320967560e-02
3.690168058772093362e-02
3.774899741383715840e-02
3.861649489984381872e-02
3.950458904671964866e-02
4.041369955147147003e-02
4.134424966899772486e-02
4.229666604989286427e-02
4.327137855162132424e-02
4.426882002054069454e-02
4.528942604231730312e-02
4.633363465845626028e-02
4.740188604681547235e-02
4.849462216421394911e-02
4.961228634954966549e-02
5.075532288614850035e-02
5.192417652246201359e-02
5.311929195067567611e-02
5.434111324324301939e-02
5.559008324790408462e-02
5.686664294228937350e-02
5.817123074980922598e-02
5.950428181913396813e-02
6.086622727021349238e-02
6.225749341040460322e-02
6.367850092493564096e-02
6.512966404654349506e-02
6.661138970972174667e-02
6.812407669559088219e-02
6.966811477390662255e-02
7.124388384917809680e-02
7.285175311824862443e-02
7.449208024698214525e-02
7.616521057390518434e-02
7.787147634873160806e-02
7.961119601368235599e-02
8.138467353537329196e-02
8.319219779477342314e-02
8.503404204233046271e-02
8.691046342487715459e-02
8.882170259024697867e-02
9.076798337483463208e-02
9.274951257842919961e-02
9.476647982974975570e-02
9.681905754507350026e-02
9.890740098127547009e-02
1.010316483835101697e-01
1.031919212265992730e-01
1.053883245481166409e-01
1.076209473700243668e-01
1.098898632047083934e-01
1.121951306402465681e-01
1.145367939988866518e-01
1.169148840619162744e-01
1.193294188534197164e-01
1.217804044749224157e-01
1.242678359824668788e-01
1.267916982974495455e-01
1.293519671423895290e-01
1.319486099928164624e-01
1.345815870366313671e-01
1.372508521324936892e-01
1.399563537592267148e-01
1.426980359486231531e-01
1.454758391946030516e-01
1.482897013322753976e-01
1.511395583810456744e-01
1.540253453466634559e-01
1.569469969776807472e-01
1.599044484725752058e-01
1.628976361343942858e-01
1.659264979704569432e-01
1.689909742352841693e-01
1.720910079155024419e-01
1.752265451560383602e-01
1.783975356274367929e-01
1.816039328346289172e-01
1.848456943679136766e-01
1.881227820973336851e-01
1.914351623120176260e-01
1.947828058063694745e-01
1.981656879153634310e-01
2.015837885014223341e-01
2.050370918956664901e-01
2.085255867965089271e-01
2.120492661288174152e-01
2.156081268669753359e-01
2.192021698253644735e-01
2.228313994198541370e-01
2.264958234039967933e-01
2.301954525836198973e-01
2.339303005135492386e-01
2.377003831801291767e-01
2.415057186731648931e-01
2.453463268507800887e-01
2.492222290005794982e-01
2.531334475002856021e-01
2.570800054808721202e-01
2.610619264949487484e-01
2.650792341929277263e-01
2.691319520092009254e-01
2.732201028603190585e-01
2.773437088568205255e-01
2.815027910300915703e-01
2.856973690753322193e-01
2.899274611113977773e-01
2.941930834580219756e-01
2.984942504306686839e-01
3.028309741529794374e-01
3.072032643866163260e-01
3.116111283780667596e-01
3.160545707218625489e-01
3.205335932394649534e-01
3.250481948730827853e-01
3.295983715935156821e-01
3.341841163211581311e-01
3.388054188592931060e-01
3.434622658387618266e-01
3.481546406732414223e-01
3.528825235243300829e-01
3.576458912757827235e-01
3.624447175162817114e-01
3.672789725302246788e-01
3.721486232960909413e-01
3.770536334920777111e-01
3.819939635086752050e-01
3.869695704679781967e-01
3.919804082495957354e-01
3.970264275229941076e-01
4.021075757861730104e-01
4.072237974105833436e-01
4.123750336921523929e-01
4.175612229083014992e-01
4.227823003808198754e-01
4.280381985443929560e-01
4.333288470205412524e-01
4.386541726967528865e-01
4.440140998104813996e-01
4.494085500376930886e-01
4.548374425855547520e-01
4.603006942889667497e-01
4.657982197104219013e-01
4.713299312428931853e-01
4.768957392152589070e-01
4.824955519998980202e-01
4.881292761220465404e-01
4.937968163705517832e-01
4.994980759096250833e-01
5.052329563913063870e-01
5.110013580682646328e-01
5.168031799066611365e-01
5.226383196987938184e-01
5.285066741752454389e-01
5.344081391163040262e-01
5.403426094624228515e-01
5.463099794235154461e-01
5.523101425869100245e-01
5.583429920237931166e-01
5.644084203939858657e-01
5.705063200489508546e-01
5.766365831329497427e-01
5.827991016822340331e-01
5.889937677222736312e-01
5.952204733629432587e-01
6.014791108916995865e-01
6.077695728647445339e-01
6.140917521961698489e-01
6.204455422451221613e-01
6.268308369010306969e-01
6.332475306668727821e-01
6.396955187405461984e-01
6.461746970943262891e-01
6.526849625523247767e-01
6.592262128660636433e-01
6.657983467879735606e-01
6.724012641427596915e-01
6.790348658965719153e-01
6.856990542238015074e-01
6.923937325713255264e-01
6.991188057201154216e-01
7.058741798438203929e-01
7.126597625643318334e-01
7.194754630038955323e-01
7.263211918336105466e-01
7.331968613181346628e-01
7.401023853561861099e-01
7.470376795167195105e-01
7.540026610705082843e-01
7.609972490168507298e-01
7.680213641052355822e-01
7.750749288517525537e-01
7.821578675499893940e-01
7.892701062763473052e-01
7.964115728895194701e-01
8.035821970240208945e-01
8.107819100776534338e-01
8.180106451927530165e-01
8.252683372311525600e-01
8.325549227427228027e-01
8.398703399274999315e-01
8.472145285911967250e-01
8.545874300941997959e-01
8.619889872938804043e-01
8.694191444802881197e-01
8.768778473051137556e-01
8.843650427040478101e-01
8.918806788124142848e-01
8.994247048742033401e-01
9.069970711444670375e-01
9.145977287852556925e-01
9.222266297550344438e-01
9.298837266917872046e-01
9.375689727898407488e-01
9.452823216706254250e-01
9.530237272474580967e-01
9.607931435845296075e-01
9.685905247503183713e-01
9.764158246656645668e-01
9.842689969466072997e-01
9.921499947424388122e-01
1.000058770569079769e+00
1.007995276138123453e+00
1.015959462181944772e+00
1.023951278275092358e+00
1.031970672652348986e+00
1.040017592023942283e+00
1.048091981388132199e+00
1.056193783841724354e+00
1.064322940388864991e+00
1.072479389748612455e+00
1.080663068161657581e+00
1.088873909196778067e+00
1.097111843557454280e+00
1.105376798889092349e+00
1.113668699587403443e+00
1.121987466608497686e+00
1.130333017281063723e+00
1.138705265121272570e+00
1.147104119650843357e+00
1.155529486218842772e+00
1.163981265827647382e+00
1.172459354963650835e+00
1.180963645433162679e+00
1.189494024203983535e+00
1.198050373253179535e+00
1.206632569421451473e+00
1.215240484274561883e+00
1.223873983972334045e+00
1.232532929145469858e+00
1.241217174780725907e+00
1.249926570114772595e+00
1.258660958537080710e+00
1.267420177502153855e+00
1.276204058451430035e+00
1.285012426745165692e+00
1.293845101604575110e+00
1.302701896064345277e+00
1.311582616935937695e+00
1.320487064781727282e+00
1.329415033900189336e+00
1.338366312322339047e+00
1.347340681819465757e+00
1.356337917922302960e+00
1.365357789951714640e+00
1.374400061060968348e+00
1.383464488289487981e+00
1.392550822628331630e+00
1.401658809097084069e+00
1.410788186832307778e+00
1.419938689187405512e+00
1.429110043843732081e+00
1.438301972932876982e+00
1.447514193169927355e+00
1.456746415997439037e+00
1.465998347740009145e+00
1.475269689769008297e+00
1.484560138677322838e+00
1.493869386463603011e+00
1.503197120725785263e+00
1.512543024863363117e+00
1.521906778287929418e+00
1.531288056641632478e+00
1.540686532022804700e+00
1.550101873218377557e+00
1.559533745942303318e+00
1.568981813079459497e+00
1.578445734934233791e+00
1.587925169483187293e+00
1.597419772630908286e+00
1.606929198468355358e+00
1.616453099532850102e+00
1.625991127068862507e+00
1.635542931288806789e+00
1.645108161632799160e+00
1.654686467026747820e+00
1.664277496137656964e+00
1.673880897625316111e+00
1.683496320389591405e+00
1.693123413812274158e+00
1.702761827992705479e+00
1.712411213976359203e+00
1.722071223975508270e+00
1.731741511581183834e+00
1.741421731965618003e+00
1.751111542074737182e+00
1.760810600809568971e+00
1.770518569196366299e+00
1.780235110544726274e+00
1.789959890593058045e+00
1.799692577641315960e+00
1.809432842670219976e+00
1.819180359446913808e+00
1.828934804616780596e+00
1.838695857781119436e+00
1.848463201560758051e+00
1.858236521645417083e+00
1.868015506828951899e+00
1.877799849030508561e+00
1.887589243301845077e+00
1.897383387820978706e+00
1.907181983872456632e+00
1.916984735814689422e+00
1.926791351034656374e+00
1.936601539890423052e+00
1.946415015642180002e+00
1.956231494372194568e+00
1.966050694894241779e+00
1.975872338653445359e+00
1.985696149616910988e+00
1.995521854156108388e+00
2.005349180921753849e+00
2.015177860711931945e+00
2.025007626334443422e+00
2.034838212464184615e+00
2.044669355496643526e+00
2.054500793398231995e+00
2.064332265554826851e+00
2.074163512619287886e+00
2.083994276359118381e+00
2.093824299505462783e+00
2.103653325604540658e+00
2.113481098872590280e+00
2.123307364055630142e+00
2.133131866295205015e+00
2.142954351001292501e+00
2.152774563733574009e+00
2.162592250092270518e+00
2.172407155619792363e+00
2.182219025714134730e+00
2.192027605555441738e+00
2.201832640046512246e+00
2.211633873768403813e+00
2.221431050952026531e+00
2.231223915466601149e+00
2.241012210825748863e+00
2.250795680211831407e+00
2.260574066519076997e+00
2.270347112416156055e+00
2.280114560428223580e+00
2.289876153038829631e+00
2.299631632811701021e+00
2.309380742532269437e+00
2.319123225368875385e+00
2.328858825053107928e+00
2.338587286078902316e+00
2.348308353919716485e+00
2.358021775263043462e+00
2.367727298261273816e+00
2.377424672797839200e+00
2.387113650767574757e+00
2.396793986369830876e+00
2.406465436412936310e+00
2.416127760628557386e+00
2.425780721994070355e+00
2.435424087061338838e+00
2.445057626289895758e+00
2.454681114382715190e+00
2.464294330622195162e+00
2.473897059204425819e+00
2.483489089569556718e+00
2.493070216725611132e+00
2.502640241563673484e+00
2.512198971161788918e+00
2.521746219075131634e+00
2.531281805609885804e+00
2.540805558078057302e+00
2.550317311030610323e+00
2.559816906466333641e+00
2.569304194013479758e+00
2.578779031081585682e+00
2.588241282980694002e+00
2.597690823005212035e+00
2.607127532479913246e+00
2.616551300765197485e+00
2.625962025219461093e+00
2.635359611115968281e+00
2.644743971512172998e+00
2.654115027069376964e+00
2.663472705821029685e+00
2.672816942888137870e+00
2.682147680140463120e+00
2.691464865802808415e+00
2.700768454005481711e+00
2.710058404279056976e+00
2.719334680993243047e+00
2.728597252740695200e+00
2.737846091666555903e+00
2.747081172744792354e+00
2.756302473003306996e+00
2.765509970699620013e+00
2.774703644449489470e+00
2.783883472311246443e+00
2.793049430828397739e+00
2.802201494034247009e+00
2.811339632421694823e+00
2.820463811881975591e+00
2.829573992616539080e+00
2.838670128026114625e+00
2.847752163581863893e+00
2.856820035683110603e+00
2.865873670507295579e+00
2.874912982857663835e+00
2.883937875014731311e+00
2.892948235598370665e+00
2.901943938447528293e+00
2.910924841525528439e+00
2.919890785859516225e+00
2.928841594523015068e+00
2.937777071671754836e+00
2.946697001643239222e+00
2.955601148131410838e+00
2.964489253448332029e+00
2.973361037885490887e+00
2.982216199187637695e+00
2.991054412152587716e+00
2.999875328370562144e+00
3.008678576116898373e+00
3.017463760411386975e+00
3.026230463258122505e+00
3.034978244078216925e+00
3.043706640348088577e+00
3.052415168454551075e+00
3.061103324777326495e+00
3.069770587008126217e+00
3.078416415714529286e+00
3.087040256154846229e+00
3.095641540348921250e+00
3.104219689407670568e+00
3.112774116122654977e+00
3.121304227814232224e+00
3.129809429435184143e+00
3.138289126923834882e+00
3.146742730798853138e+00
3.155169659984481179e+00
3.163569345853087800e+00
3.171941236468704517e+00
3.180284801012459361e+00
3.188599534368242505e+00
3.196884961843709849e+00
3.205140643999557337e+00
3.213366181556507328e+00
3.221561220347469057e+00
3.229725456279463280e+00
3.237858640267598620e+00
3.245960583101522356e+00
3.254031160202345063e+00
3.262070316226840294e+00
3.270078069473769666e+00
3.278054516046852829e+00
3.285999833727283992e+00
3.293914285508642514e+00
3.301798222747753808e+00
3.309652087883981686e+00
3.317476416682108020e+00
3.325271839954487607e+00
3.333039084720414102e+00
3.340778974764154530e+00
3.348492430555756627e+00
3.356180468503936698e+00
3.363844199514855582e+00
3.371484826836821380e+00
3.379103643177570504e+00
3.386702027088061229e+00
3.394281438614605406e+00
3.401843414229960505e+00
3.409389561062103446e+00
3.416921550449065759e+00
3.424441110856089043e+00
3.431950020200830842e+00
3.439450097639445758e+00
3.446943194874147132e+00
3.454431187048734309e+00
3.461915963303900501e+00
3.469399417068228075e+00
3.476883436162652607e+00
3.484369892798358848e+00
3.491860633547300807e+00
3.499357469363446604e+00
3.506862165730902259e+00
3.514376433011420886e+00
3.521901917060149323e+00
3.529440190174538916e+00
3.536992742436683379e+00
3.544560973504814694e+00
3.552146184905969672e+00
3.559749572877416224e+00
3.567372221800947152e+00
3.575015098270979408e+00
3.582679045833591758e+00
3.590364780430971070e+00
3.598072886582006635e+00
3.605803814325720946e+00
3.613557876949952785e+00
3.621335249522180444e+00
3.629135968232834131e+00
3.636959930554266140e+00
3.644806896210094571e+00
3.652676488939516020e+00
3.660568199032709025e+00
3.668481386601632366e+00
3.676415285540873157e+00
3.684369008123733913e+00
3.692341550169303321e+00
3.700331796709550147e+00
3.708338528079048846e+00
3.716360426347099732e+00
3.724396082010076103e+00
3.732444000862671807e+00
3.740502610969516972e+00
3.748570269663419996e+00
3.756645270502034339e+00
3.764725850122474515e+00
3.772810194940687811e+00
3.780896447649981340e+00
3.788982713481490183e+00
3.797067066196397001e+00
3.805147553786424552e+00
3.813222203866777349e+00
3.821289028751220229e+00
3.829346030207137819e+00
3.837391203895109459e+00
3.845422543506524349e+00
3.853438044622024883e+00
3.861435708323806448e+00
3.869413544606647548e+00
3.877369575641955279e+00
3.885301838960138809e+00
3.893208390623557502e+00
3.901087308466264503e+00
3.908936695475879741e+00
3.916754683385956337e+00
3.924539436534922210e+00
3.932289156026799404e+00
3.940002084204847765e+00
3.947676509418368340e+00
3.955310771030887462e+00
3.962903264584921370e+00
3.970452447008552710e+00
3.977956841723414794e+00
3.985415043496777887e+00
3.992825722872601624e+00
4.000187630019236273e+00
4.007499597846574169e+00
4.014760544270737697e+00
4.021969473539146023e+00
4.029125476571098652e+00
4.036227730314687179e+00
4.043275496167439087e+00
4.050268117551076408e+00
4.057205016766504357e+00
4.064085691281716706e+00
4.070909709617287042e+00
4.077676706994248335e+00
4.084386380893691992e+00
4.091038486650984574e+00
4.097632833169312150e+00
4.104169278795315456e+00
4.110647727355488001e+00
4.117068124310752530e+00
4.123430452955909153e+00
4.129734730570396195e+00
4.135981004422021101e+00
4.142169347537180357e+00
4.148299854177841084e+00
4.154372635004974335e+00
4.160387811956882231e+00
4.166345512923816052e+00
4.172245866349629573e+00
4.178088995933928018e+00
4.183875015635098116e+00
4.189604025184356040e+00
4.195276106307137098e+00
4.200891319812771307e+00
4.206449703655332328e+00
4.211951271991786427e+00
4.217396015175499002e+00
4.222783900528078505e+00
4.228114873644527094e+00
4.233388859909266166e+00
4.238605765850313567e+00
4.243765479938990559e+00
4.248867872460833972e+00
4.253912794146305743e+00
4.258900073348747206e+00
4.263829511694742003e+00
4.268700878290894174e+00
4.273513902739437320e+00
4.278268267372520306e+00
4.282963599244289377e+00
4.287599462497730940e+00
4.292175351736266187e+00
4.296690686968685391e+00
4.301144810555197040e+00
4.305536986373722286e+00
4.309866401166870808e+00
4.314132167750907243e+00
4.318333329506529594e+00
4.322468865370649560e+00
4.326537694447152305e+00
4.330538679387285761e+00
4.334470627871477966e+00
4.338332291850748312e+00
4.342122364648329125e+00
4.345839476523988942e+00
4.349482189801523901e+00
4.353048995064847659e+00
4.356538310175804618e+00
4.359948483893163029e+00
4.363277805655397579e+00
4.366524522635941707e+00
4.369686864532776660e+00
4.372763075785548459e+00
4.375751454114404915e+00
4.378650393536487329e+00
4.381458429422860235e+00
4.384174282776710285e+00
4.386796900780947084e+00
4.389325490799778073e+00
4.391759545415800048e+00
4.394098856715693557e+00
4.396343518865507782e+00
4.398493918974835104e+00
4.400550717266725975e+00
4.402514818546187314e+00
4.404387337791702883e+00
4.406169563267530620e+00
4.407862920777866123e+00
4.409468942498715016e+00
4.410989243220191369e+00
4.412425505872826115e+00
4.413779477005422613e+00
4.415052971587805075e+00
4.416247885295342179e+00
4.417366211444635482e+00
4.418410059101207210e+00
4.419381668629825732e+00
4.420283421117512823e+00
4.421117838642820708e+00
4.421887573245221859e+00
4.422595383599303709e+00
4.423244099733877555e+00
4.423836577542886950e+00
4.424375646162057585e+00
4.424864052365905742e+00
4.425304406802591295e+00
4.425699137007753414e+00
4.426050451675530795e+00
4.426360319662892451e+00
4.426630465794118230e+00
4.426862383888899188e+00
4.427057365734820671e+00
4.427216543097952872e+00
4.427340938403497184e+00
4.427431518483510686e+00
4.427489244850558947e+00
4.427515113418196258e+00
4.427510176605154335e+00
4.427475541491741495e+00
4.427412339285510257e+00
4.427321663833605925e+00
4.427204480203120518e+00
4.427061508185508920e+00
4.426893089592474517e+00
4.426699051934239293e+00
4.426478584011771744e+00
4.426230140614675790e+00
4.425951393416411861e+00
4.425639242840846421e+00
4.425289900757090500e+00
4.424899046170060579e+00
4.424462045857739056e+00
4.423974220087227849e+00
4.423431121883830031e+00
4.422828789351608059e+00
4.422163927095349223e+00
4.421433977252232417e+00
4.420637054003477395e+00
4.419771736565062170e+00
4.418836741110786726e+00
4.417830516671157781e+00
4.416750828129318407e+00
4.415594396461814952e+00
4.414356660298676793e+00
4.413031704813473510e+00
4.411612377887252912e+00
4.410090585159651688e+00
4.408457730878866165e+00
4.406705254836235319e+00
4.404825209030232003e+00
4.402810820092161848e+00
4.400656991665927720e+00
4.398360710614736213e+00
4.395921328546246620e+00
4.393340694333616625e+00
4.390623115665879261e+00
4.387775132326903638e+00
4.384805095775043071e+00
4.381722571671240019e+00
4.378537612912802857e+00
4.375259983697209698e+00
4.371898439348700371e+00
4.368460170996810277e+00
4.364950502254184350e+00
4.361372879014389525e+00
4.357729135116749752e+00
4.354019963817054695e+00
4.350245494995446549e+00
4.346405879762139435e+00
4.342501813462265048e+00
4.338534968762798982e+00
4.334508341184506008e+00
4.330426514221617396e+00
4.326295828764288309e+00
4.322124407894370357e+00
4.317921970159274814e+00
4.313699385922353358e+00
4.309467997522804517e+00
4.305238813186419655e+00
4.301021754922937035e+00
4.296825150167114415e+00
4.292655588649852305e+00
4.288518141201436151e+00
4.284416807620120338e+00
4.280354983014357018e+00
4.276335739817577419e+00
4.272361812127875247e+00
4.268435302971112399e+00
4.264557260554460605e+00
4.260727338813988574e+00
4.256943744717226252e+00
4.253203583793262688e+00
4.249503577631511320e+00
4.245840990291037897e+00
4.242214512501184309e+00
4.238624844836669681e+00
4.235074797126201496e+00
4.231568852890585930e+00
4.228112283306019847e+00
4.224709981942363690e+00
4.221365200408676799e+00
4.218078308280471589e+00
4.214845628282667178e+00
4.211658373932972488e+00
4.208501787134948380e+00
4.205354733253172661e+00
4.202190188035463514e+00
4.198977109856182111e+00
4.195683987042797547e+00
4.192283822596801102e+00
4.188759585581785849e+00
4.185108532729082675e+00
4.181343671011988228e+00
4.177491223846718782e+00
4.173584167126469069e+00
4.169653260916824422e+00
4.165717947278057665e+00
4.161779628335861680e+00
4.157819145459292542e+00
4.153799020185246604e+00
4.149669614878606083e+00
4.145377270472004660e+00
4.140872038371013808e+00
4.136112997630760013e+00
4.131070193160108595e+00
4.125723538550170488e+00
4.120060105622862068e+00
4.114071700120618402e+00
4.107754355168753868e+00
4.101110451766072806e+00
4.094152904742291099e+00
4.086909713999069105e+00
4.079426677745211727e+00
4.071766457486803326e+00
4.064003309290459498e+00
4.056214163393697447e+00
4.048467831395698546e+00
4.040814627424982319e+00
4.033278526623768734e+00
4.025853336635769608e+00
4.018503647030217785e+00
4.011170843596446822e+00
4.003783922280511831e+00
3.996273568092725270e+00
3.988586135468413563e+00
3.980693271822523638e+00
3.972594470114787502e+00
3.964313369948388566e+00
3.955891662061528535e+00
3.947384637530347629e+00
3.938859617725408491e+00
3.930394794086761845e+00
3.922074200839522629e+00
3.913976368534036521e+00
3.906158888435837806e+00
3.898645318898763978e+00
3.891421124736887727e+00
3.884441396475579289e+00
3.877648078635302031e+00
3.870991283986491283e+00
3.864448133123270068e+00
3.858032592785573200e+00
3.851791877818003584e+00
3.845790319635560728e+00
3.840087916088266162e+00
3.834722924148965983e+00
3.829703672598811171e+00
3.825008413504659366e+00
3.820589537960457971e+00
3.816380912614259824e+00
3.812309768215761618e+00
3.808312889965002057e+00
3.804351723881977065e+00
3.800418169943596158e+00
3.796526865112022087e+00
3.792698483675818633e+00
3.788944066225288676e+00
3.785257091223404924e+00
3.781611579771131382e+00
3.777960137215297109e+00
3.774229523732676395e+00
3.770317975052633663e+00
3.766100855327539687e+00
3.761447748932143398e+00
3.756248267567533716e+00
3.750439471668514990e+00
3.744026862858756743e+00
3.737093226858389627e+00
3.729792927273494207e+00
3.722331528965657554e+00
3.714932338780784438e+00
3.707793723296850974e+00
3.701043682997265272e+00
3.694701484698069027e+00
3.688660660553995996e+00
3.682708813149699001e+00
3.676589316655655804e+00
3.670088191921557552e+00
3.663109790581839942e+00
3.655703802228506660e+00
3.648027674923262520e+00
3.640260621108112993e+00
3.632508170381707480e+00
3.624737768995847098e+00
3.616770550384089677e+00
3.608333973752765100e+00
3.599159371274617936e+00
3.589086866100148931e+00
3.578127116885952308e+00
3.566444637534129214e+00
3.554273687817472105e+00
3.541822744922557220e+00
3.529226846484104563e+00
3.516563514553036285e+00
3.503895552605178043e+00
3.491288509879966639e+00
3.478784817504679161e+00
3.466368073010094975e+00
3.453967208287110680e+00
3.441510785079553880e+00
3.428987163922990966e+00
3.416455351028433896e+00
3.403993901167388980e+00
3.391629147949098311e+00
3.379301166984229443e+00
3.366893461490977568e+00
3.354303240177926249e+00
3.341507555866548351e+00
3.328595412721504943e+00
3.315761487630067617e+00
3.303270596888495891e+00
3.291402509232204565e+00
3.280385494142374903e+00
3.270332038829186772e+00
3.261197236391866650e+00
3.252779363357688691e+00
3.244771122071143932e+00
3.236855064638708424e+00
3.228819578160253112e+00
3.220651962106407140e+00
3.212558004906884257e+00
3.204886440571316886e+00
3.197992166170381623e+00
3.192106568401463118e+00
3.187267954426647787e+00
3.183324029186785253e+00
3.179988075918408263e+00
3.176918719752510167e+00
3.173794081115909993e+00
3.170362611800772612e+00
3.166466625722474948e+00
3.162042234830924947e+00
3.157105348213862239e+00
3.151737719704510887e+00
3.146078264686376080e+00
3.140306078005381529e+00
3.134597191824865625e+00
3.129059673097259964e+00
3.123681293362095435e+00
3.118328663003328671e+00
3.112804465863792114e+00
3.106924424428977538e+00
3.100562064405016027e+00
3.093644053767117708e+00
3.086125778400082176e+00
3.077987411461065470e+00
3.069259995804245467e+00
3.060056639028982506e+00
3.050579080945964972e+00
3.041090561864192132e+00
3.031864637437239995e+00
3.023123508656374803e+00
3.014980603690034844e+00
3.007408681654839544e+00
3.000253872892824525e+00
2.993295623235969760e+00
2.986321931867276458e+00
2.979174117630502217e+00
2.971736074424581542e+00
2.963889663890419079e+00
2.955488206546720509e+00
2.946382230225636167e+00
2.936482972772033406e+00
2.925814167730154125e+00
2.914507512134553391e+00
2.902735661979562121e+00
2.890620866166003111e+00
2.878174740213837346e+00
2.865300965973576641e+00
2.851847826726986668e+00
2.837670125015562483e+00
2.822670400823522829e+00
2.806819021235769096e+00
2.790166674383449674e+00
2.772850853529337023e+00
2.755083442499492552e+00
2.737112600889543224e+00
2.719172621872222972e+00
2.701446617619894131e+00
2.684057816002542562e+00
2.667085709668779892e+00
2.650588387068031349e+00
2.634611812871442638e+00
2.619181762130987856e+00
2.604290454735833649e+00
2.589888991665645790e+00
2.575884665651419159e+00
2.562144292783118171e+00
2.548519728560818987e+00
2.534906864174702346e+00
2.521313865994164072e+00
2.507886175421667030e+00
2.494855376989847162e+00
2.482435788281607270e+00
2.470733791689483816e+00
2.459723528088919142e+00
2.449293939155689603e+00
2.439329265587915518e+00
2.429773467385311747e+00
2.420648685022801949e+00
2.412034714648977562e+00
2.404041298903653257e+00
2.396793761088769958e+00
2.390422285313189121e+00
2.385034867209730347e+00
2.380670906205017978e+00
2.377252635745534803e+00
2.374558141999678629e+00
2.372232407639490503e+00
2.369837212506380464e+00
2.366925304113752127e+00
2.363116707687598961e+00
2.358156156274687110e+00
2.351938033641404413e+00
2.344497417911440174e+00
2.335978055790254970e+00
2.326593815682272304e+00
2.316597238296883798e+00
2.306258930318685785e+00
2.295849127081054153e+00
2.285607170269381871e+00
2.275694934791665069e+00
2.266152465192072807e+00
2.256888181622076051e+00
2.247722043970601824e+00
2.238462748109796063e+00
2.228973109653240581e+00
2.219190966585467439e+00
2.209113539456166730e+00
2.198778091089444331e+00
2.188260113779618710e+00
2.177682919544094098e+00
2.167217742367686828e+00
2.157059671550664692e+00
2.147383953681623048e+00
2.138303249709615717e+00
2.129846057758741917e+00
2.121963136567382335e+00
2.114555661872742576e+00
2.107511839778745788e+00
2.100736997956499597e+00
2.094166181219403899e+00
2.087757210897229765e+00
2.081472428955968734e+00
2.075263871005310179e+00
2.069073079203919807e+00
2.062844064721975457e+00
2.056538418503245591e+00
2.050143074484297667e+00
2.043667432399460804e+00
2.037130415529200711e+00
2.030540633117288163e+00
2.023875272990152130e+00
2.017063291908437694e+00
2.009976812797765078e+00
2.002435486957425681e+00
1.994230317565524713e+00
1.985168451377299803e+00
1.975126989177717896e+00
1.964092382957151051e+00
1.952165138383326060e+00
1.939527764029378432e+00
1.926393563227620787e+00
1.912960010933156818e+00
1.899380864297285587e+00
1.885756861141496321e+00
1.872137540870131511e+00
1.858528271574038770e+00
1.844901342516034326e+00
1.831212723991133995e+00
1.817424762841681751e+00
1.803529626018359311e+00
1.789561919570010096e+00
1.775589320243487812e+00
1.761682640928708077e+00
1.747883928529418984e+00
1.734195971502774158e+00
1.720601960923830553e+00
1.707102584616660090e+00
1.693747283176472607e+00
1.680642106498131616e+00
1.667931346872200571e+00
1.655763521518903270e+00
1.644257178490378335e+00
1.633477736631068433e+00
1.623429025535557679e+00
1.614058933270442697e+00
1.605278289547076076e+00
1.596991526461110089e+00
1.589134045333338241e+00
1.581706593986282439e+00
1.574795283642294264e+00
1.568569254247987432e+00
1.563255060338768931e+00
1.559093667009842310e+00
1.556289523245957707e+00
1.554962070327239099e+00
1.555110202269127440e+00
1.556599305590196991e+00
1.559176432231909937e+00
1.562511445283746303e+00
1.566253297043732173e+00
1.570085059676769257e+00
1.573762050721457584e+00
1.577124617092590997e+00
1.580087463045550367e+00
1.582615588976143295e+00
1.584699285463158303e+00
1.586336951159045050e+00
1.587527387998209027e+00
1.588266786647499762e+00
1.588543741588226865e+00
1.588329649004656563e+00
1.587568822258654588e+00
1.586176790876774989e+00
1.584052399817855505e+00
1.581101173954813088e+00
1.577260368079472341e+00
1.572515336321730350e+00
1.566901746058744882e+00
1.560494387610066536e+00
1.553387793318519172e+00
1.545676102427901544e+00
1.537439335384871653e+00
1.528739696453043528e+00
1.519625858176440358e+00
1.510139290285867020e+00
1.500317625997029891e+00
1.490194444163336351e+00
1.479798353833195801e+00
1.469154174617966824e+00
1.458286363955487719e+00
1.447222552130135842e+00
1.435994889091139148e+00
1.424638519976525020e+00
1.413188335031418719e+00
1.401675860016091679e+00
1.390127561456720340e+00
1.378564826163912294e+00
1.367005361879253256e+00
1.355465679372225063e+00
1.343964060721628995e+00
1.332523079606243055e+00
1.321170873903668497e+00
1.309940917525462600e+00
1.298870445608931057e+00
1.287997858914280425e+00
1.277359660949799913e+00
1.266987652808359899e+00
1.256906826677432365e+00
1.247133853892691713e+00
1.237676051676152467e+00
1.228531504012287723e+00
1.219691713565072444e+00
1.211147586677569832e+00
1.202897603480496347e+00
1.194955000188749672e+00
1.187350339282767786e+00
1.180127593633587102e+00
1.173334888201227777e+00
1.167013472647561390e+00
1.161188898421469995e+00
1.155866743868891877e+00
1.151032893309450467e+00
1.146656825067821739e+00
1.142696156293496967e+00
1.139101335628194045e+00
1.135820061731232844e+00
1.132801308737498402e+00
1.129998797914491204e+00
1.127373568615732236e+00
1.124895119125010279e+00
1.122540540477008353e+00
1.120291335355183326e+00
1.118128307035217262e+00
1.116025825070168676e+00
1.113947406180914479e+00
1.111844382042092905e+00
1.109658404415555522e+00
1.107327170394470484e+00
1.104791725614754139e+00
1.102003373360824767e+00
1.098928469527096663e+00
1.095549954926670289e+00
1.091865239914378005e+00
1.087880943383934040e+00
1.083605789445846845e+00
1.079043376521593878e+00
1.074186414681339130e+00
1.069013531051526744e+00
1.063489155763186034e+00
1.057566486350088208e+00
1.051193071437855009e+00
1.044318123057581982e+00
1.036900352668215897e+00
1.028915078513451320e+00
1.020359600612029016e+00
1.011256227391328588e+00
1.001652648650279476e+00
9.916195016432837184e-01
9.812450955064071501e-01
9.706275527429809591e-01
9.598651737013795815e-01
9.490464632050779059e-01
9.382416497242724862e-01
9.274974069886667838e-01
9.168358242432190774e-01
9.062576871369146803e-01
8.957491652765700030e-01
8.852903358177686144e-01
8.748637347384954355e-01
8.644613066899481391e-01
8.540886256658362097e-01
8.437659526493174189e-01
8.335264338877381718e-01
8.234123539462741004e-01
8.134706707734334907e-01
8.037489741966781231e-01
7.942925685900812383e-01
7.851427836452078424e-01
7.763361299565808560e-01
7.679037362236756925e-01
7.598706635657851427e-01
7.522550497465572139e-01
7.450673686300753884e-01
7.383102173872738705e-01
7.319789188192862284e-01
7.260629428110686456e-01
7.205478732324314128e-01
7.154175060442538037e-01
7.106556910229604451e-01
7.062476569442384111e-01
7.021806930520855250e-01
6.984441479797803831e-01
6.950287681740524581e-01
6.919254767576542564e-01
6.891238062435077749e-01
6.866103065138088324e-01
6.843672888249112685e-01
6.823721975652939919e-01
6.805977395296688437e-01
6.790127068407734168e-01
6.775832749640624542e-01
6.762744864604847139e-01
6.750516496798258936e-01
6.738814635943468634e-01
6.727327860104637125e-01
6.715770554436428785e-01
6.703884322538280482e-01
6.691437356860059360e-01
6.678222338443728923e-01
6.664053205759227216e-01
6.648761112414774965e-01
6.632190128046141497e-01
6.614193527870202427e-01
6.594631572439372258e-01
6.573371342881424439e-01
6.550288568796421851e-01
6.525270750086631377e-01
6.498220509195496986e-01
6.469058144052389769e-01
6.437722733902992989e-01
6.404171705504954071e-01
6.368379271371878980e-01
6.330334411705801356e-01
6.290039010865015046e-01
6.247506463053064119e-01
6.202760729359206859e-01
6.155835643557364678e-01
6.106774280048687942e-01
6.055628321731436614e-01
6.002457455412361087e-01
5.947328802945870407e-01
5.890316309503117465e-01
5.831499964796621471e-01
5.770964807728599100e-01
5.708799844595958684e-01
5.645097194773358584e-01
5.579951844868846766e-01
5.513462275563888459e-01
5.445731948716215909e-01
5.376871308032162844e-01
5.306999686559341622e-01
5.236246433628894970e-01
5.164750711379089143e-01
5.092659727361938948e-01
5.020125565076710705e-01
4.947301125431046165e-01
4.874335896083759057e-01
4.801372273033254756e-01
4.728542985620281525e-01
4.655969890567949743e-01
4.583764093692387909e-01
4.512027110830621468e-01
4.440852641738049500e-01
4.370328512579058633e-01
4.300538421716288418e-01
4.231563258042185249e-01
4.163481904932365696e-01
4.096371557797462981e-01
4.030307646936970301e-01
3.965363466968345185e-01
3.901609584161747080e-01
3.839113049531563404e-01
3.777936416027928290e-01
3.718136561053820843e-01
3.659763352794898617e-01
3.602858255509245322e-01
3.547453020114032518e-01
3.493568628836580259e-01
3.441214644921940513e-01
3.390389064891864979e-01
3.341078698629720845e-01
3.293260032859360864e-01
3.246900483340637855e-01
3.201959917943409950e-01
3.158392334588830952e-01
3.116147596031682010e-01
3.075173146278391556e-01
3.035415651125628056e-01
2.996822511957208945e-01
2.959343197101885758e-01
2.922930323662111807e-01
2.887540413442981624e-01
2.853134248848532839e-01
2.819676774999310132e-01
2.787136533923830761e-01
2.755484670020019733e-01
2.724693602408814197e-01
2.694735506623741617e-01
2.665580774510525330e-01
2.637196621601102797e-01
2.609545986551740637e-01
2.582586824300358574e-01
2.556271843426852208e-01
2.530548688702415894e-01
2.505360529071157250e-01
2.480646982438771964e-01
2.456345291370318762e-01
2.432391656046383188e-01
2.408722630365842388e-01
2.385276492416063265e-01
2.361994510875163877e-01
2.338822043607795831e-01
2.315709422660557348e-01
2.292612599342650215e-01
2.269493542041294831e-01
2.246320395991104335e-01
2.223067427116982575e-01
2.199714780806242831e-01
2.176248091246658911e-01
2.152657978459708021e-01
2.128939469219015279e-01
2.105091375497363526e-01
2.081115660597958050e-01
2.057016819139443065e-01
2.032801292809700289e-01
2.008476939340617662e-01
1.984052567471814299e-01
1.959537545780468681e-01
1.934941488292789002e-01
1.910274015050162644e-01
1.885544581688420873e-01
1.860762369021012885e-01
1.835936221899829857e-01
1.811074626334710502e-01
1.786185714792600521e-01
1.761277291357446206e-01
1.736356870491389814e-01
1.711431725019916250e-01
1.686508940349920327e-01
1.661595472721277278e-01
1.636698209594630582e-01
1.611824030309067235e-01
1.586979865139775403e-01
1.562172751005387883e-01
1.537409882360242230e-01
1.512698656193709468e-01
1.488046710426692010e-01
1.463461955231229461e-01
1.438952596845080034e-01
1.414527153330321918e-01
1.390194461521834512e-01
1.365963674250932347e-01
1.341844246930027074e-01
1.317845912817950937e-01
1.293978646765751028e-01
1.270252617911553361e-01
1.246678132546755330e-01
1.223265569081939674e-01
1.200025307576966932e-01
1.176967656571958065e-01
1.154102779923242006e-01
1.131440626024839552e-01
1.108990861247499821e-01
1.086762808755633719e-01
1.064765393185999331e-01
1.043007091103317491e-01
1.021495886772583184e-01
1.000239232653475085e-01
9.792440141290999212e-02
9.585165182870407363e-02
9.380624069983113655e-02
9.178866949941359710e-02
8.979937340240642940e-02
8.783872044088766873e-02
8.590701153242288890e-02
8.400448149443826007e-02
8.213130111575715764e-02
8.028758029824888121e-02
7.847337221395654649e-02
7.668867835429840629e-02
7.493345428595368785e-02
7.320761587971211237e-02
7.151104574876068765e-02
6.984359962404580735e-02
6.820511240652749052e-02
6.659540366708389947e-02
6.501428241066535552e-02
6.346155097703146120e-02
6.193700801065640110e-02
6.044045049197102615e-02
5.897167487649156853e-02
5.753047743413565451e-02
5.611665391576335649e-02
5.472999869665665096e-02
5.337030355723470371e-02
5.203735626070415260e-02
5.073093907715368195e-02
4.945082738586283055e-02
4.819678846451094789e-02
4.696858054780288921e-02
4.576595221082490478e-02
4.458864210599673694e-02
4.343637905824584977e-02
4.230888250204953988e-02
4.120586322694134995e-02
4.012702438529706928e-02
3.907206270772164980e-02
3.804066986691834878e-02
3.703253393011153582e-02
3.604734084240071579e-02
3.508477588818173509e-02
3.414452508440533884e-02
3.322627646726345613e-02
3.232972124239580358e-02
3.145455477733375554e-02
3.060047742324058934e-02
2.976719516075426383e-02
2.895442007158398334e-02
2.816187064333816256e-02
2.738927191976029893e-02
2.663635551206327418e-02
2.590285948946898995e-02
2.518852816838796152e-02
2.449311182007380891e-02
2.381636631615104138e-02
2.315805273032155512e-02
2.251793691293496949e-02
2.189578905311614573e-02
2.129138324094674919e-02
2.070449703988902837e-02
2.013491107736766622e-02
1.958240865927159124e-02
1.904677541216877670e-02
1.852779895531032200e-02
1.802526860306343653e-02
1.753897509725845655e-02
1.706871036808453243e-02
1.661426732157610456e-02
1.617543965140216811e-02
1.575202167253936247e-02
1.534380817445941785e-02
1.495059429165175591e-02
1.457217538956926024e-02
1.420834696443096755e-02
1.385890455567391662e-02
1.352364367020488130e-02
1.320235971794023536e-02
1.289484795841795359e-02
1.260090345850924630e-02
1.232032106143581170e-02
1.205289536744051475e-02
1.179842072651072701e-02
1.155669124358024019e-02
1.132750079660185642e-02
1.111064306781260787e-02
1.090591158841327547e-02
1.071309979676582022e-02
1.053200111007487373e-02
1.036240900937864320e-02
1.020411713753436277e-02
1.005691940974884520e-02
9.920610136080207711e-03
9.794984155218467922e-03
9.679836978767316150e-03
9.574964945156685600e-03
9.480165382257009499e-03
9.395236777722477950e-03
9.319978956050170918e-03
9.254193261331516290e-03
9.197682744667251900e-03
9.150252355225227049e-03
9.111709133935004534e-03
9.081862408848461604e-03
9.060523991223071519e-03
9.047508371425172849e-03
9.042632913803198141e-03
9.045718049722676832e-03
9.056587468007134406e-03
9.075068302091598635e-03
9.100991313244983019e-03
9.134191069272436583e-03
9.174506118179220557e-03
