8.198105621162858625e-02
5.318727336317433108e-02
2.497045360783513301e-02
1.394606451152694167e-02
9.109392355628348828e-03
6.787636716696072818e-03
5.603178262296719392e-03
4.981334931256183735e-03
4.659091725494834968e-03
4.506284669940671672e-03
4.454197366734772776e-03
4.464582076063298814e-03
4.515207397242125727e-03
4.592681376831036361e-03
4.688692700614957923e-03
4.797951180555416924e-03
4.917015351321290910e-03
5.043603086902241281e-03
5.176174912576807056e-03
5.313676141265604932e-03
5.455374027901723280e-03
5.600753100724085304e-03
5.749446834573692343e-03
5.901192426620247358e-03
6.055800485135025973e-03
6.213134476515428176e-03
6.373096635664746504e-03
6.535618204876259170e-03
6.700652601192514692e-03
6.868170584113745918e-03
7.038156802328626553e-03
7.210607299775959218e-03
7.385527695203643155e-03
7.562931839029755562e-03
7.742840811827320611e-03
7.925282169935009280e-03
8.110289371883646833e-03
8.297901338772993921e-03
8.488162115213339354e-03
8.681120606849652629e-03
8.876830377089566654e-03
9.075349490305835778e-03
9.276740392094964469e-03
9.481069819527713008e-03
9.688408736019154394e-03
9.898832286679976403e-03
1.011241977089132049e-02
1.032925462951000267e-02
1.054942444459389464e-02
1.077302094990104792e-02
1.100014005069443850e-02
1.123088185159594292e-02
1.146535069140149771e-02
1.170365518390102666e-02
1.194590826385113352e-02
1.219222723734634216e-02
1.244273383589979479e-02
1.269755427361403399e-02
1.295681930688321291e-02
1.322066429610680750e-02
1.348922926895647009e-02
1.376265898476846695e-02
1.404110299967666758e-02
1.432471573213999275e-02
1.461365652855260711e-02
1.490808972865736472e-02
1.520818473051476112e-02
1.551411605481507403e-02
1.582606340834429373e-02
1.614421174644995599e-02
1.646875133438052002e-02
1.679987780739429504e-02
1.713779222956800588e-02
1.748270115126029228e-02
1.783481666520401326e-02
1.819435646123753955e-02
1.856154387970145037e-02
1.893660796354991807e-02
1.931978350925498897e-02
1.971131111659314705e-02
2.011143723743193806e-02
2.052041422363937162e-02
2.093850037427079022e-02
2.136595998218118395e-02
2.180306338023228069e-02
2.225008698726968145e-02
2.270731335404222243e-02
2.317503120923556162e-02
2.365353550579015265e-02
2.414312746765729864e-02
2.464411463713410758e-02
2.515681092289223653e-02
2.568153664878618583e-02
2.621861860349360140e-02
2.676839009099160963e-02
2.733119098182264575e-02
2.790736776503658506e-02
2.849727360063516318e-02
2.910126837225064655e-02
2.971971873970710026e-02
3.035299819100654301e-02
3.100148709317141968e-02
3.166557274124608828e-02
3.234564940463174887e-02
3.304211836977917482e-02
3.375538797810791192e-02
3.448587365786967562e-02
3.523399794849170485e-02
3.600019051577296042e-02
3.678488815612999951e-02
3.758853478791036873e-02
3.841158142763072270e-02
3.925448614883192411e-02
4.011771402108654794e-02
4.100173702657292779e-02
4.190703395150973537e-02
4.283409024965043749e-02
4.378339787499004737e-02
4.475545508081020529e-02
4.575076618218857499e-02
4.676984127918287076e-02
4.781319593798241674e-02
4.888135082749013594e-02
4.997483130900945425e-02
5.109416697697095888e-02
5.223989114897184538e-02
5.341254030377978745e-02
5.461265346639735535e-02
5.584077153979376956e-02
5.709743658345693001e-02
5.838319103953688860e-02
5.969857690799450223e-02
6.104413487287328050e-02
6.242040338252691917e-02
6.382791768737641758e-02
6.526720883952913388e-02
6.673880265934693801e-02
6.824321867477060877e-02
6.978096903993200040e-02
7.135255744023133451e-02
7.295847799166525760e-02
7.459921414272115137e-02
7.627523758758056327e-02
7.798700719971524142e-02
7.973496799517551525e-02
8.151955013496249569e-02
8.334116797582570568e-02
8.520021917864840921e-02
8.709708388324172157e-02
8.903212395789977807e-02
9.100568233143602193e-02
9.301808241466254235e-02
9.506962761739472245e-02
9.716060096605036445e-02
9.929126482580023783e-02
1.014618607300664527e-01
1.036726093188778952e-01
1.059237103863397977e-01
1.082153430361298546e-01
1.105476659426690017e-01
1.129208177143122410e-01
1.153349173537067396e-01
1.177900648093301583e-01
1.202863416111549510e-01
1.228238115824813181e-01
1.254025216191758108e-01
1.280225025268906247e-01
1.306837699063556624e-01
1.333863250764857622e-01
1.361301560248613651e-01
1.389152383751373343e-01
1.417415363610556034e-01
1.446090037970327591e-01
1.475175850356938434e-01
1.504672159033109691e-01
1.534578246046914562e-01
1.564893325898581711e-01
1.595616553756434575e-01
1.626747033161937139e-01
1.658283823172898575e-01
1.690225944902832844e-01
1.722572387424196605e-01
1.755322113011635876e-01
1.788474061710686736e-01
1.822027155225747763e-01
1.855980300129069505e-01
1.890332390399758755e-01
1.925082309309260054e-01
1.960228930675360914e-01
1.995771119512836644e-01
2.031707732113659515e-01
2.068037615593872891e-01
2.104759606948128081e-01
2.141872531655347744e-01
2.179375201882120527e-01
2.217266414331067748e-01
2.255544947783429954e-01
2.294209560385066793e-01
2.333258986725005035e-01
2.372691934755348508e-01
2.412507082599852082e-01
2.452703075297044955e-01
2.493278521521853641e-01
2.534231990326881179e-01
2.575562007942440723e-01
2.617267054670692761e-01
2.659345561906709121e-01
2.701795909315433675e-01
2.744616422190335192e-01
2.787805369015863843e-01
2.831360959252393616e-01
2.875281341358608689e-01
2.919564601063163178e-01
2.964208759893879330e-01
3.009211773969390213e-01
3.054571533055527310e-01
3.100285859885672513e-01
3.146352509741383030e-01
3.192769170287895752e-01
3.239533461656596836e-01
3.286642936764742617e-01
3.334095081861691567e-01
3.381887317289382078e-01
3.430016998444261889e-01
3.478481416927582393e-01
3.527277801870763452e-01
3.576403321422912396e-01
3.625855084388362459e-01
3.675630142002431211e-01
3.725725489835738924e-01
3.776138069817400189e-01
3.826864772370188739e-01
3.877902438651307238e-01
3.929247862894352794e-01
3.980897794849386773e-01
4.032848942319867680e-01
4.085097973795672743e-01
4.137641521183473281e-01
4.190476182635616831e-01
4.243598525480387074e-01
4.297005089256203947e-01
4.350692388852606118e-01
4.404656917761532453e-01
4.458895151440979698e-01
4.513403550793854135e-01
4.568178565763904020e-01
4.623216639049043675e-01
4.678514209933449242e-01
4.734067718236666389e-01
4.789873608379505709e-01
4.845928333563453427e-01
4.902228360061216539e-01
4.958770171614365063e-01
5.015550273933520042e-01
5.072565199296545924e-01
5.129811511238885346e-01
5.187285809330255404e-01
5.244984734031934437e-01
5.302904971627809827e-01
5.361043259222786350e-01
5.419396389801891534e-01
5.477961217342481870e-01
5.536734661973194971e-01
5.595713715171303226e-01
5.654895444991222542e-01
5.714277001315841709e-01
5.773855621122517823e-01
5.833628633754677217e-01
5.893593466189924746e-01
5.953747648295275585e-01
6.014088818059433184e-01
6.074614726791658370e-01
6.135323244276499333e-01
6.196212363873319084e-01
6.257280207548943096e-01
6.318525030831608769e-01
6.379945227673338159e-01
6.441539335209099937e-01
6.503306038398224409e-01
6.565244174535882493e-01
6.627352737619561784e-01
6.689630882557451308e-01
6.752077929202958684e-01
6.814693366201525215e-01
6.877476854633515213e-01
6.940428231438598994e-01
7.003547512605082792e-01
7.066834896108824537e-01
7.130290764585857088e-01
7.193915687722609587e-01
7.257710424347878497e-01
7.321675924211291653e-01
7.385813329432943108e-01
7.450123975609277416e-01
7.514609392561886203e-01
7.579271304715001767e-01
7.644111631090066972e-01
7.709132484906295879e-01
7.774336172776351583e-01
7.839725193489368582e-01
7.905302236373983327e-01
7.971070179234925890e-01
8.037032085860384978e-01
8.103191203097005468e-01
8.169550957492450749e-01
8.236114951506375848e-01
8.302886959293195313e-01
8.369870922062114804e-01
8.437070943019641112e-01
8.504491281905153244e-01
8.572136349128288701e-01
8.640010699521615267e-01
8.708119025721564599e-01
8.776466151194793897e-01
8.845057022925874035e-01
8.913896703786650111e-01
8.982990364608485212e-01
9.052343275978057546e-01
9.121960799782463658e-01
9.191848380528112594e-01
9.262011536459398009e-01
9.332455850506031769e-01
9.403186961085723272e-01
9.474210552793903561e-01
9.545532347008034435e-01
9.617158092437957384e-01
9.689093555652847911e-01
9.761344511614010733e-01
9.833916734244377844e-01
9.906815987063608553e-01
9.980048013917319771e-01
1.005361852982806115e+00
1.012753321199371115e+00
1.020179769095798550e+00
1.027641754197609503e+00
1.035139827659544265e+00
1.042674533446977136e+00
1.050246407542307914e+00
1.057855977177569962e+00
1.065503760094262509e+00
1.073190263831179658e+00
1.080915985040538541e+00
1.088681408832503861e+00
1.096487008147794873e+00
1.104333243157781919e+00
1.112220560691032034e+00
1.120149393685069050e+00
1.128120160661646887e+00
1.136133265223611355e+00
1.144189095571071402e+00
1.152288024034463954e+00
1.160430406621497434e+00
1.168616582575360274e+00
1.176846873940697202e+00
1.185121585134290001e+00
1.193441002516990146e+00
1.201805393963511603e+00
1.210215008426643202e+00
1.218670075492628957e+00
1.227170804924355263e+00
1.235717386189433720e+00
1.244309987970220410e+00
1.252948757653241207e+00
1.261633820795799776e+00
1.270365280567860022e+00
1.279143217167725055e+00
1.287967687210566536e+00
1.296838723089166034e+00
1.305756332307002943e+00
1.314720496784045789e+00
1.323731172136559664e+00
1.332788286932351518e+00
1.341891741923819881e+00
1.351041409261642734e+00
1.360237131692314971e+00
1.369478721743495608e+00
1.378765960901613186e+00
1.388098598786502880e+00
1.397476352328463456e+00
1.406898904953422624e+00
1.416365905782255297e+00
1.425876968850625204e+00
1.435431672355975241e+00
1.445029557938278142e+00
1.454670130001698647e+00
1.464352855083811855e+00
1.474077161279469639e+00
1.483842437726179853e+00
1.493648034157526894e+00
1.503493260531385545e+00
1.513377386739069630e+00
1.523299642401317877e+00
1.533259216756904575e+00
1.543255258648889905e+00
1.553286876613363621e+00
1.563353139074972642e+00
1.573453074652964245e+00
1.583585672580896775e+00
1.593749883242777665e+00
1.603944618827618296e+00
1.614168754103822545e+00
1.624421127314311430e+00
1.634700541192499079e+00
1.645005764098791845e+00
1.655335531276484584e+00
1.665688546225398747e+00
1.676063482191060050e+00
1.686458983766460751e+00
1.696873668603053886e+00
1.707306129226912050e+00
1.717754934955676216e+00
1.728218633911237312e+00
1.738695755122789732e+00
1.749184810714358829e+00
1.759684298170857808e+00
1.770192702675901231e+00
1.780708499514921828e+00
1.791230156536560036e+00
1.801756136665326524e+00
1.812284900458293047e+00
1.822814908698906944e+00
1.833344625020396412e+00
1.843872518552044371e+00
1.854397066581252362e+00
1.864916757224434951e+00
1.875430092100344392e+00
1.885935588999229084e+00
1.896431784541688925e+00
1.906917236821087602e+00
1.917390528023909191e+00
1.927850267022087394e+00
1.938295091932106917e+00
1.948723672635201076e+00
1.959134713253374294e+00
1.969526954575719024e+00
1.979899176429551932e+00
1.990250199990600377e+00
2.000578890026466716e+00
2.010884157066858968e+00
2.021164959494242908e+00
2.031420305547932958e+00
2.041649255234060600e+00
2.051850922133970911e+00
2.062024475102494314e+00
2.072169139847899189e+00
2.082284200384621364e+00
2.092369000349552532e+00
2.102422944173251373e+00
2.112445498096418017e+00
2.122436191023384655e+00
2.132394615203477173e+00
2.142320426732558847e+00
2.152213345867015182e+00
2.162073157143742819e+00
2.171899709300227688e+00
2.181692914989884269e+00
2.191452750289393681e+00
2.201179253995411589e+00
2.210872526709749319e+00
2.220532729713295517e+00
2.230160083630424506e+00
2.239754866886892959e+00
2.249317413965673307e+00
2.258848113466680019e+00
2.268347405977297448e+00
2.277815781762364544e+00
2.287253778283153682e+00
2.296661977556445411e+00
2.306041003365787212e+00
2.315391518338130616e+00
2.324714220900464312e+00
2.334009842131875789e+00
2.343279142527643799e+00
2.352522908692908032e+00
2.361741949984559330e+00
2.370937095120674964e+00
2.380109188777623785e+00
2.389259088195863523e+00
2.398387659815742978e+00
2.407495775965206253e+00
2.416584311621308157e+00
2.425654141268032582e+00
2.434706135871996580e+00
2.443741159998138457e+00
2.452760069086259431e+00
2.461763706908871807e+00
2.470752903229941566e+00
2.479728471682199675e+00
2.488691207880335377e+00
2.497641887784578962e+00
2.506581266328061552e+00
2.515510076318781429e+00
2.524429027624628397e+00
2.533338806647751351e+00
2.542240076090869216e+00
2.551133475015803231e+00
2.560019619190799123e+00
2.568899101719630096e+00
2.577772493942065868e+00
2.586640346590861839e+00
2.595503191186842251e+00
2.604361541649153011e+00
2.613215896094057022e+00
2.622066738790968188e+00
2.630914542241205911e+00
2.639759769340948470e+00
2.648602875586726135e+00
2.657444311279289373e+00
2.666284523679602003e+00
2.675123959069455992e+00
2.683963064668688947e+00
2.692802290361997919e+00
2.701642090189094070e+00
2.710482923555406209e+00
2.719325256123269252e+00
2.728169560348570055e+00
2.737016315633072239e+00
2.745866008068587494e+00
2.754719129756196594e+00
2.763576177690578728e+00
2.772437652207179415e+00
2.781304054996961650e+00
2.790175886700556607e+00
2.799053644100344851e+00
2.807937816934435116e+00
2.816828884361697760e+00
2.825727311110258100e+00
2.834633543345006501e+00
2.843548004290527675e+00
2.852471089646725577e+00
2.861403162833298097e+00
2.870344550098470116e+00
2.879295535525212113e+00
2.888256355966699829e+00
2.897227195941298294e+00
2.906208182516405447e+00
2.915199380210794278e+00
2.924200785945854530e+00
2.933212324079734756e+00
2.942233841560819130e+00
2.951265103243334131e+00
2.960305787412781608e+00
2.969355481576376299e+00
2.978413678579146406e+00
2.987479773113653536e+00
2.996553058695512917e+00
3.005632725180932496e+00
3.014717856903760040e+00
3.023807431509001997e+00
3.032900319555611013e+00
3.041995284955743006e+00
3.051090986308328201e+00
3.060185979173719151e+00
3.069278719323489835e+00
3.078367566984341330e+00
3.087450792080500328e+00
3.096526580463637934e+00
3.105593041104585783e+00
3.114648214207068833e+00
3.123690080192047969e+00
3.132716569489449654e+00
3.141725573065777599e+00
3.150714953607706814e+00
3.159682557275520054e+00
3.168626225935111673e+00
3.177543809771873562e+00
3.186433180185674008e+00
3.195292242861992538e+00
3.204118950909677466e+00
3.212911317952199752e+00
3.221667431055785791e+00
3.230385463375372357e+00
3.239063686398682140e+00
3.247700481670130035e+00
3.256294351880660187e+00
3.264843931218004425e+00
3.273347994883022416e+00
3.281805467694018930e+00
3.290215431719807793e+00
3.298577132903860232e+00
3.306889986665173531e+00
3.315153582483449934e+00
3.323367687496886269e+00
3.331532249155278791e+00
3.339647396981432870e+00
3.347713443493955499e+00
3.355730884338040454e+00
3.363700397654860730e+00
3.371622842697535649e+00
3.379499257674428492e+00
3.387330856770413678e+00
3.395119026268915707e+00
3.402865319673995081e+00
3.410571451716825297e+00
3.418239291126322410e+00
3.425870852052295135e+00
3.433468284050747776e+00
3.441033860575799075e+00
3.448569965968637963e+00
3.456079080990065222e+00
3.463563767004941063e+00
3.471026648992505237e+00
3.478470397620735177e+00
3.485897710682431594e+00
3.493311294240295517e+00
3.500713843863685337e+00
3.508108026357878106e+00
3.515496462381879184e+00
3.522881710323729543e+00
3.530266251750020956e+00
3.537652478671909240e+00
3.545042682776811560e+00
3.552439046668537603e+00
3.559843637048172305e+00
3.567258399660822477e+00
3.574685155739683040e+00
3.582125599607082211e+00
3.589581297049621700e+00
3.597053684073936886e+00
3.604544065676440034e+00
3.612053614319048478e+00
3.619583367892911241e+00
3.627134227063561145e+00
3.634706952016550030e+00
3.642302158749153751e+00
3.649920315172515473e+00
3.657561737384388056e+00
3.665226586539729769e+00
3.672914866770406572e+00
3.680626424589539258e+00
3.688360950150887607e+00
3.696117980628099708e+00
3.703896905836875142e+00
3.711696976057369479e+00
3.719517311836954665e+00
3.727356915383863267e+00
3.735214683015248394e+00
3.743089418017179870e+00
3.750979843222303600e+00
3.758884612623916155e+00
3.766802321426154787e+00
3.774731514073275118e+00
3.782670689997570168e+00
3.790618307051397018e+00
3.798572782823306682e+00
3.806532494249815990e+00
3.814495776097447610e+00
3.822460918979119437e+00
3.830426167567577700e+00
3.838389719568821690e+00
3.846349725821951004e+00
3.854304291614767841e+00
3.862251478973871777e+00
3.870189309346680151e+00
3.878115765791729785e+00
3.886028793594419106e+00
3.893926298186371593e+00
3.901806139416577057e+00
3.909666121627093816e+00
3.917503979609701759e+00
3.925317361308927389e+00
3.933103808986543548e+00
3.940860741339005990e+00
3.948585439614495929e+00
3.956275040979138069e+00
3.963926542149011745e+00
3.971536815617286109e+00
3.979102639727200685e+00
3.986620742503184545e+00
3.994087857727585344e+00
4.001500790432829469e+00
4.008856487929346457e+00
4.016152111821011950e+00
4.023385106219449447e+00
4.030553257533695088e+00
4.037654741723557983e+00
4.044688155684379893e+00
4.051652530406120611e+00
4.058547324685576108e+00
4.065372399439312723e+00
4.072127974056255262e+00
4.078814567694135640e+00
4.085432929860255413e+00
4.091983965858632111e+00
4.098468663514013066e+00
4.104888027783836435e+00
4.111243029284747053e+00
4.117534571360708995e+00
4.123763478225560775e+00
4.129930504200134855e+00
4.136036361495940561e+00
4.142081761766627679e+00
4.148067465059764203e+00
4.153994329041615252e+00
4.159863351457205205e+00
4.165675699632711115e+00
4.171432722262802706e+00
4.177135940577206163e+00
4.182787018102793297e+00
4.188387710481117132e+00
4.193939799000671265e+00
4.199445013425703976e+00
4.204904951080981057e+00
4.210320999745792214e+00
4.215694271611417854e+00
4.221025554457028761e+00
4.226315284584782894e+00
4.231563544290013468e+00
4.236770085020459042e+00
4.241934375971206705e+00
4.247055676501164889e+00
4.252133129127321887e+00
4.257165867702768836e+00
4.262153132722724003e+00
4.267094382921052365e+00
4.271989390136304188e+00
4.276838303686901099e+00
4.281641671874179877e+00
4.286400411970109126e+00
4.291115725800962899e+00
4.295788964948218158e+00
4.300421456516716034e+00
4.305014306301916172e+00
4.309568200345860411e+00
4.314083228127762126e+00
4.318558751134764506e+00
4.322993339366957954e+00
4.327384794969326265e+00
4.331730275474920511e+00
4.336026517605446884e+00
4.340270145426035953e+00
4.344458025088094644e+00
4.348587606516802317e+00
4.352657176961948871e+00
4.356665950022477141e+00
4.360613932197501263e+00
4.364501547660047720e+00
4.368329054312801496e+00
4.372095837664594420e+00
4.375799708481254768e+00
4.379436342869797549e+00
4.382998983988248831e+00
4.386478476902741619e+00
4.389863644530367814e+00
4.393141949814832081e+00
4.396300343182534931e+00
4.399326175334983269e+00
4.402208065653635316e+00
4.404936649335842169e+00
4.407505168552893871e+00
4.409909908416196345e+00
4.412150493853872923e+00
4.414230052989160491e+00
4.416155222034781502e+00
4.417935932883108485e+00
4.419584909819341156e+00
4.421116824372538723e+00
4.422547121601157372e+00
4.423890622552629992e+00
4.425160096152337630e+00
4.426365044737143428e+00
4.427510935900478728e+00
4.428599034994146422e+00
4.429626867077957719e+00
4.430589201529140375e+00
4.431479348919910244e+00
4.432290519949474650e+00
4.433017029588236291e+00
4.433655217906711243e+00
4.434204061203320890e+00
4.434665515075009168e+00
4.435044634245432604e+00
4.435349460212584027e+00
4.435590607613972836e+00
4.435780482114914491e+00
4.435932166168714552e+00
4.436058183486219164e+00
4.436169497798807981e+00
4.436275101738760718e+00
4.436382359845019607e+00
4.436497951842795828e+00
4.436628969225687058e+00
4.436783600008886275e+00
4.436970962129556995e+00
4.437199973705670430e+00
4.437477550538548421e+00
4.437806737071609220e+00
4.438185474458242297e+00
4.438606540986895332e+00
4.439058828034042392e+00
4.439529682451321513e+00
4.440007709014360593e+00
4.440485287428598937e+00
4.440960147764006827e+00
4.441435635263899506e+00
4.441919696643626736e+00
4.442422999150554830e+00
4.442956791566460950e+00
4.443531030946444638e+00
4.444152969705730705e+00
4.444826012794374392e+00
4.445548456792836056e+00
4.446311877344502506e+00
4.447099435454168415e+00
4.447885025412891657e+00
4.448634612171028735e+00
4.449310866907351780e+00
4.449881055716927492e+00
4.450326320096065658e+00
4.450648885376470076e+00
4.450873476903799641e+00
4.451040913857234216e+00
4.451194939977477283e+00
4.451366343218941424e+00
4.451559816213919163e+00
4.451748207771716537e+00
4.451876244797872140e+00
4.451872503282827687e+00
4.451665557646704130e+00
4.451198849330219254e+00
4.450439401084626212e+00
4.449377816441153044e+00
4.448020148819186836e+00
4.446375124316049643e+00
4.444441985844248322e+00
4.442204288738213158e+00
4.439632999439151462e+00
4.436698546564990409e+00
4.433387418932982271e+00
4.429716579383888408e+00
4.425739786451865498e+00
4.421543377456452539e+00
4.417233041831064355e+00
4.412915595641211830e+00
4.408680180833037809e+00
4.404582319604861240e+00
4.400632988034994142e+00
4.396794451007340676e+00
4.392985188771924676e+00
4.389095930509128607e+00
4.385015074553512804e+00
4.380655671684641206e+00
4.375973277590118116e+00
4.370968696108203488e+00
4.365679001378937052e+00
4.360166271065827104e+00
4.354511444972772871e+00
4.348813366726218987e+00
4.343186903840066115e+00
4.337753560415050558e+00
4.332623029440555662e+00
4.327870672613541636e+00
4.323519227456091407e+00
4.319531697084537214e+00
4.315819139684625938e+00
4.312264313387181858e+00
4.308757954507620447e+00
4.305236829133463949e+00
4.301706511932702703e+00
4.298236437045468428e+00
4.294931063860701670e+00
4.291895629681251378e+00
4.289213633110048107e+00
4.286938570397749615e+00
4.285091601153538932e+00
4.283660238357251515e+00
4.282602622161221007e+00
4.281862198856072332e+00
4.281386572512389854e+00
4.281136505140715087e+00
4.281079214220413931e+00
4.281176645861837216e+00
4.281383820280805885e+00
4.281658156076391997e+00
4.281965042436023161e+00
4.282266058576473355e+00
4.282491469565314013e+00
4.282512893871714965e+00
4.282136730743999031e+00
4.281132805293321297e+00
4.279295926252743243e+00
4.276517245404971135e+00
4.272832872062656939e+00
4.268428709875994542e+00
4.263603318756147509e+00
4.258706258234728814e+00
4.254070047831087997e+00
4.249945562501035390e+00
4.246445086425995719e+00
4.243504406345475211e+00
4.240890111524572070e+00
4.238274936306662966e+00
4.235365709219239605e+00
4.232020774160335286e+00
4.228284843695110595e+00
4.224316306399221510e+00
4.220250903627840167e+00
4.216082834102000909e+00
4.211624824434104575e+00
4.206556857571958297e+00
4.200534165848163859e+00
4.193314027743442196e+00
4.184856095393313602e+00
4.175345427517011210e+00
4.165113351699105237e+00
4.154499118382659617e+00
4.143745278393224929e+00
4.132988544186112279e+00
4.122320262342721087e+00
4.111835204311597103e+00
4.101615079394514751e+00
4.091670107275745316e+00
4.081909619321165472e+00
4.072183553057691974e+00
4.062363900357217616e+00
4.052396193626989884e+00
4.042281202584971034e+00
4.032010454521908649e+00
4.021515310911266461e+00
4.010670129687542662e+00
3.999343584028581589e+00
3.987466441837860476e+00
3.975088995780810652e+00
3.962410640245642934e+00
3.949764590920290974e+00
3.937547455117123896e+00
3.926108252890744943e+00
3.915639031304483986e+00
3.906114448840839692e+00
3.897308990456481048e+00
3.888895844722681794e+00
3.880606420514983945e+00
3.872393069148981404e+00
3.864505365383338553e+00
3.857416592940360101e+00
3.851631447647545503e+00
3.847482085840931987e+00
3.845006482133381365e+00
3.843940952649396170e+00
3.843810712926156725e+00
3.844071104381976856e+00
3.844237201919353808e+00
3.843959239103873493e+00
3.843040499873826565e+00
3.841421727120589935e+00
3.839162878968365611e+00
3.836436197253983327e+00
3.833510742256757364e+00
3.830693233251520891e+00
3.828220422724443406e+00
3.826151000268775526e+00
3.824327826691129140e+00
3.822443131302935448e+00
3.820162309805455791e+00
3.817216900116002787e+00
3.813417867470601852e+00
3.808628648719727838e+00
3.802774728461839615e+00
3.795909387354310383e+00
3.788271669019719123e+00
3.780263307772957049e+00
3.772343168758357734e+00
3.764897881962919968e+00
3.758139405368970287e+00
3.752050989938494396e+00
3.746400565869508092e+00
3.740835133013869385e+00
3.735021260091532902e+00
3.728743205034507291e+00
3.721893261177050771e+00
3.714391449467028039e+00
3.706141135147023924e+00
3.697077444247350186e+00
3.687258848937515321e+00
3.676904605901050171e+00
3.666322837967070924e+00
3.655759925526426368e+00
3.645265512073900371e+00
3.634657669077465680e+00
3.623596694788765227e+00
3.611705465695069339e+00
3.598672083722469051e+00
3.584318122620799851e+00
3.568643868081764925e+00
3.551845901290777707e+00
3.534284440113101056e+00
3.516395883014511892e+00
3.498583922609628249e+00
3.481139874332339179e+00
3.464222153099971724e+00
3.447881106379963700e+00
3.432086268218971004e+00
3.416733489973494464e+00
3.401653140308576795e+00
3.386636457351907215e+00
3.371457371368250300e+00
3.355881207714766834e+00
3.339705559927333756e+00
3.322858774970782303e+00
3.305487740414602804e+00
3.287933445960492751e+00
3.270583037267306370e+00
3.253702962171068691e+00
3.237372992789858905e+00
3.221550625085729092e+00
3.206200160502616914e+00
3.191394303643960928e+00
3.177336822665918437e+00
3.164327210504759069e+00
3.152725996260858032e+00
3.142933596642928595e+00
3.135334793799712916e+00
3.130185062107514682e+00
3.127488092892807270e+00
3.126933850623029088e+00
3.127926074378326149e+00
3.129686366671621034e+00
3.131402265080519332e+00
3.132376865706823388e+00
3.132134814041124038e+00
3.130456057448321339e+00
3.127344685044628481e+00
3.122969414833811630e+00
3.117610961438038952e+00
3.111624053979595406e+00
3.105391593878796375e+00
3.099241826623725160e+00
3.093332580989956337e+00
3.087564268426150615e+00
3.081606334922147195e+00
3.075052255029615100e+00
3.067600019229272057e+00
3.059129295769463130e+00
3.049658818640677893e+00
3.039276659700124839e+00
3.028120264059847688e+00
3.016398604779703785e+00
3.004396890437314838e+00
2.992419620517354772e+00
2.980696302446212975e+00
2.969321538772476732e+00
2.958265907034872910e+00
2.947431837939701982e+00
2.936714873735217779e+00
2.926047730151430493e+00
2.915414190289109087e+00
2.904829014797866371e+00
2.894301681829540396e+00
2.883821207473523884e+00
2.873384848493040877e+00
2.863047686639000666e+00
2.852948402037788878e+00
2.843292693356725742e+00
2.834305840640958696e+00
2.826170183831800298e+00
2.818958545164941931e+00
2.812575636505802112e+00
2.806726291431473008e+00
2.800939956384425500e+00
2.794676390804486932e+00
2.787493648242767019e+00
2.779199783321290251e+00
2.769901041690692178e+00
2.759924655844404384e+00
2.749672897210656330e+00
2.739486404425924171e+00
2.729560032344686693e+00
2.719914450493778890e+00
2.710411055630892019e+00
2.700798098205568376e+00
2.690779001228557732e+00
2.680094852308636977e+00
2.668603579462570874e+00
2.656317546106733207e+00
2.643361610021777164e+00
2.629867101224029113e+00
2.615882470391312165e+00
2.601374036936898726e+00
2.586307325024560289e+00
2.570732179694850128e+00
2.554804252431686518e+00
2.538734366441215418e+00
2.522706410569192315e+00
2.506809239513231535e+00
2.491001330984996986e+00
2.475110672409259749e+00
2.458880316823704781e+00
2.442070444121941186e+00
2.424598733874651302e+00
2.406665579315622416e+00
2.388801872473359289e+00
2.371803215783411911e+00
2.356562865922176009e+00
2.343859974011448521e+00
2.334175026777158379e+00
2.327590692414148954e+00
2.323809073623352539e+00
2.322280759258797289e+00
2.322397523834003330e+00
2.323668972560957613e+00
2.325813950543675013e+00
2.328750435132313168e+00
2.332521576342106329e+00
2.337211150170773077e+00
2.342882656823168208e+00
2.349549024012699938e+00
2.357157767302208828e+00
2.365568848280567682e+00
2.374522542895975974e+00
2.383628584909623260e+00
2.392411589424790375e+00
2.400406160320450955e+00
2.407253237946799018e+00
2.412751705272685232e+00
2.416851616955190796e+00
2.419600497113533422e+00
2.421067528197612173e+00
2.421281509809591004e+00
2.420213085235986661e+00
2.417798565345036899e+00
2.413971600560384623e+00
2.408676466802941007e+00
2.401869112317986499e+00
2.393525464986540729e+00
2.383659673552592562e+00
2.372336651431544041e+00
2.359665932881083616e+00
2.345779218198444926e+00
2.330803527554660803e+00
2.314840691162457276e+00
2.297959477254185590e+00
2.280204432996045583e+00
2.261621262390198339e+00
2.242287856243744049e+00
2.222332433516646777e+00
2.201928283945438380e+00
2.181271481178474136e+00
2.160555515798442183e+00
2.139951071275864702e+00
2.119590971265307822e+00
2.099558479940973665e+00
2.079882524883263528e+00
2.060550751754573362e+00
2.041549677239668625e+00
2.022923636613288334e+00
2.004822129421558241e+00
1.987502215305200437e+00
1.971277986716434505e+00
1.956443403733852948e+00
1.943208359301156651e+00
1.931671725868734146e+00
1.921828413633537513e+00
1.913594158762732089e+00
1.906835802033356231e+00
1.901402444548799364e+00
1.897154143276866600e+00
1.893983311125938096e+00
1.891825433542683843e+00
1.890657796712429839e+00
1.890484227584687593e+00
1.891304721198841632e+00
1.893076671404804623e+00
1.895684495657640856e+00
1.898935267909748426e+00
1.902585348442287883e+00
1.906385988174903678e+00
1.910126949691172360e+00
1.913660026851824014e+00
1.916894536298210383e+00
1.919768743421487844e+00
1.922209626529641335e+00
1.924094923212228636e+00
1.925227876154538720e+00
1.925331661318074206e+00
1.924068557220541598e+00
1.921085174322391120e+00
1.916077885132012160e+00
1.908864729065406385e+00
1.899444544542726154e+00
1.888022577297642224e+00
1.874986973118164313e+00
1.860834367115807186e+00
1.846061640085647326e+00
1.831055976292144782e+00
1.816018730617675159e+00
1.800948242452356851e+00
1.785686312995226732e+00
1.770009829459312067e+00
1.753732105556007115e+00
1.736776318364139371e+00
1.719198553779172522e+00
1.701163064451467699e+00
1.682892895991657367e+00
1.664623615040429661e+00
1.646576682462353780e+00
1.628952263144775703e+00
1.611930268879572248e+00
1.595668436017837255e+00
1.580294600014039874e+00
1.565899128682836761e+00
1.552535410985524056e+00
1.540230616283519760e+00
1.529001894421238239e+00
1.518871370047111036e+00
1.509876565068045906e+00
1.502075592337573040e+00
1.495545441024939137e+00
1.490370364346706333e+00
1.486620529146077674e+00
1.484327556433646667e+00
1.483467075442072902e+00
1.483954984015798395e+00
1.485656688867051489e+00
1.488403350203427511e+00
1.492008926954292436e+00
1.496284538389375030e+00
1.501049010232033742e+00
1.506135250597665509e+00
1.511392099408734646e+00
1.516681608197760545e+00
1.521872748980456880e+00
1.526833919902852665e+00
1.531427343466221780e+00
1.535507757814312813e+00
1.538925959385172293e+00
1.541535985084122373e+00
1.543203903440994562e+00
1.543816061190777855e+00
1.543284718778517250e+00
1.541549570858038898e+00
1.538574976252971460e+00
1.534344181219835512e+00
1.528852539544091504e+00
1.522101655369594742e+00
1.514095899600082173e+00
1.504841935695822919e+00
1.494350770689106822e+00
1.482641076057361396e+00
1.469742785565319121e+00
1.455700870109382761e+00
1.440579461355508739e+00
1.424465570001248960e+00
1.407470434904016798e+00
1.389726513059942326e+00
1.371379747516360048e+00
1.352579013486786552e+00
1.333465947286959219e+00
1.314167870619119327e+00
1.294794780793424582e+00
1.275439777424908661e+00
1.256181827867857814e+00
1.237090195824629646e+00
1.218230134281803601e+00
1.199668994544222489e+00
1.181481240162424839e+00
1.163750881719369357e+00
1.146570731721139325e+00
1.130038892119439087e+00
1.114253328792860875e+00
1.099305323235870047e+00
1.085272561236770184e+00
1.072212872227184199e+00
1.060159904219923899e+00
1.049121913567266695e+00
1.039084232005132113e+00
1.030015031383022750e+00
1.021873100415743529e+00
1.014615803321209153e+00
1.008205336684657949e+00
1.002611798504829288e+00
9.978123480715589411e-01
9.937867305698773190e-01
9.905103846011852342e-01
9.879468981284503792e-01
9.860415678639175008e-01
9.847173958892898593e-01
9.838743118990769254e-01
9.833918985989882344e-01
9.831353926526738007e-01
9.829642053138920588e-01
9.827417823424029475e-01
9.823454802102079553e-01
9.816752769382081079e-01
9.806603516740780568e-01
9.792626627002111173e-01
9.774766806340188241e-01
9.753246687536591963e-01
9.728475867169062985e-01
9.700927716002955004e-01
9.671006315415802135e-01
9.638931641733513578e-01
9.604668580409807532e-01
9.567914849539602695e-01
9.528148057394028037e-01
9.484717849817251301e-01
9.436959543982924581e-01
9.384302890915906525e-01
9.326353629138909307e-01
9.262934612370888887e-01
9.194084786113386754e-01
9.120024951619016829e-01
9.041106103211109524e-01
8.957757242575103973e-01
8.870445000321152129e-01
8.779649432976710521e-01
8.685852731559630113e-01
8.589533588951850929e-01
8.491160804816794139e-01
8.391183907231438699e-01
8.290023119610129276e-01
8.188063203391861000e-01
8.085654678799994999e-01
7.983122807904324825e-01
7.880781645631217414e-01
7.778949089140451134e-01
7.677959464450849758e-01
7.578171787842259421e-01
7.479973091962921483e-01
7.383776464154406804e-01
7.290013131309699412e-01
7.199118039068711505e-01
7.111509553369010916e-01
7.027565853249714278e-01
6.947602237617583887e-01
6.871853919340303873e-01
6.800467635990282700e-01
6.733503119421681005e-01
6.670943098909613012e-01
6.612708868291329312e-01
6.558677855728709538e-01
6.508699984776277203e-01
6.462610570828581924e-01
6.420238680943330944e-01
6.381410965830537352e-01
6.345951709404183960e-01
6.313680150036410366e-01
6.284406126308270668e-01
6.257925032125315479e-01
6.234013108427282068e-01
6.212424204744034784e-01
6.192889080457946172e-01
6.175117880595955011e-01
6.158805649755311196e-01
6.143639924572066313e-01
6.129308917536726575e-01
6.115508772522401104e-01
6.101948806599835073e-01
6.088354354328797680e-01
6.074467532765979172e-01
6.060046705002530842e-01
6.044865502655425438e-01
6.028712011514326674e-01
6.011388327362865436e-01
5.992710391725415420e-01
5.972507951019058181e-01
5.950624597194573706e-01
5.926917978081428506e-01
5.901260273985390326e-01
5.873538915556620887e-01
5.843657374892975431e-01
5.811535822186014721e-01
5.777111546882434112e-01
5.740339229202150451e-01
5.701191290290287261e-01
5.659658546044827876e-01
5.615751221425722139e-01
5.569500118428265534e-01
5.520957492138394151e-01
5.470197088900955462e-01
5.417312896795514199e-01
5.362416432026975155e-01
5.305632748178491509e-01
5.247095688181919737e-01
5.186943094089695450e-01
5.125312691858588954e-01
5.062339189749454071e-01
4.998152838051360125e-01
4.932879387814873007e-01
4.866641139915395819e-01
4.799558641316225560e-01
4.731752569895141813e-01
4.663345426832460339e-01
4.594462783610766543e-01
4.525233965459009577e-01
4.455792161265934026e-01
4.386274014277928845e-01
4.316818767796958833e-01
4.247567029219274648e-01
4.178659196108405194e-01
4.110233581708979678e-01
4.042424297641050157e-01
3.975358996579924642e-01
3.909156630673608079e-01
3.843925418028432683e-01
3.779761209865565297e-01
3.716746409014067831e-01
3.654949516990775860e-01
3.594425303880335876e-01
3.535215525499134093e-01
3.477350070825784845e-01
3.420848412200007127e-01
3.365721243492589276e-01
3.311972213917839802e-01
3.259599684123317687e-01
3.208598437932662639e-01
3.158961275790423406e-01
3.110680399733895540e-01
3.063748484885255863e-01
3.018159330824802811e-01
2.973908006758281819e-01
2.930990449587954072e-01
2.889402538227571204e-01
2.849138738314569430e-01
2.810190473280408940e-01
2.772544416616415930e-01
2.736180908047717852e-01
2.701072673136468705e-01
2.667183978900917740e-01
2.634470299110995839e-01
2.602878504099301327e-01
2.572347540172676972e-01
2.542809527208325648e-01
2.514191179744817428e-01
2.486415444569108069e-01
2.459403244075943629e-01
2.433075218176930510e-01
2.407353367812522515e-01
2.382162519713880433e-01
2.357431553641336497e-01
2.333094357446782174e-01
2.309090498909818767e-01
2.285365623555243031e-01
2.261871602737569042e-01
2.238566465632605418e-01
2.215414153007279063e-01
2.192384131040833184e-01
2.169450901528852393e-01
2.146593441801503410e-01
2.123794604503287387e-01
2.101040504418122401e-01
2.078319916778611220e-01
2.055623708696113217e-01
2.032944322119250025e-01
2.010275322799217335e-01
1.987611025080240068e-01
1.964946197210633572e-01
1.942275846800532169e-01
1.919595081634355160e-01
1.896899037781822894e-01
1.874182865069836668e-01
1.851441759392888353e-01
1.828671031692996052e-01
1.805866204257612073e-01
1.783023125846283086e-01
1.760138097830242776e-01
1.737208004010751261e-01
1.714230437238030424e-01
1.691203816605948151e-01
1.668127490001108937e-01
1.645001818143147221e-01
1.621828237820276686e-01
1.598609303555936223e-01
1.575348708195095371e-01
1.552051283705594698e-01
1.528722983816953596e-01
1.505370850057052567e-01
1.482002962478434493e-01
1.458628376094323054e-01
1.435257043938460431e-01
1.411899727809524940e-01
1.388567898152065772e-01
1.365273625067687235e-01
1.342029463002500644e-01
1.318848332064964657e-01
1.295743399075497959e-01
1.272727961273978636e-01
1.249815335127573007e-01
1.227018751968499410e-01
1.204351261377677174e-01
1.181825642462910192e-01
1.159454322594701964e-01
1.137249302857226141e-01
1.115222089485951723e-01
1.093383630875604945e-01
1.071744260271828286e-01
1.050313644888413306e-01
1.029100742780585109e-01
1.008113769225466305e-01
9.873601745142823738e-02
9.668466348959531276e-02
9.465790579288006767e-02
9.265626027503291728e-02
9.068017148550243378e-02
8.873001739935623688e-02
8.680611528948198319e-02
8.490872837713624166e-02
8.303807290821989262e-02
8.119432528384949721e-02
7.937762888569177555e-02
7.758810027646259599e-02
7.582583451840774202e-02
7.409090943029392196e-02
7.238338868827862149e-02
7.070332376031118748e-02
6.905075474048576190e-02
6.742571021391725872e-02
6.582820633067193450e-02
6.425824529758118742e-02
6.271581350938743027e-02
6.120087953720251134e-02
5.971339217505487046e-02
5.825327871758943787e-02
5.682044360702956376e-02
5.541476754869502364e-02
5.403610715473223386e-02
5.268429513780121393e-02
5.135914104239118483e-02
5.006043247261122292e-02
4.878793675265084839e-02
4.754140293998158212e-02
4.632056410170060090e-02
4.512513976075081812e-02
4.395483842037585520e-02
4.280936008120730246e-02
4.168839867482715400e-02
4.059164434950566364e-02
3.951878555713730229e-02
3.846951090425392017e-02
3.744351074365286081e-02
3.644047849600712263e-02
3.546011170227615639e-02
3.450211281754952952e-02
3.356618976482163286e-02
3.265205627311803388e-02
3.175943202831126716e-02
3.088804266705898194e-02
3.003761964471692372e-02
2.920790000706902437e-02
2.839862609356346573e-02
2.760954519673210553e-02
2.684040919887378807e-02
2.609097420320078894e-02
2.536100017270483120e-02
2.465025058622006063e-02
2.395849211769891102e-02
2.328549434171342872e-02
2.263102946571218105e-02
2.199487208764223933e-02
2.137679897619727126e-02
2.077658887011736913e-02
2.019402229261905296e-02
1.962888137707510111e-02
1.908094970042273353e-02
1.855001212136114797e-02
1.803585462114175655e-02
1.753826414553493959e-02
1.705702844737212731e-02
1.659193592979583964e-02
1.614277549101075446e-02
1.570933637185440573e-02
1.529140800790725931e-02
1.488877988811652779e-02
1.450124142203326055e-02
1.412858181776051152e-02
1.377058997261134711e-02
1.342705437828201585e-02
1.309776304209214065e-02
1.278250342555385666e-02
1.248106240120210562e-02
1.219322622829784736e-02
1.191878054769339966e-02
1.165751039585320205e-02
1.140920023774413990e-02
1.117363401808105575e-02
1.095059523020430921e-02
1.073986700170448914e-02
1.054123219578799453e-02
1.035447352727486212e-02
1.017937369207171441e-02
1.001571550891738709e-02
9.863282072199211145e-03
9.721856914639547334e-03
9.591224178676551609e-03
9.471168795403987761e-03
9.361476669968777156e-03
9.261934872377355563e-03
9.172331832712408289e-03
9.092457539810179165e-03
9.022103742497279005e-03
8.961064152540783312e-03
8.909134648505357898e-03
8.866113479757017218e-03
8.831801469900115581e-03
8.806002218968038420e-03
8.788522303727413013e-03
8.779171475498932439e-03
8.777762854927116665e-03
8.784113123169809065e-03
8.798042709018108823e-03
8.819375971493133293e-03
8.847941377498766413e-03
8.883571674164420298e-03
