9.761815402499164282e-04
2.154858851455617244e-02
1.031976038637614362e-02
6.139606142223552956e-03
4.435038455741735670e-03
3.707458866490776980e-03
3.406996468782144422e-03
3.309974111627393342e-03
3.316902221412499057e-03
3.380113823339734192e-03
3.475351239944811203e-03
3.589659038092401881e-03
3.715847109808822612e-03
3.849802085266635591e-03
3.989114496828886393e-03
4.132347669385685526e-03
4.278634421964386952e-03
4.427447958350655063e-03
4.578468483475862244e-03
4.731503959214291080e-03
4.886442238951815321e-03
5.043221771135890895e-03
5.201813485459651221e-03
5.362209512225105806e-03
5.524416126986810699e-03
5.688449332512750777e-03
5.854332098499717349e-03
6.022092648291139244e-03
6.191763408515908035e-03
6.363380378562231987e-03
6.536982765350982452e-03
6.712612784960935407e-03
6.890315568390652408e-03
7.070139131615418675e-03
7.252134384775957981e-03
7.436355164755479620e-03
7.622858281440820886e-03
7.811703571810557807e-03
8.002953958427360195e-03
8.196675510427034461e-03
8.392937506024544803e-03
8.591812496105291283e-03
8.793376368771487622e-03
8.997708414871847041e-03
9.204891394604735808e-03
9.415011605287846794e-03
9.628158950366897534e-03
9.844427009694477204e-03
1.006391311106283500e-02
1.028671840293065610e-02
1.051294792823903416e-02
1.074271069917138305e-02
1.097611977268278007e-02
1.121329232659244203e-02
1.145434973601381669e-02
1.169941764988154977e-02
1.194862606731739510e-02
1.220210941357686117e-02
1.246000661531199843e-02
1.272246117488534320e-02
1.298962124347666051e-02
1.326163969273005255e-02
1.353867418469937092e-02
1.382088723986036292e-02
1.410844630297531516e-02
1.440152380661081748e-02
1.470029723212693158e-02
1.500494916798080468e-02
1.531566736520168989e-02
1.563264478992812748e-02
1.595607967291109985e-02
1.628617555592417471e-02
1.662314133503872693e-02
1.696719130075685297e-02
1.731854517501938209e-02
1.767742814513359462e-02
1.804407089470286968e-02
1.841870963165194788e-02
1.880158611349283873e-02
1.919294766998051044e-02
1.959304722335238405e-02
2.000214330635920884e-02
2.042050007832308875e-02
2.084838733947766767e-02
2.128608054386166293e-02
2.173386081105366588e-02
2.219201493704349090e-02
2.266083540454219211e-02
2.314062039303433488e-02
2.363167378886233891e-02
2.413430519563528401e-02
2.464882994521538223e-02
2.517556910952657365e-02
2.571484951337377894e-02
2.626700374843289956e-02
2.683237018850184383e-02
2.741129300604628130e-02
2.800412218998015249e-02
2.861121356455567991e-02
2.923292880910873665e-02
2.986963547831439358e-02
3.052170702246931669e-02
3.118952280718298095e-02
3.187346813172314830e-02
3.257393424508835122e-02
3.329131835872856104e-02
3.402602365465895451e-02
3.477845928753239141e-02
3.554904037906841258e-02
3.633818800304433605e-02
3.714632915889756748e-02
3.797389673180915498e-02
3.882132943698955035e-02
3.968907174574870522e-02
4.057757379081092242e-02
4.148729124824138831e-02
4.241868519327865461e-02
4.337222192733997117e-02
4.434837277346334594e-02
4.534761383749724706e-02
4.637042573242905474e-02
4.741729326339397255e-02
4.848870507107917033e-02
4.958515323148383197e-02
5.070713281029393810e-02
5.185514137047281258e-02
5.302967843208080539e-02
5.423124488378994884e-02
5.546034234606711522e-02
5.671747248657098284e-02
5.800313628888409401e-02
5.931783327636114267e-02
6.066206069352619162e-02
6.203631264814849638e-02
6.344107921782493609e-02
6.487684552558725670e-02
6.634409078976009899e-02
6.784328735394665189e-02
6.937489970364693614e-02
7.093938347660655452e-02
7.253718447447538020e-02
7.416873768382058196e-02
7.583446631485758760e-02
7.753478086650451850e-02
7.927007822648700353e-02
8.104074081521377149e-02
8.284713578201519102e-02
8.468961426205795506e-02
8.656851070184609642e-02
8.848414226067326249e-02
9.043680829471713312e-02
9.242678992965981666e-02
9.445434972681197860e-02
9.651973144670561444e-02
9.862315991300972529e-02
1.007648409784786259e-01
1.029449615934198842e-01
1.051636899759459259e-01
1.074211758820546175e-01
1.097175509723505582e-01
1.120529292711001934e-01
1.144274077121798516e-01
1.168410667655131741e-01
1.192939711366770433e-01
1.217861705315888970e-01
1.243177004775511962e-01
1.268885831914465245e-01
1.294988284855105309e-01
1.321484347009504179e-01
1.348373896596146149e-01
1.375656716240292177e-01
1.403332502563677253e-01
1.431400875672821371e-01
1.459861388460061693e-01
1.488713535637250507e-01
1.517956762428553374e-01
1.547590472856091859e-01
1.577614037559972870e-01
1.608026801101971881e-01
1.638828088710535813e-01
1.670017212432875209e-01
1.701593476667764560e-01
1.733556183060624978e-01
1.765904634750005697e-01
1.798638139961453719e-01
1.831756014951546052e-01
1.865257586311202531e-01
1.899142192642809535e-01
1.933409185631159155e-01
1.968057930532840505e-01
2.003087806112924529e-01
2.038498204061405528e-01
2.074288527925345627e-01
2.110458191595208088e-01
2.147006617385905647e-01
2.183933233755382120e-01
2.221237472704215565e-01
2.258918766900940567e-01
2.296976546577832734e-01
2.335410236241832194e-01
2.374219251244698292e-01
2.413402994255446077e-01
2.452960851676550813e-01
2.492892190043828615e-01
2.533196352447534827e-01
2.573872655009794563e-01
2.614920383450988761e-01
2.656338789774471132e-01
2.698127089096167830e-01
2.740284456642241295e-01
2.782810024934663784e-01
2.825702881181526571e-01
2.868962064884989505e-01
2.912586565677265371e-01
2.956575321391157751e-01
3.000927216369123629e-01
3.045641080011796120e-01
3.090715685564107140e-01
3.136149749135503373e-01
3.181941928947259468e-01
3.228090824800038949e-01
3.274594977751418834e-01
3.321452869993751777e-01
3.368662924920695634e-01
3.416223507371247137e-01
3.464132924039561856e-01
3.512389424039255581e-01
3.560991199611676650e-01
3.609936386967737554e-01
3.659223067255013007e-01
3.708849267641399217e-01
3.758812962509494593e-01
3.809112074755675037e-01
3.859744477190118483e-01
3.910707994034505197e-01
3.962000402515539754e-01
4.013619434553262755e-01
4.065562778543934108e-01
4.117828081237399074e-01
4.170412949710421979e-01
4.223314953435765018e-01
4.276531626448683010e-01
4.330060469611080598e-01
4.383898952973721563e-01
4.438044518236319846e-01
4.492494581304948831e-01
4.547246534945478813e-01
4.602297751530984860e-01
4.657645585880764161e-01
4.713287378187892562e-01
4.769220457031436711e-01
4.825442142469471007e-01
4.881949749208343015e-01
4.938740589843088058e-01
4.995811978164692024e-01
5.053161232528312619e-01
5.110785679277679572e-01
5.168682656220439098e-01
5.226849516149261188e-01
5.285283630403125876e-01
5.343982392464570186e-01
5.402943221586860023e-01
5.462163566446632812e-01
5.521640908816750626e-01
5.581372767254519918e-01
5.641356700799874391e-01
5.701590312678604944e-01
5.762071254005737275e-01
5.822797227483422766e-01
5.883765991088566460e-01
5.944975361744383457e-01
6.006423218971208566e-01
6.068107508510746095e-01
6.130026245918260841e-01
6.192177520117636558e-01
6.254559496913312255e-01
6.317170422453315393e-01
6.380008626637860836e-01
6.443072526466937511e-01
6.506360629321344957e-01
6.569871536169643589e-01
6.633603944695234400e-01
6.697556652335993066e-01
6.761728559229205349e-01
6.826118671054038911e-01
6.890726101763851030e-01
6.955550076199731313e-01
7.020589932577092629e-01
7.085845124836149811e-01
7.151315224847346608e-01
7.216999924463011196e-01
7.282899037404931830e-01
7.349012500979833495e-01
7.415340377612458234e-01
7.481882856187490605e-01
7.548640253191608585e-01
7.615613013646338469e-01
7.682801711824552848e-01
7.750207051741381248e-01
7.817829867413373934e-01
7.885671122878856742e-01
7.953731911972726776e-01
8.022013457850947216e-01
8.090517112260093846e-01
8.159244354546554279e-01
8.228196790404044281e-01
8.297376150354673907e-01
8.366784287963643374e-01
8.436423177784863059e-01
8.506294913038385808e-01
8.576401703019185252e-01
8.646745870239146425e-01
8.717329847304085000e-01
8.788156173528289816e-01
8.859227491291356005e-01
8.930546542140437305e-01
9.002116162644724362e-01
9.073939280007056185e-01
9.146018907441260115e-01
9.218358139321626288e-01
9.290960146114528584e-01
9.363828169100956167e-01
9.436965514900463869e-01
9.510375549807443818e-01
9.584061693951596572e-01
9.658027415293815032e-01
9.732276223471522103e-01
9.806811663505209387e-01
9.881637309380462142e-01
9.956756757518752110e-01
1.003217362015126124e+00
1.010789151860961521e+00
1.018391407654740233e+00
1.026024491310706832e+00
1.033688763604618810e+00
1.041384583483588200e+00
1.049112307374657771e+00
1.056872288493237555e+00
1.064664876152888295e+00
1.072490415077406611e+00
1.080349244716673374e+00
1.088241698567050886e+00
1.096168103497635160e+00
1.104128779083081602e+00
1.112124036943976657e+00
1.120154180095542795e+00
1.128219502305269684e+00
1.136320287460111711e+00
1.144456808943832060e+00
1.152629329024728477e+00
1.160838098254205031e+00
1.169083354876442993e+00
1.177365324249133316e+00
1.185684218275649959e+00
1.194040234848375626e+00
1.202433557303406841e+00
1.210864353886305755e+00
1.219332777228977926e+00
1.227838963837340147e+00
1.236383033589699032e+00
1.244965089245642975e+00
1.253585215965151933e+00
1.262243480837962561e+00
1.270939932422865404e+00
1.279674600296954345e+00
1.288447494614719968e+00
1.297258605677130250e+00
1.306107903510698609e+00
1.314995337456827729e+00
1.323920835771662086e+00
1.332884305236989197e+00
1.341885630782554184e+00
1.350924675120606766e+00
1.360001278393377033e+00
1.369115257834405686e+00
1.378266407444763031e+00
1.387454497685422394e+00
1.396679275186960112e+00
1.405940462478124653e+00
1.415237757734788104e+00
1.424570834550899390e+00
1.433939341733327044e+00
1.443342903122248222e+00
1.452781117439226444e+00
1.462253558164849254e+00
1.471759773447912645e+00
1.481299286048409325e+00
1.490871593316209109e+00
1.500476167207561939e+00
1.510112454341541843e+00
1.519779876098289240e+00
1.529477828761160563e+00
1.539205683704383709e+00
1.548962787628242355e+00
1.558748462843101867e+00
1.568562007604106912e+00
1.578402696497434921e+00
1.588269780879582038e+00
1.598162489370514860e+00
1.608080028401315476e+00
1.618021582817032344e+00
1.627986316534875799e+00
1.637973373257893606e+00
1.647981877243904325e+00
1.658010934129313441e+00
1.668059631806985577e+00
1.678127041357473148e+00
1.688212218032170364e+00
1.698314202287104724e+00
1.708432020865668255e+00
1.718564687928370471e+00
1.728711206227449892e+00
1.738870568324057064e+00
1.749041757845460676e+00
1.759223750779518980e+00
1.769415516803497734e+00
1.779616020644295249e+00
1.789824223466774944e+00
1.800039084287010427e+00
1.810259561406985407e+00
1.820484613867355383e+00
1.830713202914668436e+00
1.840944293479636507e+00
1.851176855662680421e+00
1.861409866223377119e+00
1.871642310069941306e+00
1.881873181745588930e+00
1.892101486907641794e+00
1.902326243796470084e+00
1.912546484690221815e+00
1.922761257342131103e+00
1.932969626396816132e+00
1.943170674782150886e+00
1.953363505073043793e+00
1.963547240823835915e+00
1.973721027865706024e+00
1.983884035565350867e+00
1.994035458041758746e+00
2.004174515336904605e+00
2.014300454537027552e+00
2.024412550840803071e+00
2.034510108570267040e+00
2.044592462121199272e+00
2.054658976848761753e+00
2.064709049884993597e+00
2.074742110884289836e+00
2.084757622693233170e+00
2.094755081941666486e+00
2.104734019551340207e+00
2.114694001159529879e+00
2.124634627454579761e+00
2.134555534421246126e+00
2.144456393493618496e+00
2.154336911614201711e+00
2.164196831197893189e+00
2.174035930000250527e+00
2.183854020889903325e+00
2.193650951525373038e+00
2.203426603937388428e+00
2.213180894017927614e+00
2.222913770918053089e+00
2.232625216356898701e+00
2.242315243845064199e+00
2.251983897825401204e+00
2.261631252735770481e+00
2.271257411997394282e+00
2.280862506934322020e+00
2.290446695628792106e+00
2.300010161718056612e+00
2.309553113138867797e+00
2.319075780825661681e+00
2.328578417369031595e+00
2.338061295641438608e+00
2.347524707397128818e+00
2.356968961853567635e+00
2.366394384262083594e+00
2.375801314475049608e+00
2.385190105517644543e+00
2.394561122171867229e+00
2.403914739580727211e+00
2.413251341880309209e+00
2.422571320867546785e+00
2.431875074711153051e+00
2.441163006713182870e+00
2.450435524127994036e+00
2.459693037045731945e+00
2.468935957346043875e+00
2.478164697728278298e+00
2.487379670823012479e+00
2.496581288389483344e+00
2.505769960602715507e+00
2.514946095433181039e+00
2.524110098121006285e+00
2.533262370745767988e+00
2.542403311891602069e+00
2.551533316406589869e+00
2.560652775253575708e+00
2.569762075448802641e+00
2.578861600082815286e+00
2.587951728417022146e+00
2.597032836047822091e+00
2.606105295128258170e+00
2.615169474636334979e+00
2.624225740677461616e+00
2.633274456806781405e+00
2.642315984356983893e+00
2.651350682755053700e+00
2.660378909811550674e+00
2.669401021965100096e+00
2.678417374464615364e+00
2.687428321471843073e+00
2.696434216067665535e+00
2.705435410145746733e+00
2.714432254178946291e+00
2.723425096844932281e+00
2.732414284499433688e+00
2.741400160487740045e+00
2.750383064287080792e+00
2.759363330475231635e+00
2.768341287523206518e+00
2.777317256411850455e+00
2.786291549075921470e+00
2.795264466679858284e+00
2.804236297733260219e+00
2.813207316054699980e+00
2.822177778594844977e+00
2.831147923130682642e+00
2.840117965844090708e+00
2.849088098798209678e+00
2.858058487326085917e+00
2.867029267346059562e+00
2.876000542618687650e+00
2.884972381961043109e+00
2.893944816433619671e+00
2.902917836516945016e+00
2.911891389295489407e+00
2.920865375668183272e+00
2.929839647606639286e+00
2.938814005484510883e+00
2.947788195504378095e+00
2.956761907250372357e+00
2.965734771399085812e+00
2.974706357623268183e+00
2.983676172725546749e+00
2.992643659042283133e+00
3.001608193158389337e+00
3.010569084975637910e+00
3.019525577176271902e+00
3.028476845122875183e+00
3.037421997233504367e+00
3.046360075867224015e+00
3.055290058751541249e+00
3.064210860977752748e+00
3.073121337584091783e+00
3.082020286740298154e+00
3.090906453540053889e+00
3.099778534400316587e+00
3.108635182059673152e+00
3.117475011160041110e+00
3.126296604389641409e+00
3.135098519157569985e+00
3.143879294764995613e+00
3.152637460030831118e+00
3.161371541324906609e+00
3.170080070955647589e+00
3.178761595855152056e+00
3.187414686499059790e+00
3.196037945995030771e+00
3.204630019270075625e+00
3.213189602283423429e+00
3.221715451190008572e+00
3.230206391377646202e+00
3.238661326301448984e+00
3.247079246039189737e+00
3.255459235494404524e+00
3.263800482177054541e+00
3.272102283496939990e+00
3.280364053510837596e+00
3.288585329071441077e+00
3.296765775333562853e+00
3.304905190580175400e+00
3.313003510338146995e+00
3.321060810759335347e+00
3.329077311246739779e+00
3.337053376308857455e+00
3.344989516625804793e+00
3.352886389309987614e+00
3.360744797341791656e+00
3.368565688157966864e+00
3.376350151365830055e+00
3.384099415555444690e+00
3.391814844179258603e+00
3.399497930471266471e+00
3.407150291381947138e+00
3.414773660513729325e+00
3.422369880054418889e+00
3.429940891722248697e+00
3.437488726756582125e+00
3.445015495010544715e+00
3.452523373227254666e+00
3.460014592605882289e+00
3.467491425788373327e+00
3.474956173419404770e+00
3.482411150449530979e+00
3.489858672364291259e+00
3.497301041526482468e+00
3.504740533817597203e+00
3.512179385752545180e+00
3.519619782224443938e+00
3.527063845009316800e+00
3.534513622128787613e+00
3.541971078132823081e+00
3.549438085326545700e+00
3.556916415928163655e+00
3.564407735112505193e+00
3.571913594867053732e+00
3.579435428570504119e+00
3.586974546194954261e+00
3.594532130036224515e+00
3.602109230890229608e+00
3.609706764616551489e+00
3.617325509060045796e+00
3.624966101336946078e+00
3.632629035527070727e+00
3.640314660847193906e+00
3.648023180407515387e+00
3.655754650670857586e+00
3.663508981738653691e+00
3.671285938580183039e+00
3.679085143298579386e+00
3.686906078491608785e+00
3.694748091718254468e+00
3.702610401029256870e+00
3.710492101461413395e+00
3.718392172342790847e+00
3.726309485206440453e+00
3.734242812077775753e+00
3.742190833880695067e+00
3.750152148708707944e+00
3.758125279727742019e+00
3.766108682516261741e+00
3.774100751701682022e+00
3.782099826816498034e+00
3.790104197363162175e+00
3.798112107139060889e+00
3.806121757922300564e+00
3.814131312649094774e+00
3.822138898222176007e+00
3.830142608071046340e+00
3.838140504544047982e+00
3.846130621153478035e+00
3.854110964625786728e+00
3.862079516642733079e+00
3.870034235108696041e+00
3.877973054759459082e+00
3.885893886947410891e+00
3.893794618509792915e+00
3.901673109746063517e+00
3.909527191695073789e+00
3.917354663092384559e+00
3.925153287582810346e+00
3.932920791929177540e+00
3.940654866068305839e+00
3.948353165889610494e+00
3.956013319533870032e+00
3.963632937822870073e+00
3.971209629145164399e+00
3.978741018763666037e+00
3.986224772110929404e+00
3.993658621242540896e+00
4.001040393268396222e+00
4.008368039314465392e+00
4.015639662411154553e+00
4.022853542673635374e+00
4.030008158240025118e+00
4.037102200655778184e+00
4.044134583724598997e+00
4.051104445265441001e+00
4.058011141695566870e+00
4.064854235871078636e+00
4.071633479121394394e+00
4.078348788868773944e+00
4.085000223584716927e+00
4.091587957051054936e+00
4.098112253931659232e+00
4.104573448494426735e+00
4.110971927955632488e+00
4.117308121379734231e+00
4.123582494409849808e+00
4.129795549406132693e+00
4.135947829912201001e+00
4.142039927836773217e+00
4.148072491387458705e+00
4.154046231670499800e+00
4.159961925982015529e+00
4.165820416151007066e+00
4.171622600816911053e+00
4.177369421186842402e+00
4.183061840552395161e+00
4.188700818590866071e+00
4.194287282149687712e+00
4.199822094747716505e+00
4.205306027360832033e+00
4.210739733147488728e+00
4.216123728600090104e+00
4.221458383191519559e+00
4.226743918957151180e+00
4.231980420660948816e+00
4.237167856288121648e+00
4.242306106639709640e+00
4.247395001824776806e+00
4.252434361524208839e+00
4.257424035118753558e+00
4.262363937252010793e+00
4.267254074254912766e+00
4.272094557212921195e+00
4.276885598374936315e+00
4.281627489081496485e+00
4.286320559330686564e+00
4.290965121316594910e+00
4.295561401513237065e+00
4.300109467853882705e+00
4.304609159996962475e+00
4.309060031332980323e+00
4.313461311084034300e+00
4.317811893438738835e+00
4.322110358077572378e+00
4.326355022707234710e+00
4.330544023531166076e+00
4.334675414386054193e+00
4.338747270325336025e+00
4.342757777759694626e+00
4.346705292025115241e+00
4.350588345413257230e+00
4.354405594712055461e+00
4.358155706747301572e+00
4.361837191909548217e+00
4.365448207007140091e+00
4.368986357496766004e+00
4.372448533030103945e+00
4.375830808113547299e+00
4.379128431666067023e+00
4.382335916927107888e+00
4.385447229025863258e+00
4.388456054413542695e+00
4.391356126641783320e+00
4.394141577970348322e+00
4.396807285984584368e+00
4.399349187600357425e+00
4.401764537653829912e+00
4.404052093911587029e+00
4.406212213809838296e+00
4.408246850833972275e+00
4.410159441698431770e+00
4.411954681469255846e+00
4.413638194045113927e+00
4.415216119885811530e+00
4.416694659199794870e+00
4.418079622661969630e+00
4.419376048170503779e+00
4.420587937443533733e+00
4.421718149669114695e+00
4.422768463992812649e+00
4.423739794527238089e+00
4.424632518074535170e+00
4.425446861639122709e+00
4.426183296086425578e+00
4.426842891518048440e+00
4.427427603314359139e+00
4.427940469105020149e+00
4.428385702690103010e+00
4.428768672494180159e+00
4.429095755102615328e+00
4.429374065282245532e+00
4.429611085150371608e+00
4.429814241947341635e+00
4.429990504598177559e+00
4.430146071122071483e+00
4.430286195753780909e+00
4.430415162044339716e+00
4.430536362708982878e+00
4.430652418382884150e+00
4.430765268941871504e+00
4.430876202545658060e+00
4.430985835478643331e+00
4.431094099157052213e+00
4.431200309808972726e+00
4.431303381282331699e+00
4.431402195670101740e+00
4.431496085696696063e+00
4.431585329225080194e+00
4.431671530128636682e+00
4.431757771900850962e+00
4.431848477499736205e+00
4.431948974278373754e+00
4.432064822232121060e+00
4.432200995974565849e+00
4.432361008581175987e+00
4.432546041295347017e+00
4.432754125432515124e+00
4.432979441131066345e+00
4.433211862520968438e+00
4.433436966385682965e+00
4.433636771973429092e+00
4.433791419496984965e+00
4.433881776917698581e+00
4.433892612385440302e+00
4.433815597296659305e+00
4.433651188413914035e+00
4.433408536461488580e+00
4.433103030907932229e+00
4.432751797552194617e+00
4.432368163242347059e+00
4.431956513581803314e+00
4.431508924438261054e+00
4.431004455630493055e+00
4.430411229005200902e+00
4.429690633591027549e+00
4.428802459783441670e+00
4.427709626259736631e+00
4.426381454054336473e+00
4.424795047486745680e+00
4.422935049362560989e+00
4.420792608107866783e+00
4.418364625979913640e+00
4.415654141719826065e+00
4.412672072492718200e+00
4.409439710401167112e+00
4.405990691937124559e+00
4.402370984923346775e+00
4.398635913786975493e+00
4.394844202642634201e+00
4.391050054259473256e+00
4.387294984906937145e+00
4.383601275356263649e+00
4.379968518556156098e+00
4.376374072172651175e+00
4.372777481765861118e+00
4.369128184647791180e+00
4.365374997044328076e+00
4.361475191986657229e+00
4.357400893449779211e+00
4.353141486911490610e+00
4.348702522475747401e+00
4.344103099134449586e+00
4.339373829821429496e+00
4.334555971900064364e+00
4.329700218707058568e+00
4.324862706308587157e+00
4.320097117502298190e+00
4.315444770227327531e+00
4.310927060953613221e+00
4.306544482751694325e+00
4.302283545667265230e+00
4.298129243722095261e+00
4.294078323760530225e+00
4.290148208552806430e+00
4.286377757484848949e+00
4.282818903273406086e+00
4.279521999660547138e+00
4.276520606956486503e+00
4.273821331317074979e+00
4.271401289780167865e+00
4.269212461970438355e+00
4.267191056672394289e+00
4.265270564297918732e+00
4.263396855570822375e+00
4.261541489735631849e+00
4.259707570663143095e+00
4.257924286035311923e+00
4.256231817912753179e+00
4.254663452675005786e+00
4.253231880060270420e+00
4.251922142567886809e+00
4.250689616886862865e+00
4.249461643600590754e+00
4.248143897565514138e+00
4.246632505370349975e+00
4.244829567550793215e+00
4.242657570746011686e+00
4.240070473606585288e+00
4.237063078564302643e+00
4.233679832047216429e+00
4.230018744512025641e+00
4.226222200314984967e+00
4.222450080380817816e+00
4.218839673180164063e+00
4.215463948797907534e+00
4.212301702781218182e+00
4.209232077431078523e+00
4.206062172842400138e+00
4.202586064838675028e+00
4.198657226516769647e+00
4.194243942006957937e+00
4.189439858954502327e+00
4.184420535561008236e+00
4.179361411473449195e+00
4.174350164328168411e+00
4.169330605873037499e+00
4.164105954709285129e+00
4.158406633317701662e+00
4.151995228675803951e+00
4.144755908004388090e+00
4.136721641509370606e+00
4.128033676725014089e+00
4.118872226653229163e+00
4.109406295501962347e+00
4.099779565584653618e+00
4.090112374735705103e+00
4.080492099809870155e+00
4.070948816032278650e+00
4.061442320810039419e+00
4.051887726763440334e+00
4.042213306127519168e+00
4.032407625548318109e+00
4.022513270908427252e+00
4.012568176192162106e+00
4.002545401617096488e+00
3.992347978767677663e+00
3.981868381481996622e+00
3.971070390043980325e+00
3.960041766916026162e+00
3.948994138907054641e+00
3.938217657962525653e+00
3.928012652935747084e+00
3.918619169697360682e+00
3.910157185753298847e+00
3.902585823732140913e+00
3.895693954575283335e+00
3.889140639357701712e+00
3.882556297246538612e+00
3.875683939962205837e+00
3.868498412625263949e+00
3.861230593666790778e+00
3.854272266545461623e+00
3.848016173907137460e+00
3.842722406492370624e+00
3.838466603181645453e+00
3.835163878856258535e+00
3.832630509504887595e+00
3.830649531656000750e+00
3.829023038998819128e+00
3.827603495748650442e+00
3.826297600470118354e+00
3.825046037594288961e+00
3.823802872845252665e+00
3.822537353823316941e+00
3.821245230715955898e+00
3.819933461171382660e+00
3.818573436618791117e+00
3.817065625379250982e+00
3.815254288175010888e+00
3.812976341766743271e+00
3.810093790084942977e+00
3.806488363112288553e+00
3.802050387728112657e+00
3.796702205390330764e+00
3.790450946078448347e+00
3.783424336179932013e+00
3.775856110657667575e+00
3.768036569220335696e+00
3.760266652509565599e+00
3.752825213312006358e+00
3.745926534605563241e+00
3.739661191687766006e+00
3.733958398876509932e+00
3.728616478184538341e+00
3.723394244050694191e+00
3.718091282558275257e+00
3.712548708074903114e+00
3.706584941235857134e+00
3.699955768732924088e+00
3.692407399653863109e+00
3.683794647298485270e+00
3.674163164455298336e+00
3.663716044287441687e+00
3.652681163317225810e+00
3.641179332139070191e+00
3.629188104853938945e+00
3.616607592489522460e+00
3.603350614892753434e+00
3.589383213596483380e+00
3.574717439853998702e+00
3.559409088355427908e+00
3.543583603158506623e+00
3.527455634133850104e+00
3.511298748441669115e+00
3.495367127927621720e+00
3.479816785948130597e+00
3.464677528543596452e+00
3.449890075715579041e+00
3.435375368699635779e+00
3.421081672502065629e+00
3.406977696449664972e+00
3.393003341826016150e+00
3.379017020144075456e+00
3.364785267976015515e+00
3.350051719162803643e+00
3.334678946049062898e+00
3.318782682562290365e+00
3.302745097468296809e+00
3.287065416482728430e+00
3.272134708691733618e+00
3.258084209282411159e+00
3.244796952035676973e+00
3.232055620519922456e+00
3.219720344614992680e+00
3.207830807857384503e+00
3.196598588098306770e+00
3.186338910671282498e+00
3.177404396763287231e+00
3.170128257570412611e+00
3.164749161718446668e+00
3.161315086814763031e+00
3.159605687021747489e+00
3.159126539386251320e+00
3.159198612714883669e+00
3.159108960368991692e+00
3.158254117961490248e+00
3.156225597181173903e+00
3.152829075727067387e+00
3.148058360455700644e+00
3.142053591530023837e+00
3.135064672541648001e+00
3.127423509028524062e+00
3.119513213396527096e+00
3.111716060271744855e+00
3.104331070258094183e+00
3.097480926678403357e+00
3.091060343418552403e+00
3.084774496399850019e+00
3.078256262939571997e+00
3.071184253524055663e+00
3.063333918949984191e+00
3.054578470570512128e+00
3.044903053569580909e+00
3.034444104307382428e+00
3.023499999235676583e+00
3.012470291671596190e+00
3.001743798368414318e+00
2.991593069455794840e+00
2.982117369400919316e+00
2.973243086283576808e+00
2.964774899486604998e+00
2.956481782530154589e+00
2.948181719661660871e+00
2.939780770661823972e+00
2.931249969125854449e+00
2.922571851603606774e+00
2.913712772363003189e+00
2.904646157791505257e+00
2.895397676183127711e+00
2.886067738236326896e+00
2.876812528831029336e+00
2.867790803363604812e+00
2.859095756787732423e+00
2.850696183270176931e+00
2.842406310181742057e+00
2.833892432197849143e+00
2.824720611352880884e+00
2.814448284203452832e+00
2.802743814408911405e+00
2.789488664234266668e+00
2.774811981904264258e+00
2.759041744687554143e+00
2.742601685267484601e+00
2.725901735060829001e+00
2.709256131957245906e+00
2.692840657227025591e+00
2.676686675817115280e+00
2.660704943852381099e+00
2.644733278910493812e+00
2.628603944216359345e+00
2.612214786751825280e+00
2.595564902063554058e+00
2.578720670209107002e+00
2.561735120635827645e+00
2.544597426347752211e+00
2.527265583550177386e+00
2.509753582078653178e+00
2.492195307720937336e+00
2.474833686682931244e+00
2.457946958621727962e+00
2.441764587347519555e+00
2.426416171192076199e+00
2.411921216531182299e+00
2.398208695586092620e+00
2.385162303441616505e+00
2.372693019803920222e+00
2.360826351341088980e+00
2.349769470772437696e+00
2.339917433624916665e+00
2.331780788368909452e+00
2.325856861933929931e+00
2.322492219084153486e+00
2.321778878157589432e+00
2.323509107788915173e+00
2.327200911239524217e+00
2.332192712491948594e+00
2.337782119560097183e+00
2.343361158998249039e+00
2.348500623067151238e+00
2.352964321850881557e+00
2.356669552428932057e+00
2.359627855910516381e+00
2.361894786752521291e+00
2.363539004106631758e+00
2.364620418640426269e+00
2.365158117046044062e+00
2.365084960553337279e+00
2.364217929380974859e+00
2.362284109346707961e+00
2.359007395925894368e+00
2.354210005538182493e+00
2.347869538666651046e+00
2.340107017924376365e+00
2.331124898221178743e+00
2.321134382172850952e+00
2.310308594068554378e+00
2.298778248961056647e+00
2.286654436323130923e+00
2.274043927623076389e+00
2.261039997923221190e+00
2.247705818871513550e+00
2.234075483102254012e+00
2.220174785490222291e+00
2.206043244415693660e+00
2.191741611112334898e+00
2.177344219974205686e+00
2.162924602235293925e+00
2.148542149036277049e+00
2.134234725436235713e+00
2.120021929185979204e+00
2.105921452736296828e+00
2.091971920931935625e+00
2.078248208665920416e+00
2.064860426751761846e+00
2.051939538552206344e+00
2.039617626000671535e+00
2.028007774095944349e+00
2.017184705488388019e+00
2.007166888638013180e+00
1.997904674819873216e+00
1.989285293595846049e+00
1.981165921282335818e+00
1.973431929148474540e+00
1.966055111733876926e+00
1.959117253305623807e+00
1.952781684049194055e+00
1.947228048110938747e+00
1.942586054353893088e+00
1.938897164151789587e+00
1.936109870591187665e+00
1.934096746305824510e+00
1.932679683686429728e+00
1.931656467240461694e+00
1.930826750453458640e+00
1.930016307581688739e+00
1.929097446960781115e+00
1.928001234342139325e+00
1.926714270588780753e+00
1.925254417384607564e+00
1.923630662162138405e+00
1.921806050023849188e+00
1.919685198443327190e+00
1.917133964848078742e+00
1.914019500986779976e+00
1.910249113779336261e+00
1.905789827119804158e+00
1.900661506816004653e+00
1.894908258453082084e+00
1.888560449543305042e+00
1.881600379049227278e+00
1.873940696071082712e+00
1.865421274438074928e+00
1.855828438476973208e+00
1.844936736165772029e+00
1.832566570915326043e+00
1.818644318882922883e+00
1.803248421139140634e+00
1.786626027037968800e+00
1.769170329825020316e+00
1.751358997237608017e+00
1.733666795043288023e+00
1.716475748336569129e+00
1.700009335327599347e+00
1.684311274273194492e+00
1.669275688870149876e+00
1.654717957202531453e+00
1.640460756754157146e+00
1.626404616983063489e+00
1.612560467272409870e+00
1.599039977883817576e+00
1.586017864309821501e+00
1.573688483757224921e+00
1.562234199756899589e+00
1.551810772958400086e+00
1.542544002300429540e+00
1.534527878630908226e+00
1.527818498435409511e+00
1.522425856468518912e+00
1.518310828330371010e+00
1.515392927085461583e+00
1.513567714631688155e+00
1.512727362700813094e+00
1.512777760309868214e+00
1.513648603222274902e+00
1.515294790967021576e+00
1.517687878646621469e+00
1.520798506364142488e+00
1.524575460880865263e+00
1.528930230944238300e+00
1.533733492434982804e+00
1.538823276888468206e+00
1.544019215900380049e+00
1.549136849104337355e+00
1.553999068840331566e+00
1.558444564673194810e+00
1.562333692572397625e+00
1.565551378788871739e+00
1.568006226894748112e+00
1.569625767763340507e+00
1.570349327873910461e+00
1.570121149178141273e+00
1.568886254371715694e+00
1.566590180626068474e+00
1.563182124830237107e+00
1.558620177906000936e+00
1.552877081344707255e+00
1.545944803601657203e+00
1.537836378167586115e+00
1.528584322767419401e+00
1.518236220254512103e+00
1.506848856618976606e+00
1.494482462216130347e+00
1.481196411297988069e+00
1.467047246537346306e+00
1.452088991224923298e+00
1.436374867697380653e+00
1.419959568921908666e+00
1.402902099061385854e+00
1.385269767090490101e+00
1.367143207719523801e+00
1.348620736309723567e+00
1.329819416683069466e+00
1.310871045440484828e+00
1.291913516389899819e+00
1.273080243097827191e+00
1.254491035911700525e+00
1.236246736079259501e+00
1.218427989236917863e+00
1.201097175751423274e+00
1.184302298543616017e+00
1.168082027259582656e+00
1.152471256845649661e+00
1.137506262039077898e+00
1.123228332355427961e+00
1.109685094830476393e+00
1.096929380331312709e+00
1.085015955876912352e+00
1.073996573037333313e+00
1.063913879892809389e+00
1.054795088403702952e+00
1.046646732480996933e+00
1.039451976605594297e+00
1.033171471306247424e+00
1.027747809162924852e+00
1.023112613860281739e+00
1.019194605190446801e+00
1.015926792909273457e+00
1.013251191912011517e+00
1.011120015810865080e+00
1.009493138632292508e+00
1.008332565899598965e+00
1.007595412318338601e+00
1.007227152990933572e+00
1.007156674666985108e+00
1.007294138519620352e+00
1.007532123617026709e+00
1.007750017144669608e+00
1.007821109004328530e+00
1.007621377833551879e+00
1.007038690588681229e+00
1.005981188115256719e+00
1.004383889442903799e+00
1.002212784274851831e+00
9.994657766957607548e-01
9.961699230296728880e-01
9.923747384286019102e-01
9.881420724355398644e-01
9.835340154026859238e-01
9.786010904007701461e-01
9.733731977068087460e-01
9.678552399049812349e-01
9.620282250912383093e-01
9.558553144055409456e-01
9.492911691968636267e-01
9.422923481203143714e-01
9.348264986023915313e-01
9.268786115557913208e-01
9.184534876437614459e-01
9.095745613673387187e-01
9.002800852449345248e-01
8.906181547238272156e-01
8.806420208014930084e-01
8.704066372583130207e-01
8.599666613604762810e-01
8.493755033789848197e-01
8.386847594498563208e-01
8.279435159158103907e-01
8.171974156173366088e-01
8.064877575703376378e-01
7.958510483926692913e-01
7.853192908548437545e-01
7.749210009838501945e-01
7.646826769913016575e-01
7.546303346181950644e-01
7.447907857668134568e-01
7.351924783335033187e-01
7.258658234713971646e-01
7.168429665243255533e-01
7.081569530852060979e-01
6.998402829233787426e-01
6.919229710712667680e-01
6.844304051046438131e-01
6.773814067265429006e-01
6.707868975144463120e-01
6.646494252767862765e-01
6.589635893376736275e-01
6.537171965398025364e-01
6.488928498657736688e-01
6.444696399034115508e-01
6.404246602504608532e-01
6.367341674349227265e-01
6.333743175632077227e-01
6.303215048736968695e-01
6.275523820892706661e-01
6.250436568379991176e-01
6.227717492217960116e-01
6.207123878209390710e-01
6.188402291200119087e-01
6.171285996689006570e-01
6.155494566922363742e-01
6.140736229592227424e-01
6.126712810235701578e-01
6.113126381196395398e-01
6.099686276044762323e-01
6.086115127744043951e-01
6.072153004877742788e-01
6.057559366374044574e-01
6.042113185398750863e-01
6.025611986232590755e-01
6.007870579134420019e-01
5.988720016554742731e-01
5.968006921484988458e-01
5.945593074278106016e-01
5.921355096156418751e-01
5.895184178595531677e-01
5.866985924824037468e-01
5.836680374892929679e-01
5.804202180950258638e-01
5.769500786342538490e-01
5.732540449726962750e-01
5.693300073102686154e-01
5.651772971902031539e-01
5.607966848827675710e-01
5.561904210442363272e-01
5.513623284402919822e-01
5.463179225876231282e-01
5.410645159825541173e-01
5.356112499438151486e-01
5.299690065443887210e-01
5.241501789298567138e-01
5.181683134030098392e-01
5.120376696622844781e-01
5.057727661829883870e-01
4.993879802229949649e-01
4.928972568798933307e-01
4.863139549785960303e-01
4.796508279341717418e-01
4.729201131414605963e-01
4.661336889639595138e-01
4.593032553068405188e-01
4.524405001058143250e-01
4.455572260058619505e-01
4.386654247985054544e-01
4.317772983428407874e-01
4.249052316561129916e-01
4.180617262213279228e-01
4.112593004146027353e-01
4.045103613938230147e-01
3.978270511186543512e-01
3.912210700105795413e-01
3.847034853488821016e-01
3.782845365533029081e-01
3.719734537959634713e-01
3.657783077830512597e-01
3.597059060231119765e-01
3.537617449741997655e-01
3.479500198974447289e-01
3.422736872085261894e-01
3.367345692961505321e-01
3.313334898367706338e-01
3.260704282004021626e-01
3.209446835468313663e-01
3.159550413980338757e-01
3.110999368344919414e-01
3.063776085258348436e-01
3.017862367281494707e-01
2.973240568741378764e-01
2.929894394712981853e-01
2.887809276831842520e-01
2.846972267609937934e-01
2.807371443181181925e-01
2.768994865137184846e-01
2.731829212745298663e-01
2.695858243833861301e-01
2.661061265598366754e-01
2.627411791292815768e-01
2.594876528021831108e-01
2.563414793043115592e-01
2.532978402014483543e-01
2.503512022371662815e-01
2.474953944904528247e-01
2.447237198828830229e-01
2.420290919264829477e-01
2.394041868756946190e-01
2.368416014297125560e-01
2.343340067178844577e-01
2.318742904430744212e-01
2.294556806902671164e-01
2.270718468888117403e-01
2.247169755276373915e-01
2.223858202160574060e-01
2.200737273484573708e-01
2.177766398463953368e-01
2.154910821932924103e-01
2.132141303035641200e-01
2.109433697831530341e-01
2.086768459553565158e-01
2.064130087407343717e-01
2.041506551594495511e-01
2.018888719019369393e-01
1.996269800942260253e-01
1.973644840536577516e-01
1.951010254692852885e-01
1.928363440369181003e-01
1.905702451377605244e-01
1.883025746990555083e-01
1.860332009581338597e-01
1.837620025139466706e-01
1.814888618265221021e-01
1.792136632263090223e-01
1.769362945062687431e-01
1.746566512543958616e-01
1.723746431987133731e-01
1.700902019435896750e-01
1.678032895543251357e-01
1.655139074957555079e-01
1.632221054645706104e-01
1.609279896941853694e-01
1.586317303710788607e-01
1.563335678865071243e-01
1.540338177492135696e-01
1.517328740862913528e-01
1.494312117425156128e-01
1.471293870401964576e-01
1.448280372785205605e-01
1.425278790399683582e-01
1.402297053454824305e-01
1.379343816760279229e-01
1.356428408698681642e-01
1.333560769201168339e-01
1.310751377361419612e-01
1.288011169879668127e-01
1.265351452133232912e-01
1.242783804188910407e-01
1.220319984389558188e-01
1.197971833189193092e-01
1.175751179663540313e-01
1.153669752628398854e-01
1.131739097649232390e-01
1.109970500537911797e-01
1.088374917328850805e-01
1.066962910306488016e-01
1.045744589481970438e-01
1.024729559001454210e-01
1.003926868277674050e-01
9.833449680924896685e-02
9.629916724207462919e-02
9.428741271661431056e-02
9.229987872825114181e-02
9.033714038118213774e-02
8.839970221736470624e-02
8.648799926018611861e-02
8.460239929916864299e-02
8.274320636702935106e-02
8.091066528282978010e-02
7.910496706393017885e-02
7.732625495302483665e-02
7.557463077051135292e-02
7.385016128993392159e-02
7.215288434552963315e-02
7.048281441369994016e-02
6.883994746020097311e-02
6.722426490634668406e-02
6.563573663451868767e-02
6.407432301969410993e-02
6.253997603452936260e-02
6.103263952663853797e-02
5.955224880553900563e-02
5.809872970197504233e-02
5.667199727398880560e-02
5.527195433325712837e-02
5.389848995361826850e-02
5.255147810372527012e-02
5.123077651985311065e-02
4.993622590564386621e-02
4.866764951522514066e-02
4.742485314677000879e-02
4.620762554672787348e-02
4.501573920185469174e-02
4.384895147751016048e-02
4.270700604688942859e-02
4.158963454683984456e-02
4.049655839149345765e-02
3.942749067459602047e-02
3.838213809451029856e-02
3.736020284176606171e-02
3.636138439691703750e-02
3.538538119571264101e-02
3.443189212849959852e-02
3.350061785076908355e-02
3.259126189139397584e-02
3.170353155393838829e-02
3.083713861421666716e-02
2.999179982382422713e-02
2.916723723456566761e-02
2.836317836252443339e-02
2.757935621304499069e-02
2.681550918914921144e-02
2.607138090610893605e-02
2.534671993413223010e-02
2.464127948963260040e-02
2.395481709347825269e-02
2.328709421218752226e-02
2.263787589538432052e-02
2.200693042012483169e-02
2.139402895009577879e-02
2.079894521524671899e-02
2.022145521525418183e-02
1.966133694837958815e-02
1.911837016578519025e-02
1.859233615023793071e-02
1.808301751734692903e-02
1.759019803699373927e-02
1.711366247242512156e-02
1.665319643450014625e-02
1.620858624879588025e-02
1.577961883361194556e-02
1.536608158732665277e-02
1.496776228401775106e-02
1.458444897671286149e-02
1.421592990805777348e-02
1.386199342857011817e-02
1.352242792294940620e-02
1.319702174514719023e-02
1.288556316305927880e-02
1.258784031377731781e-02
1.230364117034729414e-02
1.203275352093543388e-02
1.177496496119715026e-02
1.153006290050466107e-02
1.129783458252533838e-02
1.107806712045348793e-02
1.087054754700742670e-02
1.067506287911716874e-02
1.049140019703948858e-02
1.031934673747495618e-02
1.015869000010234842e-02
1.000921786682480719e-02
9.870718732904789489e-03
9.742981649077582865e-03
9.625796473672973072e-03
9.518954033718472069e-03
9.422246293974551740e-03
9.335466532839105033e-03
9.258409524058862708e-03
9.190871723194821499e-03
9.132651457821609059e-03
9.083549120463387319e-03
9.043367363305488196e-03
9.011911293772970413e-03
8.988988670103486428e-03
8.974410096090509187e-03
8.967989214232389636e-03
8.969542896562624976e-03
8.978891432494830876e-03
8.995858713069179030e-03
9.020272411039441385e-03
9.051964156287043220e-03
9.090769706115262028e-03
