6.643861917917931459e-02
2.168002682071049625e-01
2.116574080618822684e-01
2.041533898189024643e-01
1.991658072872297125e-01
1.965890469796486018e-01
1.961737447467433448e-01
1.977031430597268047e-01
2.009963867682142413e-01
2.059027391319649403e-01
2.122958137403840317e-01
2.200687825749430837e-01
2.291305848870147932e-01
2.394029714965860978e-01
2.508182000761678410e-01
2.633172253682095065e-01
2.768482640843940024e-01
2.913656450947041954e-01
3.068288790952010126e-01
3.232018991251355833e-01
3.404524356223278536e-01
3.585514985448137182e-01
3.774729454938461903e-01
3.971931194789568020e-01
4.176905434790875726e-01
4.389456616140806622e-01
4.609406187822580048e-01
4.836590722067801162e-01
5.070860295763106596e-01
5.312077094502931640e-01
5.560114203819582768e-01
5.814854558417793529e-01
6.076190025295485908e-01
6.344020600740135629e-01
6.618253704536898319e-01
6.898803557436151701e-01
7.185590630190352712e-01
7.478541154298375959e-01
7.777586686132507143e-01
8.082663717386895375e-01
8.393713325841205553e-01
8.710680861319983759e-01
9.033515662465757545e-01
9.362170800566594897e-01
9.696602847214725873e-01
1.003677166300525503e+00
1.038264020487492889e+00
1.073417435000698861e+00
1.109134273448577401e+00
1.145411660515763819e+00
1.182246968332208104e+00
1.219637803907463125e+00
1.257581997528220308e+00
1.296077592028328507e+00
1.335122832853760988e+00
1.374716158854030201e+00
1.414856193741355295e+00
1.455541738165818888e+00
1.496771762360492364e+00
1.538545399319035445e+00
1.580861938469797501e+00
1.623720819818205596e+00
1.667121628530226829e+00
1.711064089935493193e+00
1.755548064928611707e+00
1.800573545752498283e+00
1.846140652147558292e+00
1.892249627853047622e+00
1.938900837446839054e+00
1.986094763514610673e+00
2.033832004133933502e+00
2.082113270665893801e+00
2.130939385842412825e+00
2.180311282139463902e+00
2.230230000425562853e+00
2.280696688875865963e+00
2.331712602139848212e+00
2.383279100749967849e+00
2.435397650761527366e+00
2.488069823607204079e+00
2.541297296154669816e+00
2.595081850950709867e+00
2.649425376636151075e+00
2.704329868514492752e+00
2.759797429256398704e+00
2.815830269719010293e+00
2.872430709864596476e+00
2.929601179751670781e+00
2.987344220581712673e+00
3.045662485776321482e+00
3.104558742062973220e+00
3.164035870545050422e+00
3.224096867733541316e+00
3.284744846514258132e+00
3.345983037027658646e+00
3.407814787438196547e+00
3.470243564567335071e+00
3.533272954366132534e+00
3.596906662208523286e+00
3.661148512978607439e+00
3.726002450933152854e+00
3.791472539318801349e+00
3.857562959722658835e+00
3.924278011143624845e+00
3.991622108762505228e+00
4.059599782397991241e+00
4.128215674638141763e+00
4.197474538632391727e+00
4.267381235536038986e+00
4.337940731600074429e+00
4.409158094899676250e+00
4.481038491696910597e+00
4.553587182439390979e+00
4.626809517391039961e+00
4.700710931898887779e+00
4.775296941299515652e+00
4.850573135474607334e+00
4.926545173056306126e+00
5.003218775295789733e+00
5.080599719613577925e+00
5.158693832831482418e+00
5.237506984107059615e+00
5.317045077592783997e+00
5.397314044824420343e+00
5.478319836868381643e+00
5.560068416240323330e+00
5.642565748622608623e+00
5.725817794396521165e+00
5.809830500012447274e+00
5.894609789226698204e+00
5.980161554221091080e+00
6.066491646635865820e+00
6.153605868538720713e+00
6.241509963354129553e+00
6.330209606781567189e+00
6.419710397728788820e+00
6.510017849282729863e+00
6.601137379752624490e+00
6.693074303806666236e+00
6.785833823733368853e+00
6.879421020856779201e+00
6.973840847134197496e+00
7.069098116966975098e+00
7.165197499256419356e+00
7.262143509737287062e+00
7.359940503618137342e+00
7.458592668563912120e+00
7.558104018062968166e+00
7.658478385202986516e+00
7.759719416894744093e+00
7.861830568594163182e+00
7.964815099541116439e+00
8.068676068564426984e+00
8.173416330492210946e+00
8.279038533199431171e+00
8.385545115339585465e+00
8.492938304780910386e+00
8.601220117801961607e+00
8.710392359059811795e+00
8.820456622373335165e+00
8.931414292341852246e+00
9.043266546819005214e+00
9.156014360262670237e+00
9.269658507972577510e+00
9.384199571212654689e+00
9.499637943226076686e+00
9.615973836131338714e+00
9.733207288673924040e+00
9.851338174822377169e+00
9.970366213162240143e+00
1.009029097705669820e+01
1.021111190551579107e+01
1.033282831471647079e+01
1.045543941011110078e+01
1.057894429904306399e+01
1.070334200379129541e+01
1.082863147495283229e+01
1.095481160507512186e+01
1.108188124242817452e+01
1.120983920483267937e+01
1.133868429341358386e+01
1.146841530620307736e+01
1.159903105146038271e+01
1.173053036062715648e+01
1.186291210079682124e+01
1.199617518662081572e+01
1.213031859154800784e+01
1.226534135831233385e+01
1.240124260859724004e+01
1.253802155180433431e+01
1.267567749287169754e+01
1.281420983908621913e+01
1.295361810586460294e+01
1.309390192145504983e+01
1.323506103057538930e+01
1.337709529695106347e+01
1.352000470478686722e+01
1.366378935917408377e+01
1.380844948547075113e+01
1.395398542769217265e+01
1.410039764596207590e+01
1.424768671307235302e+01
1.439585331022531101e+01
1.454489822201579408e+01
1.469482233074948319e+01
1.484562661014496499e+01
1.499731211853062440e+01
1.514987999159014009e+01
1.530333143476484281e+01
1.545766771537426543e+01
1.561289015454346796e+01
1.576900011900646525e+01
1.592599901286261321e+01
1.608388826934176308e+01
1.624266934265323314e+01
1.640234369994778874e+01
1.656291281346883082e+01
1.672437815290733809e+01
1.688674117799655505e+01
1.705000333138879043e+01
1.721416603180324500e+01
1.737923066748528811e+01
1.754519858996092196e+01
1.771207110809984542e+01
1.787984948247983397e+01
1.804853492004306403e+01
1.821812856902847955e+01
1.838863151420065023e+01
1.856004477230924721e+01
1.873236928783230226e+01
1.890560592892788350e+01
1.907975548365084606e+01
1.925481865637819467e+01
1.943079606446427476e+01
1.960768823512851000e+01
1.978549560255817497e+01
1.996421850527667985e+01
2.014385718373310397e+01
2.032441177815484679e+01
2.050588232668296840e+01
2.068826876378832935e+01
2.087157091897674022e+01
2.105578851583249289e+01
2.124092117136981983e+01
2.142696839571403800e+01
2.161392959215846687e+01
2.180180405753632655e+01
2.199059098295099091e+01
2.218028945484928727e+01
2.237089845643190600e+01
2.256241686936347790e+01
2.275484347582302291e+01
2.294817696077373981e+01
2.314241591456345049e+01
2.333755883568768041e+01
2.353360413378362992e+01
2.373055013279765291e+01
2.392839507428783818e+01
2.412713712082890538e+01
2.432677435953024769e+01
2.452730480558807002e+01
2.472872640591370796e+01
2.493103704276529697e+01
2.513423453740179525e+01
2.533831665374710340e+01
2.554328110208454561e+01
2.574912554269283405e+01
2.595584758955472537e+01
2.616344481405374722e+01
2.637191474868223295e+01
2.658125489081469794e+01
2.679146270646201700e+01
2.700253563414703706e+01
2.721447108879317511e+01
2.742726646568745963e+01
2.764091914451001131e+01
2.785542649343249266e+01
2.807078587328041408e+01
2.828699464176774825e+01
2.850405015778287421e+01
2.872194978570204782e+01
2.894069089979009490e+01
2.916027088856591121e+01
2.938068715923602880e+01
2.960193714210456406e+01
2.982401829499951518e+01
3.004692810768482403e+01
3.027066410623300285e+01
3.049522385743431840e+01
3.072060497313924188e+01
3.094680511461356076e+01
3.117382199687940769e+01
3.140165339306057746e+01
3.163029713873513060e+01
3.185975113630783540e+01
3.209001335938882704e+01
3.232108185728698402e+01
3.255295475946049777e+01
3.278563028011247837e+01
3.301910672279502990e+01
3.325338248512280614e+01
3.348845606354021243e+01
3.372432605817227369e+01
3.396099117771328935e+01
3.419845024442727066e+01
3.443670219909955676e+01
3.467574610610260777e+01
3.491558115838619614e+01
3.515620668247155578e+01
3.539762214337363844e+01
3.563982714944710750e+01
3.588282145705840520e+01
3.612660497512175084e+01
3.637117776939584957e+01
3.661654006651825455e+01
3.686269225772534952e+01
3.710963490222106032e+01
3.735736873011170900e+01
3.760589464490660561e+01
3.785521372547950847e+01
3.810532722748930468e+01
3.835623658417026860e+01
3.860794340650951284e+01
3.886044948268788346e+01
3.911375677681911611e+01
3.936786742691587193e+01
3.962278374207465248e+01
3.987850819883361453e+01
4.013504343672328645e+01
4.039239225295792579e+01
4.065055759628676668e+01
4.090954256004281575e+01
4.116935037430123145e+01
4.142998439728286542e+01
4.169144810589581596e+01
4.195374508557301141e+01
4.221687901932190101e+01
4.248085367603832196e+01
4.274567289824256733e+01
4.301134058905683588e+01
4.327786069864792751e+01
4.354523721011690185e+01
4.381347412485756365e+01
4.408257544741417178e+01
4.435254516994770313e+01
4.462338725626409541e+01
4.489510562554264084e+01
4.516770413570908715e+01
4.544118656654794108e+01
4.571555660259227949e+01
4.599081781579609896e+01
4.626697364808466517e+01
4.654402739371026598e+01
4.682198218162032788e+01
4.710084095764844392e+01
4.738060646683015165e+01
4.766128123557461294e+01
4.794286755398204036e+01
4.822536745819813575e+01
4.850878271290011412e+01
4.879311479387227735e+01
4.907836487077607757e+01
4.936453379014104570e+01
4.965162205854819888e+01
4.993962982610076295e+01
5.022855687027370664e+01
5.051840258000937212e+01
5.080916594031165801e+01
5.110084551727551627e+01
5.139343944361566230e+01
5.168694540484752764e+01
5.198136062604185526e+01
5.227668185939989343e+01
5.257290537257149055e+01
5.287002693792150154e+01
5.316804182274790236e+01
5.346694478060697975e+01
5.376673004377195042e+01
5.406739131692786771e+01
5.436892177228866530e+01
5.467131404604141665e+01
5.497456023632908284e+01
5.527865190284136787e+01
5.558358006799085871e+01
5.588933521980154495e+01
5.619590731660996141e+01
5.650328579345831059e+01
5.681145957044022765e+01
5.712041706273549835e+01
5.743014619266078569e+01
5.774063440347267573e+01
5.805186867503537229e+01
5.836383554135937857e+01
5.867652110990296421e+01
5.898991108261571270e+01
5.930399077873160962e+01
5.961874515913826400e+01
5.993415885238170659e+01
6.025021618211324892e+01
6.056690119598290778e+01
6.088419769574732499e+01
6.120208926864496135e+01
6.152055931975908720e+01
6.183959110531018410e+01
6.215916776668574073e+01
6.247927236502000881e+01
6.279988791616439414e+01
6.312099742578951833e+01
6.344258392434791460e+01
6.376463050180819181e+01
6.408712034160313920e+01
6.441003675387545968e+01
6.473336320742748740e+01
6.505708336034697936e+01
6.538118108887888980e+01
6.570564051446383758e+01
6.603044602880970615e+01
6.635558231674008312e+01
6.668103437705431702e+01
6.700678754114960611e+01
6.733282748990481537e+01
6.765914026887675448e+01
6.798571230226930595e+01
6.831253040605258775e+01
6.863958180088440031e+01
6.896685412532974624e+01
6.929433544999528749e+01
6.962201429330839630e+01
6.994987963929196439e+01
7.027792095810518447e+01
7.060612822944570155e+01
7.093449196927110734e+01
7.126300325976731642e+01
7.159165378238647293e+01
7.192043585372101688e+01
7.224934246353117828e+01
7.257836731413819109e+01
7.290750486039183897e+01
7.323675034908626458e+01
7.356609985657510720e+01
7.389555032355654873e+01
7.422509958584321055e+01
7.455474640002353226e+01
7.488449046312848623e+01
7.521433242561815291e+01
7.554427389707409191e+01
7.587431744453682825e+01
7.620446658334677181e+01
7.653472576088579160e+01
7.686510033365220806e+01
7.719559653840299518e+01
7.752622145817771582e+01
7.785698298418148511e+01
7.818788977429645115e+01
7.851895120911667902e+01
7.885017734608190665e+01
7.918157887222130853e+01
7.951316705544667229e+01
7.984495369433005862e+01
8.017695106576657338e+01
8.050917186956738192e+01
8.084162916894622697e+01
8.117433632554379130e+01
8.150730692733054639e+01
8.184055470826011458e+01
8.217409345821765498e+01
8.250793692218817910e+01
8.284209868837938018e+01
8.317659206489558699e+01
8.351142994581870482e+01
8.384662466787993651e+01
8.418218785961882134e+01
8.451813028568837183e+01
8.485446168927506960e+01
8.519119063655580248e+01
8.552832436667762295e+01
8.586586865151780046e+01
8.620382766900549143e+01
8.654220389358290788e+01
8.688099800688027585e+01
8.722020883110296552e+01
8.755983328661089615e+01
8.789986637457752749e+01
8.824030118427654656e+01
8.858112892408271932e+01
8.892233897387377795e+01
8.926391895630008833e+01
8.960585482336502139e+01
8.994813095472277098e+01
9.029073026356576293e+01
9.063363430643310892e+01
9.097682339300727961e+01
9.132027669285416493e+01
9.166397233634594954e+01
9.200788750759495827e+01
9.235199852828500866e+01
9.269628093171546368e+01
9.304070952735877142e+01
9.338525845700253569e+01
9.372990124410024748e+01
9.407461083894683895e+01
9.441935966261449664e+01
9.476411965347026012e+01
9.510886232017368513e+01
9.545355880555186445e+01
9.579817996549708425e+01
9.614269646709787764e+01
9.648707890893096817e+01
9.683129796607454409e+01
9.717532456021942266e+01
9.751913005386256827e+01
9.786268646485545730e+01
9.820596669578398519e+01
9.854894476941625214e+01
9.889159606024840343e+01
9.923389750970478929e+01
9.957582781218668799e+01
9.991736755948052462e+01
1.002584993317425841e+02
1.005992077269928302e+02
1.009394793240768990e+02
1.012793025798356723e+02
1.016186676664414534e+02
1.019575662606822135e+02
1.022959913029426389e+02
1.026339367472139799e+02
1.029713973263079367e+02
1.033083683567807753e+02
1.036448456054291967e+02
1.039808252343472361e+02
1.043163038338936843e+02
1.046512785440673667e+02
1.049857472543631758e+02
1.053197088625516642e+02
1.056531635646939264e+02
1.059861131422362064e+02
1.063185612103432049e+02
1.066505133928413045e+02
1.069819773948450177e+02
1.073129629535152958e+02
1.076434816593650652e+02
1.079735466539087270e+02
1.083031722234294989e+02
1.086323733205806263e+02
1.089611650549950639e+02
1.092895622002886284e+02
1.096175787660219498e+02
1.099452276808060702e+02
1.102725206255541508e+02
1.105994680455095249e+02
1.109260793563536112e+02
1.112523633441383737e+02
1.115783287427265975e+02
1.119039849552770818e+02
1.122293428714096279e+02
1.125544157177217528e+02
1.128792198700887894e+02
1.132037755502683893e+02
1.135281073309213724e+02
1.138522443797487114e+02
1.141762203872059018e+02
1.145000731422066593e+02
1.148238437440305972e+02
1.151475754659726647e+02
1.154713123131615475e+02
1.157950973436000623e+02
1.161189708421442930e+02
1.164429684546429797e+02
1.167671193976519817e+02
1.170914448606675222e+02
1.174159567102195894e+02
1.177406565884436418e+02
1.180655354750853689e+02
1.183905737496399979e+02
1.187157417552232630e+02
1.190410008275600688e+02
1.193663047166494948e+02
1.196916012975459296e+02
1.200168344451027167e+02
1.203419459357516672e+02
1.206668772401459364e+02
1.209915710837658196e+02
1.213159726746301885e+02
1.216400305277718843e+02
1.219636968498566176e+02
1.222869274824218877e+02
1.226096814339566237e+02
1.229319200590972088e+02
1.232536059642687007e+02
1.235747017346552212e+02
1.238951685852171352e+02
1.242149650405993668e+02
1.245340457454101966e+02
1.248523604973440371e+02
1.251698535835727171e+02
1.254864634841894429e+02
1.258021229895787343e+02
1.261167597588126625e+02
1.264302973267787706e+02
1.267426565478205163e+02
1.270537574419419116e+02
1.273635213842060807e+02
1.276718735488909857e+02
1.279787454825685273e+02
1.282840776392732209e+02
1.285878216682300490e+02
1.288899422116461722e+02
1.291904179560081900e+02
1.294892417015512081e+02
1.297864192802261982e+02
1.300819672683943509e+02
1.303759095995320934e+02
1.306682733687864015e+02
1.309590843057027030e+02
1.312483625378127670e+02
1.315361193395424948e+02
1.318223555271247278e+02
1.321070620032055274e+02
1.323902226805646194e+02
1.326718196468214614e+02
1.329518400260172371e+02
1.332302836124429746e+02
1.335071700764079310e+02
1.337825444356247431e+02
1.340564795990773064e+02
1.343290751284766884e+02
1.346004518916660970e+02
1.348707429200063359e+02
1.351400814118202334e+02
1.354085873198444290e+02
1.356763542125049753e+02
1.359434380477699733e+02
1.362098491564005371e+02
1.364755481857303323e+02
1.367404461519737424e+02
1.370044082481915950e+02
1.372672607806115934e+02
1.375288005987192435e+02
1.377888065782946114e+02
1.380470529608286370e+02
1.383033244670559156e+02
1.385574329537777771e+02
1.388092349552908615e+02
1.390586488606574278e+02
1.393056699437444763e+02
1.395503812104699932e+02
1.397929581945346911e+02
1.400336664080441835e+02
1.402728509844463929e+02
1.405109189179352427e+02
1.407483150251485142e+02
1.409854932668612548e+02
1.412228854223044721e+02
1.414608694192477287e+02
1.416997399590747762e+02
1.419396843830667194e+02
1.421807668295492135e+02
1.424229233926786264e+02
1.426659700412921268e+02
1.429096234917932691e+02
1.431535332764084671e+02
1.433973213182471795e+02
1.436406238916064808e+02
1.438831302966972032e+02
1.441246130751837882e+02
1.443649460216882119e+02
1.446041082550777901e+02
1.448421747412659499e+02
1.450792954779919341e+02
1.453156667925291288e+02
1.455514987799143398e+02
1.457869828920067334e+02
1.460222632262506011e+02
1.462574143146837571e+02
1.464924273167481203e+02
1.467272055756917837e+02
1.469615695744654431e+02
1.471952704524092326e+02
1.474280104096715434e+02
1.476594675278741704e+02
1.478893218267278939e+02
1.481172789273509238e+02
1.483430877843345570e+02
1.485665498452954409e+02
1.487875187555899288e+02
1.490058920168428926e+02
1.492215981062516903e+02
1.494345836098089251e+02
1.496448043280520324e+02
1.498522221610204781e+02
1.500568066753862411e+02
1.502585378108715872e+02
1.504574052231174903e+02
1.506534006508668142e+02
1.508465020335289353e+02
1.510366510469552850e+02
1.512237284402444288e+02
1.514075335207051864e+02
1.515877750567425437e+02
1.517640804636803011e+02
1.519360280190588810e+02
1.521032027656659125e+02
1.522652709970923581e+02
1.524220619107111361e+02
1.525736399880789236e+02
1.527203498803982598e+02
1.528628183881657208e+02
1.530019056666708934e+02
1.531386087779337970e+02
1.532739326410726335e+02
1.534087531404652793e+02
1.535437015772521079e+02
1.536790966801102343e+02
1.538149396237296855e+02
1.539509707717814138e+02
1.540867683674146065e+02
1.542218551284553882e+02
1.543557748870945545e+02
1.544881119294449547e+02
1.546184492534098922e+02
1.547462906836377954e+02
1.548709929729472208e+02
1.549917557687965370e+02
1.551076956421698014e+02
1.552179934622474207e+02
1.553220700275965953e+02
1.554197309604909947e+02
1.555112355322243047e+02
1.555972766510215024e+02
1.556788915704628664e+02
1.557573377901757965e+02
1.558339618338020500e+02
1.559100703162617094e+02
1.559867992213640946e+02
1.560649790848063390e+02
1.561450089672779029e+02
1.562267691178194013e+02
1.563096083248566686e+02
1.563924310357902527e+02
1.564738843176796195e+02
1.565526147472890273e+02
1.566275410734292279e+02
1.566980787330361693e+02
1.567642615068617431e+02
1.568267322369935926e+02
1.568866102542694136e+02
1.569452749218476413e+02
1.570041204509037982e+02
1.570643326589881212e+02
1.571267201390410833e+02
1.571916134817242323e+02
1.572588371545158452e+02
1.573277594018634034e+02
1.573974258413809082e+02
1.574667704398739261e+02
1.575348707981858354e+02
1.576011848184853079e+02
1.576656926888180976e+02
1.577288864881819848e+02
1.577915980422630469e+02
1.578547147176089993e+02
1.579188755837644180e+02
1.579842467079743074e+02
1.580504417308779352e+02
1.581165979862141455e+02
1.581815644792088165e+02
1.582441280611997456e+02
1.583032069157956130e+02
1.583579687686916486e+02
1.584078673170564286e+02
1.584526164814773779e+02
1.584921296328944038e+02
1.585264433198489087e+02
1.585556332126445795e+02
1.585797250038451978e+02
1.585986095657383714e+02
1.586119855008161039e+02
1.586193615548943114e+02
1.586201429959160691e+02
1.586137950454147756e+02
1.586000340616297137e+02
1.585789689603159900e+02
1.585511258090520528e+02
1.585173407573447264e+02
1.584785735393925279e+02
1.584357328347490750e+02
1.583895870449265146e+02
1.583407689265749241e+02
1.582898151367419644e+02
1.582371627903882256e+02
1.581830730274926680e+02
1.581275344298697973e+02
1.580702521830520197e+02
1.580107998376001319e+02
1.579489034003676693e+02
1.578847110383266283e+02
1.578188676399098540e+02
1.577523070110621006e+02
1.576858487210083126e+02
1.576198247034206474e+02
1.575539586242017833e+02
1.574875697882607994e+02
1.574199725374901107e+02
1.573508291860204622e+02
1.572802640777555325e+02
1.572087168061873399e+02
1.571366800757357112e+02
1.570645178195433118e+02
1.569924674457200240e+02
1.569207724500203369e+02
1.568497840149180149e+02
1.567798860027350827e+02
1.567112226533367050e+02
1.566433572067651596e+02
1.565750660914499406e+02
1.565044294187568426e+02
1.564292401195017135e+02
1.563475993169992933e+02
1.562584751758944037e+02
1.561620155644783949e+02
1.560595060438368478e+02
1.559530024116259312e+02
1.558447829504953575e+02
1.557368171772163805e+02
1.556304207188312319e+02
1.555261770637079053e+02
1.554240983199003097e+02
1.553239161785728015e+02
1.552253700679486883e+02
1.551283906000322190e+02
1.550331386974070540e+02
1.549399253422405707e+02
1.548490825160796760e+02
1.547608702213641720e+02
1.546754813096347618e+02
1.545931478601252991e+02
1.545142791771725399e+02
1.544395100322067549e+02
1.543695508335892157e+02
1.543048244938954099e+02
1.542450100086212217e+02
1.541887078760132113e+02
1.541334241798552114e+02
1.540759355022808563e+02
1.540129250180965244e+02
1.539416744095094032e+02
1.538606038793558639e+02
1.537695362990495482e+02
1.536696473400749312e+02
1.535631130854121977e+02
1.534525027981649146e+02
1.533400282824368333e+02
1.532268499985316055e+02
1.531126903837078430e+02
1.529959404015177995e+02
1.528742518513594746e+02
1.527453708303951885e+02
1.526078322463608288e+02
1.524612061772089930e+02
1.523058396433126802e+02
1.521423183947040059e+02
1.519710021127179971e+02
1.517918861120618033e+02
1.516047950056616287e+02
1.514096951215180411e+02
1.512068639281766878e+02
1.509967897784707418e+02
1.507798863868544856e+02
1.505562500939355743e+02
1.503256760621927981e+02
1.500879925250957001e+02
1.498435660666424383e+02
1.495937046339764152e+02
1.493407264359096871e+02
1.490876547710454076e+02
1.488377159836675787e+02
1.485939097569941794e+02
1.483588277598751404e+02
1.481346977532540166e+02
1.479234788523019688e+02
1.477268328200994745e+02
1.475459256872657932e+02
1.473811625396302247e+02
1.472320203895852444e+02
1.470970918600106074e+02
1.469743356143956419e+02
1.468614237200964681e+02
1.467560338824746111e+02
1.466559682876236650e+02
1.465590710511273471e+02
1.464630232173172146e+02
1.463651688752321149e+02
1.462625273894583984e+02
1.461520655083606357e+02
1.460311739162079050e+02
1.458981811052656781e+02
1.457527037401152938e+02
1.455956967496452137e+02
1.454291941054680990e+02
1.452558526253005766e+02
1.450784619639068183e+02
1.448995481268728724e+02
1.447211183038148192e+02
1.445445368122626348e+02
1.443705155295316160e+02
1.441992192228566694e+02
1.440304774834273474e+02
1.438640484347284314e+02
1.436998355362275674e+02
1.435379684783970902e+02
1.433787311821254491e+02
1.432224103807782001e+02
1.430691843823635452e+02
1.429191369025226095e+02
1.427723829368983672e+02
1.426291998877317724e+02
1.424900418735071526e+02
1.423553973107547108e+02
1.422255662229658242e+02
1.421004887497298341e+02
1.419797118060152457e+02
1.418624909373835692e+02
1.417479722041009325e+02
1.416354047666177394e+02
1.415243445190812395e+02
1.414147756003228551e+02
1.413070343816581271e+02
1.412014575968987060e+02
1.410978285447237397e+02
1.409948785359125338e+02
1.408901600855290894e+02
1.407804509321102273e+02
1.406625442345280419e+02
1.405340356510263859e+02
1.403937196569472974e+02
1.402414662080349217e+02
1.400777777662012511e+02
1.399033856499457045e+02
1.397191293550378930e+02
1.395260790963319835e+02
1.393256350104357750e+02
1.391193358386658758e+02
1.389083306711678460e+02
1.386927448978945563e+02
1.384713071731359264e+02
1.382415036029197211e+02
1.380002532172723306e+02
1.377448238584693740e+02
1.374735903171839198e+02
1.371863363372922606e+02
1.368840519036283183e+02
1.365684288766962027e+02
1.362413711839099904e+02
1.359047607724891975e+02
1.355605233982434186e+02
1.352108498988064866e+02
1.348583556496035669e+02
1.345060248646612706e+02
1.341569276356568707e+02
1.338138281568883770e+02
1.334788598690168158e+02
1.331534113190074038e+02
1.328382675490746010e+02
1.325339296685849888e+02
1.322409435030818656e+02
1.319600557903486049e+02
1.316921029233060096e+02
1.314376895237940914e+02
1.311968505550302666e+02
1.309689254483330103e+02
1.307527741981278950e+02
1.305472820909775464e+02
1.303519315934295264e+02
1.301671587189221952e+02
1.299942929837536667e+02
1.298350697881795668e+02
1.296909088644551957e+02
1.295622618434044284e+02
1.294482812089560753e+02
1.293468844164862048e+02
1.292550974031968565e+02
1.291694776755176690e+02
1.290864679774570902e+02
1.290026484034530085e+02
1.289149397715082159e+02
1.288208144141560751e+02
1.287185113656391309e+02
1.286071856631120625e+02
1.284868947661291259e+02
1.283583609948705089e+02
1.282225371065346735e+02
1.280801019483093626e+02
1.279310702396112589e+02
1.277746783708539198e+02
1.276096109566826016e+02
1.274345003580443461e+02
1.272485139121970406e+02
1.270517852847496698e+02
1.268454806585492918e+02
1.266314281387268323e+02
1.264114405192723183e+02
1.261866285091385862e+02
1.259570218544988478e+02
1.257216522765373838e+02
1.254789947155440473e+02
1.252274826570445327e+02
1.249658349825716215e+02
1.246931311463096961e+02
1.244087841096870619e+02
1.241126130133958441e+02
1.238050748505733765e+02
1.234875117456099929e+02
1.231621941347805063e+02
1.228320611472005766e+02
1.225002744996472188e+02
1.221698325689800981e+02
1.218434384566484852e+02
1.215236313141217721e+02
1.212130152489521890e+02
1.209143695755852406e+02
1.206305141255317892e+02
1.203639612595735144e+02
1.201165124260595434e+02
1.198889855161576321e+02
1.196811854969029127e+02
1.194921036274362507e+02
1.193202202875422415e+02
1.191637485928063853e+02
1.190207059403356169e+02
1.188888086574869760e+02
1.187652924929720086e+02
1.186468119521241249e+02
1.185295387584318405e+02
1.184094819137909980e+02
1.182829389121746999e+02
1.181469145258236750e+02
1.179993439908106438e+02
1.178390315105015702e+02
1.176653318161153265e+02
1.174777125966764402e+02
1.172753893237805585e+02
1.170571925000825075e+02
1.168217192143278140e+02
1.165676841415801590e+02
1.162942882449091542e+02
1.160014202335097337e+02
1.156896023329033625e+02
1.153597370813251217e+02
1.150128235184694034e+02
1.146498253736344850e+02
1.142717852355087444e+02
1.138801409090272614e+02
1.134770877107181661e+02
1.130657942787930637e+02
1.126503297307995553e+02
1.122352751310899635e+02
1.118251302416664856e+02
1.114237297727508746e+02
1.110338943011918786e+02
1.106574380708592287e+02
1.102954826290342538e+02
1.099488764087241179e+02
1.096184836230655861e+02
1.093052027581907737e+02
1.090097468740744944e+02
1.087323642653165052e+02
1.084727161749969468e+02
1.082300375201135267e+02
1.080035369812019894e+02
1.077928383265668089e+02
1.075982136823147783e+02
1.074204444017294691e+02
1.072603230560770129e+02
1.071179864710582450e+02
1.069923551396457526e+02
1.068809137595825263e+02
1.067799314575279936e+02
1.066850551916720065e+02
1.065920784101181908e+02
1.064976259633281472e+02
1.063995189439629883e+02
1.062966874382470195e+02
1.061886626434465768e+02
1.060748490587767634e+02
1.059538763963525980e+02
1.058232989790168546e+02
1.056797495638430888e+02
1.055194436354317844e+02
1.053387850914606787e+02
1.051348235340848021e+02
1.049054436999607844e+02
1.046493330750496398e+02
1.043658666866936926e+02
1.040550258460000350e+02
1.037173752231530841e+02
1.033540459916415557e+02
1.029666670034724092e+02
1.025572391988603727e+02
1.021280043946266858e+02
1.016813702009450253e+02
1.012199138320123808e+02
1.007464331443217418e+02
1.002639833223420425e+02
9.977584900536274404e+01
9.928544193634490966e+01
9.879615627436281500e+01
9.831123474631777981e+01
9.783369117950367411e+01
9.736630584082698192e+01
9.691167459932974282e+01
9.647226676181053051e+01
9.605043990861616976e+01
9.564837565781554929e+01
9.526793225379059038e+01
9.491044631608170334e+01
9.457654315375951626e+01
9.426602205876704943e+01
9.397786645077839296e+01
9.371039358511264084e+01
9.346151610802314735e+01
9.322905179269655207e+01
9.301100020068307117e+01
9.280571247370970411e+01
9.261191224974045610e+01
9.242857282840165567e+01
9.225470244524595387e+01
9.208911823602822722e+01
9.193028806389700947e+01
9.177628770031731165e+01
9.162487218662960231e+01
9.147361604577477578e+01
9.132005718897728741e+01
9.116179229995680089e+01
9.099650947206524165e+01
9.082198625165734995e+01
9.063610487614727163e+01
9.043692866971954913e+01
9.022284932601594676e+01
8.999277324983967219e+01
8.974628685817577889e+01
8.948373644364264123e+01
8.920617677822326641e+01
8.891517746946448142e+01
8.861252006490511235e+01
8.829986247311595093e+01
8.797847462640535809e+01
8.764914212544861982e+01
8.731228446641948437e+01
8.696825410359721786e+01
8.661770474798461805e+01
8.626187933047306444e+01
8.590269197848353144e+01
8.554255818404639911e+01
8.518403062384361135e+01
8.482938018447491402e+01
8.448028584097153271e+01
8.413775115537008276e+01
8.380226855426273858e+01
8.347414784081409778e+01
8.315385915854666621e+01
8.284224126158933643e+01
8.254049032733439617e+01
8.224994055573436924e+01
8.197173135493538609e+01
8.170649292500232264e+01
8.145416335973735045e+01
8.121399238530239018e+01
8.098471914804956384e+01
8.076486019079804635e+01
8.055302069972879053e+01
8.034814471524377666e+01
8.014963957537779038e+01
7.995733991711033184e+01
7.977131469799124375e+01
7.959156367857026737e+01
7.941768789375450410e+01
7.924863614056623362e+01
7.908261306448953576e+01
7.891718367953805569e+01
7.874954136495927060e+01
7.857685010338188647e+01
7.839655218391075664e+01
7.820655752582050013e+01
7.800528593462297522e+01
7.779159111466596244e+01
7.756462952070282313e+01
7.732373799469220899e+01
7.706835963110269461e+01
7.679802561545588446e+01
7.651237815982020152e+01
7.621121247491645079e+01
7.589452022308869061e+01
7.556252487950837349e+01
7.521570462864424655e+01
7.485479958766428865e+01
7.448079991062606098e+01
7.409491288515400242e+01
7.369851154063171350e+01
7.329307292613705727e+01
7.288011821874728469e+01
7.246116702860092573e+01
7.203771437321663029e+01
7.161123224820227051e+01
7.118319077135070927e+01
7.075508854404985470e+01
7.032847937649478354e+01
6.990498319250363579e+01
6.948627240441470576e+01
6.907403049797946437e+01
6.866988586154255358e+01
6.827532975467664755e+01
6.789163151592828171e+01
6.751976573380075308e+01
6.716036475590647115e+01
6.681370582606207620e+01
6.647973613172696616e+01
6.615813230542102019e+01
6.584838477193503081e+01
6.554989297723459174e+01
6.526205587467620717e+01
6.498434348116131787e+01
6.471633958324426317e+01
6.445775177399058009e+01
6.420839138373041521e+01
6.396813087458947678e+01
6.373684873201198542e+01
6.351437156868908573e+01
6.330042079854284509e+01
6.309456817798825057e+01
6.289620208641569121e+01
6.270450543848034641e+01
6.251844661672743086e+01
6.233678606453221249e+01
6.215810200188602153e+01
6.198083794891299192e+01
6.180337178836892065e+01
6.162410143997704637e+01
6.144153735973839758e+01
6.125438890274944725e+01
6.106163137105149730e+01
6.086254329235621441e+01
6.065670802550843632e+01
6.044397888094322724e+01
6.022441200537554096e+01
5.999817646840109120e+01
5.976545633914562217e+01
5.952636401075585582e+01
5.928088543376563990e+01
5.902887399839292470e+01
5.877009980467940409e+01
5.850434673541238340e+01
5.823153514713436607e+01
5.795183807442679580e+01
5.766575756757898574e+01
5.737413653053658891e+01
5.707809825864370623e+01
5.677892597090096416e+01
5.647791176992463846e+01
5.617621312042484760e+01
5.587475226948775742e+01
5.557418093604406550e+01
5.527491340041445511e+01
5.497721200633220207e+01
5.468129587967287364e+01
5.438743993541527999e+01
5.409603730682861311e+01
5.380761146953355478e+01
5.352277995828083590e+01
5.324218484965876996e+01
5.296641254250172892e+01
5.269592546045407744e+01
5.243102213092599584e+01
5.217183239189891708e+01
5.191834458793169915e+01
5.167045434301655860e+01
5.142802129384655530e+01
5.119092092375019121e+01
5.095908205739711860e+01
5.073250491699189269e+01
5.051125848363410142e+01
5.029545863334500666e+01
5.008523031956705296e+01
4.988065856462121417e+01
4.968173466514728887e+01
4.948830571084670282e+01
4.930003654968541582e+01
4.911639273961178276e+01
4.893665015481199276e+01
4.875993191282838524e+01
4.858526724764141846e+01
4.841166160346045899e+01
4.823816430518007081e+01
4.806392074146452131e+01
4.788820002162694323e+01
4.771039535644374041e+01
4.753000108168382809e+01
4.734657538379715191e+01
4.715970011020537811e+01
4.696894824354746589e+01
4.677386633384093528e+01
4.657397466336321656e+01
4.636878352692895078e+01
4.615782079001117921e+01
4.594066433900920288e+01
4.571697311565981181e+01
4.548651170552388834e+01
4.524916535712772969e+01
4.500494431874574985e+01
4.475397812859994673e+01
4.449650178750729168e+01
4.423283652077524408e+01
4.396336811468871275e+01
4.368852564867130184e+01
4.340876291968871215e+01
4.312454408460642696e+01
4.283633416853699316e+01
4.254459425611191392e+01
4.224978053260666400e+01
4.195234596054383758e+01
4.165274328575522844e+01
4.135142822109693839e+01
4.104886196781171748e+01
4.074551260073283743e+01
4.044185517371997207e+01
4.013837063819831030e+01
3.983554378864704404e+01
3.953386046648895302e+01
3.923380419871231339e+01
3.893585236066727617e+01
3.864047187063166433e+01
3.834811437587045191e+01
3.805921089120379719e+01
3.777416590477539415e+01
3.749335106283507457e+01
3.721709866939522016e+01
3.694569536530203635e+01
3.667937646078505765e+01
3.641832146372257739e+01
3.616265135453573976e+01
3.591242809706231043e+01
3.566765674090812155e+01
3.542829027243530504e+01
3.519423712568632112e+01
3.496537099486722866e+01
3.474154232568701417e+01
3.452259063318941656e+01
3.430835662877067449e+01
3.409869306423791357e+01
3.389347323665332112e+01
3.369259625550072457e+01
3.349598845104870293e+01
3.330360068082645597e+01
3.311540173161853318e+01
3.293136846304020082e+01
3.275147373261618355e+01
3.257567342002438693e+01
3.240389398427646483e+01
3.223602192175542314e+01
3.207189625481680650e+01
3.191130480875771624e+01
3.175398458630066045e+01
3.159962608931118311e+01
3.144788102747683212e+01
3.129837254086486809e+01
3.115070687719492426e+01
3.100448541484146858e+01
3.085931600206729897e+01
3.071482276834790071e+01
3.057065382056841685e+01
3.042648652354288430e+01
3.028203033877436567e+01
3.013702742293500236e+01
2.999125134708503992e+01
2.984450438581170317e+01
2.969661385426494249e+01
2.954742796191940002e+01
2.939681162689967309e+01
2.924464266722833727e+01
2.909080875714220582e+01
2.893520549666616404e+01
2.877773587435075342e+01
2.861831129116185224e+01
2.845685415270772722e+01
2.829330183590817782e+01
2.812761161917051922e+01
2.795976596741841647e+01
2.778977742484990188e+01
2.761769232473508850e+01
2.744359259951127328e+01
2.726759516889007173e+01
2.708984867904508675e+01
2.691052772091969203e+01
2.672982501420559487e+01
2.654794234447767565e+01
2.636508123119493163e+01
2.618143434872389008e+01
2.599717861363490456e+01
2.581247060895292122e+01
2.562744468410034671e+01
2.544221370551955985e+01
2.525687209773833786e+01
2.507150055759716167e+01
2.488617167770491534e+01
2.470095568888834592e+01
2.451592561446075536e+01
2.433116129531510197e+01
2.414675195849087785e+01
2.396279722611284413e+01
2.377940666426723126e+01
2.359669812870503236e+01
2.341479526340959794e+01
2.323382454626216997e+01
2.305391225978956271e+01
2.287518170640907655e+01
2.269775090238695725e+01
2.252173088869368200e+01
2.234722470391968230e+01
2.217432698491988674e+01
2.200312410107251893e+01
2.183369469040383493e+01
2.166611044926379748e+01
2.150043702881355401e+01
2.133673490672656570e+01
2.117506012688977179e+01
2.101546482918964642e+01
2.085799752235036308e+01
2.070270308269026671e+01
2.054962248862597107e+01
2.039879232370698148e+01
2.025024409903834410e+01
2.010400345856109894e+01
1.996008933785771333e+01
1.981851314864127289e+01
1.967927805727148538e+01
1.954237841712817669e+01
1.940779940209806753e+01
1.927551687310878847e+01
1.914549749274576129e+01
1.901769908612115145e+01
1.889207123055466653e+01
1.876855604366247476e+01
1.864708913000042756e+01
1.852760064079521740e+01
1.841001639971927517e+01
1.829425904946385728e+01
1.818024917835964160e+01
1.806790639252665187e+01
1.795715030592400652e+01
1.784790142751824504e+01
1.774008193094375940e+01
1.763361629722784585e+01
1.752843182534460453e+01
1.742445900890793808e+01
1.732163178028267936e+01
1.721988762634297387e+01
1.711916758317930842e+01
1.701941612027183126e+01
1.692058092818428605e+01
1.682261262718645511e+01
1.672546441741400614e+01
1.662909169355884487e+01
1.653345164854841443e+01
1.643850289087046335e+01
1.634420509898283669e+01
1.625051873359801391e+01
1.615740482475868234e+01
1.606482484570761571e+01
1.597274067995262570e+01
1.588111468213822342e+01
1.578990982770151241e+01
1.569908994118492274e+01
1.560861998896391256e+01
1.551846641904771040e+01
1.542859752880811719e+01
1.533898384092606193e+01
1.524959846841915478e+01
1.516041745122988793e+01
1.507142004917360545e+01
1.498258897902466380e+01
1.489391058672589097e+01
1.480537494905427032e+01
1.471697590236277975e+01
1.462871099907148498e+01
1.454058139529178284e+01
1.445259167534130107e+01
1.436474962081068796e+01
1.427706593330909257e+01
1.418955392102463797e+01
1.410222915982561709e+01
1.401510913975979555e+01
1.392821290758169361e+01
1.384156071530071763e+01
1.375517368383366090e+01
1.366907348965051305e+01
1.358328208084827970e+01
1.349782142762511405e+01
1.341271331037884273e+01
1.332797914713477994e+01
1.324363986037309537e+01
1.315971578191843427e+01
1.307622659327033432e+01
1.299319129775621739e+01
1.291062822005520516e+01
1.282855502816719628e+01
1.274698877259847407e+01
1.266594593756126130e+01
1.258544249917931701e+01
1.250549398610520413e+01
1.242611553851041606e+01
1.234732196207876420e+01
1.226912777433803825e+01
1.219154724147598756e+01
1.211459440442979663e+01
1.203828309381716188e+01
1.196262693382676723e+01
1.188763933574171894e+01
1.181333348217148504e+01
1.173972230338692668e+01
1.166681844735353124e+01
1.159463424516988894e+01
1.152318167361734957e+01
1.145247231647800668e+01
1.138251732615287182e+01
1.131332738692958806e+01
1.124491268105986563e+01
1.117728285857721460e+01
1.111044701155711145e+01
1.104441365330721503e+01
1.097919070276435960e+01
1.091478547417782785e+01
1.085120467200951033e+01
1.078845439082816426e+01
1.072654011988054812e+01
1.066546675191632509e+01
1.060523859580756856e+01
1.054585939245666282e+01
1.048733233347219240e+01
1.042966008209253381e+01
1.037284479585951225e+01
1.031688815056983799e+01
1.026179136505658107e+01
1.020755522641279178e+01
1.015418011529674835e+01
1.010166603101310479e+01
1.005001261610928331e+01
9.999219180266877061e+00
9.949284723316248247e+00
9.900207957236847989e+00
9.851987327043650211e+00
9.804621030496745604e+00
9.758107036589379391e+00
9.712443102811297635e+00
9.667626791187911905e+00
9.623655483131482669e+00
9.580526393138441676e+00
9.538236581397478986e+00
9.496782965364289453e+00
9.456162330377768654e+00
9.416371339398057927e+00
9.377406541937135742e+00
9.339264382266735609e+00
9.301941206981721777e+00
9.265433271995039632e+00
9.229736749039592070e+00
9.194847731744536290e+00
9.160762241353106461e+00
9.127476232141013668e+00
9.094985596588005095e+00
9.063286170352792936e+00
9.032373737088233767e+00
9.002244033141122870e+00
8.972892752153201812e+00
8.944315549596238313e+00
8.916508047258220770e+00
8.889465837685754934e+00
8.863184488597878996e+00
8.837659547272654237e+00
8.812886544901994412e+00
8.788861000914295118e+00
8.765578427259391958e+00
8.743034332639535222e+00
8.721224226683688130e+00
8.700143624045431068e+00
8.679788048419304403e+00
8.660153036450179087e+00
8.641234141533583824e+00
8.623026937485706256e+00
8.605527022072207544e+00
8.588730020384668151e+00
8.572631588049665297e+00
8.557227414264987786e+00
8.542513224651820281e+00
8.528484783914130674e+00
8.515137898300297437e+00
8.502468417865737038e+00
8.490472238528582238e+00
8.479145303918912191e+00
8.468483607022450954e+00
8.458483191618816122e+00
8.449140153519179464e+00
8.440450641603767679e+00
8.432410858666628428e+00
