2.274901866704705580e-02
7.455123644762176593e-02
7.393047412840537957e-02
7.339887877149678386e-02
7.460303872869084030e-02
7.747591569583268944e-02
8.188791085616876908e-02
8.772017503385692860e-02
9.487044595620114373e-02
1.032519206172487908e-01
1.127908088192308006e-01
1.234239238572707453e-01
1.350966693855789047e-01
1.477614504982731058e-01
1.613764401300238349e-01
1.759046191476086318e-01
1.913130212803932362e-01
2.075721308793313236e-01
2.246553958150032670e-01
2.425388284782380444e-01
2.612006753593868469e-01
2.806211408843905519e-01
3.007821547972471254e-01
3.216671749182890006e-01
3.432610189294498793e-01
3.655497201762323289e-01
3.885204034779887738e-01
4.121611777067593074e-01
4.364610424907506281e-01
4.614098068710523193e-01
4.869980181158258259e-01
5.132168991988613760e-01
5.400582936965208081e-01
5.675146170566894854e-01
5.955788133600449230e-01
6.242443168286594402e-01
6.535050174521011002e-01
6.833552301927933170e-01
7.137896673132112513e-01
7.448034134326454447e-01
7.763919029767321067e-01
8.085508997299626355e-01
8.412764782416164433e-01
8.745650068689950762e-01
9.084131322700473854e-01
9.428177651844193985e-01
9.777760673600184305e-01
1.013285439503402996e+00
1.049343510146158787e+00
1.085948125333765724e+00
1.123097339055529886e+00
1.160789404344120701e+00
1.199022764982487388e+00
1.237796047763893403e+00
1.277108055257518915e+00
1.316957759038214881e+00
1.357344293345195352e+00
1.398266949137266346e+00
1.439725168518413589e+00
1.481718539510544996e+00
1.524246791152410241e+00
1.567309788908361146e+00
1.610907530371818996e+00
1.655040141250226249e+00
1.699707871622447852e+00
1.744911092457539281e+00
1.790650292388551446e+00
1.836926074734210879e+00
1.883739154762967827e+00
1.931090357193932627e+00
1.978980613931408117e+00
2.027410962027765606e+00
2.076382541870302578e+00
2.125896595590460514e+00
2.175954465687651940e+00
2.226557593866681284e+00
2.277707520081797110e+00
2.329405881781289267e+00
2.381654413349708399e+00
2.434454945736529208e+00
2.487809406265292012e+00
2.541719818615203685e+00
2.596188302963204020e+00
2.651217076276258133e+00
2.706808452742310855e+00
2.762964844325162428e+00
2.819688761428620793e+00
2.876982813655239557e+00
2.934849710641586729e+00
2.993292262951234406e+00
3.052313383008217418e+00
3.111916086047627150e+00
3.172103491065847880e+00
3.232878821744038955e+00
3.294245407326485076e+00
3.356206683427442883e+00
3.418766192741976795e+00
3.481927585642452527e+00
3.545694620628404348e+00
3.610071164612275840e+00
3.675061193014624639e+00
3.740668789644828074e+00
3.806898146347017065e+00
3.873753562386994087e+00
3.941239443560158318e+00
4.009360301001219540e+00
4.078120749677388801e+00
4.147525506547095731e+00
4.217579388371943239e+00
4.288287309166041616e+00
4.359654277271234335e+00
4.431685392053005046e+00
4.504385840207062230e+00
4.577760891671744936e+00
4.651815895146659940e+00
4.726556273216830917e+00
4.801987517083189161e+00
4.878115180908777049e+00
4.954944875784184077e+00
5.032482263327064942e+00
5.110733048925064637e+00
5.189702974636950294e+00
5.269397811774925167e+00
5.349823353180090280e+00
5.430985405218518913e+00
5.512889779521990441e+00
5.595542284493267182e+00
5.678948716611829539e+00
5.763114851564206553e+00
5.848046435228650530e+00
5.933749174550569272e+00
6.020228728339373170e+00
6.107490698020285436e+00
6.195540618376723430e+00
6.284383948322454394e+00
6.374026061733661486e+00
6.464472238383212499e+00
6.555727655010943344e+00
6.647797376570363959e+00
6.740686347682631308e+00
6.834399384346006023e+00
6.928941165922539724e+00
7.024316227455353001e+00
7.120528952334624684e+00
7.217583565366505027e+00
7.315484126262906450e+00
7.414234523597986737e+00
7.513838469254435992e+00
7.614299493402262975e+00
7.715620940031719499e+00
7.817805963073568343e+00
7.920857523134394285e+00
8.024778384875064674e+00
8.129571115050330476e+00
8.235238081243743125e+00
8.341781451300150252e+00
8.449203193495092634e+00
8.557505077443250840e+00
8.666688675753754012e+00
8.776755366452851703e+00
8.887706336178753830e+00
8.999542584136634105e+00
9.112264926830709655e+00
9.225874003545904145e+00
9.340370282590832574e+00
9.455754068267079759e+00
9.572025508550670025e+00
9.689184603461443501e+00
9.807231214084033866e+00
9.926165072205710871e+00
1.004598579052905016e+01
1.016669287340647010e+01
1.028828572804623320e+01
1.041076367613369946e+01
1.053412596578649030e+01
1.065837178380530048e+01
1.078350026811257045e+01
1.090951052032683855e+01
1.103640161837815548e+01
1.116417262908700003e+01
1.129282262062493025e+01
1.142235067476357990e+01
1.155275589882972120e+01
1.168403743728524091e+01
1.181619448284934393e+01
1.194922628706867052e+01
1.208313217028694986e+01
1.221791153091591653e+01
1.235356385396444345e+01
1.249008871874856119e+01
1.262748580575062185e+01
1.276575490257273948e+01
1.290489590895017002e+01
1.304490884081681656e+01
1.318579383338620126e+01
1.332755114325480328e+01
1.347018114953475099e+01
1.361368435402454047e+01
1.375806138043707705e+01
1.390331297273143818e+01
1.404943999257023535e+01
1.419644341595764736e+01
1.434432432912647215e+01
1.449308392368937781e+01
1.464272349118006566e+01
1.479324441699261250e+01
1.494464817382278987e+01
1.509693631467243158e+01
1.525011046548917548e+01
1.540417231749308336e+01
1.555912361929540744e+01
1.571496616883827180e+01
1.587170180523030716e+01
1.602933240054467134e+01
1.618785985161603591e+01
1.634728607188588256e+01
1.650761298335284266e+01
1.666884250865282979e+01
1.683097656328114411e+01
1.699401704802692947e+01
1.715796584159750537e+01
1.732282479346618231e+01
1.748859571696545245e+01
1.765528038260607957e+01
1.782288051166096920e+01
1.799139776999013307e+01
1.816083376212516853e+01
1.833119002561806710e+01
1.850246802565687076e+01
1.867466914992804305e+01
1.884779470377834443e+01
1.902184590563831890e+01
1.919682388273930229e+01
1.937272966713526401e+01
1.954956419202700957e+01
1.972732828841299479e+01
1.990602268209162773e+01
2.008564799098293818e+01
2.026620472284764674e+01
2.044769327336874554e+01
2.063011392461411830e+01
2.081346684390330282e+01
2.099775208306294516e+01
2.118296957808264480e+01
2.136911914916067801e+01
2.155620050113475727e+01
2.174421322428909065e+01
2.193315679549417041e+01
2.212303057969346654e+01
2.231383383169282197e+01
2.250556569819459796e+01
2.269822522010739263e+01
2.289181133503394960e+01
2.308632287995215648e+01
2.328175859399088665e+01
2.347811712134718576e+01
2.367539701424633947e+01
2.387359673594667697e+01
2.407271466375519609e+01
2.427274909201998199e+01
2.447369823512055476e+01
2.467556023037696278e+01
2.487833314095858839e+01
2.508201495869847264e+01
2.528660360690160402e+01
2.549209694306926721e+01
2.569849276161721363e+01
2.590578879657642020e+01
2.611398272427192069e+01
2.632307216603337352e+01
2.653305469094462765e+01
2.674392781859237189e+01
2.695568902192776406e+01
2.716833573018085346e+01
2.738186533185851346e+01
2.759627517784707251e+01
2.781156258458589647e+01
2.802772483738841558e+01
2.824475919382406630e+01
2.846266288721225024e+01
2.868143313022248364e+01
2.890106711853608701e+01
2.912156203461427140e+01
2.934291505152915391e+01
2.956512333683819449e+01
2.978818405656921442e+01
3.001209437922005918e+01
3.023685147981347754e+01
3.046245254403923752e+01
3.068889477239883590e+01
3.091617538444914004e+01
3.114429162308534416e+01
3.137324075887148567e+01
3.160302009451496730e+01
3.183362696931559555e+01
3.206505876381362441e+01
3.229731290445159431e+01
3.253038686838444704e+01
3.276427818837472472e+01
3.299898445781959566e+01
3.323450333587008032e+01
3.347083255265107482e+01
3.370796991459656056e+01
3.394591330988830435e+01
3.418466071393574879e+01
3.442421019494609169e+01
3.466455991953302629e+01
3.490570815832850116e+01
3.514765329160577068e+01
3.539039381484356994e+01
3.563392834423752475e+01
3.587825562207847696e+01
3.612337452202012855e+01
3.636928405410618836e+01
3.661598336962851619e+01
3.686347176566320627e+01
3.711174868931130533e+01
3.736081374156115231e+01
3.761066668074388986e+01
3.786130742552742845e+01
3.811273605739330606e+01
3.836495282261219586e+01
3.861795813355170992e+01
3.887175256941005586e+01
3.912633687627459977e+01
3.938171196644508854e+01
3.963787891706189015e+01
3.989483896798547136e+01
4.015259351885977424e+01
4.041114412543617362e+01
4.067049249508516340e+01
4.093064048150955614e+01
4.119159007867272493e+01
4.145334341392899802e+01
4.171590274039465385e+01
4.197927042858371038e+01
4.224344895727100635e+01
4.250844090369144368e+01
4.277424893305496312e+01
4.304087578739388675e+01
4.330832427383670336e+01
4.357659725229639491e+01
4.384569762261490666e+01
4.411562831123167427e+01
4.438639225737870930e+01
4.465799239887925864e+01
4.493043165755307911e+01
4.520371292429832266e+01
4.547783904387133447e+01
4.575281279944638868e+01
4.602863689694816429e+01
4.630531394916149424e+01
4.658284645981446914e+01
4.686123680753501475e+01
4.714048722969915417e+01
4.742059980636343397e+01
4.770157644417390941e+01
4.798341886035804293e+01
4.826612856678984542e+01
4.854970685424113697e+01
4.883415477676734895e+01
4.911947313629083567e+01
4.940566246745713386e+01
4.969272302272363362e+01
4.998065475776436983e+01
5.026945731719294486e+01
5.055913002072304607e+01
5.084967184965648812e+01
5.114108143388870076e+01
5.143335703937511028e+01
5.172649655617232156e+01
5.202049748708525101e+01
5.231535693693878386e+01
5.261107160262726268e+01
5.290763776389461270e+01
5.320505127499882292e+01
5.350330755730059451e+01
5.380240159281714796e+01
5.410232791886818404e+01
5.440308062382747067e+01
5.470465334409764324e+01
5.500703926229238760e+01
5.531023110684036936e+01
5.561422115284653955e+01
5.591900122445736798e+01
5.622456269862972533e+01
5.653089651042417074e+01
5.683799315979457845e+01
5.714584271992769260e+01
5.745443484704168924e+01
5.776375879179962425e+01
5.807380341218247821e+01
5.838455718783048098e+01
5.869600823589266980e+01
5.900814432823677436e+01
5.932095291006644544e+01
5.963442111980011617e+01
5.994853581025062539e+01
6.026328357092227606e+01
6.057865075149127421e+01
6.089462348619669285e+01
6.121118771923949708e+01
6.152832923101027518e+01
6.184603366497822918e+01
6.216428655525248104e+01
6.248307335463749723e+01
6.280237946298285578e+01
6.312219025580574794e+01
6.344249111294980281e+01
6.376326744710296879e+01
6.408450473207405196e+01
6.440618853060828997e+01
6.472830452150856217e+01
6.505083852598144745e+01
6.537377653288507418e+01
6.569710472291771453e+01
6.602080949141706867e+01
6.634487746974174627e+01
6.666929554518107182e+01
6.699405087935286929e+01
6.731913092507537044e+01
6.764452344188862298e+01
6.797021651026405209e+01
6.829619854493000730e+01
6.862245830732265972e+01
6.894898491771793658e+01
6.927576786727890124e+01
6.960279703049461375e+01
6.993006267847272284e+01
7.025755549322170168e+01
7.058526658362895034e+01
7.091318750306479046e+01
7.124131026907438979e+01
7.156962738513985300e+01
7.189813186433752890e+01
7.222681725497091065e+01
7.255567766761404869e+01
7.288470780328187004e+01
7.321390298201454527e+01
7.354325917124272394e+01
7.387277301319711853e+01
7.420244185051153352e+01
7.453226374920824071e+01
7.486223751830918616e+01
7.519236272526526932e+01
7.552263970674648874e+01
7.585306957417097351e+01
7.618365421372568846e+01
7.651439628066859200e+01
7.684529918806019566e+01
7.717636708995466677e+01
7.750760485945438916e+01
7.783901806209999563e+01
7.817061292505768222e+01
7.850239630269459212e+01
7.883437563899438771e+01
7.916655892733196254e+01
7.949895466794099264e+01
7.983157182312685052e+01
8.016441977037764843e+01
8.049750825297044798e+01
8.083084732774867120e+01
8.116444730941478269e+01
8.149831871061975619e+01
8.183247217697240217e+01
8.216691841608665925e+01
8.250166812003860173e+01
8.283673188041287005e+01
8.317212009574167553e+01
8.350784287116357518e+01
8.384390991082227629e+01
8.418033040359334507e+01
8.451711290356738004e+01
8.485426520688362473e+01
8.519179422696366544e+01
8.552970587078525000e+01
8.586800491872665475e+01
8.620669491081734748e+01
8.654577804226367732e+01
8.688525507098374590e+01
8.722512523940346796e+01
8.756538621280813572e+01
8.790603403543590844e+01
8.824706310555625066e+01
8.858846616949386998e+01
8.893023433451787696e+01
8.927235709934360841e+01
8.961482240078690609e+01
8.995761667435085940e+01
9.030072492639746429e+01
9.064413081501410829e+01
9.098781673695889083e+01
9.133176391770932412e+01
9.167595250207328661e+01
9.202036164319434874e+01
9.236496958784462663e+01
9.270975375668021456e+01
9.305469081878275972e+01
9.339975675985226644e+01
9.374492694467706144e+01
9.409017617460676774e+01
9.443547874155066779e+01
9.478080848035806127e+01
9.512613882214328953e+01
9.547144285131250285e+01
9.581669336890702482e+01
9.616186296573584968e+01
9.650692410763485896e+01
9.685184923548077052e+01
9.719661088149027250e+01
9.754118180252659442e+01
9.788553512976423576e+01
9.822964453272966523e+01
9.857348439411975960e+01
9.891702999019953779e+01
9.926025767010899870e+01
9.960314502634632561e+01
9.994567104789325640e+01
1.002878162476582133e+02
1.006295627561541863e+02
1.009708943754202721e+02
1.013117965891005241e+02
1.016522565277230683e+02
1.019922628917203298e+02
1.023318058385223424e+02
1.026708768433103387e+02
1.030094685464214166e+02
1.033475746017638812e+02
1.036851895419029717e+02
1.040223086741350755e+02
1.043589280195504614e+02
1.046950443029826801e+02
1.050306549963531921e+02
1.053657584119800248e+02
1.057003538361978769e+02
1.060344416881550984e+02
1.063680236841601499e+02
1.067011029857531526e+02
1.070336843096008863e+02
1.073657739798690613e+02
1.076973799083924490e+02
1.080285114951186785e+02
1.083591794492279234e+02
1.086893955404058119e+02
1.090191722975405355e+02
1.093485226796935876e+02
1.096774597486818692e+02
1.100059963750772738e+02
1.103341450087775115e+02
1.106619175421456873e+02
1.109893252869033233e+02
1.113163790780219244e+02
1.116430895074374661e+02
1.119694672791868726e+02
1.122955236660822322e+02
1.126212710369901799e+02
1.129467234143729115e+02
1.132718970142110066e+02
1.135968107162856171e+02
1.139214864123863151e+02
1.142459491837222885e+02
1.145702272665762962e+02
1.148943517780688097e+02
1.152183561884254885e+02
1.155422755447658432e+02
1.158661454695337483e+02
1.161900009751188634e+02
1.165138751524539487e+02
1.168377978038743521e+02
1.171617940992483966e+02
1.174858833368920301e+02
1.178100778880446882e+02
1.181343823947407969e+02
1.184587932760465350e+02
1.187832985781772521e+02
1.191078781809753053e+02
1.194325043478541915e+02
1.197571425822808919e+02
1.200817527307084305e+02
1.204062902549926406e+02
1.207307075853601077e+02
1.210549554610152683e+02
1.213789841685596258e+02
1.217027445990056407e+02
1.220261890598027037e+02
1.223492717988089566e+02
1.226719492191735412e+02
1.229941797867971189e+02
1.233159236534911258e+02
1.236371420380484949e+02
1.239577964226853908e+02
1.242778476343743677e+02
1.245972548876876829e+02
1.249159748691913876e+02
1.252339609415317199e+02
1.255511625402055103e+02
1.258675248263675570e+02
1.261829886461071624e+02
1.264974908316742841e+02
1.268109648624721757e+02
1.271233418847677967e+02
1.274345520688309108e+02
1.277445262591260047e+02
1.280531978487778701e+02
1.283605047820682614e+02
1.286663915595632659e+02
1.289708110943564350e+02
1.292737262466405355e+02
1.295751108578924402e+02
1.298749501202225360e+02
1.301732401585637433e+02
1.304699867757118454e+02
1.307652034105478833e+02
1.310589084777134019e+02
1.313511223759977042e+02
1.316418645532810388e+02
1.319311510716034661e+02
1.322189931104472862e+02
1.325053967639726125e+02
1.327903643287366720e+02
1.330738970574796269e+02
1.333559990969780529e+02
1.336366820777545001e+02
1.339159696237182686e+02
1.341939009494375057e+02
1.344705327415108229e+02
1.347459386942538231e+02
1.350202063730803275e+02
1.352934314697269258e+02
1.355657099272668518e+02
1.358371287714344930e+02
1.361077567180478525e+02
1.363776356851727485e+02
1.366467742134132664e+02
1.369151435213922525e+02
1.371826765651500182e+02
1.374492701185061776e+02
1.377147896245879224e+02
1.379790764307685436e+02
1.382419570023917004e+02
1.385032537601408649e+02
1.387627972165458345e+02
1.390204390271243255e+02
1.392760653879265647e+02
1.395296099377558505e+02
1.397810650486556483e+02
1.400304902231878259e+02
1.402780163540040803e+02
1.405238448664706823e+02
1.407682412210608902e+02
1.410115228048640574e+02
1.412540417905721313e+02
1.414961640196020483e+02
1.417382453531437534e+02
1.419806072482379875e+02
1.422235135685120042e+02
1.424671508090741270e+02
1.427116139223941786e+02
1.429568996757139701e+02
1.432029088645014951e+02
1.434494577490964105e+02
1.436962978794333026e+02
1.439431422415204906e+02
1.441896946610932559e+02
1.444356788725929448e+02
1.446808637326565190e+02
1.449250817081567959e+02
1.451682388319957511e+02
1.454103155503279083e+02
1.456513590315107649e+02
1.458914683907309779e+02
1.461307748400245146e+02
1.463694190310850445e+02
1.466075279058971716e+02
1.468451932924603511e+02
1.470824543204092549e+02
1.473192854691655498e+02
1.475555916354900603e+02
1.477912109540559413e+02
1.480259251945628307e+02
1.482594764581158415e+02
1.484915877816963814e+02
1.487219844181460360e+02
1.489504123087475023e+02
1.491766508384791621e+02
1.494005183631020657e+02
1.496218709038490715e+02
1.498405962256375119e+02
1.500566065669029854e+02
1.502698331096032689e+02
1.504802238731454338e+02
1.506877446179838103e+02
1.508923804112558287e+02
1.510941345325884129e+02
1.512930217764587155e+02
1.514890547904001039e+02
1.516822243526840737e+02
1.518724768063682973e+02
1.520596937268988142e+02
1.522436799542284120e+02
1.524241660674344985e+02
1.526008299108981703e+02
1.527733386950160366e+02
1.529414086535239505e+02
1.531048740004068520e+02
1.532637523254869052e+02
1.534182911914134024e+02
1.535689818506922677e+02
1.537165311735176942e+02
1.538617913738297318e+02
1.540056571006265074e+02
1.541489483066491459e+02
1.542923023305220056e+02
1.544360978755093470e+02
1.545804265202180829e+02
1.547251153453074437e+02
1.548697902337792982e+02
1.550139576162608250e+02
1.551570772219949106e+02
1.552986027321200595e+02
1.554379810606025103e+02
1.555746201946044778e+02
1.557078524741732508e+02
1.558369265127979872e+02
1.559610518779619781e+02
1.560794985724203627e+02
1.561917279899927564e+02
1.562975158797895290e+02
1.563970291854923005e+02
1.564908362014450631e+02
1.565798531374771585e+02
1.566652471926217061e+02
1.567483193530904941e+02
1.568303816528856487e+02
1.569126328591778758e+02
1.569960327727628453e+02
1.570811816476389993e+02
1.571682230943489742e+02
1.572567976794590834e+02
1.573460731079520087e+02
1.574348632935090393e+02
1.575218263065225415e+02
1.576057074535764286e+02
1.576855770018855765e+02
1.577610090388782851e+02
1.578321610047242984e+02
1.578997388479530741e+02
1.579648614854820607e+02
1.580288598015054902e+02
1.580930533233054973e+02
1.581585430391301088e+02
1.582260487913331701e+02
1.582958117729717173e+02
1.583675785600571260e+02
1.584406774510595710e+02
1.585141833744215774e+02
1.585871429043424712e+02
1.586588046928603433e+02
1.587287879825395862e+02
1.587971346575578764e+02
1.588642280217549683e+02
1.589306094344655378e+02
1.589967603214532517e+02
1.590629250474591174e+02
1.591290269927502550e+02
1.591946884661355739e+02
1.592593252718318979e+02
1.593222661472280492e+02
1.593828516781241547e+02
1.594404894261854224e+02
1.594946672640691645e+02
1.595449423176073935e+02
1.595909238064370470e+02
1.596322588432275040e+02
1.596686196755338756e+02
1.596996862001434465e+02
1.597251213139116146e+02
1.597445463889861230e+02
1.597575339879946910e+02
1.597636374849780054e+02
1.597624670598587500e+02
1.597537997634940439e+02
1.597376883021921401e+02
1.597145241132832894e+02
1.596850248904948160e+02
1.596501496489846943e+02
1.596109760588210236e+02
1.595685840418558712e+02
1.595239703770297979e+02
1.594779867293432574e+02
1.594312752758576437e+02
1.593841903125353099e+02
1.593367338541536640e+02
1.592885664737663944e+02
1.592391453382463737e+02
1.591879781753827672e+02
1.591348952615522876e+02
1.590801919378534137e+02
1.590245320397425530e+02
1.589686250099428264e+02
1.589128290398319336e+02
1.588568959802881579e+02
1.588000078057689564e+02
1.587410911076714797e+02
1.586792376690626440e+02
1.586140091034756381e+02
1.585454926456439182e+02
1.584741384742820571e+02
1.584005321920258780e+02
1.583252584900527609e+02
1.582489030585314254e+02
1.581721080321345880e+02
1.580955411441643435e+02
1.580196992085592456e+02
1.579445977073530401e+02
1.578695079421039509e+02
1.577929167983159573e+02
1.577127917964339474e+02
1.576270909303425753e+02
1.575343420586437446e+02
1.574340844531709536e+02
1.573270207531498102e+02
1.572148371424564743e+02
1.570997656461930205e+02
1.569840440829346733e+02
1.568694509680773308e+02
1.567570495287069718e+02
1.566471859103356508e+02
1.565396899975548024e+02
1.564341639975995975e+02
1.563302368318043420e+02
1.562277060153160164e+02
1.561265561399108606e+02
1.560269019332854441e+02
1.559289303326372647e+02
1.558329014494763669e+02
1.557392199566739066e+02
1.556485271423433119e+02
1.555617195820453276e+02
1.554798031629435400e+02
1.554035555546127227e+02
1.553330775347783401e+02
1.552674088305760449e+02
1.552044021697664959e+02
1.551409618983978760e+02
1.550736004040641092e+02
1.549991337711364565e+02
1.549152993890914445e+02
1.548211366983278197e+02
1.547170697986784660e+02
1.546047038723914966e+02
1.544863802385907547e+02
1.543645592131126421e+02
1.542411489519961378e+02
1.541169608258987580e+02
1.539914905857465044e+02
1.538631434569082614e+02
1.537298432516841729e+02
1.535897740538870551e+02
1.534419198039453534e+02
1.532861663729102872e+02
1.531229714534270272e+02
1.529528457116471998e+02
1.527759719290789064e+02
1.525921665011075561e+02
1.524011476058230414e+02
1.522028790809854684e+02
1.519977316355868027e+02
1.517863493548677525e+02
1.515693249886321610e+02
1.513469309327213921e+02
1.511191319199894281e+02
1.508859291758735992e+02
1.506478620801580348e+02
1.504063702282621477e+02
1.501637888532165732e+02
1.499229756670801237e+02
1.496867914298580899e+02
1.494577187950125108e+02
1.492377660207148438e+02
1.490285797182233409e+02
1.488315561819372022e+02
1.486477833998333438e+02
1.484778115118245410e+02
1.483214006445628854e+02
1.481774254066942831e+02
1.480440200597970772e+02
1.479189062263391179e+02
1.477997479271644750e+02
1.476843740228565593e+02
1.475707861350431358e+02
1.474569854467711139e+02
1.473407496533046128e+02
1.472195268381021549e+02
1.470905664730371711e+02
1.469512962440607851e+02
1.467998286304456315e+02
1.466354059394391811e+02
1.464586067681545387e+02
1.462712342840735857e+02
1.460759368147662371e+02
1.458757066525710400e+02
1.456734183942980962e+02
1.454715087988664379e+02
1.452718172520908126e+02
1.450755557692370701e+02
1.448833756265443071e+02
1.446955121167513028e+02
1.445119804210856387e+02
1.443327634771618193e+02
1.441579159958855314e+02
1.439875430541431740e+02
1.438216884278384953e+02
1.436602353070044558e+02
1.435029239953950082e+02
1.433495116496455353e+02
1.431999833631745673e+02
1.430546573449338155e+02
1.429140733756872521e+02
1.427786935569457398e+02
1.426485756943094430e+02
1.425232002420880519e+02
1.424015320543190626e+02
1.422822680996174540e+02
1.421641590138901847e+02
1.420463078436253852e+02
1.419283779307570228e+02
1.418106340397600320e+02
1.416937298225354311e+02
1.415782174524288166e+02
1.414639102965620339e+02
1.413493855580584579e+02
1.412319300261704598e+02
1.411080427340421011e+02
1.409743031531541249e+02
1.408281939383973338e+02
1.406684977137549311e+02
1.404951578971281094e+02
1.403088147250432201e+02
1.401103732937040434e+02
1.399008411950370885e+02
1.396813990374350283e+02
1.394534546358079865e+02
1.392184387330079858e+02
1.389773139578470023e+02
1.387300254943650941e+02
1.384752332102064543e+02
1.382105511424816768e+02
1.379332554498643333e+02
1.376411717413380131e+02
1.373333631167219835e+02
1.370103549860897658e+02
1.366738776654649428e+02
1.363263397929804341e+02
1.359703371965298970e+02
1.356084158157055413e+02
1.352431150813989689e+02
1.348771465104560150e+02
1.345135069357505984e+02
1.341553966372439959e+02
1.338059448742450002e+02
1.334678559404787848e+02
1.331431278946905650e+02
1.328329601219885490e+02
1.325378808810666555e+02
1.322580277002478226e+02
1.319934399668219385e+02
1.317442105829252625e+02
1.315104108710681601e+02
1.312918289960016978e+02
1.310876828200980810e+02
1.308965081734621947e+02
1.307163478855781023e+02
1.305452095044854275e+02
1.303816052508912264e+02
1.302249218701329028e+02
1.300754304453471377e+02
1.299339111991659479e+02
1.298010535155520415e+02
1.296768951771560978e+02
1.295605256333941213e+02
1.294501229021975632e+02
1.293432266175792904e+02
1.292370758412138798e+02
1.291288859920242089e+02
1.290160421270740301e+02
1.288962578815784354e+02
1.287677482724959077e+02
1.286294106734541174e+02
1.284809510582736891e+02
1.283228721157549046e+02
1.281562713630470114e+02
1.279824710980422680e+02
1.278025852445330202e+02
1.276171765368024325e+02
1.274261400246690954e+02
1.272288689381000921e+02
1.270246504489326327e+02
1.268131433100562901e+02
1.265947399106016320e+02
1.263706368997885221e+02
1.261425435371686774e+02
1.259121217830545589e+02
1.256804004600158322e+02
1.254474389713544724e+02
1.252123887951504742e+02
1.249738782160631274e+02
1.247304746458594877e+02
1.244809816979202850e+02
1.242244999153565317e+02
1.239603821589073505e+02
1.236882819762972900e+02
1.234083725908748477e+02
1.231216142439000976e+02
1.228298478782399741e+02
1.225355859654253123e+02
1.222415818621101806e+02
1.219504152780372266e+02
1.216643129709405002e+02
1.213852533403677967e+02
1.211152121348704753e+02
1.208563233465589377e+02
1.206107954379085498e+02
1.203805813891349032e+02
1.201669494883871181e+02
1.199701586257701109e+02
1.197893856010007312e+02
1.196229224472743340e+02
1.194685317156780258e+02
1.193237834054808530e+02
1.191862273351127044e+02
1.190533586885783279e+02
1.189224549389955286e+02
1.187904355011429089e+02
1.186538843900998614e+02
1.185092894232046064e+02
1.183534360521729667e+02
1.181838079606399248e+02
1.179988301567079247e+02
1.177978494532595022e+02
1.175808553859983903e+02
1.173480553987833162e+02
1.170994829947249372e+02
1.168348046327526930e+02
1.165534009682491359e+02
1.162546684832863377e+02
1.159383809501101013e+02
1.156049236638880302e+02
1.152552858160863849e+02
1.148908320704881021e+02
1.145129986335646919e+02
1.141231011587577768e+02
1.137223789346910650e+02
1.133122701188787005e+02
1.128947875642324590e+02
1.124728040950782031e+02
1.120500823907648140e+02
1.116309845738482096e+02
1.112199326035716496e+02
1.108208079165138287e+02
1.104365183443365339e+02
1.100688895750789698e+02
1.097188832416471342e+02
1.093869862471261882e+02
1.090735468199205798e+02
1.087788911575733550e+02
1.085032025136591756e+02
1.082462936056451497e+02
1.080074685538222639e+02
1.077856173901154762e+02
1.075795448577493261e+02
1.073883839041547503e+02
1.072118683963560244e+02
1.070502856386510899e+02
1.069040768756709952e+02
1.067732260182727515e+02
1.066566844906948717e+02
1.065520735751665313e+02
1.064557967122147915e+02
1.063635391088240283e+02
1.062709937835083736e+02
1.061745743294815867e+02
1.060718735082009658e+02
1.059617053228885624e+02
1.058437118514841302e+02
1.057176833962443254e+02
1.055828632388764419e+02
1.054375195037452073e+02
1.052789460169867510e+02
1.051038551609702409e+02
1.049089546796784020e+02
1.046914515341124456e+02
1.044493177374713895e+02
1.041813144784056107e+02
1.038868924554111999e+02
1.035660998564389246e+02
1.032195519536256114e+02
1.028484263196995272e+02
1.024544167596781108e+02
1.020396187129350807e+02
1.016063829067704773e+02
1.011572052483597588e+02
1.006946973065356445e+02
1.002216263288826212e+02
9.974096905759751053e+01
9.925591790425555416e+01
9.876980969871213745e+01
9.828599260952493921e+01
9.780767931948277294e+01
9.733783946381858243e+01
9.687916301207181391e+01
9.643409133886082429e+01
9.600488048769970817e+01
9.559364493120442319e+01
9.520233623503705189e+01
9.483263711064596180e+01
9.448578756873811813e+01
9.416239247435052562e+01
9.386227607882631219e+01
9.358444228445434021e+01
9.332717110436807673e+01
9.308824120343116704e+01
9.286522878505762435e+01
9.265580730746960114e+01
9.245796938042852275e+01
9.227011399678632131e+01
9.209098351813777583e+01
9.191948278226924174e+01
9.175445042898238057e+01
9.159446515214337126e+01
9.143775114305931595e+01
9.128220452438702637e+01
9.112551411969633364e+01
9.096531678335979620e+01
9.079932432746757343e+01
9.062538623482345201e+01
9.044149513688053332e+01
9.024577757028252734e+01
9.003652184605529385e+01
8.981227365239487881e+01
8.957199072432413800e+01
8.931521132558680165e+01
8.904217377546596879e+01
8.875383067411949867e+01
8.845172768718546763e+01
8.813775585558030912e+01
8.781383046408542725e+01
8.748158614757264218e+01
8.714218973022701675e+01
8.679634503040053062e+01
8.644449889879166449e+01
8.608717763581221050e+01
8.572532313053352482e+01
8.536048899481620822e+01
8.499480736614461307e+01
8.463072832957247726e+01
8.427062790567072170e+01
8.391643639233029717e+01
8.356943118749707367e+01
8.323026913040082775e+01
8.289923243917918683e+01
8.257657382151364800e+01
8.226280901879698604e+01
8.195883375774063495e+01
8.166582116729792062e+01
8.138494766867604824e+01
8.111705996765199700e+01
8.086240929627756202e+01
8.062054315076191813e+01
8.039038176576382000e+01
8.017044504989888765e+01
7.995915602450386928e+01
7.975513455392513151e+01
7.955740474378015392e+01
7.936546269748036764e+01
7.917918374840719764e+01
7.899858776739314692e+01
7.882352253148295063e+01
7.865335649887401814e+01
7.848677836443437172e+01
7.832177226468749609e+01
7.815578016779799952e+01
7.798599829907414005e+01
7.780971029022708763e+01
7.762455562974187728e+01
7.742866806091269893e+01
7.722067547216752814e+01
7.699960289669651559e+01
7.676474286444540951e+01
7.651554876677469963e+01
7.625157913160676060e+01
7.597249182777100884e+01
7.567807030108217248e+01
7.536826163583941707e+01
7.504321273238942069e+01
7.470329818659210730e+01
7.434913686112928133e+01
7.398159395626088042e+01
7.360176487858929306e+01
7.321093922947791555e+01
7.281054810123573873e+01
7.240210344640439644e+01
7.198714168953478065e+01
7.156718317780322991e+01
7.114371462497689436e+01
7.071819505944858975e+01
7.029207916692602964e+01
6.986684718155245832e+01
6.944402865709237460e+01
6.902520872831831866e+01
6.861200938306781438e+01
6.820604389702144488e+01
6.780884875180505844e+01
6.742180278676684679e+01
6.704604688013179725e+01
6.668241834549333191e+01
6.633141225357030635e+01
6.599317744379033002e+01
6.566754897061488805e+01
6.535411231655695019e+01
6.505228911951046200e+01
6.476143047713802048e+01
6.448090285326539117e+01
6.421015349126368221e+01
6.394874668708612120e+01
6.369636827434160864e+01
6.345280173330122864e+01
6.321788391273948804e+01
6.299145040999661660e+01
6.277328004286415819e+01
6.256304532823443765e+01
6.236027275679541049e+01
6.216431419721234874e+01
6.197432974994844557e+01
6.178928282676778139e+01
6.160794947434905566e+01
6.142894486001457466e+01
6.125076927213026323e+01
6.107187339134887338e+01
6.089073837184999149e+01
6.070596180731745761e+01
6.051633768645137934e+01
6.032091816315234212e+01
6.011904740486829724e+01
5.991036195425835587e+01
5.969475677733270658e+01
5.947232092348702537e+01
5.924325159705290389e+01
5.900776044825493472e+01
5.876599009593559231e+01
5.851796031173926593e+01
5.826355984330558613e+01
5.800259076251905554e+01
5.773485899531779353e+01
5.746029095192967162e+01
5.717904647954324560e+01
5.689159646698868755e+01
5.659874082670213369e+01
5.630155774484798314e+01
5.600129379821766662e+01
5.569922111877963999e+01
5.539649700475482064e+01
5.509406025421570519e+01
5.479258741350752615e+01
5.449251470476292525e+01
5.419411317247383408e+01
5.389759109709830653e+01
5.360319264937554351e+01
5.331126590623708239e+01
5.302228465470211916e+01
5.273682287709586802e+01
5.245549393572465391e+01
5.217887466791867013e+01
5.190743616551404926e+01
5.164149842105911858e+01
5.138121749308897535e+01
5.112660440548064145e+01
5.087756742478898531e+01
5.063396534477165289e+01
5.039565921204944487e+01
5.016255260050998288e+01
4.993461452095575481e+01
4.971188288219119045e+01
4.949444928260944465e+01
4.928242777545671061e+01
4.907591161224043219e+01
4.887492336297401607e+01
4.867936536349557031e+01
4.848897868903257091e+01
4.830331895509977613e+01
4.812175544063017441e+01
4.794349613036942515e+01
4.776763594349001352e+01
4.759322004015780294e+01
4.741931032510834854e+01
4.724504238365602760e+01
4.706966249983795336e+01
4.689253946661060013e+01
4.671315211129746103e+01
4.653105902899373802e+01
4.634586045599455417e+01
4.615716281172758073e+01
4.596455438892055412e+01
4.576759689905160400e+01
4.556583332466191649e+01
4.535880892333471337e+01
4.514609998893704557e+01
4.492734430298992265e+01
4.470226787095882770e+01
4.447070405640630497e+01
4.423260308138878827e+01
4.398803163700426211e+01
4.373716378425963569e+01
4.348026530961499958e+01
4.321767421388698693e+01
4.294978009226760918e+01
4.267700486710901231e+01
4.239978674832254768e+01
4.211856852974211307e+01
4.183379051677234628e+01
4.154588765660635374e+01
4.125528991826718794e+01
4.096242470681851700e+01
4.066772009322769321e+01
4.037160784548777315e+01
4.007452556902866547e+01
3.977691761310869367e+01
3.947923469828987919e+01
3.918193242284035449e+01
3.888546890029210346e+01
3.859030178068950789e+01
3.829688484430816686e+01
3.800566426568789069e+01
3.771707456116260460e+01
3.743153417983220521e+01
3.714944069090332590e+01
3.687116556223718078e+01
3.659704860865483766e+01
3.632739229932844438e+01
3.606245623121497346e+01
3.580245217822831449e+01
3.554754019242195540e+01
3.529782624740128938e+01
3.505336186447046742e+01
3.481414604691529036e+01
3.458012967354759581e+01
3.435122228489591834e+01
3.412730095515756545e+01
3.390822070607408989e+01
3.369382571200413423e+01
3.348396039456034856e+01
3.327847943319635959e+01
3.307725574307180239e+01
3.288018560343326868e+01
3.268719035717535348e+01
3.249821442970945640e+01
3.231321980063486166e+01
3.213217745934652925e+01
3.195505673069277464e+01
3.178181361645924241e+01
3.161237942049454119e+01
3.144665088943831321e+01
3.128448291206875354e+01
3.112568450850198332e+01
3.097001845329000247e+01
3.081720447078991398e+01
3.066692557079533188e+01
3.051883680062100623e+01
3.037257550487316138e+01
3.022777211694627297e+01
3.008406055304725868e+01
2.994108742201723317e+01
2.979851947554925573e+01
2.965604896860057949e+01
2.951339684406497099e+01
2.937031386705624669e+01
2.922657999169376808e+01
2.908200233871352225e+01
2.893641220163439698e+01
2.878966149824123733e+01
2.864161906164168769e+01
2.849216713658071498e+01
2.834119841807656570e+01
2.818861393715074115e+01
2.803432205070558325e+01
2.787823871652135566e+01
2.772028912076846296e+01
2.756041057531057348e+01
2.739855642840974070e+01
2.723470055853817939e+01
2.706884187772000416e+01
2.690100818896413770e+01
2.673125874692516035e+01
2.655968497396264993e+01
2.638640898082651987e+01
2.621157980961413259e+01
2.603536761813799671e+01
2.585795631207729883e+01
2.567953535608833349e+01
2.550029161805137079e+01
2.532040210041792960e+01
2.514002828871626249e+01
2.495931262195887257e+01
2.477837730189345322e+01
2.459732535591967562e+01
2.441624359920588816e+01
2.423520694307948631e+01
2.405428339144660299e+01
2.387353905993462888e+01
2.369304263258456444e+01
2.351286881543189367e+01
2.333310052622654496e+01
2.315382974535878446e+01
2.297515711931186289e+01
2.279719053628623016e+01
2.262004297408184073e+01
2.244382995135413239e+01
2.226866689983107861e+01
2.209466672736389725e+01
2.192193777191361548e+01
2.175058226774223158e+01
2.158069536821195911e+01
2.141236470343514142e+01
2.124567040053637967e+01
2.108068546184363612e+01
2.091747638106142304e+01
2.075610387710342764e+01
2.059662363626713244e+01
2.043908697189990775e+01
2.028354133361182932e+01
2.013003062211507554e+01
1.997859528925905792e+01
1.982927222407252899e+01
1.968209444391734664e+01
1.953709062456899304e+01
1.939428451403670195e+01
1.925369428196372823e+01
1.911533185970700544e+01
1.897920232551936692e+01
1.884530338517424752e+01
1.871362499093157084e+01
1.858414913182125972e+01
1.845684981631647048e+01
1.833169325566083430e+01
1.820863824329008551e+01
1.808763671412381768e+01
1.796863445767833056e+01
1.785157195181542988e+01
1.773638527984662971e+01
1.762300709255269382e+01
1.751136757836201951e+01
1.740139540867188472e+01
1.729301863060033284e+01
1.718616548537560007e+01
1.708076513652602557e+01
1.697674829751049330e+01
1.687404775306778859e+01
1.677259877228731000e+01
1.667233941433036648e+01
1.657321072997417843e+01
1.647515686405607127e+01
1.637812506557932579e+01
1.628206561399239050e+01
1.618693167191632298e+01
1.609267907642128037e+01
1.599926608270722106e+01
1.590665307551075536e+01
1.581480226460247884e+01
1.572367738114985158e+01
1.563324339131998997e+01
1.554346624233535579e+01
1.545431265410566724e+01
1.536574996683803818e+01
1.527774605169442346e+01
1.519026928786305497e+01
1.510328860568424680e+01
1.501677359183520899e+01
1.493069464936125179e+01
1.484502320270908449e+01
1.475973193597276811e+01
1.467479505143940699e+01
1.459018853510229263e+01
1.450589041622694886e+01
1.442188100900111358e+01
1.433814312579032269e+01
1.425466225340772297e+01
1.417142668581513476e+01
1.408842760887594281e+01
1.400565913485938374e+01
1.392311828644120553e+01
1.384080493173641102e+01
1.375872167351660202e+01
1.367687369710604095e+01
1.359526858251245152e+01
1.351391608714203052e+01
1.343282790599875298e+01
1.335201741649253471e+01
1.327149941504171871e+01
1.319128985237479235e+01
1.311140557407304108e+01
1.303186407221011933e+01
1.295268325321103831e+01
1.287388122614877339e+01
1.279547611469602231e+01
1.271748589496051451e+01
1.263992826039191542e+01
1.256282051396013877e+01
1.248617948692224466e+01
1.241002148265577176e+01
1.233436224340425014e+01
1.225921693721538475e+01
1.218460016201086304e+01
1.211052596349628985e+01
1.203700786356211871e+01
1.196405889589536464e+01
1.189169164572027348e+01
1.181991829086932810e+01
1.174875064176323036e+01
1.167820017828612222e+01
1.160827808197399413e+01
1.153899526241347395e+01
1.147036237713993145e+01
1.140238984475243278e+01
1.133508785129773244e+01
1.126846635028595855e+01
1.120253505694815743e+01
1.113730343750956742e+01
1.107278069440195267e+01
1.100897574837410353e+01
1.094589721851067843e+01
1.088355340111630198e+01
1.082195224837490599e+01
1.076110134760616432e+01
1.070100790183096073e+01
1.064167871223394002e+01
1.058312016299584890e+01
1.052533820884312199e+01
1.046833836552951702e+01
1.041212570338205801e+01
1.035670484391639512e+01
1.030207995946268795e+01
1.024825477565884135e+01
1.019523257662645399e+01
1.014301621258666053e+01
1.009160810965888189e+01
1.004101028154738273e+01
9.991224342839686301e+00
9.942251523620074138e+00
9.894092685121574249e+00
9.846748336147904013e+00
9.800218650020431355e+00
9.754503481824871258e+00
9.709602385753406395e+00
9.665514632364198278e+00
9.622239225607140511e+00
9.579774919481549134e+00
9.538120234224967575e+00
9.497273471937688782e+00
9.457232731589058972e+00
9.417995923348151166e+00
9.379560782209363623e+00
9.341924880900542405e+00
9.305085642056583950e+00
9.269040349679217528e+00
9.233786159882669153e+00
9.199320110957414087e+00
9.165639132770465380e+00
9.132740055543534297e+00
9.100619618036921210e+00
9.069274475178167094e+00
9.038701205176703724e+00
9.008896316161795426e+00
8.979856252386403170e+00
8.951577400029673726e+00
8.924056092638709359e+00
8.897288616245836224e+00
8.871271214193999555e+00
8.846000091699018242e+00
8.821471420180774459e+00
8.797681341383382758e+00
8.774625971318204876e+00
8.752301404035250698e+00
8.730703715253362418e+00
8.709828965856827310e+00
8.689673205274663914e+00
8.670232474748614138e+00
8.651502810501723317e+00
8.633480246809620340e+00
8.616160818980858949e+00
8.599540566247403817e+00
8.583615534564994931e+00
8.568381779325100922e+00
8.553835367974265580e+00
8.539972382541121121e+00
8.526788922065151155e+00
8.514281104927626131e+00
8.502445071077049832e+00
8.491276984149584095e+00
8.480773033476069145e+00
8.470929435978789002e+00
8.461742437949476781e+00
8.453208316709485359e+00
