3.360405689188302597e-02
1.103823444869778680e-01
1.080848897335071751e-01
1.056960693419101427e-01
1.052721240222287968e-01
1.067126030100753742e-01
1.098557143649917939e-01
1.145566042896147968e-01
1.206921285096272112e-01
1.281585704468240772e-01
1.368683049967714116e-01
1.467467245969711342e-01
1.577297268971702970e-01
1.697617461184421916e-01
1.827942266815152372e-01
1.967844347229265600e-01
2.116945225963240973e-01
2.274907828448202440e-01
2.441430455646342590e-01
2.616241858983860968e-01
2.799097174444130087e-01
2.989774536808826877e-01
3.188072239309440170e-01
3.393806335444524147e-01
3.606808602568172262e-01
3.826924803760188842e-01
4.054013197253449330e-01
4.287943252498527258e-01
4.528594539580457212e-01
4.775855764742544807e-01
5.029623929563982188e-01
5.289803595213626863e-01
5.556306236315396996e-01
5.829049671521954190e-01
6.107957559958036020e-01
6.392958954422660600e-01
6.683987903642195638e-01
6.980983097059036968e-01
7.283887546588561079e-01
7.592648300619950774e-01
7.907216186210114239e-01
8.227545575985715232e-01
8.553594176786866177e-01
8.885322837450363442e-01
9.222695373531565322e-01
9.565678407025069996e-01
9.914241219412986972e-01
1.026835561660612184e+00
1.062799580449434345e+00
1.099313827402143673e+00
1.136376169482587351e+00
1.173984681660992235e+00
1.212137637750973163e+00
1.250833501883243271e+00
1.290070920560986378e+00
1.329848715247884394e+00
1.370165875447849180e+00
1.411021552239723587e+00
1.452415052234619530e+00
1.494345831930251833e+00
1.536813492436526207e+00
1.579817774553350374e+00
1.623358554183254920e+00
1.667435838062905962e+00
1.712049759800744697e+00
1.757200576210610210e+00
1.802888663929432811e+00
1.849114516314429135e+00
1.895878740607488400e+00
1.943182055364327310e+00
1.991025288140163330e+00
2.039409373427363281e+00
2.088335350838774751e+00
2.137804363530764640e+00
2.187817656861882121e+00
2.238376577279518997e+00
2.289482571429686697e+00
2.341137185479685634e+00
2.393342064649452983e+00
2.446098952941279769e+00
2.499409693057084159e+00
2.553276226494927581e+00
2.607700593811299594e+00
2.662684935036264466e+00
2.718231490230429870e+00
2.774342600162771344e+00
2.831020707100316169e+00
2.888268355686258282e+00
2.946088193890666673e+00
3.004482974014341057e+00
3.063455553724641067e+00
3.123008897102212966e+00
3.183146075674780917e+00
3.243870269419023344e+00
3.305184767702086912e+00
3.367092970143696462e+00
3.429598387370973889e+00
3.492704641644354346e+00
3.556415467329042013e+00
3.620734711189076638e+00
3.685666332480313834e+00
3.751214402819339711e+00
3.817383105806487986e+00
3.884176736383388118e+00
3.951599699902858642e+00
4.019656510892114731e+00
4.088351791497772503e+00
4.157690269590216481e+00
4.227676776516377188e+00
4.298316244493082472e+00
4.369613703622666101e+00
4.441574278533822806e+00
4.514203184631595533e+00
4.587505723960823012e+00
4.661487280680195688e+00
4.736153316146384462e+00
4.811509363613281742e+00
4.887561022555122037e+00
4.964313952616382863e+00
5.041773867204603299e+00
5.119946526734787895e+00
5.198837731545244978e+00
5.278453314497417281e+00
5.358799133282373894e+00
5.439881062452180061e+00
5.521704985203196081e+00
5.604276784931673916e+00
5.687602336589051788e+00
5.771687497867240779e+00
5.856538100238008582e+00
5.942159939880263586e+00
6.028558768524084677e+00
6.115740284244059133e+00
6.203710122233722757e+00
6.292473845595306869e+00
6.382036936174979580e+00
6.472404785485079692e+00
6.563582685738365896e+00
6.655575821034335426e+00
6.748389258731391394e+00
6.842027941038969274e+00
6.936496676860966382e+00
7.031800133935354857e+00
7.127942831288713421e+00
7.224929132053572900e+00
7.322763236674818543e+00
7.421449176544454573e+00
7.520990808090016522e+00
7.621391807355699655e+00
7.722655665108260514e+00
7.824785682496950834e+00
7.927784967294994267e+00
8.031656430760781618e+00
8.136402785140726124e+00
8.242026541837168097e+00
8.348530010278775393e+00
8.455915297505347539e+00
8.564184308489663167e+00
8.673338747220043388e+00
8.783380118553225202e+00
8.894309730847510309e+00
9.006128699396413140e+00
9.118837950650139135e+00
9.232438227229476269e+00
9.346930093737618961e+00
9.462313943337713695e+00
9.578590005096318194e+00
9.695758352061670138e+00
9.813818910053312194e+00
9.932771467116605635e+00
1.005261568361152413e+01
1.017335110288369471e+01
1.029497716246095074e+01
1.041749320571606674e+01
1.054089849392614298e+01
1.066519221866377087e+01
1.079037351443285964e+01
1.091644147146956101e+01
1.104339514863658778e+01
1.117123358629781293e+01
1.129995581910142022e+01
1.142956088857634711e+01
1.156004785544748614e+01
1.169141581157911602e+01
1.182366389146075747e+01
1.195679128315131479e+01
1.209079723859537303e+01
1.222568108323865310e+01
1.236144222488018940e+01
1.249808016168258540e+01
1.263559448930877238e+01
1.277398490712191936e+01
1.291325122342333032e+01
1.305339335969348546e+01
1.319441135383534736e+01
1.333630536239409636e+01
1.347907566177754113e+01
1.362272264848322223e+01
1.376724683834589769e+01
1.391264886486522023e+01
1.405892947663195081e+01
1.420608953390471108e+01
1.435413000440610354e+01
1.450305195839842298e+01
1.465285656308203777e+01
1.480354507642583073e+01
1.495511884046869433e+01
1.510757927417874136e+01
1.526092786596227846e+01
1.541516616586014798e+01
1.557029577753661798e+01
1.572631835010557921e+01
1.588323556987881879e+01
1.604104915207553717e+01
1.619976083257965271e+01
1.635937235975376680e+01
1.651988548639038257e+01
1.668130196181738256e+01
1.684362352419903530e+01
1.700685189305109191e+01
1.717098876199897006e+01
1.733603579178547704e+01
1.750199460354572523e+01
1.766886677234134240e+01
1.783665382098663343e+01
1.800535721414790302e+01
1.817497835269501749e+01
1.834551856836275263e+01
1.851697911865408130e+01
1.868936118202930174e+01
1.886266585338293922e+01
1.903689413976442424e+01
1.921204695641176130e+01
1.938812512305995384e+01
1.956512936052612517e+01
1.974306028764383925e+01
1.992191841846434031e+01
2.010170415981650649e+01
2.028241780920165382e+01
2.046405955303308133e+01
2.064662946524472176e+01
2.083012750626737031e+01
2.101455352238336616e+01
2.119990724545849758e+01
2.138618829305949376e+01
2.157339616892990719e+01
2.176153026384573508e+01
2.195058985681855290e+01
2.214057411661681130e+01
2.233148210361490982e+01
2.252331277190164371e+01
2.271606497168103544e+01
2.290973745185397448e+01
2.310432886280793952e+01
2.329983775936988621e+01
2.349626260386311927e+01
2.369360176927651551e+01
2.389185354247333137e+01
2.409101612742062315e+01
2.429108764848345103e+01
2.449206615364480299e+01
2.469394961773945951e+01
2.489673594562941616e+01
2.510042297535376576e+01
2.530500848124311730e+01
2.551049017696135124e+01
2.571686571856346859e+01
2.592413270750117604e+01
2.613228869363542373e+01
2.634133117825234649e+01
2.655125761711106236e+01
2.676206542350186623e+01
2.697375197139940539e+01
2.718631459864078082e+01
2.739975061020610525e+01
2.761405728155744299e+01
2.782923186207978716e+01
2.804527157861859266e+01
2.826217363908853741e+01
2.847993523618232459e+01
2.869855355115105056e+01
2.891802575766663352e+01
2.913834902573881891e+01
2.935952052573873772e+01
2.958153743241274114e+01
2.980439692898487181e+01
3.002809621130836248e+01
3.025263249202083671e+01
3.047800300479369540e+01
3.070420500858290325e+01
3.093123579193613892e+01
3.115909267736402910e+01
3.138777302575380190e+01
3.161727424086794613e+01
3.184759377389841362e+01
3.207872912810915267e+01
3.231067786359346883e+01
3.254343760209677328e+01
3.277700603195896178e+01
3.301138091317221068e+01
3.324656008252946293e+01
3.348254145887509026e+01
3.371932304847887707e+01
3.395690295046660623e+01
3.419527936233439647e+01
3.443445058554312510e+01
3.467441503108515377e+01
3.491517122513993598e+01
3.515671781464427426e+01
3.539905357282800935e+01
3.564217740469641171e+01
3.588608835235108785e+01
3.613078560013198626e+01
3.637626847959548826e+01
3.662253647419403535e+01
3.686958922368301472e+01
3.711742652817913779e+01
3.736604835179939244e+01
3.761545482588582701e+01
3.786564625167802944e+01
3.811662310253891661e+01
3.836838602550545829e+01
3.862093584227772425e+01
3.887427354947125480e+01
3.912840031825011522e+01
3.938331749314981778e+01
3.963902659013483287e+01
3.989552929396617742e+01
4.015282745462828728e+01
4.041092308303260694e+01
4.066981834586292166e+01
4.092951555961739274e+01
4.119001718380424393e+01
4.145132581338020117e+01
4.171344417034863739e+01
4.197637509463999095e+01
4.224012153422540905e+01
4.250468653451530088e+01
4.277007322709056325e+01
4.303628481779718840e+01
4.330332457422914416e+01
4.357119581264245056e+01
4.383990188433428870e+01
4.410944616155374121e+01
4.437983202297508001e+01
4.465106283873880955e+01
4.492314195516622277e+01
4.519607267912540038e+01
4.546985826216626236e+01
4.574450188437744913e+01
4.602000663807989866e+01
4.629637551135109419e+01
4.657361137145842633e+01
4.685171694821678301e+01
4.713069481729800003e+01
4.741054738355165910e+01
4.769127686441404279e+01
4.797288527330461960e+01
4.825537440325546612e+01
4.853874581053170090e+01
4.882300079861467879e+01
4.910814040223955601e+01
4.939416537176163757e+01
4.968107615779349118e+01
4.996887289610150162e+01
5.025755539292201490e+01
5.054712311059818575e+01
5.083757515364544588e+01
5.112891025535872558e+01
5.142112676479352018e+01
5.171422263444227241e+01
5.200819540844893396e+01
5.230304221152939448e+01
5.259875973865222676e+01
5.289534424545679059e+01
5.319279153966036233e+01
5.349109697327887147e+01
5.379025543601161985e+01
5.409026134961552401e+01
5.439110866348366358e+01
5.469279085145343799e+01
5.499530090994586118e+01
5.529863135744113833e+01
5.560277423534520835e+01
5.590772111038450731e+01
5.621346307849371016e+01
5.651999077020903428e+01
5.682729435767894444e+01
5.713536356319512066e+01
5.744418766942971644e+01
5.775375553114191973e+01
5.806405558848264548e+01
5.837507588195659025e+01
5.868680406871759203e+01
5.899922744059522017e+01
5.931233294332639616e+01
5.962610719733962839e+01
5.994053651977318964e+01
6.025560694780551785e+01
6.057130426308805227e+01
6.088761401739224510e+01
6.120452155911375058e+01
6.152201206079616469e+01
6.184007054736377285e+01
6.215868192507213763e+01
6.247783101093841651e+01
6.279750256264563291e+01
6.311768130856093961e+01
6.343835197790070168e+01
6.375949933073301423e+01
6.408110818763091743e+01
6.440316345888342653e+01
6.472565017284800604e+01
6.504855350352308108e+01
6.537185879684031420e+01
6.569555159578830228e+01
6.601961766402141052e+01
6.634404300783531028e+01
6.666881389670710689e+01
6.699391688201546913e+01
6.731933881431224620e+01
6.764506685907545602e+01
6.797108851123049078e+01
6.829739160876060566e+01
6.862396434558085900e+01
6.895079528427889670e+01
6.927787336892194503e+01
6.960518793864002873e+01
6.993272874218241952e+01
7.026048595409457675e+01
7.058845019264140319e+01
7.091661253999151882e+01
7.124496456469577765e+01
7.157349834653544463e+01
7.190220650351157872e+01
7.223108222096959707e+01
7.256011928218680396e+01
7.288931209997063831e+01
7.321865574852533598e+01
7.354814599484187454e+01
7.387777932865577668e+01
7.420755299010289718e+01
7.453746499423330363e+01
7.486751415147048760e+01
7.519770008330307576e+01
7.552802323260752360e+01
7.585848486816651359e+01
7.618908708308056532e+01
7.651983278712026504e+01
7.685072569300245959e+01
7.718177029702205516e+01
7.751297185438615145e+01
7.784433634986631034e+01
7.817587046447886223e+01
7.850758153859419508e+01
7.883947753222928156e+01
7.917156698296150807e+01
7.950385896164719668e+01
7.983636302625936310e+01
8.016908917345661223e+01
8.050204778775238879e+01
8.083524958753623935e+01
8.116870556722027175e+01
8.150242693454080722e+01
8.183642504218359193e+01
8.217071131245663196e+01
8.250529715444821477e+01
8.284019387287587222e+01
8.317541256832097929e+01
8.351096402894999926e+01
8.384685861425219855e+01
8.418310613175849255e+01
8.451971570845134352e+01
8.485669565863871355e+01
8.519405335106974064e+01
8.553179507784599878e+01
8.586992592823749249e+01
8.620844967055565178e+01
8.654736864513745331e+01
8.688668367117462310e+01
8.722639397012164864e+01
8.756649710732595793e+01
8.790698895352699083e+01
8.824786366687651196e+01
8.858911369533177549e+01
8.893072979875047679e+01
8.927270108931189441e+01
8.961501508801940474e+01
8.995765779500730730e+01
9.030061377067447381e+01
9.064386622445860553e+01
9.098739710833282857e+01
9.133118721203446455e+01
9.167521625718400458e+01
9.201946298823051507e+01
9.236390525813865793e+01
9.270852010789205622e+01
9.305328383878995169e+01
9.339817207803814370e+01
9.374315983779926853e+01
9.408822156934439818e+01
9.443333121394837804e+01
9.477846225298264926e+01
9.512358776011888040e+01
9.546868045867039143e+01
9.581371278738316732e+01
9.615865697804991896e+01
9.650348514786561793e+01
9.684816940879672131e+01
9.719268199579646250e+01
9.753699541377082483e+01
9.788108260252963078e+01
9.822491711664943637e+01
9.856847331557533209e+01
9.891172655780937362e+01
9.925465339099764606e+01
9.959723172903919419e+01
9.993944100643550144e+01
1.002812623006866204e+02
1.006226784143889432e+02
1.009636739107985193e+02
1.013042350995575021e+02
1.016443499731817042e+02
1.019840080983549200e+02
1.023232004711878602e+02
1.026619193484747257e+02
1.030001580708107838e+02
1.033379108946689939e+02
1.036751728507915971e+02
1.040119396445718962e+02
1.043482076105736098e+02
1.046839737278160669e+02
1.050192356963507336e+02
1.053539920681425315e+02
1.056882424187969036e+02
1.060219875404361716e+02
1.063552296319912926e+02
1.066879724614314853e+02
1.070202214756173760e+02
1.073519838373145063e+02
1.076832683753128919e+02
1.080140854425795141e+02
1.083444466864352194e+02
1.086743647451749695e+02
1.090038528941401808e+02
1.093329246716100442e+02
1.096615935188680737e+02
1.099898724706486632e+02
1.103177739300688387e+02
1.106453095569889911e+02
1.109724902905394543e+02
1.112993265170017168e+02
1.116258283815162287e+02
1.119520062301577212e+02
1.122778711557169515e+02
1.126034356091170849e+02
1.129287140280219006e+02
1.132537234276775138e+02
1.135784838952328073e+02
1.139030189299134719e+02
1.142273555774893481e+02
1.145515243177803058e+02
1.148755586793177059e+02
1.151994945732662075e+02
1.155233693593941524e+02
1.158472206775357876e+02
1.161710850975401712e+02
1.164949966574534841e+02
1.168189853721410145e+02
1.171430758016025067e+02
1.174672857688733956e+02
1.177916253118577430e+02
1.181160959404648167e+02
1.184406902522660516e+02
1.187653919362727493e+02
1.190901761671411236e+02
1.194150103642488006e+02
1.197398552632716644e+02
1.200646662244766389e+02
1.203893946850236887e+02
1.207139896531489427e+02
1.210383991410674582e+02
1.213625714412238068e+02
1.216864561651291012e+02
1.220100049847630714e+02
1.223331720409053531e+02
1.226559140077272900e+02
1.229781898281736687e+02
1.232999601569556347e+02
1.236211865667119554e+02
1.239418305875755522e+02
1.242618526605883318e+02
1.245812110899812239e+02
1.248998610802530891e+02
1.252177539394731696e+02
1.255348365218445679e+02
1.258510509706574680e+02
1.261663348078216842e+02
1.264806213990429455e+02
1.267938408050527386e+02
1.271059210097535015e+02
1.274167894936160366e+02
1.277263750976025847e+02
1.280346100946299828e+02
1.283414323560963624e+02
1.286467874683967523e+02
1.289506306256170660e+02
1.292529281047388565e+02
1.295536581264073277e+02
1.298528109300441713e+02
1.301503879476946111e+02
1.304464000541946405e+02
1.307408649915954584e+02
1.310338042030750501e+02
1.313252394421293161e+02
1.316151896243460442e+02
1.319036684305856397e+02
1.321906831366954975e+02
1.324762350212037916e+02
1.327603214944440140e+02
1.330429398230827758e+02
1.333240920279545207e+02
1.336037902620789453e+02
1.338820617834223299e+02
1.341589525705016399e+02
1.344345287208014099e+02
1.347088750254118850e+02
1.349820905018096937e+02
1.352542811299186383e+02
1.355255504930049142e+02
1.357959893864018568e+02
1.360656656465298227e+02
1.363346154331399589e+02
1.366028369730407803e+02
1.368702874042099609e+02
1.371368829382986974e+02
1.374025021912964348e+02
1.376669922970801281e+02
1.379301773452621376e+02
1.381918687377917365e+02
1.384518771500878813e+02
1.387100258080976687e+02
1.389661646750766408e+02
1.392201848723633475e+02
1.394720323056940572e+02
1.397217191605298297e+02
1.399693317998122666e+02
1.402150337310231976e+02
1.404590627056204823e+02
1.407017215920426736e+02
1.409433632958118778e+02
1.411843705783986422e+02
1.414251320939654590e+02
1.416660163299090129e+02
1.419073454398957495e+02
1.421493712144230983e+02
1.423922555934086347e+02
1.426360580808239149e+02
1.428807320366657336e+02
1.431261310175206347e+02
1.433720251431148824e+02
1.436181260518665113e+02
1.438641176562392161e+02
1.441096889297990344e+02
1.443545645967068651e+02
1.445985299460691067e+02
1.448414469686811685e+02
1.450832603736602380e+02
1.453239934795769557e+02
1.455637352153497659e+02
1.458026203395223206e+02
1.460408054551714940e+02
1.462784435230551594e+02
1.465156594679168336e+02
1.467525292232901108e+02
1.469890642178314124e+02
1.472252028600511551e+02
1.474608099836782173e+02
1.476956844284454178e+02
1.479295739452772125e+02
1.481621955169938474e+02
1.483932581709347005e+02
1.486224847236131836e+02
1.488496289500923808e+02
1.490744856023326861e+02
1.492968924273599498e+02
1.495167254266953023e+02
1.497338903560165875e+02
1.499483141875412002e+02
1.501599395729195123e+02
1.503687234511025679e+02
1.505746385822244235e+02
1.507776749318323652e+02
1.509778372417492562e+02
1.511751360260061290e+02
1.513695712722436895e+02
1.515611106448715475e+02
1.517496663192386279e+02
1.519350762685186851e+02
1.521170965631278591e+02
1.522954107241897930e+02
1.524696600758927048e+02
1.526394952264610936e+02
1.528046436270430775e+02
1.529649826457523432e+02
1.531206033337697647e+02
1.532718487243454888e+02
1.534193132383276748e+02
1.535637966608439342e+02
1.537062160123291505e+02
1.538474891506416782e+02
1.539884122185403328e+02
1.541295564085230012e+02
1.542712063036192092e+02
1.544133523085194497e+02
1.545557354165002835e+02
1.546979275575542090e+02
1.548394198847197458e+02
1.549796891330445590e+02
1.551182210611152925e+02
1.552544884300625085e+02
1.553879027568066817e+02
1.555177747464019831e+02
1.556433192427822974e+02
1.557637239953108121e+02
1.558782736437024710e+02
1.559864941732485590e+02
1.560882719971288282e+02
1.561839113514675148e+02
1.562741179204025173e+02
1.563599216796866358e+02
1.564425649107827780e+02
1.565233782329654844e+02
1.566036550133882486e+02
1.566845243442531626e+02
1.567668231857292369e+02
1.568509789133164816e+02
1.569369265457400502e+02
1.570240907216833932e+02
1.571114553329160515e+02
1.571977243568539961e+02
1.572815520057413323e+02
1.573617975636475137e+02
1.574377485616771821e+02
1.575092604934012002e+02
1.575767818781071696e+02
1.576412635243902116e+02
1.577039793225680455e+02
1.577663025123208911e+02
1.578294822162425817e+02
1.578944546952634198e+02
1.579617117161542978e+02
1.580312416002368252e+02
1.581025559259648219e+02
1.581748085350005510e+02
1.582469959811382694e+02
1.583182011445931039e+02
1.583878166154706548e+02
1.584556782632450336e+02
1.585220619385905536e+02
1.585875422773960679e+02
1.586527628614197738e+02
1.587181983157467755e+02
1.587839868808725328e+02
1.588498786992592784e+02
1.589152974275125985e+02
1.589794730542493255e+02
1.590415879811208413e+02
1.591008890793887076e+02
1.591567451589538393e+02
1.592086559528275984e+02
1.592562328851763311e+02
1.592991707048854551e+02
1.593372186470922429e+02
1.593701497226583683e+02
1.593977241535297651e+02
1.594196494725356388e+02
1.594355513490824592e+02
1.594449777154039225e+02
1.594474554647854916e+02
1.594425998964536575e+02
1.594302484247971563e+02
1.594105681158436312e+02
1.593840885951251494e+02
1.593516423197467020e+02
1.593142377777865022e+02
1.592729203030685312e+02
1.592286695033781427e+02
1.591823454812061698e+02
1.591346558698193121e+02
1.590861050823973244e+02
1.590369185970954504e+02
1.589869874698478327e+02
1.589359075949505780e+02
1.588831584658789211e+02
1.588283809017513306e+02
1.587716235716197559e+02
1.587134043078777097e+02
1.586545114782818189e+02
1.585956196633287050e+02
1.585369196208424114e+02
1.584779738999713743e+02
1.584178866926204421e+02
1.583556932866256091e+02
1.582907506430503020e+02
1.582229274691765681e+02
1.581525337173732737e+02
1.580800941265162578e+02
1.580061450768287443e+02
1.579311749240179665e+02
1.578556886968721074e+02
1.577802656412905264e+02
1.577054739551128648e+02
1.576316120242749719e+02
1.575583850019496026e+02
1.574847047167416179e+02
1.574087673582116906e+02
1.573284371376547313e+02
1.572418182997325289e+02
1.571478093122609607e+02
1.570464390861136508e+02
1.569388724402053583e+02
1.568270957348092907e+02
1.567134035435916246e+02
1.565998657238621377e+02
1.564879440303249964e+02
1.563783560951541745e+02
1.562711838101188278e+02
1.561661365034299536e+02
1.560628412547863491e+02
1.559610518304471043e+02
1.558607262474156698e+02
1.557619902201776370e+02
1.556650517095115447e+02
1.555701437663838362e+02
1.554775454710589031e+02
1.553876740151181650e+02
1.553011780881817572e+02
1.552189267785174707e+02
1.551418100051538431e+02
1.550703533777755183e+02
1.550042680347653743e+02
1.549421356672680758e+02
1.548814087234953547e+02
1.548187814863872518e+02
1.547508266632920595e+02
1.546746882033575901e+02
1.545886241548890041e+02
1.544922762464265134e+02
1.543866352388156429e+02
1.542737258058843679e+02
1.541560617679893141e+02
1.540359623470734221e+02
1.539148874409026746e+02
1.537930044980096227e+02
1.536691728631526246e+02
1.535413891189063804e+02
1.534075267176348518e+02
1.532660435563175554e+02
1.531163365304082618e+02
1.529586128460368286e+02
1.527934177452122810e+02
1.526211375755939059e+02
1.524417717331315316e+02
1.522550617793069136e+02
1.520608254207951404e+02
1.518592259182674127e+02
1.516507794708186623e+02
1.514361028278642323e+02
1.512155943749925200e+02
1.509893020762798983e+02
1.507571223655625374e+02
1.505192602270655300e+02
1.502766969093031264e+02
1.500313843023442928e+02
1.497860435168466893e+02
1.495436869572897365e+02
1.493071377142963740e+02
1.490787789051727543e+02
1.488605702169033123e+02
1.486541756440634856e+02
1.484609969150101279e+02
1.482820196177130185e+02
1.481175494860691515e+02
1.479670141643458976e+02
1.478289729481460029e+02
1.477013532767338688e+02
1.475818069762239020e+02
1.474680226484771879e+02
1.473578629539765359e+02
1.472492914416856706e+02
1.471401650930427252e+02
1.470280451260495340e+02
1.469101824942713108e+02
1.467837584302753839e+02
1.466463361340622953e+02
1.464963677867022511e+02
1.463335598567256284e+02
1.461589521391405242e+02
1.459746853057721978e+02
1.457835549559123365e+02
1.455885136115216483e+02
1.453922606168451352e+02
1.451969833950499833e+02
1.450042429961444554e+02
1.448149735518572072e+02
1.446295778353028254e+02
1.444481054697779143e+02
1.442704720790906663e+02
1.440966410184172162e+02
1.439266912591806715e+02
1.437607544098417804e+02
1.435988881036090561e+02
1.434410009346634922e+02
1.432869122841095759e+02
1.431365289825166087e+02
1.429900168012802908e+02
1.428478214836726181e+02
1.427104833176910859e+02
1.425783318944274072e+02
1.424512329467110305e+02
1.423285221841667294e+02
1.422091431996699100e+02
1.420919100851894541e+02
1.419757982496161333e+02
1.418601939536296470e+02
1.417450365601319220e+02
1.416307615111016105e+02
1.415179666469145161e+02
1.414068402802762421e+02
1.412965667934431906e+02
1.411850302720579293e+02
1.410690480056682361e+02
1.409450946391054629e+02
1.408101885378336249e+02
1.406625113066725135e+02
1.405015042065521698e+02
1.403275144760137607e+02
1.401413146773102767e+02
1.399438173046221721e+02
1.397360764562720021e+02
1.395193977552995932e+02
1.392952740800024571e+02
1.390650002396978948e+02
1.388290876696893577e+02
1.385868020502988145e+02
1.383361378257007175e+02
1.380743280634854671e+02
1.377987033942012260e+02
1.375075316003823218e+02
1.372004902198661398e+02
1.368786269153277146e+02
1.365439240718732492e+02
1.361987561106880662e+02
1.358455224789006195e+02
1.354865797447076261e+02
1.351243955521294708e+02
1.347617277752853511e+02
1.344016482566153172e+02
1.340473471781214130e+02
1.337017881680938558e+02
1.333673638856556920e+02
1.330457001047342942e+02
1.327376869871918927e+02
1.324437133648015674e+02
1.321639843808865464e+02
1.318987569747497162e+02
1.316483625336988155e+02
1.314129985977818080e+02
1.311924105200457973e+02
1.309856690565613064e+02
1.307912212693646552e+02
1.306072552307250589e+02
1.304322455776135428e+02
1.302654320751243233e+02
1.301069916338319388e+02
1.299577976564818300e+02
1.298188561584461809e+02
1.296906633937287836e+02
1.295727556446483106e+02
1.294636032352091775e+02
1.293608166592873374e+02
1.292615030726323937e+02
1.291626064551811055e+02
1.290611565573842086e+02
1.289544509072826202e+02
1.288402293337204298e+02
1.287168648112626670e+02
1.285835304905462522e+02
1.284402600540141464e+02
1.282878260837714208e+02
1.281274212150451035e+02
1.279602153507245816e+02
1.277869350708111966e+02
1.276076259001209365e+02
1.274217002879602063e+02
1.272282672957940548e+02
1.270266271230439088e+02
1.268167352736029017e+02
1.265994287799967282e+02
1.263762815904817955e+02
1.261491114064651669e+02
1.259193368290330000e+02
1.256874796590217898e+02
1.254530426903231728e+02
1.252147869279314563e+02
1.249712117855029163e+02
1.247209603951651218e+02
1.244629867424507381e+02
1.241965382089222487e+02
1.239211494277407439e+02
1.236367957424976538e+02
1.233441641532650976e+02
1.230448387028910702e+02
1.227412122819402214e+02
1.224361193814567059e+02
1.221323827710161964e+02
1.218325227994918123e+02
1.215387551649680518e+02
1.212532022455927461e+02
1.209781080794328716e+02
1.207158578388988985e+02
1.204687353932900606e+02
1.202385145703783280e+02
1.200260760196133418e+02
1.198312266664865859e+02
1.196527914557033228e+02
1.194889112156650128e+02
1.193373878622552837e+02
1.191959131816071533e+02
1.190620977280527342e+02
1.189333364140309754e+02
1.188066427585114724e+02
1.186786049369603262e+02
1.185455546339810127e+02
1.184039285333617073e+02
1.182506991211076866e+02
1.180837058452582085e+02
1.179017495968544580e+02
1.177044082961306373e+02
1.174916485027869868e+02
1.172633969324144942e+02
1.170192551924742475e+02
1.167584771361612326e+02
1.164802053801510340e+02
1.161838386261531326e+02
1.158693388767305663e+02
1.155373245222167213e+02
1.151889159785338990e+02
1.148254399282304661e+02
1.144481772105753947e+02
1.140583135055495916e+02
1.136571386347158779e+02
1.132464045565904485e+02
1.128286631163219909e+02
1.124073993846391346e+02
1.119868530008673702e+02
1.115715485336677517e+02
1.111656875323545819e+02
1.107726293908488913e+02
1.103946579877852656e+02
1.100330980414834841e+02
1.096886746901293890e+02
1.093618983719130000e+02
1.090532696999554219e+02
1.087632258622928987e+02
1.084919141215656708e+02
1.082389842907217314e+02
1.080035820015360031e+02
1.077846048251765012e+02
1.075811200379924770e+02
1.073927271788003708e+02
1.072196481321872881e+02
1.070624475160083904e+02
1.069214646063105079e+02
1.067961814374046128e+02
1.066847897885460412e+02
1.065841419256316556e+02
1.064901213490695682e+02
1.063983165820784365e+02
1.063047756655303147e+02
1.062065881528718307e+02
1.061020923509625788e+02
1.059906305558481137e+02
1.058719428397081543e+02
1.057454392890462884e+02
1.056096480000615259e+02
1.054620591691012095e+02
1.052994017131523066e+02
1.051181926990634139e+02
1.049152999093462881e+02
1.046883048285112068e+02
1.044356040379196315e+02
1.041563353958072469e+02
1.038502699148960318e+02
1.035177574416857738e+02
1.031597183559178603e+02
1.027776169341087495e+02
1.023733699263714527e+02
1.019492060749525564e+02
1.015075391339143067e+02
1.010509112461874111e+02
1.005820146393150765e+02
1.001037474069551223e+02
9.961923950885885404e+01
9.913180641769037038e+01
9.864483176634685435e+01
9.816161918750000837e+01
9.768526777838904707e+01
9.721861167154303018e+01
9.676423189198894192e+01
9.632451397605773025e+01
9.590170253163840641e+01
9.549790279426173356e+01
9.511499968902353430e+01
9.475449928328745841e+01
9.441733283469348237e+01
9.410368631403345319e+01
9.381291919857147832e+01
9.354361427958451713e+01
9.329376219385406444e+01
9.306104277447468576e+01
9.284313362747067799e+01
9.263796513665437260e+01
9.244385507267602975e+01
9.225949225243509488e+01
9.208378655318333017e+01
9.191564572773725672e+01
9.175376138074693699e+01
9.159647763654962205e+01
9.144177936762373804e+01
9.128738773287413721e+01
9.113091074767271493e+01
9.096998346779838585e+01
9.080235132331547732e+01
9.062589058298944167e+01
9.043860013704338030e+01
9.023861711161755750e+01
9.002429581088436805e+01
8.979435315561227071e+01
8.954804401058362373e+01
8.928530556651986672e+01
8.900680964824337593e+01
8.871388315666948188e+01
8.840829316292686713e+01
8.809193710980855485e+01
8.776651948648435564e+01
8.743331772881802522e+01
8.709312516719488428e+01
8.674640302944409598e+01
8.639359342930227115e+01
8.603547468239759155e+01
8.567341370168718129e+01
8.530940429777366774e+01
8.494586403067044955e+01
8.458526138373187564e+01
8.422971664651215917e+01
8.388073191950068974e+01
8.353915151021735142e+01
8.320535652245975200e+01
8.287959941045249934e+01
8.256232889159353761e+01
8.225436616238926035e+01
8.195686237204868974e+01
8.167106117264813747e+01
8.139796663845824298e+01
8.113804570370201930e+01
8.089107005167556963e+01
8.065614323998669022e+01
8.043189369523608434e+01
8.021676703242631845e+01
8.000933163887395949e+01
7.980851614294320484e+01
7.961371785320517347e+01
7.942475168266271623e+01
7.924164721784093501e+01
7.906434370956620228e+01
7.889236861218020636e+01
7.872459949791658573e+01
7.855918969190541645e+01
7.839368609862772530e+01
7.822530153839240086e+01
7.805125141924665400e+01
7.786904910944149094e+01
7.767668166437864841e+01
7.747264234001578131e+01
7.725585123492109574e+01
7.702552643067052429e+01
7.678106665653503171e+01
7.652198161742532534e+01
7.624787557400729554e+01
7.595846887010262094e+01
7.565363628045301425e+01
7.533344609837547523e+01
7.499819166861801989e+01
7.464841171180157176e+01
7.428489639696316260e+01
7.390867551426630655e+01
7.352098648659259084e+01
7.312322431977206350e+01
7.271688125151395354e+01
7.230348793565212873e+01
7.188456832687226949e+01
7.146161669326335186e+01
7.103609878755901264e+01
7.060947235972247427e+01
7.018321690093476661e+01
6.975885999771396939e+01
6.933798829880603876e+01
6.892223450926437067e+01
6.851323719654055822e+01
6.811257638819448346e+01
6.772169368545418422e+01
6.734180970920570530e+01
6.697385324689835784e+01
6.661841512226766326e+01
6.627573582067839197e+01
6.594573007556712696e+01
6.562804510587433526e+01
6.532214324715386056e+01
6.502739548276187520e+01
6.474317070866015911e+01
6.446890685151382172e+01
6.420415398542304786e+01
6.394858545337812927e+01
6.370197924101413633e+01
6.346417687318569278e+01
6.323502971801223538e+01
6.301434245818132496e+01
6.280182124820817080e+01
6.259703097645631686e+01
6.239936342616393006e+01
6.220801686995666557e+01
6.202198789097335663e+01
6.184007741147148352e+01
6.166091392873436661e+01
6.148299663549034477e+01
6.130475874057437125e+01
6.112464715897218781e+01
6.094121008479001489e+01
6.075318057812223316e+01
6.055954355441737391e+01
6.035957568403531326e+01
6.015285179040277797e+01
5.993921614074669435e+01
5.971872186239305336e+01
5.949154664055809860e+01
5.925789796461978653e+01
5.901792571641983898e+01
5.877166193114534565e+01
5.851900489372841463e+01
5.825975628590068567e+01
5.799370703976158836e+01
5.772075333748038872e+01
5.744101345033600836e+01
5.715491290748060749e+01
5.686321174041892590e+01
5.656696213730401723e+01
5.626740375292788343e+01
5.596582144404574422e+01
5.566340079696270493e+01
5.536111705323832410e+01
5.505968285375021054e+01
5.475956295527333850e+01
5.446104527041338628e+01
5.416434301564948584e+01
5.386969649494698587e+01
5.357744628088892114e+01
5.328806046370244331e+01
5.300211327697714125e+01
5.272022614095050841e+01
5.244299115537676670e+01
5.217089935727719308e+01
5.190429190795570236e+01
5.164334392321165268e+01
5.138808098570259375e+01
5.113842038996697426e+01
5.089422472139357723e+01
5.065535485874934096e+01
5.042171202565826604e+01
5.019326252274147748e+01
4.997004272674345060e+01
4.975214494956861699e+01
4.953968672102642756e+01
4.933276747914386817e+01
4.913141808047161874e+01
4.893555014055633023e+01
4.874491354068488391e+01
4.855907063484293928e+01
4.837739395782068641e+01
4.819909034375606183e+01
4.802324894737457583e+01
4.784890511803174462e+01
4.767510810577581992e+01
4.750097953164420517e+01
4.732575189663563009e+01
4.714878150478614316e+01
4.696953652528368650e+01
4.678756666737998415e+01
4.660246454422106410e+01
4.641382949554534321e+01
4.622124260458366507e+01
4.602425781225173296e+01
4.582240967578546531e+01
4.561523460779834238e+01
4.540230011245049724e+01
4.518323582348528333e+01
4.495776080927498697e+01
4.472570315616625436e+01
4.448700973835381234e+01
4.424174590150527564e+01
4.399008625974985875e+01
4.373229881486172133e+01
4.346872513326945153e+01
4.319975939586832681e+01
4.292582883013847095e+01
4.264737743124567970e+01
4.236485409328967222e+01
4.207870544127941059e+01
4.178937291808489363e+01
4.149729315166535315e+01
4.120290036633540609e+01
4.090662960627502542e+01
4.060891975173188939e+01
4.031021563817344600e+01
4.001096894084002997e+01
3.971163778499098385e+01
3.941268524091808700e+01
3.911457695156601488e+01
3.881777813545401301e+01
3.852275014082472637e+01
3.822994663587591191e+01
3.793980943862202793e+01
3.765276394334915722e+01
3.736921410157012247e+01
3.708953696633667363e+01
3.681407689996583343e+01
3.654313966169905115e+01
3.627698671154235655e+01
3.601583016780251967e+01
3.575982891715834455e+01
3.550908638122906069e+01
3.526365038260990303e+01
3.502351542529087425e+01
3.478862751742295956e+01
3.455889143469371305e+01
3.433418007351483681e+01
3.411434530094166462e+01
3.389922950073411556e+01
3.368867686890533975e+01
3.348254345041672053e+01
3.328070494965746917e+01
3.308306149959655329e+01
3.288953883516251864e+01
3.270008566675940642e+01
3.251466745430011684e+01
3.233325719123492092e+01
3.215582416447585956e+01
3.198232190532211661e+01
3.181267664812123996e+01
3.164677754970674783e+01
3.148446970327659145e+01
3.132555064026702851e+01
3.116977060488799722e+01
3.101683646752792001e+01
3.086641876977880017e+01
3.071816110860451232e+01
3.057169089594170330e+01
3.042663048215757371e+01
3.028260769997498514e+01
3.013926504963544417e+01
2.999626697541503262e+01
2.985330494173175708e+01
2.971010026683973493e+01
2.956640488221975005e+01
2.942200033638872014e+01
2.927669544808584945e+01
2.913032304440837450e+01
2.898273621252090493e+01
2.883380446894484450e+01
2.868341022180569055e+01
2.853144587291246381e+01
2.837781187115893289e+01
2.822241597323018425e+01
2.806517387801202901e+01
2.790601127067910525e+01
2.774486714521336594e+01
2.758169808717538274e+01
2.741648301988811909e+01
2.724922778029201353e+01
2.707996882733839783e+01
2.690877541950578333e+01
2.673574973667875909e+01
2.656102465496465825e+01
2.638475918108131424e+01
2.620713187186280990e+01
2.602833285173350575e+01
2.584855524797327320e+01
2.566798695314815149e+01
2.548680358052692085e+01
2.530516330917493306e+01
2.512320405093396403e+01
2.494104305769821650e+01
2.475877877582799158e+01
2.457649449332185299e+01
2.439426314927192507e+01
2.421215260172202477e+01
2.403023067800453916e+01
2.384856944439245652e+01
2.366724830165301086e+01
2.348635570861193500e+01
2.330598952654878886e+01
2.312625613877479225e+01
2.294726861596809186e+01
2.276914426170282013e+01
2.259200188537847964e+01
2.241595911934727070e+01
2.224113003532297128e+01
2.206762323593886421e+01
2.189554051358560116e+01
2.172497609123963613e+01
2.155601639669552583e+01
2.138874027629713126e+01
2.122321952802419531e+01
2.105951962493953999e+01
2.089770050540459678e+01
2.073781732220172813e+01
2.057992106491951390e+01
2.042405899528344548e+01
2.027027486090280561e+01
2.011860887712775536e+01
1.996909748833352438e+01
1.982177293783385608e+01
1.967666268969689369e+01
1.953378875545833537e+01
1.939316698417074392e+01
1.925480637538676021e+01
1.911870847172481547e+01
1.898486688102654085e+01
1.885326696819052472e+01
1.872388574463666444e+01
1.859669196959412929e+01
1.847164646347624029e+01
1.834870262042080213e+01
1.822780709569481061e+01
1.810890063503303082e+01
1.799191900739407401e+01
1.787679400045498213e+01
1.776345443898337351e+01
1.765182718958258690e+01
1.754183812048042412e+01
1.743341299109569320e+01
1.732647825244104922e+01
1.722096174526618739e+01
1.711679328797478306e+01
1.701390515051166474e+01
1.691223241365165464e+01
1.681171321579987321e+01
1.671228889151908348e+01
1.661390400811339774e+01
1.651650630857701074e+01
1.642004657140084589e+01
1.632447839993169580e+01
1.622975795613400152e+01
1.613584365544677013e+01
1.604269584080979527e+01
1.595027645458231191e+01
1.585854872681619376e+01
1.576747689712641787e+01
1.567702598525587554e+01
1.558716162231842972e+01
1.549784995108717744e+01
1.540905759946295817e+01
1.532075172706505661e+01
1.523290014070411225e+01
1.514547147091494850e+01
1.505843539857802504e+01
1.497176291855445207e+01
1.488542662585172671e+01
1.479940100942836878e+01
1.471366273913573508e+01
1.462819093242406332e+01
1.454296738912031905e+01
1.445797678467541658e+01
1.437320681467286576e+01
1.428864828575624379e+01
1.420429515062488690e+01
1.412014448694144697e+01
1.403619642211233831e+01
1.395245400764118848e+01
1.386892304828899114e+01
1.378561189243890084e+01
1.370253119093535155e+01
1.361969363222114815e+01
1.353711366184105458e+01
1.345480719435740546e+01
1.337279132541967996e+01
1.329108405117908021e+01
1.320970400150077317e+01
1.312867019250786171e+01
1.304800180290793676e+01
1.296771797747452126e+01
1.288783765982135598e+01
1.280837945548803880e+01
1.272936152523427999e+01
1.265080150743449572e+01
1.257271646758989903e+01
1.249512287226229468e+01
1.241803658416845124e+01
1.234147287485146371e+01
1.226544645111808407e+01
1.218997149146231607e+01
1.211506168880888801e+01
1.204073029619592461e+01
1.196699017239926910e+01
1.189385382492963217e+01
1.182133344837447630e+01
1.174944095652526066e+01
1.167818800728780815e+01
1.160758601983349614e+01
1.153764618388714247e+01
1.146837946145025100e+01
1.139979658154888043e+01
1.133190802885281023e+01
1.126472402718732901e+01
1.119825451904569746e+01
1.113250914229231725e+01
1.106749720517329294e+01
1.100322766076383907e+01
1.093970908182517121e+01
1.087694963696685058e+01
1.081495706884636121e+01
1.075373867501379443e+01
1.069330129182906930e+01
1.063365128177398944e+01
1.057479452431509159e+01
1.051673641037481133e+01
1.045948184034871353e+01
1.040303522552744120e+01
1.034740049270477158e+01
1.029258109170455171e+01
1.023858000551623348e+01
1.018539976271277681e+01
1.013304245179732277e+01
1.008150973715161136e+01
1.003080287623653888e+01
9.980922737742311313e+00
9.931869820383589342e+00
9.883644272072123371e+00
9.836245909225024064e+00
9.789674235997813057e+00
9.743928463250037808e+00
9.699007527100789616e+00
9.654910106937228065e+00
9.611634642775030102e+00
9.569179351895570562e+00
9.527542244703699481e+00
9.486721139765597499e+00
9.446713678010249637e+00
9.407517336086442583e+00
9.369129438886677264e+00
9.331547171251663997e+00
9.294767588888646515e+00
9.258787628529546510e+00
9.223604117376435596e+00
9.189213781871609754e+00
9.155613255845032938e+00
9.122799088075481677e+00
9.090767749328838576e+00
9.059515638906178836e+00
9.029039090760994313e+00
8.999334379219510183e+00
8.970397724356637070e+00
8.942225297058570277e+00
8.914813223816102195e+00
8.888157591278448066e+00
8.862254450601183109e+00
8.837099821610356898e+00
8.812689696811744966e+00
8.789020045260716785e+00
8.766086816314556884e+00
8.743885943274792183e+00
8.722413346936278344e+00
8.701664939045882008e+00
8.681636625677965569e+00
8.662324310531506200e+00
8.643723898146078000e+00
8.625831297039892931e+00
8.608642422763120194e+00
8.592153200866704310e+00
8.576359569781784487e+00
8.561257483601275808e+00
8.546842914761697330e+00
8.533111856619202129e+00
8.520060325909087240e+00
8.507684365091403578e+00
8.495980044568700151e+00
8.484943464777732203e+00
8.474570758144871263e+00
8.464858090909089583e+00
8.455801664800773665e+00
8.447397718583584236e+00
