2.624660675865007065e-01
8.535972430380336373e-01
8.198185684524769146e-01
7.743568120779767971e-01
7.353956556408414169e-01
7.027232334412252257e-01
6.755482179794076725e-01
6.531538304475797974e-01
6.349322546800310052e-01
6.203755007848907876e-01
6.090602841958737690e-01
6.006332511694415510e-01
5.947982091771459867e-01
5.913056057560903689e-01
5.899440284370763843e-01
5.905333824523150144e-01
5.929194158815862536e-01
5.969693130464271968e-01
6.025681321308617999e-01
6.096159110731812492e-01
6.180253045128522027e-01
6.277196448027013709e-01
6.386313433921658733e-01
6.507005667976968333e-01
6.638741351782270206e-01
6.781046022214796132e-01
6.933494833657978251e-01
7.095706058977281350e-01
7.267335595925835667e-01
7.448072306258921582e-01
7.637634047108664559e-01
7.835764279959603895e-01
8.042229163276323201e-01
8.256815051482898626e-01
8.479326336504182660e-01
8.709583579030232281e-01
8.947421885559181387e-01
9.192689494611714363e-01
9.445246541461460588e-01
9.704963975674115728e-01
9.971722609809908766e-01
1.024541228101276680e+00
1.052593111001314918e+00
1.081318484440915828e+00
1.110708627503087520e+00
1.140755471583913883e+00
1.171451553917154387e+00
1.202789975931928046e+00
1.234764365838711520e+00
1.267368844921989979e+00
1.300597997088644542e+00
1.334446841279990581e+00
1.368910806409382896e+00
1.403985708526301446e+00
1.439667729950744546e+00
1.475953400150467720e+00
1.512839578163484022e+00
1.550323436390806053e+00
1.588402445607201674e+00
1.627074361055392160e+00
1.666337209503812700e+00
1.706189277164136708e+00
1.746629098376194955e+00
1.787655444978070163e+00
1.829267316290778433e+00
1.871463929652114500e+00
1.914244711447901315e+00
1.957609288586656726e+00
2.001557480380661502e+00
2.046089290792998394e+00
2.091204901019450890e+00
2.136904662379143005e+00
2.183189089489513179e+00
2.230058853706989197e+00
2.277514776817581410e+00
2.325557824964459286e+00
2.374189102802465534e+00
2.423409847873163159e+00
2.473221425193198542e+00
2.523625322055800257e+00
2.574623143042314766e+00
2.626216605243549385e+00
2.678407533694459719e+00
2.731197857022080289e+00
2.784589603311680595e+00
2.838584896194801477e+00
2.893185951160992975e+00
2.948395072100011838e+00
3.004214648076903416e+00
3.060647150340922718e+00
3.117695129574897805e+00
3.175361213382063674e+00
3.233648104013420621e+00
3.292558576332229592e+00
3.352095476014108844e+00
3.412261717976534658e+00
3.473060285032005368e+00
3.534494226755343860e+00
3.596566658552791562e+00
3.659280760920659681e+00
3.722639778878295225e+00
3.786647021552359771e+00
3.851305861898570715e+00
3.916619736531685714e+00
3.982592145639179293e+00
4.049226652954361683e+00
4.116526885755953380e+00
4.184496534860831396e+00
4.253139354582883058e+00
4.322459162616739903e+00
4.392459839813842137e+00
4.463145329815979778e+00
4.534519638505027039e+00
4.606586833235779110e+00
4.679351041814030943e+00
4.752816451185045032e+00
4.826987305794047778e+00
4.901867905591953622e+00
4.977462603651418682e+00
5.053775803363233621e+00
5.130811955194986673e+00
5.208575552980953205e+00
5.287071129730936292e+00
5.366303252944143232e+00
5.446276519415960138e+00
5.526995549537530472e+00
5.608464981086102696e+00
5.690689462517074304e+00
5.773673645768085727e+00
5.857422178597499141e+00
5.941939696482362976e+00
6.027230814107168655e+00
6.113300116488301406e+00
6.200152149775116861e+00
6.287791411782713169e+00
6.376222342314003200e+00
6.465449313340982052e+00
6.555476619108040026e+00
6.646308466239554846e+00
6.737948963929436097e+00
6.830402114294539473e+00
6.923671802981352208e+00
7.017761790109318554e+00
7.112675701644036508e+00
7.208417021289453608e+00
7.304989082975529513e+00
7.402395064036356054e+00
7.500637979154695323e+00
7.599720675137634274e+00
7.699645826607261156e+00
7.800415932643519845e+00
7.902033314451171186e+00
8.004500114071039008e+00
8.107818294178626317e+00
8.211989638975037309e+00
8.317015756182062347e+00
8.422898080133810694e+00
8.529637875939235059e+00
8.637236244678549113e+00
8.745694129604514089e+00
8.855012323271568064e+00
8.965191475534606269e+00
9.076232102338943619e+00
9.188134595211918665e+00
9.300899231357300678e+00
9.414526184262365760e+00
9.529015534705543189e+00
9.644367282048603940e+00
9.760581355720729491e+00
9.877657626772027299e+00
9.995595919392446405e+00
1.011439602229578405e+01
1.023405769986273484e+01
1.035458070296568778e+01
1.047596477936853177e+01
1.059820968364560123e+01
1.072131518655132254e+01
1.084528108377309152e+01
1.097010720403972073e+01
1.109579341653987150e+01
1.122233963764522713e+01
1.134974583691117900e+01
1.147801204237326722e+01
1.160713834514472254e+01
1.173712490333690361e+01
1.186797194534822530e+01
1.199967977253752593e+01
1.213224876136490415e+01
1.226567936501256995e+01
1.239997211457912307e+01
1.253512761988910462e+01
1.267114656997147648e+01
1.280802973329798711e+01
1.294577795780305429e+01
1.308439217076204208e+01
1.322387337857616352e+01
1.336422266650748014e+01
1.350544119838097323e+01
1.364753021632234820e+01
1.379049104050664276e+01
1.393432506896266077e+01
1.407903377741419426e+01
1.422461871915002085e+01
1.437108152492192126e+01
1.451842390281894879e+01
1.466664763810545757e+01
1.481575459297002517e+01
1.496574670614507774e+01
1.511662599233652671e+01
1.526839454142910846e+01
1.542105451739319655e+01
1.557460815685454314e+01
1.572905776727350613e+01
1.588440572469115963e+01
1.604065447100740727e+01
1.619780651074558264e+01
1.635586440731403712e+01
1.651483077874058836e+01
1.667470829286701317e+01
1.683549966205818649e+01
1.699720763743505003e+01
1.715983500266588990e+01
1.732338456739767096e+01
1.748785916036768384e+01
1.765326162229690254e+01
1.781959479862977958e+01
1.798686153223541240e+01
1.815506465615152010e+01
1.832420698646516755e+01
1.849429131546973082e+01
1.866532040513732227e+01
1.883729698104620454e+01
1.901022372682641048e+01
1.918410327921302638e+01
1.935893822375136608e+01
1.953473109123881812e+01
1.971148435491918960e+01
1.988920042845446901e+01
2.006788166470975199e+01
2.024753035531228917e+01
2.042814873100120465e+01
2.060973896270189698e+01
2.079230316331136308e+01
2.097584339011131860e+01
2.116036164776418715e+01
2.134585989179561238e+01
2.153234003251343509e+01
2.171980393923513475e+01
2.190825344476427006e+01
2.209769035003277793e+01
2.228811642878639177e+01
2.247953343225916711e+01
2.267194309372071004e+01
2.286534713284613218e+01
2.305974725982450835e+01
2.325514517908772660e+01
2.345154259268230845e+01
2.364894120313432424e+01
2.384734271579987208e+01
2.404674884062163187e+01
2.424716129327837422e+01
2.444858179563786749e+01
2.465101207551122542e+01
2.485445386565207571e+01
2.505890890197562371e+01
2.526437892098197935e+01
2.547086565633819077e+01
2.567837083463421521e+01
2.588689617029080736e+01
2.609644335959250583e+01
2.630701407390623459e+01
2.651860995204465254e+01
2.673123259183719469e+01
2.694488354089667936e+01
2.715956428666646971e+01
2.737527624574787666e+01
2.759202075259875997e+01
2.780979904764156174e+01
2.802861226484914070e+01
2.824846141888619044e+01
2.846934739188506214e+01
2.869127091992820411e+01
2.891423257933357149e+01
2.913823277279885815e+01
2.936327171551516813e+01
2.958934942133697987e+01
2.981646568906423411e+01
3.004462008895173852e+01
3.027381194948461740e+01
3.050404034455469215e+01
3.073530408105532175e+01
3.096760168698312654e+01
3.120093140013152677e+01
3.143529115743114133e+01
3.167067858499305189e+01
3.190709098892746098e+01
3.214452534698850172e+01
3.238297830109735287e+01
3.262244615078823529e+01
3.286292484766866551e+01
3.310440999088631031e+01
3.334689682368516372e+01
3.359038023105193105e+01
3.383485473856723047e+01
3.408031451239569520e+01
3.432675336050750303e+01
3.457416473513374910e+01
3.482254173649553763e+01
3.507187711777216776e+01
3.532216329134914190e+01
3.557339233634080244e+01
3.582555600736061052e+01
3.607864574455098250e+01
3.633265268483173571e+01
3.658756767431076895e+01
3.684338128189976658e+01
3.710008381401111421e+01
3.735766533032130354e+01
3.761611566054328648e+01
3.787542442218271788e+01
3.813558103915493547e+01
3.839657476118968304e+01
3.865839468403360968e+01
3.892102977030910438e+01
3.918446887092913755e+01
3.944870074703893437e+01
3.971371409234985350e+01
3.997949755580643227e+01
4.024603976449157727e+01
4.051332934662795537e+01
4.078135495465258487e+01
4.105010528817960136e+01
4.131956911685947631e+01
4.158973530292530540e+01
4.186059282340794852e+01
4.213213079188441412e+01
4.240433847968665759e+01
4.267720533644293113e+01
4.295072100995115250e+01
4.322487536518728035e+01
4.349965850245811794e+01
4.377506077464785506e+01
4.405107280338340559e+01
4.432768549420757154e+01
4.460489005059597645e+01
4.488267798688083587e+01
4.516104114003115910e+01
4.543997168017531152e+01
4.571946212002929855e+01
4.599950532312045937e+01
4.628009451085105042e+01
4.656122326842718451e+01
4.684288554969432994e+01
4.712507568093553090e+01
4.740778836362569848e+01
4.769101867626192615e+01
4.797476207528468706e+01
4.825901439520478675e+01
4.854377184795032463e+01
4.882903102152593533e+01
4.911478887806286764e+01
4.940104275131267997e+01
4.968779034362945879e+01
4.997502972254565634e+01
5.026275931691222354e+01
5.055097791272924468e+01
5.083968464859533043e+01
5.112887901088376452e+01
5.141856082864278221e+01
5.170873026808159523e+01
5.199938782685638472e+01
5.229053432785654110e+01
5.258217091271660593e+01
5.287429903476456161e+01
5.316692045152590396e+01
5.346003721659447194e+01
5.375365167086420115e+01
5.404776643300704819e+01
5.434238438915838998e+01
5.463750868163872099e+01
5.493314269678711526e+01
5.522929005168694516e+01
5.552595457977515281e+01
5.582314031529893583e+01
5.612085147659892215e+01
5.641909244805065526e+01
5.671786776083107640e+01
5.701718207239647995e+01
5.731704014467720754e+01
5.761744682112170324e+01
5.791840700252519980e+01
5.821992562175309871e+01
5.852200761749244151e+01
5.882465790706403652e+01
5.912788135846058424e+01
5.943168276165694408e+01
5.973606679947560139e+01
6.004103801800432905e+01
6.034660079687351697e+01
6.065275931942676380e+01
6.095951754308288884e+01
6.126687916992885619e+01
6.157484761788125383e+01
6.188342599245634545e+01
6.219261705939311469e+01
6.250242321832305237e+01
6.281284647753872008e+01
6.312388843023708773e+01
6.343555023213733790e+01
6.374783258091626692e+01
6.406073569732392059e+01
6.437425930840969102e+01
6.468840263276590008e+01
6.500316436810855691e+01
6.531854268121885809e+01
6.563453520043469780e+01
6.595113901080645746e+01
6.626835065205068531e+01
6.658616611938666097e+01
6.690458086742397370e+01
6.722358981711393255e+01
6.754318736592767891e+01
6.786336740124178846e+01
6.818412331711779473e+01
6.850544803423055384e+01
6.882733402329370165e+01
6.914977333161368733e+01
6.947275761285408180e+01
6.979627815992213868e+01
7.012032594068887192e+01
7.044489163646508700e+01
7.076996568288214462e+01
7.109553831293837334e+01
7.142159960190231516e+01
7.174813951357103292e+01
7.207514794759383392e+01
7.240261478738597134e+01
7.273052994803784088e+01
7.305888342395174107e+01
7.338766533549818405e+01
7.371686597440486821e+01
7.404647584725881870e+01
7.437648571668900388e+01
7.470688664000756773e+01
7.503767000472406323e+01
7.536882756075409873e+01
7.570035144915624414e+01
7.603223422701735501e+01
7.636446888856787041e+01
7.669704888238096885e+01
7.702996812469154975e+01
7.736322100890374998e+01
7.769680241131912624e+01
7.803070769328007827e+01
7.836493269981703236e+01
7.869947375500133546e+01
7.903432765402820337e+01
7.936949165237487591e+01
7.970496345190133525e+01
8.004074118417648265e+01
8.037682339104308937e+01
8.071320900247380337e+01
8.104989731181531454e+01
8.138688794851164232e+01
8.172418084830889029e+01
8.206177622115505699e+01
8.239967451682100830e+01
8.273787638853461601e+01
8.307638265488948548e+01
8.341519426015528893e+01
8.375431223356984844e+01
8.409373764777545546e+01
8.443347157693534655e+01
8.477351505496233131e+01
8.511386903416432403e+01
8.545453434478234556e+01
8.579551165564929249e+01
8.613680143624488039e+01
8.647840392033621981e+01
8.682031907092918743e+01
8.716254654681233660e+01
8.750508567013487493e+01
8.784793539480628510e+01
8.819109427519623523e+01
8.853456043458764668e+01
8.887833153298549860e+01
8.922240473345716794e+01
8.956677666689743944e+01
8.991144339441417799e+01
9.025640036746317207e+01
9.060164238560136596e+01
9.094716355186098156e+01
9.129295722649227685e+01
9.163901597944600042e+01
9.198533154268962164e+01
9.233189476345093283e+01
9.267869555945522109e+01
9.302572287788791527e+01
9.337296465915990495e+01
9.372040780712065100e+01
9.406803816698499077e+01
9.441584051201579086e+01
9.476379854008138182e+01
9.511189488055840968e+01
9.546011111209348599e+01
9.580842779105719842e+01
9.615682449044366820e+01
9.650527984859365915e+01
9.685377162668467577e+01
9.720227677382121101e+01
9.755077149848470697e+01
9.789923134463143128e+01
9.824763127112714756e+01
9.859594573287932917e+01
9.894414876255980573e+01
9.929221405160498648e+01
9.964011502948102361e+01
9.998782494101527618e+01
1.003353169210833613e+02
1.006825640670444955e+02
1.010295395092104656e+02
1.013762164800533441e+02
1.017225683832461556e+02
1.020685688636333737e+02
1.024141918795807413e+02
1.027594117788671468e+02
1.031042033795705919e+02
1.034485420567551728e+02
1.037924038356224230e+02
1.041357654913772990e+02
1.044786046552033127e+02
1.048208999252735367e+02
1.051626309808453357e+02
1.055037786970506204e+02
1.058443252569081352e+02
1.061842542571509114e+02
1.065235508037123253e+02
1.068622015932156160e+02
1.072001949765798514e+02
1.075375210019569465e+02
1.078741714348832517e+02
1.082101397549527064e+02
1.085454211294229339e+02
1.088800123659427328e+02
1.092139118475885056e+02
1.095471194549185725e+02
1.098796364801802667e+02
1.102114655392401090e+02
1.105426104865828734e+02
1.108730763376545099e+02
1.112028692017051839e+02
1.115319962259837325e+02
1.118604655507727870e+02
1.121882862721138281e+02
1.125154684076883882e+02
1.128420228597779271e+02
1.131679613690381956e+02
1.134932964530125474e+02
1.138180413244169529e+02
1.141422097867984604e+02
1.144658161075479796e+02
1.147888748717398499e+02
1.151114008235704205e+02
1.154334087049344930e+02
1.157549131032746033e+02
1.160759283218673801e+02
1.163964682861853106e+02
1.167165464983586673e+02
1.170361760493241690e+02
1.173553696948509071e+02
1.176741399960964145e+02
1.179924995208418181e+02
1.183104610952153166e+02
1.186280380907822831e+02
1.189452447267371724e+02
1.192620963631206052e+02
1.195786097591457349e+02
1.198948032694356698e+02
1.202106969530271670e+02
1.205263125728897933e+02
1.208416734696752570e+02
1.211568042996372014e+02
1.214717306361572753e+02
1.217864784424775877e+02
1.221010734330303507e+02
1.224155403494769132e+02
1.227299021845892923e+02
1.230441793928085303e+02
1.233583891294813952e+02
1.236725445603344440e+02
1.239866542804383869e+02
1.243007218760420898e+02
1.246147456540782201e+02
1.249287185539116365e+02
1.252426282442405494e+02
1.255564573956830685e+02
1.258701841084291289e+02
1.261837824636100152e+02
1.264972231597688079e+02
1.268104741899394270e+02
1.271235015139881028e+02
1.274362696810624556e+02
1.277487423628023322e+02
1.280608827641221978e+02
1.283726538892274505e+02
1.286840186507574799e+02
1.289949398228498296e+02
1.293053798513811330e+02
1.296153005459152325e+02
1.299246626887616571e+02
1.302334256044985921e+02
1.305415467384342492e+02
1.308489812941469665e+02
1.311556819788390555e+02
1.314615988989299638e+02
1.317666796402290856e+02
1.320708695548515834e+02
1.323741122638658965e+02
1.326763503701147044e+02
1.329775263601204358e+02
1.332775836595618841e+02
1.335764677921672217e+02
1.338741275794770331e+02
1.341705163083080379e+02
1.344655927866076013e+02
1.347593222068771581e+02
1.350516767435864267e+02
1.353426358265784870e+02
1.356321860580272585e+02
1.359203207761366912e+02
1.362070393094487315e+02
1.364923460095281484e+02
1.367762491867379140e+02
1.370587600992465411e+02
1.373398921501748475e+02
1.376196604273474122e+02
1.378980816725884324e+02
1.381751746961972174e+02
1.384509611646057010e+02
1.387254665994049958e+02
1.389987213486401174e+02
1.392707612431134123e+02
1.395416276468006345e+02
1.398113666563773165e+02
1.400800273018052451e+02
1.403476587359039343e+02
1.406143065573303375e+02
1.408800085622509073e+02
1.411447903404818192e+02
1.414086611983767909e+02
1.416716108935373768e+02
1.419336076034654468e+02
1.421945974358405067e+02
1.424545056436657262e+02
1.427132395583134326e+02
1.429706931201170335e+02
1.432267527814130972e+02
1.434813044813581371e+02
1.437342413391138507e+02
1.439854716652246793e+02
1.442349268458169149e+02
1.444825686032974090e+02
1.447283950962655297e+02
1.449724453045768655e+02
1.452148011776122303e+02
1.454555871170081787e+02
1.456949665261928715e+02
1.459331353758754233e+02
1.461703129890198909e+02
1.464067305133532670e+02
1.466426178000301093e+02
1.468781896176038799e+02
1.471136322801617951e+02
1.473490918324512222e+02
1.475846648915180594e+02
1.478203930760053595e+02
1.480562616565546534e+02
1.482922026540606169e+02
1.485281021425573442e+02
1.487638110477385283e+02
1.489991583493244889e+02
1.492339653572238092e+02
1.494680596734593507e+02
1.497012875651625734e+02
1.499335237150475280e+02
1.501646776202251772e+02
1.503946962204097133e+02
1.506235626195159227e+02
1.508512910225756798e+02
1.510779182709904376e+02
1.513034926547787791e+02
1.515280610120016433e+02
1.517516554562500062e+02
1.519742813111420219e+02
1.521959078673456816e+02
1.524164633221291751e+02
1.526358346856015089e+02
1.528538726179012315e+02
1.530704002696589328e+02
1.532852244693850139e+02
1.534981472596309402e+02
1.537089759572765217e+02
1.539175305664668372e+02
1.541236483013985037e+02
1.543271858553298159e+02
1.545280205622684946e+02
1.547260515487024577e+02
1.549212013956273211e+02
1.551134179711525576e+02
1.553026753182624304e+02
1.554889721229752126e+02
1.556723265276758355e+02
1.558527668639252681e+02
1.560303190645406630e+02
1.562049927938842586e+02
1.563767694027307300e+02
1.565455953853942219e+02
1.567113848401386917e+02
1.568740333257059092e+02
1.570334434455118071e+02
1.571895597040299606e+02
1.573424072019769255e+02
1.574921263507843321e+02
1.576389948328434230e+02
1.577834291344494204e+02
1.579259612658602521e+02
1.580671912395663128e+02
1.582077213770670880e+02
1.583480830927516649e+02
1.584886690857791507e+02
1.586296830388853323e+02
1.587711150252942218e+02
1.589127448352297733e+02
1.590541690094865714e+02
1.591948423946312232e+02
1.593341230788310554e+02
1.594713113554637971e+02
1.596056784136639806e+02
1.597364870156226573e+02
1.598630118653207717e+02
1.599845691342456746e+02
1.601005614058301774e+02
1.602105370457304616e+02
1.603142547402015339e+02
1.604117385179459347e+02
1.605033086278476162e+02
1.605895790921338744e+02
1.606714207820935769e+02
1.607498956237057257e+02
1.608261704641675180e+02
1.609014183652632539e+02
1.609767131218793565e+02
1.610529226184164884e+02
1.611306096346626475e+02
1.612099537231552233e+02
1.612907116185355392e+02
1.613722327980598550e+02
1.614535393419658931e+02
1.615334659523139464e+02
1.616108405006353621e+02
1.616846730022580232e+02
1.617543162071646066e+02
1.618195661941721255e+02
1.618806848848788320e+02
1.619383436386948745e+02
1.619935026326477896e+02
1.620472509071066156e+02
1.621006360753962383e+02
1.621545121436105887e+02
1.622094300661662203e+02
1.622655885577110837e+02
1.623228515155007869e+02
1.623808237953639377e+02
1.624389626459367548e+02
1.624966936055542988e+02
1.625535017534780877e+02
1.626089819199917770e+02
1.626628491812120103e+02
1.627149250321637055e+02
1.627651182467596414e+02
1.628134118138503936e+02
1.628598543018345026e+02
1.629045444086712280e+02
1.629475976226485443e+02
1.629890936502891918e+02
1.630290160640821568e+02
1.630672030801819972e+02
1.631033257749838015e+02
1.631368993091225832e+02
1.631673206141678349e+02
1.631939191004730105e+02
1.632160073310393784e+02
1.632329234752565696e+02
1.632440624526712725e+02
1.632488960225723247e+02
1.632469846546368899e+02
1.632379872873359545e+02
1.632216782494236327e+02
1.631979806006116576e+02
1.631670192470390930e+02
1.631291859453516508e+02
1.630851960304914030e+02
1.630361093732786344e+02
1.629832903180893027e+02
1.629282942358987611e+02
1.628726888515604401e+02
1.628178406239523213e+02
1.627647131724130247e+02
1.627137303469041569e+02
1.626647479906565934e+02
1.626171554337394127e+02
1.625700925799717140e+02
1.625227273781760573e+02
1.624745041641905345e+02
1.624252643907567233e+02
1.623751742178348820e+02
1.623244686484014778e+02
1.622731125631969462e+02
1.622205369627069445e+02
1.621655910714876825e+02
1.621067534947788147e+02
1.620425164254619972e+02
1.619717721326572928e+02
1.618940435896702752e+02
1.618095001401805462e+02
1.617188147659852291e+02
1.616229745883041744e+02
1.615231239167200101e+02
1.614204401946730627e+02
1.613159891890527717e+02
1.612105209956669967e+02
1.611042377839075925e+02
1.609966299864777568e+02
1.608864868714296392e+02
1.607721298562211700e+02
1.606518264990512534e+02
1.605242684699400684e+02
1.603889694327738482e+02
1.602464624097463570e+02
1.600982368341556707e+02
1.599464338630920963e+02
1.597933931780572436e+02
1.596411907797564425e+02
1.594913038911000740e+02
1.593444827186939108e+02
1.592008233146595444e+02
1.590599631245220280e+02
1.589212969261643025e+02
1.587841429625981959e+02
1.586478510470067533e+02
1.585118937235061480e+02
1.583759863247158250e+02
1.582402405778261141e+02
1.581052982559501743e+02
1.579723562595112867e+02
1.578430086322137811e+02
1.577188928264460230e+02
1.576012109740923677e+02
1.574902653144287115e+02
1.573851679393753784e+02
1.572838428774238650e+02
1.571833433040565069e+02
1.570803955421011437e+02
1.569720047148428819e+02
1.568559500022331292e+02
1.567310579685286598e+02
1.565972311842849365e+02
1.564552780252138291e+02
1.563066132130526000e+02
1.561528883001238057e+02
1.559955986954100524e+02
1.558357232378717185e+02
1.556734793275155653e+02
1.555082884873846183e+02
1.553390065180954593e+02
1.551643715363159117e+02
1.549835052020720809e+02
1.547962446504268428e+02
1.546031439413252144e+02
1.544051509797233450e+02
1.542031460835990799e+02
1.539976051440444564e+02
1.537885661638732699e+02
1.535758813584660629e+02
1.533595548678859473e+02
1.531399197190031316e+02
1.529175303634982868e+02
1.526928592507841529e+02
1.524660431923020667e+02
1.522369121651072703e+02
1.520053449516634601e+02
1.517717540998530694e+02
1.515373811623753113e+02
1.513041832364226025e+02
1.510743544083839822e+02
1.508497627200373188e+02
1.506316191911699320e+02
1.504205084934140189e+02
1.502166508438067183e+02
1.500201290249067938e+02
1.498308906813885528e+02
1.496485437027156138e+02
1.494721328429639300e+02
1.493000992277355579e+02
1.491304903887691466e+02
1.489613167278654942e+02
1.487908577458415209e+02
1.486177556869358796e+02
1.484408614632109220e+02
1.482589400854478185e+02
1.480704262347069289e+02
1.478734057005598572e+02
1.476658927416573590e+02
1.474463273018398013e+02
1.472141006011949003e+02
1.469698901057466003e+02
1.467156586526666047e+02
1.464543108550040245e+02
1.461891362082616581e+02
1.459232399167477752e+02
1.456591412059449056e+02
1.453986245809750528e+02
1.451428177221253293e+02
1.448923974841879669e+02
1.446478158443242421e+02
1.444094709681654649e+02
1.441777878309289349e+02
1.439531985682944537e+02
1.437360337637482530e+02
1.435263681644401288e+02
1.433239026531374805e+02
1.431279770100184123e+02
1.429377619524815941e+02
1.427525761016557624e+02
1.425721681794195774e+02
1.423967780160997734e+02
1.422268875996605573e+02
1.420627530372796912e+02
1.419039528315998666e+02
1.417491917147546872e+02
1.415964581520003094e+02
1.414434509565863607e+02
1.412880881142097280e+02
1.411289280023177639e+02
1.409654096038441082e+02
1.407978720695122945e+02
1.406273267695136440e+02
1.404549789603319141e+02
1.402815818538558688e+02
1.401068298232271161e+02
1.399290642767766997e+02
1.397454853966795554e+02
1.395528386814725934e+02
1.393482955782011459e+02
1.391301350130712819e+02
1.388979446683902665e+02
1.386523342730281172e+02
1.383944102486298107e+02
1.381253360914927839e+02
1.378461623247555110e+02
1.375578724034564004e+02
1.372614345417355537e+02
1.369576793782719051e+02
1.366470016182329914e+02
1.363290678080763598e+02
1.360027665476650611e+02
1.356665266004591786e+02
1.353189288826436325e+02
1.349593741926209987e+02
1.345885318745255859e+02
1.342084002295659104e+02
1.338219954825891023e+02
1.334328498731857735e+02
1.330445538917942088e+02
1.326605022505347620e+02
1.322838558171826833e+02
1.319176081645674685e+02
1.315646134422096623e+02
1.312274917457975789e+02
1.309084237766558658e+02
1.306089162177175638e+02
1.303296341213262792e+02
1.300703659417510210e+02
1.298301354795490283e+02
1.296074225420697132e+02
1.294004131636415025e+02
1.292071849687056044e+02
1.290257587872192460e+02
1.288540145329961604e+02
1.286895502867657228e+02
1.285296117468222405e+02
1.283711985395466399e+02
1.282113668832578526e+02
1.280476387440592418e+02
1.278783562618248197e+02
1.277028290443664247e+02
1.275212110639504317e+02
1.273341684407027543e+02
1.271424902915508000e+02
1.269467989636979723e+02
1.267474345815284096e+02
1.265444812823065774e+02
1.263378431021594963e+02
1.261272972377634858e+02
1.259125182685457958e+02
1.256931166599092791e+02
1.254687317169655358e+02
1.252391749020190019e+02
1.250045730454195620e+02
1.247654437818379591e+02
1.245226555156444448e+02
1.242772708891989311e+02
1.240303252837670129e+02
1.237826249272817591e+02
1.235346438840302028e+02
1.232865576074158582e+02
1.230383964171584239e+02
1.227902610194408055e+02
1.225425227616174055e+02
1.222959290498731946e+02
1.220515510408359177e+02
1.218105592075390575e+02
1.215738924665284770e+02
1.213419604762510176e+02
1.211145263738975046e+02
1.208908298006255109e+02
1.206698713033697175e+02
1.204506853771947164e+02
1.202324556349481099e+02
1.200144592455507677e+02
1.197959689188511021e+02
1.195762758706406430e+02
1.193548920276735430e+02
1.191318240587458490e+02
1.189077207317944698e+02
1.186837584381523243e+02
1.184613038191345709e+02
1.182415452673028113e+02
1.180253033141597712e+02
1.178131041694006171e+02
1.176054233563127127e+02
1.174028966031070098e+02
1.172063173823156035e+02
1.170163723021393167e+02
1.168332231724788954e+02
1.166561383696213881e+02
1.164833595002911153e+02
1.163122774721940544e+02
1.161398470322232157e+02
1.159630643652764377e+02
1.157793172976785456e+02
1.155864944583615426e+02
1.153828656980604137e+02
1.151668559702015671e+02
1.149368748287533890e+02
1.146913185711339764e+02
1.144287610980895096e+02
1.141482472853331700e+02
1.138495482447149101e+02
1.135332522243918305e+02
1.132006360896061210e+02
1.128533562290171659e+02
1.124930744362197146e+02
1.121211625413308042e+02
1.117385968287307065e+02
1.113460711629651598e+02
1.109442601352749449e+02
1.105340951510280121e+02
1.101169128561260351e+02
1.096944029088366506e+02
1.092683895094209845e+02
1.088405723597109755e+02
1.084123778424644939e+02
1.079850160346598358e+02
1.075597336072941346e+02
1.071381511377691851e+02
1.067225232969265392e+02
1.063157815142760683e+02
1.059213014171720886e+02
1.055424501530756913e+02
1.051820664138120378e+02
1.048420621951377996e+02
1.045232852918001782e+02
1.042256637082309254e+02
1.039485271296113638e+02
1.036909341334205692e+02
1.034518605325120291e+02
1.032302035050359876e+02
1.030246687184897922e+02
1.028336721998868484e+02
1.026553740128743897e+02
1.024878777960081493e+02
1.023295237773820361e+02
1.021791299994073654e+02
1.020360386002459592e+02
1.018999045228952980e+02
1.017702842652159347e+02
1.016461815555108927e+02
1.015257363818595024e+02
1.014061926861955101e+02
1.012841763689718135e+02
1.011562049612753498e+02
1.010192718187147989e+02
1.008713202092417589e+02
1.007114502224908108e+02
1.005397795111796313e+02
1.003569922964340577e+02
1.001637266808286597e+02
9.996002002760421590e+01
9.974501502215925086e+01
9.951702115878840971e+01
9.927387440029490051e+01
9.901341885094178963e+01
9.873391087986598791e+01
9.843422469521759410e+01
9.811386366051924313e+01
9.777287391274659001e+01
9.741176654978950467e+01
9.703149378102020250e+01
9.663345099059584697e+01
9.621944684902692302e+01
9.579161122213839974e+01
9.535226402457996642e+01
9.490380162529909569e+01
9.444864728364042605e+01
9.398926985061700634e+01
9.352823254436074762e+01
9.306821792878854183e+01
9.261199212273908188e+01
9.216230674087664454e+01
9.172176983665238481e+01
9.129273144609244639e+01
9.087722107974516916e+01
9.047695001529375247e+01
9.009336238414840636e+01
8.972769784016047367e+01
8.938102310280434892e+01
8.905420173263060235e+01
8.874779655836397296e+01
8.846192801260919225e+01
8.819613365200248722e+01
8.794928115641187105e+01
8.771957625487304711e+01
8.750468164238890267e+01
8.730193110939966061e+01
8.710859467737529371e+01
8.692213409418060621e+01
8.674038866174083751e+01
8.656164948158541961e+01
8.638461131123601433e+01
8.620822647197545052e+01
8.603151341324317514e+01
8.585338361249571903e+01
8.567253987201982568e+01
8.548747029246965212e+01
8.529652631572702148e+01
8.509804463612394443e+01
8.489046307688813897e+01
8.467239314129932382e+01
8.444264012885737714e+01
8.420019131984292926e+01
8.394420905276282951e+01
8.367406086594242254e+01
8.338939658492631679e+01
8.309025422184272713e+01
8.277715601958198022e+01
8.245115067708299250e+01
8.211376832997841291e+01
8.176687755913079059e+01
8.141246350521808495e+01
8.105237635198018609e+01
8.068812006713343976e+01
8.032075099298906196e+01
7.995092822352859230e+01
7.957910782861935672e+01
7.920581847585832236e+01
7.883191994643243561e+01
7.845874593066000102e+01
7.808807132095388681e+01
7.772190844240503793e+01
7.736220152713194409e+01
7.701052835323064016e+01
7.666791587780369355e+01
7.633483292048323676e+01
7.601135457193053924e+01
7.569742749226743683e+01
7.539312902483592893e+01
7.509881998119959690e+01
7.481513654774495592e+01
7.454283063169589241e+01
7.428252352128956204e+01
7.403446418852409749e+01
7.379837429819816919e+01
7.357342558504058161e+01
7.335834938295722907e+01
7.315164014219321587e+01
7.295179457838185044e+01
7.275752611669032888e+01
7.256790515024293597e+01
7.238239358069623108e+01
7.220076423915136843e+01
7.202292108046120234e+01
7.184866189413197901e+01
7.167744514631738184e+01
7.150822757420419862e+01
7.133942316617049073e+01
7.116899904632090568e+01
7.099468083876921298e+01
7.081420592924814628e+01
7.062555170665930859e+01
7.042708154601622539e+01
7.021758601569878522e+01
6.999623459416700655e+01
6.976247841114212633e+01
6.951594938528296552e+01
6.925638827702228184e+01
6.898361350513519596e+01
6.869752482542989469e+01
6.839812729619043807e+01
6.808556125518649083e+01
6.776012901855538928e+01
6.742231390529236990e+01
6.707278951108943943e+01
6.671241730292284444e+01
6.634223054836824929e+01
6.596340399586522096e+01
6.557721178424706920e+01
6.518497957542865606e+01
6.478803918188860678e+01
6.438769385221445418e+01
6.398519980764541515e+01
6.358176546918289773e+01
6.317856538837953195e+01
6.277676239492009813e+01
6.237752965638521374e+01
6.198206445607551274e+01
6.159158735110343486e+01
6.120732349655910554e+01
6.083046665439244549e+01
6.046213002452532237e+01
6.010329086360735573e+01
5.975473738451235306e+01
5.941702641124514628e+01
5.909045875394368608e+01
5.877507659340137991e+01
5.847068382825427335e+01
5.817688690746653180e+01
5.789315068022730770e+01
5.761886168524376473e+01
5.735339038612705309e+01
5.709614429810947911e+01
5.684660569093662730e+01
5.660435028875073016e+01
5.636904657036381394e+01
5.614043821880365215e+01
5.591831436044309811e+01
5.570247312195847655e+01
5.549268375357093674e+01
5.528865149151509684e+01
5.508998799831029913e+01
5.489618911061320716e+01
5.470662101260165144e+01
5.452051583512307786e+01
5.433697781298648977e+01
5.415500112450094150e+01
5.397349999601311055e+01
5.379135035952700150e+01
5.360744041237237667e+01
5.342072532349853731e+01
5.323027976287143304e+01
5.303534150459126550e+01
5.283534027408755662e+01
5.262990797917578334e+01
5.241886890418864908e+01
5.220221086487927664e+01
5.198004057257531230e+01
5.175252866021782694e+01
5.151985201950822812e+01
5.128214290837617995e+01
5.103945488580801282e+01
5.079175410593666129e+01
5.053894041551692595e+01
5.028089649696691055e+01
5.001755635963627356e+01
4.974897873278055727e+01
4.947540820877511436e+01
4.919730846917853029e+01
4.891535759943607786e+01
4.863040412493383968e+01
4.834339179060359015e+01
4.805526872165395957e+01
4.776690031922105817e+01
4.747900402328561853e+01
4.719211830293166088e+01
4.690660959082954662e+01
4.662271179008290289e+01
4.634058584857758234e+01
4.606038340564703759e+01
4.578229922731152612e+01
4.550660146416542773e+01
4.523363523400092134e+01
4.496380181879011673e+01
4.469752118421346410e+01
4.443518844122087330e+01
4.417713490270280374e+01
4.392360193474990382e+01
4.367473181080745093e+01
4.343057543740398785e+01
4.319111321739402598e+01
4.295628316710993033e+01
4.272600992686839305e+01
4.250022925073449187e+01
4.227890437106213994e+01
4.206203265771501520e+01
4.184964270597481573e+01
4.164178312719367625e+01
4.143850490217369753e+01
4.123983940643211810e+01
4.104577439372098979e+01
4.085623048779759614e+01
4.067104105091360111e+01
4.048993846081738468e+01
4.031254955238329529e+01
4.013840205824978113e+01
3.996694231008166298e+01
3.979756248898912929e+01
3.962963379277130116e+01
3.946254054043576076e+01
3.929570987526894044e+01
3.912863252195396768e+01
3.896087185066014058e+01
3.879206087438879536e+01
3.862188917900258645e+01
3.845008360151085469e+01
3.827638734997516679e+01
3.810054208096599382e+01
3.792227636958957504e+01
3.774130237074715666e+01
3.755732070353418806e+01
3.737003207847910602e+01
3.717915318747959219e+01
3.698443398393998649e+01
3.678567364486532654e+01
3.658273307725177403e+01
3.637554262056685417e+01
3.616410443048504675e+01
3.594848977601726858e+01
3.572883206450468663e+01
3.550531679345640157e+01
3.527816981248977868e+01
3.504764527728804779e+01
3.481401451760584109e+01
3.457755675737856649e+01
3.433855226262453897e+01
3.409727810330608833e+01
3.385400635307451722e+01
3.360900426357223836e+01
3.336253577094269929e+01
3.311486363447629344e+01
3.286625156220050314e+01
3.261696581985932397e+01
3.236727601095042672e+01
3.211745491763197435e+01
3.186777747118509652e+01
3.161851905285170261e+01
3.136995339920628112e+01
3.112235040036568279e+01
3.087597404294445624e+01
3.063108067709745441e+01
3.038791769516953067e+01
3.014672261565503320e+01
2.990772248485816931e+01
2.967113345089920529e+01
2.943716033715258007e+01
2.920599604645994418e+01
2.897782066137199308e+01
2.875280016291192098e+01
2.853108476244173630e+01
2.831280691827744533e+01
2.809807918019514261e+01
2.788699206208216808e+01
2.767961217799803819e+01
2.747598088530244453e+01
2.727611365852154179e+01
2.708000037069397337e+01
2.688760658921998825e+01
2.669887590733683425e+01
2.651373323830962292e+01
2.633208890627432197e+01
2.615384328445097140e+01
2.597889166682715612e+01
2.580712902055631019e+01
2.563845425897402208e+01
2.547277370171388355e+01
2.531000344908471433e+01
2.515007048793754052e+01
2.499291245828993269e+01
2.483847613257785625e+01
2.468671477918945811e+01
2.453758468538399029e+01
2.439104118911941654e+01
2.424703460639243957e+01
2.410550643606536880e+01
2.396638617990222286e+01
2.382958903847126919e+01
2.369501464466913632e+01
2.356254688904137495e+01
2.343205478790236995e+01
2.330339425764681494e+01
2.317641059431910122e+01
2.305094142047200734e+01
2.292681985149817692e+01
2.280387764792207150e+01
2.268194815331677106e+01
2.256086886333268282e+01
2.244048352320302797e+01
2.232064370330292391e+01
2.220120984987769930e+01
2.208205184749423466e+01
2.196304915901701094e+01
2.184409062723297268e+01
2.172507403054091668e+01
2.160590548466171157e+01
2.148649877589384971e+01
2.136677470076894636e+01
2.124666047495515642e+01
2.112608926167050427e+01
2.100499985795713442e+01
2.088333656573212949e+01
2.076104926307344911e+01
2.063809367909570014e+01
2.051443186230518023e+01
2.039003281740093243e+01
2.026487326947536260e+01
2.013893849849278794e+01
2.001222317257835925e+01
1.988473209771404271e+01
1.975648079639676169e+01
1.962749582997471975e+01
1.949781479026789199e+01
1.936748590557704830e+01
1.923656723353173703e+01
1.910512544617732900e+01
1.897323424822598525e+01
1.884097250360040121e+01
1.870842217443174960e+01
1.857566619686911125e+01
1.844278642677478075e+01
1.830986178444775803e+01
1.817696671104073758e+01
1.804417002235857481e+01
1.791153421121958900e+01
1.777911521156386598e+01
1.764696260009311857e+01
1.751512017846492952e+01
1.738362685374165295e+01
1.725251771900202513e+01
1.712182523042230642e+01
1.699158038104013357e+01
1.686181378352756965e+01
1.673255659231108794e+01
1.660384121691646442e+01
1.647570180096018078e+01
1.634817446272336738e+01
1.622129731180233492e+01
1.609511027097983771e+01
1.596965474246785099e+01
1.584497316298714509e+01
1.572110849308013414e+01
1.559810368333739028e+01
1.547600115459513503e+01
1.535484232168279739e+01
1.523466718189629887e+01
1.511551398082619357e+01
1.499741896035255095e+01
1.488041618683700129e+01
1.476453745237317605e+01
1.464981223834222668e+01
1.453626772854813787e+01
1.442392885864238572e+01
1.431281838921341532e+01
1.420295699140503665e+01
1.409436333600685565e+01
1.398705417926768924e+01
1.388104444100345347e+01
1.377634727267876613e+01
1.367297411489095893e+01
1.357093474505297870e+01
1.347023731696462789e+01
1.337088839445253008e+01
1.327289298140987661e+01
1.317625455038222348e+01
1.308097507153589945e+01
1.298705504336398242e+01
1.289449352602194310e+01
1.280328817772277183e+01
1.271343529428174435e+01
1.262492985164026749e+01
1.253776555108829704e+01
1.245193486688731710e+01
1.236742909609141527e+01
1.228423841049799492e+01
1.220235191082323567e+01
1.212175768335982617e+01
1.204244285946077753e+01
1.196439367826211075e+01
1.188759555299638748e+01
1.181203314114416791e+01
1.173769041849825534e+01
1.166455075698745070e+01
1.159259700584182973e+01
1.152181157545551393e+01
1.145217652304923739e+01
1.138367363908013630e+01
1.131628453320664995e+01
1.124999071857094357e+01
1.118477369318037162e+01
1.112061501723810863e+01
1.105749638543269242e+01
1.099539969333892486e+01
1.093430709732192163e+01
1.087420106753504356e+01
1.081506443382285632e+01
1.075688042454369331e+01
1.069963269850467213e+01
1.064330537035553625e+01
1.058788302989640684e+01
1.053335075585099290e+01
1.047969412469443817e+01
1.042689921516271312e+01
1.037495260903808969e+01
1.032384138881787194e+01
1.027355313280281024e+01
1.022407590810547973e+01
1.017539826201366004e+01
1.012750921208942145e+01
1.008039823532450008e+01
1.003405525660812891e+01
9.988470636722286855e+00
9.943635160026870423e+00
9.899540021959078118e+00
9.856176816442241417e+00
9.813537523266212759e+00
9.771614495487451535e+00
9.730400446884271304e+00
9.689888439477735815e+00
9.650071871143232727e+00
9.610944463314448072e+00
9.572500248795892119e+00
9.534733559685092175e+00
9.497639015418247510e+00
9.461211510949905090e+00
9.425446205075767026e+00
9.390338508916117988e+00
9.355884074564190911e+00
9.322078783933564594e+00
9.288918737796599601e+00
9.256400245047338160e+00
9.224519812193792134e+00
9.193274133098471523e+00
9.162660078978387190e+00
9.132674688677703045e+00
9.103315159222084674e+00
9.074578836670111670e+00
9.046463207265496465e+00
9.018965888895936089e+00
8.992084622873303346e+00
8.965817266030514432e+00
8.940161783143919294e+00
8.915116239682662425e+00
8.890678794883690728e+00
8.866847695154520537e+00
8.843621267799102625e+00
8.820997915064735295e+00
8.798976108507497784e+00
8.777554383664723403e+00
8.756731335033151709e+00
8.736505611341433664e+00
8.716875911107614172e+00
8.697840978472116902e+00
8.679399599298806223e+00
8.661550597525215167e+00
8.644292831756144935e+00
8.627625192088672179e+00
8.611546597150974591e+00
8.596055991350739944e+00
8.581152342310456760e+00
8.566834638492556664e+00
8.553101886986423708e+00
8.539953111461400681e+00
8.527387350265019705e+00
8.515403654660602228e+00
8.504001087198792774e+00
8.493178720208668153e+00
8.482935634406807424e+00
8.473270917610937758e+00
8.464183663563371596e+00
8.455672970845929726e+00
8.447737941893965541e+00
8.440377682099763135e+00
8.433591299003397879e+00
8.427377901573537500e+00
