2.322114978503714592e-04
2.363104051187498047e-05
2.630866428423969235e-05
3.220639043293893231e-05
4.168810269423869696e-05
5.489651604479943274e-05
7.186751997518520487e-05
9.259909919240998132e-05
1.170800867994481058e-04
1.453001353724685599e-04
1.772521328270084285e-04
2.129320331393566698e-04
2.523380574503616969e-04
2.954699284907002588e-04
3.423283002204246172e-04
3.929143758530660225e-04
4.472296661910984852e-04
5.052758416693971721e-04
5.670546434149392702e-04
6.325678302107847796e-04
7.018171468696457645e-04
7.748043052533916050e-04
8.515309727604859595e-04
9.319987652617827247e-04
1.016209242733592463e-03
1.104163906570289127e-03
1.195864197978282247e-03
1.291311497093626309e-03
1.390507122602454692e-03
1.493452331723649131e-03
1.600148320459553880e-03
1.710596224049530656e-03
1.824797117578773721e-03
1.942752016706619008e-03
2.064461878486524484e-03
2.189927602256119907e-03
2.319150030578845736e-03
2.452129950223484040e-03
2.588868093168941124e-03
2.729365137624890306e-03
2.873621709059470241e-03
3.021638381227461159e-03
3.173415677192658896e-03
3.328954070339535699e-03
3.488253985370219201e-03
3.651315799282167391e-03
3.818139842324475269e-03
3.988726398929298179e-03
4.163075708616087271e-03
4.341187966866629118e-03
4.523063325969040732e-03
4.708701895828845164e-03
4.898103744746105069e-03
5.091268900156820966e-03
5.288197349338135365e-03
5.488889040074990469e-03
5.693343881290164124e-03
5.901561743633511152e-03
6.113542460032217636e-03
6.329285826201264988e-03
6.548791601113056887e-03
6.772059507425914199e-03
6.999089231872641752e-03
7.229880425607731510e-03
7.464432704513724280e-03
7.702745649467751705e-03
7.944818806566743274e-03
8.190651687313917767e-03
8.440243768765127996e-03
8.693594493638181347e-03
8.950703270382406526e-03
9.211569473211847492e-03
9.476192442103729963e-03
9.744571482759910655e-03
1.001670586653544311e-02
1.029259483033442488e-02
1.057223757647459024e-02
1.085563327252032917e-02
1.114278105108969588e-02
1.143368000963135810e-02
1.172832921017797660e-02
1.202672767907446080e-02
1.232887440668373018e-02
1.263476834707165722e-02
1.294440841767301002e-02
1.325779349893991405e-02
1.357492243397439950e-02
1.389579402814589658e-02
1.422040704869784698e-02
1.454876022434245866e-02
1.488085224484715814e-02
1.521668176061125553e-02
1.555624738224060423e-02
1.589954768011499903e-02
1.624658118395479189e-02
1.659734638238343982e-02
1.695184172249472945e-02
1.731006560941776573e-02
1.767201640588789840e-02
1.803769243182034784e-02
1.840709196389107849e-02
1.878021323512311935e-02
1.915705443448418796e-02
1.953761370649017073e-02
1.992188915082199543e-02
2.030987882195271765e-02
2.070158072878912348e-02
2.109699283432427477e-02
2.149611305530872013e-02
2.189893926193495211e-02
2.230546927753836173e-02
2.271570087831769127e-02
2.312963179307252204e-02
2.354725970296080162e-02
2.396858224127634482e-02
2.439359699324913228e-02
2.482230149586336573e-02
2.525469323770258498e-02
2.569076965881623639e-02
2.613052815061101680e-02
2.657396605576591020e-02
2.702108066817450471e-02
2.747186923291258451e-02
2.792632894623052822e-02
2.838445695557852491e-02
2.884625035965107318e-02
2.931170620846687211e-02
2.978082150346977874e-02
3.025359319766491792e-02
3.073001819577457147e-02
3.121009335442474775e-02
3.169381548235874341e-02
3.218118134067422809e-02
3.267218764308449375e-02
3.316683105620199523e-02
3.366510819984241260e-02
3.416701564734593577e-02
3.467254992591471685e-02
3.518170751696137605e-02
3.569448485646559838e-02
3.621087833533628841e-02
3.673088429977546671e-02
3.725449905162907943e-02
3.778171884873904318e-02
3.831253990527006686e-02
3.884695839201893902e-02
3.938497043669544895e-02
3.992657212416481083e-02
4.047175949665368644e-02
4.102052855390317387e-02
4.157287525326653493e-02
4.212879550974475695e-02
4.268828519595194854e-02
4.325134014200447685e-02
4.381795613532452754e-02
4.438812892035413904e-02
4.496185419817699119e-02
4.553912762603688075e-02
4.611994481674960150e-02
4.670430133801258682e-02
4.729219271159591093e-02
4.788361441242129646e-02
4.847856186753143198e-02
4.907703045493808092e-02
4.967901550236337310e-02
5.028451228586756222e-02
5.089351602837042382e-02
5.150602189806952752e-02
5.212202500676470923e-02
5.274152040809389902e-02
5.336450309568450956e-02
5.399096800124161127e-02
5.462090999256560830e-02
5.525432387152746927e-02
5.589120437200379571e-02
5.653154615778716030e-02
5.717534382048373304e-02
5.782259187741885242e-02
5.847328476954569837e-02
5.912741685939917891e-02
5.978498242908139582e-02
6.044597567831502122e-02
6.111039072255409349e-02
6.177822159119582962e-02
6.244946222587614837e-02
6.312410647887944926e-02
6.380214811166304290e-02
6.448358079352256578e-02
6.516839810037608482e-02
6.585659351371862813e-02
6.654816041970917917e-02
6.724309210842781270e-02
6.794138177329760164e-02
6.864302251066857485e-02
6.934800731957581343e-02
7.005632910166492699e-02
7.076798066128899001e-02
7.148295470578383548e-02
7.220124384589565736e-02
7.292284059638397264e-02
7.364773737679049248e-02
7.437592651233800034e-02
7.510740023501059903e-02
7.584215068475022581e-02
7.658016991079874547e-02
7.732144987316368068e-02
7.806598244419152288e-02
7.881375941025289822e-02
7.956477247351341486e-02
8.031901325379310619e-02
8.107647329048338347e-02
8.183714404452180347e-02
8.260101690041257716e-02
8.336808316826088694e-02
8.413833408583064333e-02
8.491176082059320729e-02
8.568835447175333908e-02
8.646810607225274836e-02
8.725100659071896581e-02
8.803704693335806519e-02
8.882621794578041130e-02
8.961851041472811141e-02
9.041391506972688841e-02
9.121242258461728647e-02
9.201402357899222950e-02
9.281870861949913232e-02
9.362646822103791455e-02
9.443729284781639255e-02
9.525117291429882616e-02
9.606809878601718644e-02
9.688806078025265223e-02
9.771104916662179396e-02
9.853705416751273871e-02
9.936606595843910927e-02
1.001980746682669815e-01
1.010330703793696494e-01
1.018710431276639294e-01
1.027119829025820302e-01
1.035558796469652348e-01
1.044027232568927321e-01
1.052525035814372012e-01
1.061052104223812048e-01
1.069608335338719518e-01
1.078193626220498441e-01
1.086807873446205414e-01
1.095450973104107467e-01
1.104122820788831505e-01
1.112823311596292247e-01
1.121552340118378288e-01
1.130309800437449136e-01
1.139095586120672243e-01
1.147909590214210712e-01
1.156751705237265559e-01
1.165621823176055949e-01
1.174519835477842306e-01
1.183445633044887119e-01
1.192399106228495542e-01
1.201380144823211010e-01
1.210388638061052624e-01
1.219424474606250752e-01
1.228487542550049105e-01
1.237577729405999194e-01
1.246694922105574671e-01
1.255839006994521612e-01
1.265009869829505085e-01
1.274207395775549811e-01
1.283431469404079373e-01
1.292681974691537450e-01
1.301958795019032555e-01
1.311261813172280022e-01
1.320590911342757745e-01
1.329945971129176951e-01
1.339326873539923579e-01
1.348733498996016467e-01
1.358165727334736672e-01
1.367623437813852705e-01
1.377106509116307054e-01
1.386614819355337092e-01
1.396148246079967070e-01
1.405706666280660821e-01
1.415289956395540116e-01
1.424897992316071504e-01
1.434530649393523094e-01
1.444187802444844015e-01
1.453869325758752329e-01
1.463575093101544267e-01
1.473304977722794951e-01
1.483058852360715218e-01
1.492836589247442391e-01
1.502638060113706819e-01
1.512463136193624158e-01
1.522311688228991100e-01
1.532183586473065406e-01
1.542078700694467230e-01
1.551996900180629968e-01
1.561938053740823396e-01
1.571902029709375537e-01
1.581888695948343859e-01
1.591897919849958043e-01
1.601929568339369170e-01
1.611983507876743604e-01
1.622059604459550608e-01
1.632157723624687307e-01
1.642277730450481255e-01
1.652419489558623611e-01
1.662582865116216946e-01
1.672767720837405880e-01
1.682973919985317479e-01
1.693201325373601129e-01
1.703449799368247364e-01
1.713719203888926790e-01
1.724009400410612958e-01
1.734320249964877991e-01
1.744651613141108559e-01
1.755003350087606939e-01
1.765375320512500568e-01
1.775767383684723477e-01
1.786179398434522281e-01
1.796611223153850856e-01
1.807062715796823871e-01
1.817533733879604652e-01
1.828024134480408791e-01
1.838533774239017315e-01
1.849062509356332595e-01
1.859610195593541793e-01
1.870176688270932530e-01
1.880761842266793493e-01
1.891365512015789896e-01
1.901987551507323682e-01
1.912627814283377470e-01
1.923286153436364887e-01
1.933962421606755799e-01
1.944656470980425378e-01
1.955368153285516608e-01
1.966097319789617548e-01
1.976843821296436488e-01
1.987607508142365809e-01
1.998388230192811310e-01
2.009185836838592587e-01
2.020000176992019780e-01
2.030831099083107993e-01
2.041678451055363719e-01
2.052542080362013965e-01
2.063421833961841534e-01
2.074317558315352250e-01
2.085229099380495055e-01
2.096156302609230304e-01
2.107099012943500771e-01
2.118057074811671991e-01
2.129030332125159408e-01
2.140018628275214829e-01
2.151021806130006264e-01
2.162039708031900376e-01
2.173072175794948657e-01
2.184119050703074161e-01
2.195180173508190502e-01
2.206255384428883748e-01
2.217344523149574753e-01
2.228447428820072851e-01
2.239563940055272762e-01
2.250693894935796580e-01
2.261837131008670176e-01
2.272993485288758164e-01
2.284162794260474472e-01
2.295344893880089110e-01
2.306539619578348022e-01
2.317746806263726866e-01
2.328966288325871603e-01
2.340197899639873680e-01
2.351441473570487495e-01
2.362696842977080047e-01
2.373963840218672461e-01
2.385242297159693159e-01
2.396532045175613079e-01
2.407832915159187903e-01
2.419144737526892908e-01
2.430467342225506311e-01
2.441800558739026517e-01
2.453144216095766994e-01
2.464498142875772846e-01
2.475862167218176035e-01
2.487236116828945853e-01
2.498619818988863650e-01
2.510013100561602761e-01
2.521415788002210334e-01
2.532827707365524206e-01
2.544248684315335574e-01
2.555678544133681007e-01
2.567117111730382595e-01
2.578564211653370242e-01
2.590019668099487471e-01
2.601483304925438778e-01
2.612954945660139749e-01
2.624434413517288678e-01
2.635921531408940144e-01
2.647416121959945690e-01
2.658918007523514149e-01
2.670427010197709006e-01
2.681942951842969380e-01
2.693465654101089846e-01
2.704994938415143935e-01
2.716530626050627784e-01
2.728072538118158086e-01
2.739620495597047678e-01
2.751174319360520371e-01
2.762733830201449803e-01
2.774298848859771405e-01
2.785869196050804186e-01
2.797444692494301388e-01
2.809025158944277178e-01
2.820610416219554994e-01
2.832200285234599546e-01
2.843794587030756271e-01
2.855393142807310380e-01
2.866995773952537574e-01
2.878602302074328989e-01
2.890212549029921307e-01
2.901826336955045660e-01
2.913443488291738159e-01
2.925063825814687712e-01
2.936687172656426981e-01
2.948313352330176329e-01
2.959942188751207293e-01
2.971573506255308361e-01
2.983207129615508824e-01
2.994842884056008736e-01
3.006480595263398281e-01
3.018120089395098793e-01
3.029761193084851700e-01
3.041403733445062763e-01
3.053047538066213096e-01
3.064692435013074423e-01
3.076338252817454877e-01
3.087984820467827296e-01
3.099631967395354293e-01
3.111279523456825236e-01
3.122927318913908401e-01
3.134575184408776027e-01
3.146222950936937712e-01
3.157870449815771141e-01
3.169517512650310009e-01
3.181163971295489223e-01
3.192809657814738578e-01
3.204454404436103965e-01
3.216098043505150605e-01
3.227740407434603331e-01
3.239381328652085612e-01
3.251020639545450508e-01
3.262658172405855650e-01
3.274293759369127921e-01
3.285927232356742889e-01
3.297558423014779749e-01
3.309187162653252079e-01
3.320813282185043347e-01
3.332436612065435289e-01
3.344056982232236352e-01
3.355674222047257405e-01
3.367288160239654826e-01
3.378898624850678600e-01
3.390505443180926171e-01
3.402108441740460676e-01
3.413707446201232898e-01
3.425302281352406997e-01
3.436892771059430474e-01
3.448478738225974616e-01
3.460060004759218377e-01
3.471636391538775457e-01
3.483207718389256802e-01
3.494773804056094946e-01
3.506334466185676568e-01
3.517889521308801282e-01
3.529438784828364817e-01
3.540982071010454479e-01
3.552519192980206908e-01
3.564049962721165254e-01
3.575574191079436970e-01
3.587091687771147841e-01
3.598602261395340562e-01
3.610105719450112938e-01
3.621601868353566123e-01
3.633090513468253402e-01
3.644571459130064306e-01
3.656044508680512672e-01
3.667509464502414773e-01
3.678966128058886453e-01
3.690414299934860476e-01
3.701853779881381645e-01
3.713284366861943075e-01
3.724705859100569949e-01
3.736118054132039346e-01
3.747520748853505612e-01
3.758913739577500190e-01
3.770296822087571553e-01
3.781669791694920457e-01
3.793032443298545719e-01
3.804384571447526064e-01
3.815725970407782830e-01
3.827056434233449544e-01
3.838375756842896114e-01
3.849683732101524813e-01
3.860980153911932611e-01
3.872264816311485336e-01
3.883537513578516620e-01
3.894798040347386969e-01
3.906046191732767126e-01
3.917281763463267286e-01
3.928504552022399898e-01
3.939714354798755647e-01
3.950910970241754416e-01
3.962094198022843017e-01
3.973263839199787650e-01
3.984419696381393816e-01
3.995561573890972218e-01
4.006689277925106762e-01
4.017802616705439811e-01
4.028901400618973838e-01
4.039985442346274436e-01
4.051054556972603637e-01
4.062108562080631868e-01
4.073147277821497769e-01
4.084170526963415426e-01
4.095178134915166690e-01
4.106169929724845513e-01
4.117145742052893964e-01
4.128105405119317228e-01
4.139048754626369897e-01
4.149975628658158500e-01
4.160885867557832518e-01
4.171779313784944043e-01
4.182655811753999142e-01
4.193515207657072530e-01
4.204357349271255484e-01
4.215182085753604313e-01
4.225989267422615159e-01
4.236778745531061263e-01
4.247550372026862586e-01
4.258303999306108367e-01
4.269039479957806860e-01
4.279756666501079998e-01
4.290455411117760076e-01
4.301135565381069004e-01
4.311796979984696687e-01
4.322439504473846728e-01
4.333062986985159459e-01
4.343667273996494882e-01
4.354252210095110875e-01
4.364817637765726066e-01
4.375363397206659677e-01
4.385889326174182146e-01
4.396395259861509697e-01
4.406881030811228284e-01
4.417346468863873610e-01
4.427791401140511174e-01
4.438215652056897720e-01
4.448619043365414916e-01
4.459001394220814540e-01
4.469362521263595678e-01
4.479702238715989049e-01
4.490020358485350416e-01
4.500316690270209086e-01
4.510591041664112621e-01
4.520843218257561968e-01
4.531073023734575878e-01
4.541280259965760902e-01
4.551464727099155949e-01
4.561626223653385548e-01
4.571764546616668978e-01
4.581879491556228312e-01
4.591970852743165743e-01
4.602038423297153402e-01
4.612081995353962682e-01
4.622101360255891356e-01
4.632096308767733595e-01
4.642066631311552172e-01
4.652012118218825654e-01
4.661932559990151770e-01
4.671827747555412635e-01
4.681697472522904913e-01
4.691541527407475654e-01
4.701359705827142799e-01
4.711151802658587462e-01
4.720917614145740959e-01
4.730656937956403407e-01
4.740369573187499519e-01
4.750055320323192665e-01
4.759713981153633200e-01
4.769345358666657875e-01
4.778949256928692324e-01
4.788525480972672388e-01
4.798073836711956863e-01
4.807594130901785556e-01
4.817086171165007591e-01
4.826549766098837124e-01
4.835984725475556134e-01
4.845390860544485645e-01
4.854767984437083350e-01
4.864115912673345199e-01
4.873434463760016322e-01
4.882723459865085935e-01
4.891982727551705823e-01
4.901212098544076023e-01
4.910411410503036089e-01
4.919580507779052758e-01
4.928719242115073285e-01
4.937827473269028600e-01
4.946905069529853316e-01
4.955951908101854375e-01
4.964967875336671610e-01
4.973952866798820316e-01
4.982906787153819073e-01
4.991829549876802830e-01
5.000721076786392993e-01
5.009581297415183210e-01
5.018410148235505908e-01
5.027207571765970329e-01
5.035973515586334992e-01
5.044707931290736136e-01
5.053410773405396794e-01
5.062081998292256024e-01
5.070721563048384839e-01
5.079329424402192483e-01
5.087905537591606020e-01
5.096449855201216073e-01
5.104962325929965905e-01
5.113442893258953736e-01
5.121891493999943812e-01
5.130308056719945498e-01
5.138692500064315771e-01
5.147044731025014475e-01
5.155364643236766131e-01
5.163652115401102805e-01
5.171907009959977319e-01
5.180129172141784144e-01
5.188318429487925876e-01
5.196474591941279142e-01
5.204597452539775349e-01
5.212686788703453367e-01
5.220742364059850482e-01
5.228763930703833607e-01
5.236751231756209268e-01
5.244704004066049752e-01
5.252621980898984910e-01
5.260504894464409498e-01
5.268352478157892760e-01
5.276164468422863685e-01
5.283940606168026077e-01
5.291680637708024992e-01
5.299384315228881093e-01
5.307051396805821941e-01
5.314681646031885753e-01
5.322274831345149559e-01
5.329830725162074678e-01
5.337349102949677793e-01
5.344829742376298043e-01
5.352272422684998254e-01
5.359676924422827060e-01
5.367043029634621654e-01
5.374370522593747701e-01
5.381659191092333927e-01
5.388908828252937377e-01
5.396119234751441951e-01
5.403290221273687743e-01
5.410421610960381988e-01
5.417513241549936076e-01
5.424564966915379483e-01
5.431576657710891487e-01
5.438548200915853670e-01
5.445479498162394405e-01
5.452370462869067236e-01
5.459221016335595866e-01
5.466031083076448027e-01
5.472800585761969927e-01
5.479529440180722633e-01
5.486217550641641072e-01
5.492864806192170324e-01
5.499471077968905997e-01
5.506036217907669394e-01
5.512560058946862629e-01
5.519042416753532354e-01
5.525483092889583725e-01
5.531881879217959153e-01
5.538238563232725786e-01
5.544552933895352531e-01
5.550824787493818802e-01
5.557053933033695436e-01
5.563240196732628373e-01
5.569383425317165903e-01
5.575483488004377985e-01
5.581540277235556013e-01
5.587553708388309781e-01
5.593523718775742504e-01
5.599450266235354023e-01
5.605333327525178211e-01
5.611172896616120065e-01
5.616968982859117387e-01
5.622721608955688621e-01
5.628430808690988441e-01
5.634096624513389440e-01
5.639719105177418701e-01
5.645298303784576088e-01
5.650834276569928205e-01
5.656327082657650607e-01
5.661776784751321179e-01
5.667183450371414688e-01
5.672547152870571763e-01
5.677867971163972349e-01
5.683145986986944953e-01
5.688381278626739590e-01
5.693573910500012714e-01
5.698723918643152642e-01
5.703831293040054762e-01
5.708895958590163300e-01
5.713917757197153335e-01
5.718896433756927022e-01
5.723831628594470144e-01
5.728722878114679284e-01
5.733569624216680038e-01
5.738371231605039480e-01
5.743127010855730852e-01
5.747836244278818896e-01
5.752498211471861467e-01
5.757112212025466969e-01
5.761677583945858938e-01
5.766193717645510253e-01
5.770660066401671617e-01
5.775076154625586877e-01
5.779441584980726798e-01
5.783756044499428484e-01
5.788019308788988626e-01
5.792231242736028962e-01
5.796391796185539347e-01
5.800500993935278071e-01
5.804558920694294910e-01
5.808565702850067014e-01
5.812521489523553297e-01
5.816426435316064403e-01
5.820280686624587085e-01
5.824084372818414401e-01
5.827837603228063212e-01
5.831540470787418551e-01
5.835193062979279199e-01
5.838795480071881094e-01
5.842347859249419351e-01
5.845850401273799957e-01
5.849303394293939862e-01
5.852707228149719443e-01
5.856062392784929793e-01
5.859369456584216929e-01
5.862629024361185603e-01
5.865841679390970675e-01
5.869007917962835164e-01
5.872128087190824353e-01
5.875202336612163068e-01
5.878230591623484491e-01
5.881212552867147725e-01
5.884147721295872602e-01
5.887035444644067583e-01
5.889874977911920828e-01
5.892665548574533840e-01
5.895406416878058442e-01
5.898096922975448742e-01
5.900736515706569429e-01
5.903324761843240509e-01
5.905861338502403912e-01
5.908346014049166151e-01
5.910778623540109411e-01
5.913159043809379511e-01
5.915487171560226409e-01
5.917762906323674743e-01
5.919986139518264023e-01
5.922156750900537947e-01
5.924274613676350221e-01
5.926339608655185609e-01
5.928351645885501231e-01
5.930310689835459614e-01
5.932216782597899973e-01
5.934070059804708031e-01
5.935870756182610730e-01
5.937619201124151314e-01
5.939315807867786567e-01
5.940961061447995739e-01
5.942555509860362184e-01
5.944099760217039785e-01
5.945594478170018737e-01
5.947040385940914886e-01
5.948438252986542052e-01
5.949788874038970388e-01
5.951093031679680623e-01
5.952351444005995473e-01
5.953564701577697127e-01
5.954733201128146192e-01
5.955857086033208292e-01
5.956936204716872796e-01
5.957970097253421082e-01
5.958958016776858546e-01
5.959898985871836530e-01
5.960791879983090569e-01
5.961635522178926339e-01
5.962428769069531009e-01
5.963170568770455038e-01
5.963859979687099466e-01
5.964496152498226511e-01
5.965078293047940683e-01
5.965605634538774238e-01
5.966077447022861691e-01
5.966493098103531345e-01
5.966852155342411423e-01
5.967154499052421679e-01
5.967400405988430023e-01
5.967590575345349535e-01
5.967726092601212118e-01
5.967808350065788581e-01
5.967838952613175874e-01
5.967819630090087646e-01
5.967752162800995519e-01
5.967638315840508856e-01
5.967479778683901781e-01
5.967278115042551345e-01
5.967034734976822685e-01
5.966750899131826325e-01
5.966427753685551449e-01
5.966066380763455079e-01
5.965667840446760017e-01
5.965233181225993997e-01
5.964763405106561223e-01
5.964259387877318686e-01
5.963721769864536171e-01
5.963150843552147418e-01
5.962546468069456207e-01
5.961908034602050321e-01
5.961234492496411130e-01
5.960524428407724118e-01
5.959776177634392713e-01
5.958987943265258158e-01
5.958157905024177303e-01
5.957284310186774512e-01
5.956365546232161856e-01
5.955400194911207867e-01
5.954387062290528165e-01
5.953325175559518456e-01
5.952213740802957398e-01
5.951052067270580226e-01
5.949839478030867213e-01
5.948575236871309624e-01
5.947258521365577089e-01
5.945888460960419009e-01
5.944464239940434602e-01
5.942985244233813802e-01
5.941451215197353086e-01
5.939862368545527627e-01
5.938219444737480313e-01
5.936523675694912461e-01
5.934776674831320209e-01
5.932980275313787244e-01
5.931136350625785258e-01
5.929246651752817510e-01
5.927312689532708845e-01
5.925335681519894315e-01
5.923316570596141029e-01
5.921256106893945104e-01
5.919154966507879090e-01
5.917013865187973343e-01
5.914833621146152742e-01
5.912615135020932167e-01
5.910359285747865954e-01
5.908066776590490399e-01
5.905737987804540179e-01
5.903372887955359305e-01
5.900971026184363977e-01
5.898531589768899464e-01
5.896053487414268934e-01
5.893535421628385285e-01
5.890975938059440642e-01
5.888373466974118342e-01
5.885726382831428793e-01
5.883033095147403024e-01
5.880292156876133491e-01
5.877502354674392082e-01
5.874662745688226106e-01
5.871772631010543364e-01
5.868831492263306693e-01
5.865838940798340229e-01
5.862794721532016418e-01
5.859698778657536078e-01
5.856551351570458142e-01
5.853353052892377173e-01
5.850104896499961349e-01
5.846808278036752515e-01
5.843464937207450971e-01
5.840076931978132047e-01
5.836646632101462062e-01
5.833176712234436900e-01
5.829670113395128972e-01
5.826129952777708843e-01
5.822559387500696459e-01
5.818961461311580319e-01
5.815338971264952805e-01
5.811694380347386391e-01
5.808029778609061777e-01
5.804346872142527314e-01
5.800646968333534881e-01
5.796930932914425849e-01
5.793199115771638930e-01
5.789451266895893067e-01
5.785686478384751696e-01
5.781903185577668136e-01
5.778099241965317656e-01
5.774272057780011069e-01
5.770418772371446181e-01
5.766536422999095635e-01
5.762622078288157645e-01
5.758672918682703479e-01
5.754686262303370103e-01
5.750659547783203429e-01
5.746590293840317942e-01
5.742476058459324850e-01
5.738314418677201711e-01
5.734102984856725982e-01
5.729839451599046951e-01
5.725521674484655987e-01
5.721147753982220863e-01
5.716716110948276697e-01
5.712225551890899311e-01
5.707675337334255916e-01
5.703065269554405958e-01
5.698395799335198575e-01
5.693668122581282409e-01
5.688884215869107752e-01
5.684046762774092043e-01
5.679158952386106352e-01
5.674224173542999905e-01
5.669245663129416357e-01
5.664226182132040543e-01
5.659167788578352010e-01
5.654071757554327560e-01
5.648938669155484371e-01
5.643768646883163820e-01
5.638561686105574289e-01
5.633317977573339963e-01
5.628038123048388908e-01
5.622723171314101265e-01
5.617374467007139049e-01
5.611993374738272200e-01
5.606580982300322091e-01
5.601137879126076857e-01
5.595664057516187562e-01
5.590158925507242582e-01
5.584621384614487649e-01
5.579049926754694466e-01
5.573442730513828991e-01
5.567797762004292883e-01
5.562112890690340539e-01
5.556386015560006442e-01
5.550615177709743442e-01
5.544798629722723637e-01
5.538934846832844761e-01
5.533022491582954006e-01
5.527060365922062957e-01
5.521047388535448297e-01
5.514982618004703463e-01
5.508865314072547426e-01
5.502695006060562832e-01
5.496471531911061303e-01
5.490195025263712170e-01
5.483865852560612097e-01
5.477484524220025408e-01
5.471051613556252580e-01
5.464567712075932837e-01
5.458033434434379494e-01
5.451449467868735299e-01
5.444816645770739205e-01
5.438136017572334779e-01
5.431408889397618678e-01
5.424636821476469528e-01
5.417821585060752509e-01
5.410965096294382271e-01
5.404069349802512745e-01
5.397136367852344296e-01
5.390168166122321081e-01
5.383166723844787782e-01
5.376133942905013674e-01
5.369071589269520661e-01
5.361981224895593368e-01
5.354864149297531295e-01
5.347721370168477817e-01
5.340553611854390592e-01
5.333361355652456171e-01
5.326144895377293853e-01
5.318904390196129706e-01
5.311639902846750916e-01
5.304351419170204585e-01
5.297038849257669213e-01
5.289702010640248142e-01
5.282340593108449944e-01
5.274954106876840187e-01
5.267541821926738921e-01
5.260102713728588286e-01
5.252635434761875333e-01
5.245138329414542611e-01
5.237609502319611199e-01
5.230046939834904762e-01
5.222448674027418969e-01
5.214812969094524409e-01
5.207138501272269293e-01
5.199424496094974257e-01
5.191670785981986613e-01
5.183877762195024941e-01
5.176046219269702098e-01
5.168177119745559489e-01
5.160271329837059495e-01
5.152329383007140384e-01
5.144351318007827079e-01
5.136336618835083412e-01
5.128284265327115454e-01
5.120192888051727786e-01
5.112061006195669499e-01
5.103887308062088346e-01
5.095670913411667335e-01
5.087411547666633727e-01
5.079109573952439449e-01
5.070765872237967820e-01
5.062381608728975246e-01
5.053957975756454557e-01
5.045495982966636817e-01
5.036996346567450544e-01
5.028459476270509265e-01
5.019885525325431530e-01
5.011274461802646130e-01
5.002626135319515610e-01
4.993940336868393781e-01
4.985216863875537308e-01
4.976455600651606970e-01
4.967656610126252592e-01
4.958820217707141653e-01
4.949947063344261600e-01
4.941038107476737329e-01
4.932094595474183496e-01
4.923118002671895144e-01
4.914109988004046192e-01
4.905072375027149101e-01
4.896007159763549610e-01
4.886916525784351095e-01
4.877802838298712085e-01
4.868668595039818414e-01
4.859516329327624451e-01
4.850348481544437540e-01
4.841167270158581171e-01
4.831974596194144600e-01
4.822772004680944691e-01
4.813560707165089325e-01
4.804341648198715009e-01
4.795115583919645208e-01
4.785883138343255405e-01
4.776644814276801432e-01
4.767400956562679037e-01
4.758151686733367858e-01
4.748896840200337310e-01
4.739635933959748804e-01
4.730368176305618788e-01
4.721092509140284443e-01
4.711807659309037999e-01
4.702512174976590242e-01
4.693204435672752584e-01
4.683882642734514268e-01
4.674544810662311645e-01
4.665188782326429306e-01
4.655812280867979158e-01
4.646412993726737328e-01
4.636988668471642705e-01
4.627537194237856255e-01
4.618056649531271374e-01
4.608545312944586358e-01
4.599001649180359252e-01
4.589424290252699934e-01
4.579812027387908380e-01
4.570163816261719747e-01
4.560478784869145263e-01
4.550756227758914751e-01
4.540995576399634026e-01
4.531196350287291508e-01
4.521358109074414822e-01
4.511480433761421716e-01
4.501562960003616665e-01
4.491605470368000841e-01
4.481608031422545380e-01
4.471571143716133734e-01
4.461495863737726664e-01
4.451383859287008637e-01
4.441237373071997840e-01
4.431059091281455142e-01
4.420851939099107453e-01
4.410618845645105091e-01
4.400362528433686693e-01
4.390085338334243081e-01
4.379789184078339281e-01
4.369475530902240390e-01
4.359145452024915657e-01
4.348799709668726976e-01
4.338438850773339572e-01
4.328063311862876961e-01
4.317673528936508132e-01
4.307270040333109895e-01
4.296853560444767739e-01
4.286425000201802282e-01
4.275985421687501509e-01
4.265535934895378078e-01
4.255077563781112238e-01
4.244611116608353329e-01
4.234137089486052496e-01
4.223655617023442943e-01
4.213166468575522683e-01
4.202669078931580149e-01
4.192162600015127416e-01
4.181645962775624170e-01
4.171117942248374066e-01
4.160577221222002131e-01
4.150022448541736408e-01
4.139452287818201071e-01
4.128865452673441405e-01
4.118260726611750466e-01
4.107636969149661699e-01
4.096993113974753964e-01
4.086328168014972673e-01
4.075641220816022536e-01
4.064931470701642624e-01
4.054198268244578740e-01
4.043441170329755141e-01
4.032659992074505428e-01
4.021854841488826660e-01
4.011026124311991015e-01
4.000174513543374166e-01
3.989300887743948976e-01
3.978406251211170641e-01
3.967491654693467984e-01
3.956558135537734944e-01
3.945606690809460582e-01
3.934638287483498975e-01
3.923653903028244128e-01
3.912654580902538148e-01
3.901641481456269434e-01
3.890615910910861786e-01
3.879579318833767942e-01
3.868533265073980654e-01
3.857479366559866119e-01
3.846419239111695254e-01
3.835354447951025425e-01
3.824286474173176908e-01
3.813216696444964304e-01
3.802146381357028315e-01
3.791076674404108560e-01
3.780008586448826979e-01
3.768942975778342697e-01
3.757880530851662737e-01
3.746821761250981875e-01
3.735767002978508389e-01
3.724716439311941407e-01
3.713670131735498647e-01
3.702628049893633699e-01
3.691590087914370932e-01
3.680556058251986395e-01
3.669525662495047857e-01
3.658498448298042049e-01
3.647473768692960361e-01
3.636450761245169638e-01
3.625428358739836709e-01
3.614405332133306392e-01
3.603380354520032691e-01
3.592352066839583080e-01
3.581319125583074525e-01
3.570280220405914751e-01
3.559234062268862298e-01
3.548179355200458129e-01
3.537114771749627073e-01
3.526038950931801308e-01
3.514950528843288069e-01
3.503848199998394475e-01
3.492730796675079796e-01
3.481597367740351667e-01
3.470447238651870880e-01
3.459280039409945440e-01
3.448095694840146996e-01
3.436894379602865590e-01
3.425676447316973183e-01
3.414442348215580569e-01
3.403192551930955267e-01
3.391927490501165932e-01
3.380647531312267473e-01
3.369352981542894643e-01
3.358044117234542103e-01
3.346721224357896984e-01
3.335384638309883965e-01
3.324034772269786053e-01
3.312672131667656616e-01
3.301297318363425326e-01
3.289911031156784738e-01
3.278514067979598767e-01
3.267107330886166450e-01
3.255691830403660281e-01
3.244268683414008314e-01
3.232839099523822646e-01
3.221404354115344759e-01
3.209965750216337010e-01
3.198524574272166854e-01
3.187082051990488551e-01
3.175639309798547472e-01
3.164197345832538977e-01
3.152757012537128478e-01
3.141319011340881207e-01
3.129883898564061462e-01
3.118452100625729306e-01
3.107023935690814143e-01
3.095599638238994977e-01
3.084179382817436865e-01
3.072763303601381835e-01
3.061351507324124865e-01
3.049944078482154652e-01
3.038541077213579578e-01
3.027142531593700614e-01
3.015748427070886195e-01
3.004358696225962744e-01
2.992973211934207844e-01
2.981591786358792628e-01
2.970214177117329046e-01
2.958840100598097433e-01
2.947469250989824818e-01
2.936101322383962708e-01
2.924736030563014899e-01
2.913373130986119941e-01
2.902012430088753425e-01
2.890653788226880128e-01
2.879297114183240747e-01
2.867942352767012815e-01
2.856589468333812776e-01
2.845238427750761412e-01
2.833889186301759566e-01
2.822541679315297980e-01
2.811195821075778700e-01
2.799851511144879068e-01
2.788508646863943619e-01
2.777167139805377660e-01
2.765826933468296112e-01
2.754488019632062579e-01
2.743150451416026536e-01
2.731814352046933458e-01
2.720479919329617524e-01
2.709147426566035910e-01
2.697817220994104814e-01
2.686489720694454353e-01
2.675165410489693807e-01
2.663844836882077738e-01
2.652528601765553051e-01
2.641217354624232350e-01
2.629911783169041617e-01
2.618612602759787245e-01
2.607320545374152698e-01
2.596036349202124338e-01
2.584760750068949564e-01
2.573494475723833719e-01
2.562238243511744673e-01
2.550992761097789496e-01
2.539758728895293860e-01
2.528536841965778881e-01
2.517327788758220719e-01
2.506132244398835418e-01
2.494950857377593867e-01
2.483784230193622766e-01
2.472632896384350243e-01
2.461497297838864673e-01
2.450377766907889665e-01
2.439274517291761535e-01
2.428187646054434379e-01
2.417117146739417577e-01
2.406062931076280165e-01
2.395024854853076979e-01
2.384002742749070647e-01
2.372996407497870164e-01
2.362005660511621308e-01
2.351030313509253900e-01
2.340070173062058778e-01
2.329125031633952903e-01
2.318194659241089584e-01
2.307278799225855048e-01
2.296377170108458432e-01
2.285489473564181195e-01
2.274615406836394960e-01
2.263754676785469655e-01
2.252907012507721074e-01
2.242072173987876560e-01
2.231249955310717625e-01
2.220440182207360780e-01
2.209642704810114433e-01
2.198857387231154814e-01
2.188084095901168535e-01
2.177322688565660747e-01
2.166573005570319177e-01
2.155834864685053087e-01
2.145108060288161700e-01
2.134392367266925716e-01
2.123687549469180647e-01
2.112993371967848422e-01
2.102309615830008915e-01
2.091636093631031312e-01
2.080972663749212359e-01
2.070319241628469920e-01
2.059675806717714830e-01
2.049042404606526147e-01
2.038419144789095361e-01
2.027806195283504698e-01
2.017203775806693244e-01
2.006612151253205911e-01
1.996031626849670004e-01
1.985462545689714864e-01
1.974905288581141616e-01
1.964360275466331962e-01
1.953827967258876530e-01
1.943308866838981686e-01
1.932803518152661493e-01
1.922312502770269493e-01
1.911836433762803822e-01
1.901375947231471464e-01
1.890931692195325087e-01
1.880504319753488196e-01
1.870094472492557225e-01
1.859702775020201093e-01
1.849329826313078073e-01
1.838976194309729917e-01
1.828642412894627423e-01
1.818328981150493517e-01
1.808036364525308914e-01
1.797764997401029019e-01
1.787515286470318931e-01
1.777287614331938270e-01
1.767082342796018612e-01
1.756899815522272590e-01
1.746740359777429197e-01
1.736604287257713375e-01
1.726491894057881338e-01
1.716403459967180967e-01
1.706339247318583441e-01
1.696299499625714136e-01
1.686284440211752722e-01
1.676294270985158319e-01
1.666329171459657310e-01
1.656389298063429827e-01
1.646474783743495929e-01
1.636585737848675892e-01
1.626722246269170224e-01
1.616884371817072230e-01
1.607072154847651868e-01
1.597285614135320608e-01
1.587524748029205401e-01
1.577789535916344077e-01
1.568079940011928575e-01
1.558395907480266407e-01
1.548737372865663653e-01
1.539104260783512590e-01
1.529496488793455899e-01
1.519913970349216770e-01
1.510356617700142623e-01
1.500824344607447625e-01
1.491317068737486873e-01
1.481834713606537401e-01
1.472377209976290513e-01
1.462944496637152147e-01
1.453536520563198375e-01
1.444153236477555280e-01
1.434794605921845823e-01
1.425460595972638245e-01
1.416151177785670290e-01
1.406866325167729637e-01
1.397606013373428602e-01
1.388370218299857517e-01
1.379158916206642549e-01
1.369972084030338932e-01
1.360809700297662406e-01
1.351671746577940147e-01
1.342558209363651223e-01
1.333469082231426295e-01
1.324404368118623776e-01
1.315364081553991593e-01
1.306348250699304048e-01
1.297356919093112237e-01
1.288390147024780497e-01
1.279448012509050159e-01
1.270530611868156690e-01
1.261638059958136437e-01
1.252770490095970746e-01
1.243928053752793167e-01
1.235110920078327096e-01
1.226319275311358176e-01
1.217553322118400533e-01
1.208813278884024178e-01
1.200099378962831836e-01
1.191411869889612563e-01
1.182751012536576718e-01
1.174117080202610602e-01
1.165510357619769233e-01
1.156931139863410091e-01
1.148379731155230593e-01
1.139856443550921750e-01
1.131361595505520762e-01
1.122895510312834494e-01
1.114458514417958901e-01
1.106050935608546837e-01
1.097673101099866239e-01
1.089325335540966416e-01
1.081007958985931716e-01
1.072721284889971149e-01
1.064465618205504144e-01
1.056241253663845192e-01
1.048048474330745689e-01
1.039887550517008263e-01
1.031758739108915163e-01
1.023662283354119656e-01
1.015598413106289510e-01
1.007567345492151462e-01
9.995692859296688437e-02
9.916044293954719147e-02
9.836729618209943959e-02
9.757750614902116482e-02
9.679109003194566463e-02
9.600806449202363424e-02
9.522844573743972918e-02
9.445224956859911425e-02
9.367949139099360223e-02
9.291018619884740259e-02
9.214434853527207758e-02
9.138199243622599499e-02
9.062313136626036492e-02
8.986777815389850044e-02
8.911594493334515366e-02
8.836764309786233895e-02
8.762288326821575379e-02
8.688167527776077814e-02
8.614402817398794654e-02
8.540995023490702276e-02
8.467944899761707667e-02
8.395253129581548013e-02
8.322920330280958456e-02
8.250947057673289897e-02
8.179333810519349990e-02
8.108081034709826995e-02
8.037189127022881241e-02
7.966658438376852946e-02
7.896489276564684634e-02
7.826681908518770547e-02
7.757236562185508555e-02
7.688153428124704092e-02
7.619432660959502002e-02
7.551074380807297481e-02
7.483078674813904707e-02
7.415445598898480484e-02
7.348175179797646062e-02
7.281267417476344761e-02
7.214722287943163559e-02
7.148539746485399471e-02
7.082719731315406664e-02
7.017262167595218758e-02
6.952166971783453608e-02
6.887434056234341406e-02
6.823063333961711108e-02
6.759054723469579140e-02
6.695408153548648711e-02
6.632123567933444208e-02
6.569200929721576154e-02
6.506640225464811744e-02
6.444441468850334309e-02
6.382604703915270572e-02
6.321130007744930890e-02
6.260017492633275504e-02
6.199267307694322077e-02
6.138879639938579075e-02
6.078854714837577528e-02
6.019192796413475738e-02
5.959894186900175500e-02
5.900959226029292570e-02
5.842388289993461631e-02
5.784181790145916102e-02
5.726340171486535985e-02
5.668863910988963112e-02
5.611753515811263721e-02
5.555009521437433845e-02
5.498632489783304017e-02
5.442623007301704285e-02
5.386981683113364200e-02
5.331709147188794240e-02
5.276806048602206839e-02
5.222273053870517268e-02
5.168110845391639396e-02
5.114320119990950486e-02
5.060901587578690852e-02
5.007855969923690614e-02
4.955183999537055017e-02
4.902886418663339463e-02
4.850963978370997909e-02
4.799417437730730401e-02
4.748247563067885951e-02
4.697455127277605502e-02
4.647040909184102508e-02
4.597005692930842408e-02
4.547350267384839967e-02
4.498075425543399813e-02
4.449181963926431005e-02
4.400670681948315455e-02
4.352542381258001775e-02
4.304797865041345983e-02
4.257437937283366919e-02
4.210463401988534526e-02
4.163875062360848645e-02
4.117673719946203514e-02
4.071860173744981659e-02
4.026435219296784634e-02
3.981399647751106274e-02
3.936754244927908458e-02
3.892499790381219460e-02
3.848637056471662654e-02
3.805166807461062700e-02
3.762089798635049470e-02
3.719406775464091652e-02
3.677118472809377814e-02
3.635225614181038234e-02
3.593728911054271807e-02
3.552629062246676767e-02
3.511926753361754860e-02
3.471622656299570842e-02
3.431717428835626832e-02
3.392211714267300005e-02
3.353106141127404349e-02
3.314401322961343932e-02
3.276097858165242377e-02
3.238196329881627700e-02
3.200697305947161619e-02
3.163601338887776088e-02
3.126908965955957354e-02
3.090620709205625649e-02
3.054737075598193408e-02
3.019258557134489943e-02
2.984185631008569664e-02
2.949518759778028618e-02
2.915258391546203531e-02
2.881404960153368180e-02
2.847958885372971205e-02
2.814920573110028454e-02
2.782290415599737721e-02
2.750068791604286245e-02
2.718256066606628690e-02
2.686852592999948441e-02
2.655858710273479792e-02
2.625274745192572590e-02
2.595101011975093838e-02
2.565337812463421366e-02
2.535985436292667594e-02
2.507044161056540613e-02
2.478514252470522330e-02
2.450395964533683482e-02
2.422689539690617982e-02
2.395395208992575839e-02
2.368513192260265562e-02
2.342043698247740086e-02
2.315986924808389330e-02
2.290343059063593492e-02
2.265112277573909372e-02
2.240294746512998952e-02
2.215890621844847364e-02
2.191900049504131448e-02
2.168323165579016248e-02
2.145160096496950830e-02
2.122410959212723061e-02
2.100075861398935373e-02
2.078154901637923116e-02
2.056648169615091920e-02
2.035555746313268480e-02
2.014877704207488490e-02
1.994614107459471639e-02
1.974765012112496276e-02
1.955330466284745800e-02
1.936310510361575685e-02
1.917705177186255355e-02
1.899514492249155390e-02
1.881738473873779960e-02
1.864377133401065589e-02
1.847430475370587591e-02
1.830898497698750862e-02
1.814781191853795037e-02
1.799078543027496369e-02
1.783790530303588917e-02
1.768917126822604907e-02
1.754458299942995500e-02
1.740414011398801544e-02
1.726784217453884024e-02
1.713568869052576119e-02
1.700767911966577159e-02
1.688381286938446177e-02
1.676408929822114507e-02
1.664850771719659020e-02
1.653706739114919541e-02
1.642976754004114512e-02
1.632660734023645699e-02
1.622758592574125719e-02
1.613270238942945273e-02
1.604195578422832821e-02
1.595534512428776683e-02
