8.924391180166748000e-05
5.877726932787344545e-03
7.097439539675312777e-03
1.022900077366267237e-02
1.497567935644181746e-02
2.113249575951466758e-02
2.855223457780676002e-02
3.712525501758320162e-02
4.676715277231552337e-02
5.741100539012181786e-02
6.900236263933832992e-02
8.149592278839254411e-02
9.485327016677515266e-02
1.090412969604657584e-01
1.240310764294008800e-01
1.397970405997329135e-01
1.563163676935565571e-01
1.735685169630786784e-01
1.915348691105514256e-01
2.101984437120034410e-01
2.295436737612026601e-01
2.495562232667951907e-01
2.702228377905420698e-01
2.915312205466717432e-01
3.134699285985497186e-01
3.360282850521855713e-01
3.591963041295412884e-01
3.829646267231374135e-01
4.073244645651130647e-01
4.322675515418784586e-01
4.577861009866803221e-01
4.838727680129240039e-01
5.105206161291604428e-01
5.377230875156563394e-01
5.654739764518577072e-01
5.937674054710775362e-01
6.225978038882367116e-01
6.519598884028667829e-01
6.818486455251224765e-01
7.122593156101856282e-01
7.431873783171586423e-01
7.746285393342787762e-01
8.065787182336155992e-01
8.390340373363659454e-01
8.719908114850514202e-01
9.054455386316320187e-01
9.393948911616083475e-01
9.738357078834538605e-01
1.008764986620660054e+00
1.044179877350740915e+00
1.080077675841331519e+00
1.116455817738785994e+00
1.153311873069186477e+00
1.190643541115503856e+00
1.228448645638304360e+00
1.266725130410185418e+00
1.305471055037168870e+00
1.344684591042316857e+00
1.384364018189431000e+00
1.424507721026367246e+00
1.465114185629521781e+00
1.506181996532688361e+00
1.547709833825108738e+00
1.589696470405071560e+00
1.632140769376808409e+00
1.675041681580021091e+00
1.718398243242513557e+00
1.762209573747954394e+00
1.806474873512010193e+00
1.851193421961308871e+00
1.896364575611145797e+00
1.941987766238670421e+00
1.988062499149937379e+00
2.034588351539827755e+00
2.081564970945095627e+00
2.128992073791699635e+00
2.176869444038271428e+00
2.225196931918484555e+00
2.273974452785400668e+00
2.323201986061548041e+00
2.372879574298554228e+00
2.423007322350571258e+00
2.473585396665391567e+00
2.524614024697278580e+00
2.576093494445072185e+00
2.628024154118604461e+00
2.680406411936151923e+00
2.733240736054598052e+00
2.786527654633378592e+00
2.840267756032290425e+00
2.894461689142350469e+00
2.949110163847597832e+00
3.004213951614918443e+00
3.059773886207779015e+00
3.115790864518187764e+00
3.172265847510834291e+00
3.229199861271330185e+00
3.286593998149916374e+00
3.344449417990412510e+00
3.402767349433465149e+00
3.461549091281502122e+00
3.520796013911994926e+00
3.580509560724510099e+00
3.640691249605633395e+00
3.701342674395096566e+00
3.762465506334998988e+00
3.824061495483402240e+00
3.886132472071963218e+00
3.948680347786856615e+00
4.011707116951098939e+00
4.075214857585430117e+00
4.139205732324373166e+00
4.203681989163557731e+00
4.268645962013665418e+00
4.334100071036391277e+00
4.400046822737735397e+00
4.466488809793815129e+00
4.533428710585029719e+00
4.600869288415419867e+00
4.668813390394168650e+00
4.737263945958205547e+00
4.806223965016270583e+00
4.875696535696118161e+00
4.945684821679332543e+00
5.016192059110085033e+00
5.087221553067076130e+00
5.158776673590388384e+00
5.230860851258479549e+00
5.303477572313201271e+00
5.376630373334630342e+00
5.450322835470060134e+00
5.524558578226211658e+00
5.599341252835895233e+00
5.674674535214939475e+00
5.750562118528231181e+00
5.827007705387220682e+00
5.904014999705015754e+00
5.981587698238375772e+00
6.059729481849375432e+00
6.138444006523347873e+00
6.217734894182012084e+00
6.297605723335761851e+00
6.378060019620968468e+00
6.459101246272387797e+00
6.540732794584219967e+00
6.622957974416446625e+00
6.705780004807057715e+00
6.789202004753650321e+00
6.873226984231704861e+00
6.957857835519768663e+00
7.043097324904294965e+00
7.128948084840230237e+00
7.215412606644618698e+00
7.302493233802327843e+00
7.390192155963346998e+00
7.478511403711008754e+00
7.567452844178856886e+00
7.657018177591162988e+00
7.747208934798473834e+00
7.838026475873594023e+00
7.929471989826954115e+00
8.021546495491433504e+00
8.114250843616755304e+00
8.207585720202272839e+00
8.301551651083485694e+00
8.396149007774146966e+00
8.491378014549800568e+00
8.587238756743731827e+00
8.683731190208398232e+00
8.780855151880395226e+00
8.878610371368935716e+00
8.976996483473413946e+00
9.076013041519647828e+00
9.175659531390843782e+00
9.275935386117668102e+00
9.376840000881385251e+00
9.478372748275697646e+00
9.580532993668333219e+00
9.683320110499236577e+00
9.786733495353070467e+00
9.890772582645512401e+00
9.995436858767765997e+00
1.010072587554229884e+01
1.020663926285154055e+01
1.031317674031469522e+01
1.042033812790145220e+01
1.052812335538734168e+01
1.063653247057200879e+01
1.074556564620134935e+01
1.085522318555046617e+01
1.096550552664620248e+01
1.107641324512398917e+01
1.118794705573455417e+01
1.130010781253091956e+01
1.141289650778536036e+01
1.152631426969880835e+01
1.164036235898067595e+01
1.175504216438793570e+01
1.187035519732421029e+01
1.198630308560582058e+01
1.210288756651157449e+01
1.222011047923483140e+01
1.233797375686132902e+01
1.245647941799658831e+01
1.257562955816629291e+01
1.269542634111016355e+01
1.281587199008696487e+01
1.293696877930160483e+01
1.305871902555956687e+01
1.318112508024526619e+01
1.330418932171137136e+01
1.342791414815734363e+01
1.355230197106270928e+01
1.367735520923005055e+01
1.380307628348038484e+01
1.392946761203034534e+01
1.405653160656980738e+01
1.418427066904357048e+01
1.431268718913141669e+01
1.444178354240746742e+01
1.457156208915020912e+01
1.470202517376365492e+01
1.483317512476376443e+01
1.496501425527464413e+01
1.509754486397513418e+01
1.523076923643158409e+01
1.536468964675012394e+01
1.549930835948003072e+01
1.563462763170100800e+01
1.577064971522810843e+01
1.590737685887026487e+01
1.604481131068315847e+01
1.618295532016000848e+01
1.632181114030939639e+01
1.646138102957476335e+01
1.660166725355303541e+01
1.674267208647807337e+01
1.688439781243605253e+01
1.702684672628639362e+01
1.717002113426440246e+01
1.731392335424583706e+01
1.745855571565618547e+01
1.760392055900979358e+01
1.775002023506661786e+01
1.789685710359596982e+01
1.804443353173915909e+01
1.819275189196460119e+01
1.834181455961165952e+01
1.849162391002213113e+01
1.864218231526159997e+01
1.879349214043691063e+01
1.894555573961995520e+01
1.909837545139257031e+01
1.925195359403307549e+01
1.940629246037084243e+01
1.956139431233907189e+01
1.971726137526414391e+01
1.987389583193263931e+01
2.003129981648456592e+01
2.018947540818344422e+01
2.034842462511965167e+01
2.050814941790428136e+01
2.066865166341433735e+01
2.082993315865089556e+01
2.099199561476936893e+01
2.115484065134526404e+01
2.131846979093160144e+01
2.148288445396532609e+01
2.164808595407541603e+01
2.181407549384251254e+01
2.198085416105475431e+01
2.214842292550136449e+01
2.231678263633961024e+01
2.248593402006691377e+01
2.265587767912463235e+01
2.282661409115480211e+01
2.299814360892687759e+01
2.317046646094562234e+01
2.334358275274724193e+01
2.351749246888528333e+01
2.369219547560433980e+01
2.386769152419124040e+01
2.404398025499340008e+01
2.422106120208556490e+01
2.439893379856114919e+01
2.457759738242290126e+01
2.475705120303846485e+01
2.493729442812407626e+01
2.511832615121462453e+01
2.530014539957216613e+01
2.548275114248166062e+01
2.566614229987805018e+01
2.585031775124278752e+01
2.603527634470671615e+01
2.622101690628947068e+01
2.640753824920500747e+01
2.659483918315753570e+01
2.678291852355236458e+01
2.697177510054271110e+01
2.716140776783485222e+01
2.735181541117266235e+01
2.754299695642461643e+01
2.773495137719969961e+01
2.792767770191961318e+01
2.812117502028203830e+01
2.831544248905331784e+01
2.851047933713611471e+01
2.870628486986659311e+01
2.890285847250022044e+01
2.910019961285949819e+01
2.929830784312273195e+01
2.949718280074465682e+01
2.969682420851001936e+01
2.989723187373165203e+01
3.009840568661570970e+01
3.030034561782461822e+01
3.050305171528192361e+01
3.070652410026962542e+01
3.091076296287649328e+01
3.111576855686810106e+01
3.132154119404985337e+01
3.152808123820456387e+01
3.173538909868751645e+01
3.194346522376707753e+01
3.215231009379934335e+01
3.236192421432392052e+01
3.257230810917046426e+01
3.278346231365873820e+01
3.299538736797416760e+01
3.320808381079131522e+01
3.342155217321700889e+01
3.363579297310984373e+01
3.385080670982984685e+01
3.406659385945827268e+01
3.428315487051975197e+01
3.450049016022574477e+01
3.471860011124811507e+01
3.493748506901943074e+01
3.515714533954396614e+01
3.537758118769455962e+01
3.559879283595369515e+01
3.582078046355395884e+01
3.604354420595489472e+01
3.626708415459088286e+01
3.649140035681238459e+01
3.671649281593791159e+01
3.694236149132951397e+01
3.716900629839972936e+01
3.739642710845749463e+01
3.762462374829865297e+01
3.785359599945402920e+01
3.808334359700448601e+01
3.831386622788630802e+01
3.854516352861320883e+01
3.877723508235322925e+01
3.901008041531110848e+01
3.924369899237657222e+01
3.947809021201815227e+01
3.971325340041155982e+01
3.994918780481170018e+01
4.018589258619223159e+01
4.042336681119027020e+01
4.066160944341316252e+01
4.090061933417694462e+01
4.114039521276100686e+01
4.138093567627380054e+01
4.162223917924411865e+01
4.186430402304971921e+01
4.210712834531766191e+01
4.235071010942591130e+01
4.259504709425005586e+01
4.284013688429496369e+01
4.308597686035994201e+01
4.333256419088141342e+01
4.357989582409761908e+01
4.382796848117947519e+01
4.407677865046355947e+01
4.432632258292214544e+01
4.457659628899567394e+01
4.482759553690786447e+01
4.507931585257377094e+01
4.533175252119977472e+01
4.558490059066544831e+01
4.583875487676210980e+01
4.609330997035166888e+01
4.634856024649005946e+01
4.660449987554511608e+01
4.686112283632012065e+01
4.711842293117184255e+01
4.737639380309540371e+01
4.763502895471619070e+01
4.789432176911937233e+01
4.815426553240700258e+01
4.841485345786021810e+01
4.867607871155182409e+01
4.893793443922843522e+01
4.920041379426425721e+01
4.946350996645354314e+01
4.972721621139695714e+01
4.999152588021076582e+01
5.025643244927240261e+01
5.052192954970319505e+01
5.078801099627334281e+01
5.105467081541397079e+01
5.132190327200972746e+01
5.158970289465600700e+01
5.185806449906198878e+01
5.212698320929750651e+01
5.239645447659366084e+01
5.266647409542748193e+01
5.293703821664458076e+01
5.320814335740255530e+01
5.347978640775057357e+01
5.375196463369203315e+01
5.402467567662380787e+01
5.429791754907930823e+01
5.457168862675363386e+01
5.484598763683023037e+01
5.512081364268256323e+01
5.539616602506567489e+01
5.567204445997000306e+01
5.594844889335443128e+01
5.622537951302432191e+01
5.650283671796761098e+01
5.678082108550712093e+01
5.705933333666382623e+01
5.733837430016396297e+01
5.761794487555182087e+01
5.789804599588896394e+01
5.817867859054112500e+01
5.845984354855436749e+01
5.874154168311721236e+01
5.902377369759673797e+01
5.930654015360542530e+01
5.958984144152405094e+01
5.987367775385785507e+01
6.015804906175119982e+01
6.044295509492327056e+01
6.072839532521481232e+01
6.101436895386651571e+01
6.130087490257134419e+01
6.158791180826400335e+01
6.187547802153899568e+01
6.216357160851141117e+01
6.245219035587434320e+01
6.274133177884075963e+01
6.303099313161523298e+01
6.332117141999254528e+01
6.361186341565820612e+01
6.390306567174033603e+01
6.419477453916164222e+01
6.448698618333693844e+01
6.477969660078028369e+01
6.507290163520325166e+01
6.536659699271881152e+01
6.566077825580232741e+01
6.595544089570125834e+01
6.625058028303386948e+01
6.654619169636671927e+01
6.684227032860874829e+01
6.713881129111720725e+01
6.743580961545650609e+01
6.773326025280339024e+01
6.803115807104185819e+01
6.832949784963167872e+01
6.862827427238498501e+01
6.892748191831709903e+01
6.922711525078251782e+01
6.952716860513467623e+01
6.982763617518651245e+01
7.012851199876941166e+01
7.042978994272716875e+01
7.073146368769221226e+01
7.103352671302378951e+01
7.133597228230190979e+01
7.163879342978623299e+01
7.194198294826310303e+01
7.224553337870239034e+01
7.254943700215146407e+01
7.285368583427808176e+01
7.315827162295751407e+01
7.346318584926790152e+01
7.376841973221696946e+01
7.407396423747024983e+01
7.437981009029213908e+01
7.468594779282575757e+01
7.499236764576782832e+01
7.529905977439069886e+01
7.560601415877680154e+01
7.591322066802423763e+01
7.622066909808542334e+01
7.652834921280334868e+01
7.683625078761606630e+01
7.714436365531210527e+01
7.745267775315184622e+01
7.776118317059740548e+01
7.806987019684764562e+01
7.837872936734068219e+01
7.868775150835844556e+01
7.899692777887277373e+01
7.930624970878096747e+01
7.961570923270498668e+01
7.992529871858580748e+01
8.023501099035546247e+01
8.054483934406127332e+01
8.085477755690646973e+01
8.116481988878481957e+01
8.147496107600956350e+01
8.178519631707685278e+01
8.209552125044319837e+01
8.240593192445521709e+01
8.271642475972299735e+01
8.302699650438309220e+01
8.333764418286796172e+01
8.364836503893131692e+01
8.395915647384128988e+01
8.427001598077616507e+01
8.458094107658010330e+01
8.489192923214362452e+01
8.520297780273916999e+01
8.551408395971415644e+01
8.582524462495727846e+01
8.613645640955340355e+01
8.644771555799350438e+01
8.675901789923915430e+01
8.707035880580475862e+01
8.738173316188134265e+01
8.769313534132143673e+01
8.800455919608727129e+01
8.831599805551226723e+01
8.862744473646050380e+01
8.893889156419184872e+01
8.925033040347156543e+01
8.956175269919503990e+01
8.987314952556681646e+01
9.018451164265871967e+01
9.049582955900487491e+01
9.080709359876189524e+01
9.111829397187922552e+01
9.142942084569058636e+01
9.174046441634234839e+01
9.205141497852625321e+01
9.236226299206168733e+01
9.267299914399696092e+01
9.298361440502320363e+01
9.329410007916187908e+01
9.360444784584667843e+01
9.391464979368967647e+01
9.422469844540870554e+01
9.453458677354657880e+01
9.484430820679897067e+01
9.515385662691328150e+01
9.546322635628396824e+01
9.577241213651254270e+01
9.608140909833674925e+01
9.639021272346994351e+01
9.669881879900805188e+01
9.700722336519839928e+01
9.731542265746266196e+01
9.762341304369853390e+01
9.793119095797921148e+01
9.823875283188824881e+01
9.854609502481265793e+01
9.885321375461477089e+01
9.916010503016323696e+01
9.946676458726055614e+01
9.977318782951410014e+01
1.000793697756912906e+02
1.003853050150307382e+02
1.006909876718848835e+02
1.009964113809061672e+02
1.013015692737815101e+02
1.016064539782632181e+02
1.019110576299420785e+02
1.022153718968527727e+02
1.025193880166531670e+02
1.028230968457175010e+02
1.031264889191085388e+02
1.034295545200240696e+02
1.037322837569738283e+02
1.040346666466633820e+02
1.043366932003125100e+02
1.046383535109913510e+02
1.049396378394562674e+02
1.052405366959798698e+02
1.055410409157255600e+02
1.058411417253946070e+02
1.061408307990809305e+02
1.064401003015746738e+02
1.067389429176930804e+02
1.070373518665946762e+02
1.073353209004581572e+02
1.076328442873097515e+02
1.079299167782244808e+02
1.082265335595203624e+02
1.085226901909634165e+02
1.088183825313539757e+02
1.091136066531800708e+02
1.094083587483077906e+02
1.097026350269134980e+02
1.099964316120460950e+02
1.102897444323709664e+02
1.105825691157477593e+02
1.108749008863690761e+02
1.111667344682213070e+02
1.114580639976145875e+02
1.117488829474738878e+02
1.120391840659643634e+02
1.123289593318406219e+02
1.126181999286451969e+02
1.129068962395165272e+02
1.131950378639217689e+02
1.134826136570571293e+02
1.137696117920258274e+02
1.140560198441719848e+02
1.143418248962005777e+02
1.146270136619373119e+02
1.149115726258712016e+02
1.151954881949867513e+02
1.154787468588920518e+02
1.157613353539143759e+02
1.160432408266930651e+02
1.163244509928387771e+02
1.166049542864744950e+02
1.168847399968470739e+02
1.171637983887249277e+02
1.174421208038792628e+02
1.177196997415705795e+02
1.179965289165804023e+02
1.182726032938748375e+02
1.185479190995024084e+02
1.188224738077123988e+02
1.190962661046182376e+02
1.193692958289572061e+02
1.196415638906836421e+02
1.199130721682751783e+02
1.201838233857519924e+02
1.204538209705551424e+02
1.207230688936121226e+02
1.209915714931328807e+02
1.212593332840024232e+02
1.215263587549863473e+02
1.217926521564185407e+02
1.220582172815326771e+02
1.223230572451198128e+02
1.225871742637337576e+02
1.228505694421539403e+02
1.231132425712247880e+02
1.233751919424777270e+02
1.236364141850514500e+02
1.238969041303170400e+02
1.241566547092660784e+02
1.244156568871001838e+02
1.246738996385878124e+02
1.249313699666349606e+02
1.251880529651967180e+02
1.254439319262063322e+02
1.256989884886589550e+02
1.259532028264922303e+02
1.262065538704768102e+02
1.264590195580968555e+02
1.267105771044031144e+02
1.269612032861108020e+02
1.272108747308346892e+02
1.274595682033006909e+02
1.277072608806326741e+02
1.279539306093697490e+02
1.281995561376554349e+02
1.284441173170149568e+02
1.286875952692298313e+02
1.289299725149798235e+02
1.291712330620883904e+02
1.294113624523382100e+02
1.296503477668741766e+02
1.298881775911897876e+02
1.301248419415481692e+02
1.303603321554357990e+02
1.305946407493098889e+02
1.308277612474644798e+02
1.310596879863128379e+02
1.312904158988255006e+02
1.315199402842468430e+02
1.317482565685805582e+02
1.319753600617180496e+02
1.322012457174624842e+02
1.324259079031454576e+02
1.326493401859439700e+02
1.328715351434539400e+02
1.330924842063782592e+02
1.333121775413698060e+02
1.335306039818692909e+02
1.337477510141891912e+02
1.339636048248640634e+02
1.341781504134155227e+02
1.343913717721020475e+02
1.346032521310061156e+02
1.348137742631818696e+02
1.350229208407852752e+02
1.352306748295320062e+02
1.354370199058612911e+02
1.356419408791867625e+02
1.358454241008569170e+02
1.360474578420681269e+02
1.362480326249313691e+02
1.364471414939418707e+02
1.366447802189595109e+02
1.368409474249515085e+02
1.370356446478213570e+02
1.372288763191605199e+02
1.374206496855046282e+02
1.376109746694230580e+02
1.377998636805354522e+02
1.379873313844327640e+02
1.381733944366423543e+02
1.383580711875114844e+02
1.385413813623797523e+02
1.387233457199820634e+02
1.389039856908487138e+02
1.390833229967060163e+02
1.392613792516927163e+02
1.394381755466122286e+02
1.396137320184945452e+02
1.397880674093837001e+02
1.399611986204092204e+02
1.401331402697219346e+02
1.403039042655358628e+02
1.404734994080994284e+02
1.406419310366269428e+02
1.408092007386782427e+02
1.409753061399535454e+02
1.411402407915864785e+02
1.413039941696934818e+02
1.414665517980183154e+02
1.416278954992090746e+02
1.417880037737878069e+02
1.419468522987544077e+02
1.421044145305246218e+02
1.422606623902195224e+02
1.424155670037632433e+02
1.425690994653766666e+02
1.427212315911635585e+02
1.428719366298024056e+02
1.430211898997559956e+02
1.431689693266888526e+02
1.433152558605009972e+02
1.434600337580233429e+02
1.436032907244055252e+02
1.437450179130135552e+02
1.438852097897448630e+02
1.440238638727501268e+02
1.441609803623905464e+02
1.442965616788231387e+02
1.444306119260257617e+02
1.445631363014331328e+02
1.446941404700196188e+02
1.448236299207330262e+02
1.449516093219180846e+02
1.450780818909310028e+02
1.452030487915073707e+02
1.453265085707925834e+02
1.454484566461786983e+02
1.455688848503591259e+02
1.456877810414291901e+02
1.458051287836589154e+02
1.459209071040975232e+02
1.460350903307812587e+02
1.461476480203187407e+02
1.462585449860330584e+02
1.463677414423769960e+02
1.464751932861321393e+02
1.465808525386792098e+02
1.466846679746972484e+02
1.467865859592929496e+02
1.468865515064224496e+02
1.469845095560143307e+02
1.470804064461671885e+02
1.471741915323118235e+02
1.472658188807233728e+02
1.473552489434945869e+02
1.474424501101987346e+02
1.475274000312404894e+02
1.476100866205980822e+02
1.476905086703019663e+02
1.477686760422021450e+02
1.478446094392795374e+02
1.479183397932845025e+02
1.479899073328805059e+02
1.480593604133750318e+02
1.481267541945745450e+02
1.481921492484449345e+02
1.482556101659466208e+02
1.483172042161071715e+02
1.483770000934434279e+02
1.484350667745861188e+02
1.484914724927982661e+02
1.485462838301139925e+02
1.485995649206310532e+02
1.486513767542050175e+02
1.487017765666594471e+02
1.487508173001506293e+02
1.487985471155780033e+02
1.488450089383316026e+02
1.488902400201708929e+02
1.489342715046308001e+02
1.489771279919248457e+02
1.490188271121247112e+02
1.490593791316173622e+02
1.490987866355913525e+02
1.491370443453685084e+02
1.491741391400826160e+02
1.492100503537955660e+02
1.492447504089887502e+02
1.492782058247831571e+02
1.493103786046764583e+02
1.493412279679691608e+02
1.493707123468095119e+02
1.493987915330021963e+02
1.494254288310852132e+02
1.494505930607315349e+02
1.494742602545132684e+02
1.494964149162940146e+02
1.495170507390669741e+02
1.495361707251235543e+02
1.495537867012174331e+02
1.495699182710556556e+02
1.495845912911148332e+02
1.495978359881479491e+02
1.496096848541021984e+02
1.496201704555502943e+02
1.496293232819423622e+02
1.496371697344327742e+02
1.496437303302987800e+02
1.496490181723285104e+02
1.496530377116228294e+02
1.496557838175010318e+02
1.496572411590613854e+02
1.496573838976832747e+02
1.496561756858801857e+02
1.496535699629448573e+02
1.496495105294152950e+02
1.496439323687769729e+02
1.496367626655996048e+02
1.496279219461702041e+02
1.496173252450251141e+02
1.496048831854772345e+02
1.495905028624531496e+02
1.495740884391207715e+02
1.495555414190745296e+02
1.495347606319536169e+02
1.495116420640928254e+02
1.494860787614682920e+02
1.494579611080880284e+02
1.494271778141149696e+02
1.493936179117654319e+02
1.493571739403322738e+02
1.493177463088309764e+02
1.492752485827467410e+02
1.492296131989517107e+02
1.491807969313761646e+02
1.491287853663918384e+02
1.490735957336914623e+02
1.490152776690143526e+02
1.489539118104158035e+02
1.488896064710222333e+02
1.488224929040417805e+02
1.487527198177635341e+02
1.486804477882434412e+02
1.486058440794799367e+02
1.485290781718814230e+02
1.484503180867054084e+02
1.483697274313670107e+02
1.482874630059756953e+02
1.482036728046637677e+02
1.481184942952466486e+02
1.480320529381579604e+02
1.479444609827864383e+02
1.478558166355552714e+02
1.477662037159090858e+02
1.476756918967369359e+02
1.475843375633298251e+02
1.474921852261347226e+02
1.473992693035198158e+02
1.473056159781218071e+02
1.472112447576317891e+02
1.471161693704759159e+02
1.470203977192927027e+02
1.469239307988102894e+02
1.468267607311167353e+02
1.467288683275742756e+02
1.466302207881593631e+02
1.465307702374586540e+02
1.464304537382128046e+02
1.463291952205578923e+02
1.462269094565004934e+02
1.461235078580103561e+02
1.460189055536339993e+02
1.459130289620136125e+02
1.458058229671153470e+02
1.456972568185631474e+02
1.455873280175612763e+02
1.454760636779524816e+02
1.453635191430669806e+02
1.452497739638644134e+02
1.451349256715115246e+02
1.450190820657277300e+02
1.449023529322269042e+02
1.447848421396540175e+02
1.446666409163327671e+02
1.445478227928524291e+02
1.444284403026944403e+02
1.443085231787565590e+02
1.441880775716753078e+02
1.440670857885571081e+02
1.439455061790167747e+02
1.438232730060863105e+02
1.437002963589355602e+02
1.435764623472627761e+02
1.434516339451113254e+02
1.433256529101814181e+02
1.431983431659519397e+02
1.430695158655736350e+02
1.429389760503935349e+02
1.428065304167681973e+02
1.426719953125178222e+02
1.425352038226322122e+02
1.423960107673869402e+02
1.422542946470717595e+02
1.421099559678021080e+02
1.419629118720202996e+02
1.418130874954224794e+02
1.416604049650213426e+02
1.415047714778445425e+02
1.413460684655697150e+02
1.411841443411017281e+02
1.410188134634580024e+02
1.408498634060305221e+02
1.406770711711088495e+02
1.405002268217049846e+02
1.403191606971732881e+02
1.401337688066758460e+02
1.399440309097391832e+02
1.397500174379629527e+02
1.395518843168236742e+02
1.393498578854315895e+02
1.391442143562331353e+02
1.389352588917325591e+02
1.387233083958697648e+02
1.385086801473665616e+02
1.382916863151072562e+02
1.380726328843882698e+02
1.378518208570879722e+02
1.376295476464790966e+02
1.374061070643243170e+02
1.371817869218148189e+02
1.369568638977690114e+02
1.367315959400379484e+02
1.365062130608342557e+02
1.362809079186336021e+02
1.360558279314549566e+02
1.358310706865786983e+02
1.356066839925448733e+02
1.353826710756667353e+02
1.351590003213927389e+02
1.349356178762372451e+02
1.347124606555088064e+02
1.344894670764011835e+02
1.342665832642312580e+02
1.340437635233402602e+02
1.338209653225218290e+02
1.335981405578642409e+02
1.333752259669391833e+02
1.331521358774770363e+02
1.329287598398767045e+02
1.327049663551962340e+02
1.324806123985067643e+02
1.322555572765044474e+02
1.320296787578471935e+02
1.318028892021586671e+02
1.315751492902975599e+02
1.313464768649001542e+02
1.311169486294156741e+02
1.308866934212279318e+02
1.306558775220898099e+02
1.304246845093034040e+02
1.301932936888155723e+02
1.299618615423163135e+02
1.297305096937824942e+02
1.294993209813409294e+02
1.292683429554193424e+02
1.290375962688633820e+02
1.288070846045584688e+02
1.285768032276175461e+02
1.283467446035618025e+02
1.281169009864028396e+02
1.278872646370113983e+02
1.276578260756103163e+02
1.274285699186525562e+02
1.271994672739202201e+02
1.269704641139746570e+02
1.267414666123820268e+02
1.265123264490294019e+02
1.262828305350225691e+02
1.260526996637355523e+02
1.258215990749557989e+02
1.255891612239127113e+02
1.253550178579364882e+02
1.251188355743708200e+02
1.248803472030430868e+02
1.246393714900678162e+02
1.243958161105575755e+02
1.241496634427940080e+02
1.239009431042754130e+02
1.236496979441344166e+02
1.233959499178348551e+02
1.231396697614315059e+02
1.228807518461376986e+02
1.226189952427038179e+02
1.223540943147438185e+02
1.220856450697517772e+02
1.218131736584834073e+02
1.215361885868489935e+02
1.212542493751674897e+02
1.209670357885386096e+02
1.206743984482766194e+02
1.203763762884910733e+02
1.200731773017815414e+02
1.197651311979565918e+02
1.194526304233873475e+02
1.191360766797477453e+02
1.188158448464374146e+02
1.184922687811988169e+02
1.181656473295809349e+02
1.178362653602601142e+02
1.175044231243029742e+02
1.171704665952510140e+02
1.168348113065721918e+02
1.164979529651150187e+02
1.161604602463195164e+02
1.158229486616435366e+02
1.154860387228325465e+02
1.151503058727919750e+02
1.148162324286485045e+02
1.144841716335952242e+02
1.141543302942974663e+02
1.138267705944128352e+02
1.135014261348588747e+02
1.131781245766502053e+02
1.128566103638930542e+02
1.125365647398386670e+02
1.122176242081932855e+02
1.118994004374211357e+02
1.115815035262097723e+02
1.112635677060040820e+02
1.109452763033590088e+02
1.106263828129017668e+02
1.103067267966864620e+02
1.099862448408603939e+02
1.096649761856159841e+02
1.093430604793923635e+02
1.090207241355554970e+02
1.086982544716717598e+02
1.083759666930723569e+02
1.080541738366440541e+02
1.077331692371862744e+02
1.074132236910561602e+02
1.070945896711491514e+02
1.067774998710970635e+02
1.064621511245213270e+02
1.061486749619855914e+02
1.058371061055335218e+02
1.055273643722565851e+02
1.052192618756565139e+02
1.049125373819747864e+02
1.046069068685723522e+02
1.043021099950775579e+02
1.039979331721106490e+02
1.036942029037133892e+02
1.033907607261910613e+02
1.030874412758821848e+02
1.027840710624587786e+02
1.024804915954476741e+02
1.021765970324555610e+02
1.018723708755115069e+02
1.015679084602035971e+02
1.012634177395662931e+02
1.009591965783334331e+02
1.006555895458835437e+02
1.003529314213992905e+02
1.000514880939695672e+02
9.975140709779186921e+01
9.945268861697265095e+01
9.915518351434738520e+01
9.885861899211381854e+01
9.856264639903191949e+01
9.826690069370582137e+01
9.797105811530681763e+01
9.767487852243353075e+01
9.737822210306181603e+01
9.708103639083377345e+01
9.678331727830799025e+01
9.648505454879423837e+01
9.618617581936955219e+01
9.588650158015802560e+01
9.558571953262753595e+01
9.528338158727669338e+01
9.497892389547311609e+01
9.467170899830063036e+01
9.436108756907114525e+01
9.404647355367329453e+01
9.372742108646296799e+01
9.340368695008332622e+01
9.307526183487469496e+01
9.274235906093289827e+01
9.240535994467890646e+01
9.206472747351733688e+01
9.172090993836660289e+01
9.137425938949475324e+01
9.102498437393482789e+01
9.067314478799856658e+01
9.031868448730509158e+01
8.996148943476615045e+01
8.960145653850455005e+01
8.923855881160127979e+01
8.887289448070471565e+01
8.850471166006209955e+01
8.813440675022043536e+01
8.776250208039968470e+01
8.738961293326133273e+01
8.701641344873942785e+01
8.664360583008178196e+01
8.627189158406658009e+01
8.590194117079434477e+01
8.553436043849299608e+01
8.516965604999860773e+01
8.480820422179920115e+01
8.445022623478351420e+01
8.409577217532469717e+01
8.374471374738591578e+01
8.339674809563648239e+01
8.305141539464064238e+01
8.270813166972162378e+01
8.236623531602043613e+01
8.202504290178188739e+01
8.168390808148198801e+01
8.134227635677986257e+01
8.099972780102390857e+01
8.065600104550716765e+01
8.031099629163831821e+01
7.996476178049411487e+01
7.961747298661553884e+01
7.926941299556180809e+01
7.892095637811631548e+01
7.857255237587990848e+01
7.822470209495043036e+01
7.787792975255923977e+01
7.753275456631162399e+01
7.718967056462919629e+01
7.684913487547004252e+01
7.651155722930590741e+01
7.617728258881753334e+01
7.584656630691748092e+01
7.551955012210450491e+01
7.519624984073864482e+01
7.487656039329678492e+01
7.456027572031707962e+01
7.424711466082943900e+01
7.393674220549677045e+01
7.362877922497777661e+01
7.332280251180910113e+01
7.301834596843328029e+01
7.271491539030088802e+01
7.241202012652040310e+01
7.210921132174530612e+01
7.180611022713793545e+01
7.150241717319488544e+01
7.119790619846014579e+01
7.089241972054354335e+01
7.058587490451027691e+01
7.027828209775481128e+01
6.996976522666663811e+01
6.966057088138903453e+01
6.935105693216274858e+01
6.904165917681562803e+01
6.873284209852691617e+01
6.842504490005173068e+01
6.811863503684271848e+01
6.781387838622373465e+01
6.751092975254607609e+01
6.720984211040833145e+01
6.691058938698580505e+01
6.661309616066343153e+01
6.631726840091442909e+01
6.602302147260714094e+01
6.573030307920430459e+01
6.543910795552696413e+01
6.514947892321067968e+01
6.486148888330370710e+01
6.457520310691846532e+01
6.429062947104249304e+01
6.400767127453056560e+01
6.372609843991005363e+01
6.344554736573297760e+01
6.316555036860987116e+01
6.288558687241036438e+01
6.260514342684450639e+01
6.232376922420142051e+01
6.204111713140665074e+01
6.175696544667798094e+01
6.147122053298882349e+01
6.118390369488761849e+01
6.089512679589260813e+01
6.060506081437883097e+01
6.031390081248825652e+01
6.002183037906298324e+01
5.972898879011950868e+01
5.943544483706048709e+01
5.914118203806916085e+01
5.884609981542400448e+01
5.855003308838385578e+01
5.825278829981809992e+01
5.795418849173867670e+01
5.765411626430068281e+01
5.735254353410100947e+01
5.704954122217732504e+01
5.674526846840314676e+01
5.643994696306797465e+01
5.613382949091916174e+01
5.582717212924719519e+01
5.552021714004961694e+01
5.521318946355761881e+01
5.490630522167221272e+01
5.459978724416481555e+01
5.429388138337310465e+01
5.398886830285226068e+01
5.368506745193533192e+01
5.338283173967114692e+01
5.308253247049805879e+01
5.278453497931705130e+01
5.248916696600491605e+01
5.219668380239222927e+01
5.190723701186038852e+01
5.162085243160466774e+01
5.133742284196917183e+01
5.105671678225369448e+01
5.077840203949710229e+01
5.050207974822770041e+01
5.022732345884083571e+01
4.995371693842679406e+01
4.968088495287659612e+01
4.940851297456970315e+01
4.913635450833299245e+01
4.886422786251382888e+01
4.859200669795377792e+01
4.831960965732373836e+01
4.804699344421948126e+01
4.777415125565226361e+01
4.750111549131302269e+01
4.722796148439659447e+01
4.695480865393280823e+01
4.668181708883059144e+01
4.640918011702737545e+01
4.613711527469518359e+01
4.586585619548865367e+01
4.559564656830723095e+01
4.532673577273469334e+01
4.505937519543441994e+01
4.479381453806262670e+01
4.453029783730978153e+01
4.426905891919791003e+01
4.401031590185878173e+01
4.375426463695698232e+01
4.350107147935611351e+01
4.325086578049096175e+01
4.300373173522247328e+01
4.275969849834073244e+01
4.251872814409978218e+01
4.228070348674638268e+01
4.204542073560121196e+01
4.181259314222639034e+01
4.158186960386474595e+01
4.135286703243966144e+01
4.112520958628802958e+01
4.089856458743861367e+01
4.067266589219962469e+01
4.044732018756582903e+01
4.022239780937692188e+01
3.999781441609123078e+01
3.977351144361292512e+01
3.954944169109065655e+01
3.932556300945510230e+01
3.910183966099694430e+01
3.887824876170172672e+01
3.865478865303327893e+01
3.843148661797804522e+01
3.820840425562789733e+01
3.798563942984694108e+01
3.776332388443616139e+01
3.754161573860731949e+01
3.732068665736591839e+01
3.710070471627530964e+01
3.688181545331524092e+01
3.666412455534142367e+01
3.644768547063969777e+01
3.623249400549369881e+01
3.601849029090902832e+01
3.580556717096544617e+01
3.559358345454351991e+01
3.538238042087027679e+01
3.517180001991391691e+01
3.496170303572768745e+01
3.475198512683752483e+01
3.454258845469622941e+01
3.433350691074148386e+01
3.412478388132805662e+01
3.391650286723102425e+01
3.370877269831421330e+01
3.350171010884510991e+01
3.329542275979135013e+01
3.308999536457313440e+01
3.288548061200341266e+01
3.268189545586133704e+01
3.247922240288219342e+01
3.227741485634741281e+01
3.207640532808796507e+01
3.187611526302221776e+01
3.167646519498777735e+01
3.147738395740418937e+01
3.127881579989118421e+01
3.108072460835273887e+01
3.088309498343985027e+01
3.068593055984374018e+01
3.048925044052360178e+01
3.029308481844503831e+01
3.009747073593830180e+01
2.990244858985964882e+01
2.970805959056076162e+01
2.951434406049295944e+01
2.932134027769493301e+01
2.912908352663437128e+01
2.893760507842430485e+01
2.874693094850345787e+01
2.855708044417669100e+01
2.836806468659016645e+01
2.817988543148430125e+01
2.799253457661184541e+01
2.780599470132267115e+01
2.762024083515376560e+01
2.743524342849302400e+01
2.725097225087090536e+01
2.706740072664478802e+01
2.688451008091431760e+01
2.670229264313208617e+01
2.652075375658417045e+01
2.633991196025366932e+01
2.615979740941610387e+01
2.598044882051423698e+01
2.580190948933182327e+01
2.562422307409423183e+01
2.544742982476714133e+01
2.527156378908574652e+01
2.509665128572344273e+01
2.492271067392200123e+01
2.474975322785603993e+01
2.457778477950397189e+01
2.440680773450647578e+01
2.423682308022591059e+01
2.406783207459686835e+01
2.389983740874793483e+01
2.373284375740272978e+01
2.356685774943683143e+01
2.340188748565060806e+01
2.323794178272211752e+01
2.307502932132363682e+01
2.291315782753957464e+01
2.275233334071828395e+01
2.259255954768483221e+01
2.243383712088185433e+01
2.227616300183021636e+01
2.211952961828860964e+01
2.196392409413491364e+01
2.180932757738774441e+01
2.165571484834054772e+01
2.150305436196650177e+01
2.135130882706009814e+01
2.120043634272735389e+01
2.105039202203838400e+01
2.090112995438473575e+01
2.075260530820142435e+01
2.060477636131620827e+01
2.045760626565951412e+01
2.031106439829492416e+01
2.016512721049215529e+01
2.001977854962221670e+01
1.987500948594746220e+01
1.973081772196793793e+01
1.958720669292829086e+01
1.944418448274196720e+01
1.930176268073666179e+01
1.915995529286133703e+01
1.901877779848195260e+01
1.887824641340256093e+01
1.873837758482605764e+01
1.859918770892106465e+01
1.846069303118831328e+01
1.832290966836256274e+01
1.818585368134665003e+01
1.804954113287060835e+01
1.791398807987696884e+01
1.777921047539456367e+01
1.764522398254758784e+01
1.751204372860220815e+01
1.737968404465566863e+01
1.724815824369820305e+01
1.711747848567206631e+01
1.698765576439063807e+01
1.685870003092482960e+01
1.673062044518322367e+01
1.660342572569800978e+01
1.647712455025950717e+01
1.635172594932242873e+01
1.622723963140238723e+01
1.610367618536329104e+01
1.598104711788698395e+01
1.585936470376390339e+01
1.573864164921331543e+01
1.561889059091438803e+01
1.550012347244717681e+01
1.538235085278141234e+01
1.526558120693288600e+01
1.514982027712960999e+01
1.503507052532924604e+01
1.492133072703687802e+01
1.480859573443053101e+01
1.469685642547622173e+01
1.458609984562183470e+01
1.447630953944183041e+01
1.436746606039038454e+01
1.425954763687559890e+01
1.415253096215180229e+01
1.404639206494474379e+01
1.394110720895350397e+01
1.383665376435435057e+01
1.373301099472517528e+01
1.363016070906343913e+01
1.352808774026107308e+01
1.342678022697010398e+01
1.332622969303669258e+01
1.322643093528648528e+01
1.312738174447084027e+01
1.302908249437435373e+01
1.293153563994598976e+01
1.283474516701928536e+01
1.273871603434704447e+01
1.264345364412083583e+01
1.254896337072734980e+01
1.245525016997610912e+01
1.236231828304788927e+01
1.227017104148035109e+01
1.217881077204704887e+01
1.208823879376321031e+01
1.199845549377267950e+01
1.190946046478004305e+01
1.182125268416100639e+01
1.173383071398022892e+01
1.164719290182807754e+01
1.156133756450037531e+01
1.147626313982882529e+01
1.139196829608516381e+01
1.130845199294203418e+01
1.122571349257936468e+01
1.114375232380331937e+01
1.106256820567808141e+01
1.098216093992393638e+01
1.090253028307074956e+01
1.082367581003155266e+01
1.074559678043640965e+01
1.066829201787135162e+01
1.059175981029729208e+01
1.051599783760567242e+01
1.044100312973883504e+01
1.036677205629382215e+01
1.029330034623559165e+01
1.022058313442836308e+01
1.014861503025996115e+01
1.007739020273969466e+01
1.000690247609742833e+01
9.937145430061654849e+00
9.868112499558913342e+00
9.799797069456813503e+00
9.732192561036356437e+00
9.665292508008397121e+00
9.599090620969466414e+00
9.533580840135215340e+00
9.468757376935561965e+00
9.404614745572690282e+00
9.341147785935310921e+00
9.278351679347766279e+00
9.216221958555989247e+00
9.154754513155976881e+00
9.093945591405718787e+00
9.033791799073565443e+00
8.974290095698721714e+00
8.915437788407025721e+00
8.857232523250139877e+00
8.799672273937456879e+00
8.742755327802553822e+00
8.686480268887686762e+00
8.630845958129194528e+00
8.575851510762879215e+00
8.521496271223398367e+00
8.467779785964266281e+00
8.414701774754703933e+00
8.362262101103024037e+00
8.310460742505039633e+00
8.259297761214659417e+00
8.208773276191386969e+00
8.158887436795161818e+00
8.109640398693368724e+00
8.061032302320128906e+00
8.013063254102192445e+00
7.965733310544997003e+00
7.919042465164418232e+00
7.872990638159719445e+00
7.827577668654103427e+00
7.782803309279058723e+00
7.738667222849826111e+00
7.695168980866736952e+00
7.652308063579638997e+00
7.610083861365849245e+00
7.568495677194375659e+00
7.527542729975587932e+00
7.487224158624618653e+00
7.447539026694858677e+00
7.408486327465337418e+00
7.370064989387205223e+00
7.332273881813611283e+00
7.295111820950392456e+00
7.258577575973809815e+00
7.222669875265555817e+00
7.187387412717290758e+00
7.152728854055181884e+00
7.118692843131638526e+00
7.085278008129211713e+00
7.052482967617827114e+00
7.020306336404624759e+00
6.988746731115377031e+00
6.957802775447617272e+00
6.927473105038567169e+00
6.897756371896204719e+00
6.868651248348612626e+00
6.840156430474230831e+00
6.812270640986146653e+00
6.784992631552267284e+00
6.758321184544589855e+00
6.732255114220945025e+00
6.706793267352613164e+00
6.681934523321174879e+00
6.657677793716040071e+00
6.634022021472576469e+00
6.610966179596527326e+00
6.588509269525625989e+00
6.566650319183387374e+00
6.545388380781989035e+00
6.524722528432154611e+00
6.504651855618107881e+00
6.485175472593198265e+00
6.466292503750171505e+00
6.448002085015875906e+00
6.430303361316252797e+00
6.413195484152091730e+00
6.396677609321429259e+00
6.380748894818114358e+00
6.365408498930711367e+00
6.350655578560322922e+00
6.336489287769928147e+00
6.322908776573091139e+00
6.309913189964432512e+00
6.297501667190476660e+00
6.285673341254668145e+00
6.274427338647419639e+00
6.263762779289198335e+00
6.253678776671659278e+00
6.244174438180919218e+00
6.235248865584581246e+00
6.226901155664517518e+00
6.219130400975729778e+00
6.211935690712775404e+00
6.205316111664723522e+00
6.199270749240445966e+00
6.193798688547322406e+00
6.188899015507209000e+00
6.184570817994379688e+00
6.180813186982514473e+00
6.177625217688535564e+00
6.175006010702285053e+00
6.172954673093717481e+00
6.171470319489685608e+00
6.170552073113889868e+00
6.170199066785922781e+00
6.170410443875671724e+00
6.171185359210662469e+00
6.172522979935853193e+00
