3.360405689188302597e-02
1.356918379126422491e-01
1.263968421235729667e-01
1.210774235112629382e-01
1.189038598514620543e-01
1.192964598497587569e-01
1.218402755169104013e-01
1.262314168745195808e-01
1.322424424982598379e-01
1.396995679804743373e-01
1.484673663240125285e-01
1.584383155782711772e-01
1.695255402134074052e-01
1.816576917738528807e-01
1.947752844480715728e-01
2.088280343114831406e-01
2.237729003776132430e-01
2.395726227905012051e-01
2.561946176239326411e-01
2.736101306170448666e-01
2.917935811720651085e-01
3.107220477810707648e-01
3.303748597750553739e-01
3.507332698858663944e-01
3.717801888911477781e-01
3.934999684498294292e-01
4.158782217209319731e-01
4.389016738937571160e-01
4.625580366188205561e-01
4.868359017078816575e-01
5.117246505022070568e-01
5.372143760853855810e-01
5.632958161077430415e-01
5.899602944425230699e-01
6.171996702438281579e-01
6.450062932489605272e-01
6.733729643815642429e-01
7.022929008809830620e-01
7.317597053177642419e-01
7.617673379630324204e-01
7.923100920662877744e-01
8.233825716669442851e-01
8.549796716223345694e-01
8.870965595824165106e-01
9.197286596803750935e-01
9.528716377408708027e-01
9.865213878347152132e-01
1.020674020031474116e+00
1.055325849220678958e+00
1.090473384888469566e+00
1.126113321750332741e+00
1.162242531152307023e+00
1.198858053163187165e+00
1.235957089288912458e+00
1.273536995747938549e+00
1.311595277252864067e+00
1.350129581249521094e+00
1.389137692569592630e+00
1.428617528457559294e+00
1.468567133936597102e+00
1.508984677481826298e+00
1.549868446972474390e+00
1.591216845897553744e+00
1.633028389792406276e+00
1.675301702885841904e+00
1.718035514940166486e+00
1.761228658268253477e+00
1.804880064914043958e+00
1.848988763984630745e+00
1.893553879123660355e+00
1.938574626117619548e+00
1.984050310627769154e+00
2.029980326041900263e+00
2.076364151441277617e+00
2.123201349679090022e+00
2.170491565567699510e+00
2.218234524172696620e+00
2.266430029212397557e+00
2.315077961562056252e+00
2.364178277862176714e+00
2.413731009230955848e+00
2.463736260080682250e+00
2.514194207038351170e+00
2.565105097970514780e+00
2.616469251112409466e+00
2.668287054301376582e+00
2.720558964314374606e+00
2.773285506309051129e+00
2.826467273368094446e+00
2.880104926145737210e+00
2.934199192615658536e+00
2.988750867918916310e+00
3.043760814310370932e+00
3.099229961201861006e+00
3.155159305299893635e+00
3.211549910835563626e+00
3.268402909883516561e+00
3.325719502766697477e+00
3.383500958542871473e+00
3.441748615567989056e+00
3.500463882131091164e+00
3.559648237154132921e+00
3.619303230949146410e+00
3.679430486024112490e+00
3.740031697927443943e+00
3.801108636119555850e+00
3.862663144858741848e+00
3.924697144086769285e+00
3.987212630298095917e+00
4.050211677375219921e+00
4.113696437370872871e+00
4.177669141216437509e+00
4.242132099334771311e+00
4.307087702134274387e+00
4.372538420360078781e+00
4.438486805277666036e+00
4.504935488663702081e+00
4.571887182578450393e+00
4.639344678894848251e+00
4.707310848558984517e+00
4.775788640558410236e+00
4.844781080574860788e+00
4.914291269300337994e+00
4.984322380396413621e+00
5.054877658079007574e+00
5.125960414313096791e+00
5.197574025604235537e+00
5.269721929375995373e+00
5.342407619926012430e+00
5.415634643955238303e+00
5.489406595668774536e+00
5.563727111449026985e+00
5.638599864105303894e+00
5.714028556707101636e+00
5.790016916010750414e+00
5.866568685493342983e+00
5.943687618009215967e+00
6.021377468089211149e+00
6.099641983904628972e+00
6.178484898921645652e+00
6.257909923274895370e+00
6.337920734892976249e+00
6.418520970410868998e+00
6.499714215909279780e+00
6.581503997523801885e+00
6.663893771971001634e+00
6.746886917042754561e+00
6.830486722123957577e+00
6.914696378793498077e+00
6.999518971572007864e+00
7.084957468884236498e+00
7.171014714308090454e+00
7.257693418185173329e+00
7.344996149671340291e+00
7.432925329308120332e+00
7.521483222196968299e+00
7.610671931859823935e+00
7.700493394868082930e+00
7.790949376321258946e+00
7.882041466253136619e+00
7.973771077038591670e+00
8.066139441868360294e+00
8.159147614351516253e+00
8.252796469295581971e+00
8.347086704704159033e+00
8.442018845018905537e+00
8.537593245619744309e+00
8.633810098582348047e+00
8.730669439675766696e+00
8.828171156568245692e+00
8.926314998191088534e+00
9.025100585195540148e+00
9.124527421420321360e+00
9.224594906273058115e+00
9.325302347913925871e+00
9.426648977117348949e+00
9.528633961676446162e+00
9.631256421205618423e+00
9.734515442190224022e+00
9.838410093127595957e+00
9.942939439601801155e+00
1.004810255913552730e+01
1.015389855566561828e+01
1.026032657349441024e+01
1.036738581057787734e+01
1.047507553102126643e+01
1.058339507666560131e+01
1.069234387766231009e+01
1.080192146194849023e+01
1.091212746355144247e+01
1.102296162966846893e+01
1.113442382648447904e+01
1.124651404370809971e+01
1.135923239782251493e+01
1.147257913406578567e+01
1.158655462716850693e+01
1.170115938089320373e+01
1.181639402643270564e+01
1.193225931973574561e+01
1.204875613784146893e+01
1.216588547431052625e+01
1.228364843385121929e+01
1.240204622624372988e+01
1.252108015967061760e+01
1.264075163356498521e+01
1.276106213109015286e+01
1.288201321136329902e+01
1.300360650153549358e+01
1.312584368883713992e+01
1.324872651269434876e+01
1.337225675701459693e+01
1.349643624273545228e+01
1.362126682072035955e+01
1.374675036507729153e+01
1.387288876696642248e+01
1.399968392895125824e+01
1.412713775993795906e+01
1.425525217073447770e+01
1.438402907025111332e+01
1.451347036235054233e+01
1.464357794334599916e+01
1.477435370013369820e+01
1.490579950893726213e+01
1.503791723463040775e+01
1.517070873059905445e+01
1.530417583909392043e+01
1.543832039202136031e+01
1.557314421211524724e+01
1.570864911442899547e+01
1.584483690808676748e+01
1.598170939823137005e+01
1.611926838810797946e+01
1.625751568122439394e+01
1.639645308353123809e+01
1.653608240556967246e+01
1.667640546453680273e+01
1.681742408622502438e+01
1.695914010679440764e+01
1.710155537434290451e+01
1.724467175024235033e+01
1.738849111021475125e+01
1.753301534512381110e+01
1.767824636146417916e+01
1.782418608153199102e+01
1.797083644326425045e+01
1.811819939973802107e+01
1.826627691832338840e+01
1.841507097948726468e+01
1.856458357524742908e+01
1.871481670728119795e+01
1.886577238469454443e+01
1.901745262146258852e+01
1.916985943355477673e+01
1.932299483576281318e+01
1.947686083825411529e+01
1.963145944287365197e+01
1.978679263922703058e+01
1.994286240057450499e+01
2.009967067957369480e+01
2.025721940390929277e+01
2.041551047185034307e+01
2.057454574777806400e+01
2.073432705772704665e+01
2.089485618498411412e+01
2.105613486578766569e+01
2.121816478516992177e+01
2.138094757298355475e+01
2.154448480015065570e+01
2.170877797517141872e+01
2.187382854092649254e+01
2.203963787180363809e+01
2.220620727117782778e+01
2.237353796926976202e+01
2.254163112140479441e+01
2.271048780669206124e+01
2.288010902714058759e+01
2.305049570722352570e+01
2.322164869390387665e+01
2.339356875712573469e+01
2.356625659077743862e+01
2.373971281412619661e+01
2.391393797372146324e+01
2.408893254576272014e+01
2.426469693892030577e+01
2.444123149759803582e+01
2.461853650562082052e+01
2.479661219032655595e+01
2.497545872704031567e+01
2.515507624390229680e+01
2.533546482701984459e+01
2.551662452591017072e+01
2.569855535919622014e+01
2.588125732051623373e+01
2.606473038460438474e+01
2.624897451349764665e+01
2.643398966282088480e+01
2.661977578810252965e+01
2.680633285106810604e+01
2.699366082586124094e+01
2.718175970513955519e+01
2.737062950599178990e+01
2.756027027562444331e+01
2.775068209676646802e+01
2.794186509274114272e+01
2.813381943215798131e+01
2.832654533317858281e+01
2.852004306731488725e+01
2.871431296272078626e+01
2.890935540694438899e+01
2.910517084911134233e+01
2.930175980151555137e+01
2.949912284060071244e+01
2.969726060732111961e+01
2.989617380687544568e+01
3.009586320781794555e+01
3.029632964055311106e+01
3.049757399523158696e+01
3.069959721906636219e+01
3.090240031310092306e+01
3.110598432846128603e+01
3.131035036213372891e+01
3.151549955231214284e+01
3.172143307336564533e+01
3.192815213047970246e+01
3.213565795402693226e+01
3.234395179372571505e+01
3.255303491264676552e+01
3.276290858112731286e+01
3.297357407065115353e+01
3.318503264775354467e+01
3.339728556800420023e+01
3.361033407012084950e+01
3.382417937026076515e+01
3.403882265653121664e+01
3.425426508375817747e+01
3.447050776854101883e+01
3.468755178461886857e+01
3.490539815856539008e+01
3.512404786582040828e+01
3.534350182706234023e+01
3.556376090491384900e+01
3.578482590096920291e+01
3.600669755312274845e+01
3.622937653317222839e+01
3.645286344466131823e+01
3.667715882092456781e+01
3.690226312328956482e+01
3.712817673938606333e+01
3.735489998151334845e+01
3.758243308500804858e+01
3.781077620655928229e+01
3.803992942241561792e+01
3.826989272642796891e+01
3.850066602787765646e+01
3.873224914904081828e+01
3.896464182244512386e+01
3.919784368778059758e+01
3.943185428843249696e+01
3.966667306761315359e+01
3.990229936407428113e+01
4.013873240739641801e+01
4.037597131285338747e+01
4.061401507586670334e+01
4.085286256606872968e+01
4.109251252100752794e+01
4.133296353953219437e+01
4.157421407490880227e+01
4.181626242772584590e+01
4.205910673865437133e+01
4.230274498113679016e+01
4.254717495408566919e+01
4.279239427467778967e+01
4.303840037133412011e+01
4.328519047698146949e+01
4.353276162269407479e+01
4.378111063181260221e+01
4.403023411464373282e+01
4.428012846383862922e+01
4.453078985055016403e+01
4.478221422146451403e+01
4.503439729680224701e+01
4.528733456937414559e+01
4.554102130477667032e+01
4.579545254280290578e+01
4.605062310013396143e+01
4.630652757437342615e+01
4.656316034946920013e+01
4.682051560256103784e+01
4.707858731227762661e+01
4.733736926849259419e+01
4.759685508353526018e+01
4.785703820483674775e+01
4.811791192897184288e+01
4.837946941704824155e+01
4.864170371136583526e+01
4.890460775326271659e+01
4.916817440203868728e+01
4.943239645483392763e+01
4.969726666732150022e+01
4.996277777506027462e+01
5.022892251533436792e+01
5.049569364929826776e+01
5.076308398423207535e+01
5.103108639570091043e+01
5.129969384941047394e+01
5.156889942254080239e+01
5.183869632434195296e+01
5.210907791577568560e+01
5.238003772799081759e+01
5.265156947942832488e+01
5.292366709135971803e+01
5.319632470168002669e+01
5.346953667678616284e+01
5.374329762139966959e+01
5.401760238620210686e+01
5.429244607318820925e+01
5.456782403865738473e+01
5.484373189379952152e+01
5.512016550285481742e+01
5.539712097886413034e+01
5.567459467705079845e+01
5.595258318591486102e+01
5.623108331614313471e+01
5.651009208748086365e+01
5.678960671372722402e+01
5.706962458606001576e+01
5.735014325490823239e+01
5.763116041062220063e+01
5.791267386320721045e+01
5.819468152140368034e+01
5.847718137140785899e+01
5.876017145553220189e+01
5.904364985110631636e+01
5.932761464991644829e+01
5.961206393846506302e+01
5.989699577932471897e+01
6.018240819382857154e+01
6.046829914632208158e+01
6.075466653016071916e+01
6.104150815560873866e+01
6.132882173974979878e+01
6.161660489848194544e+01
6.190485514062407191e+01
6.219356986411865051e+01
6.248274635427213042e+01
6.277238178393434254e+01
6.306247321547660079e+01
6.335301760440046337e+01
6.364401180436995986e+01
6.393545257344606370e+01
6.422733658126998080e+01
6.451966041694238641e+01
6.481242059732613825e+01
6.510561357550840000e+01
6.539923574915533777e+01
6.569328346850713274e+01
6.598775304377434736e+01
6.628264075171757952e+01
6.657794284121402484e+01
6.687365553764219328e+01
6.716977504594598258e+01
6.746629755227166925e+01
6.776321922409839260e+01
6.806053620882578059e+01
6.835824463080406588e+01
6.865634058683740193e+01
6.895482014021114026e+01
6.925367931333637728e+01
6.955291407912368129e+01
6.985252035123846781e+01
7.015249397340267024e+01
7.045283070794403102e+01
7.075352622380609091e+01
7.105457608425938076e+01
7.135597573456425380e+01
7.165772048985228082e+01
7.195980552350424375e+01
7.226222585630679873e+01
7.256497634667236696e+01
7.286805168220577400e+01
7.317144637289160869e+01
7.347515474616328390e+01
7.377917094409785648e+01
7.408348892294878851e+01
7.438810245520559761e+01
7.469300513432355615e+01
7.499819038222838685e+01
7.530365145964688622e+01
7.560938147926508179e+01
7.591537342165470648e+01
7.622162015385150369e+01
7.652811445040624960e+01
7.683484901666787437e+01
7.714181651400615181e+01
7.744900958661341406e+01
7.775642088948808350e+01
7.806404311714581468e+01
7.837186903257530446e+01
7.867989149592219178e+01
7.898810349236516970e+01
7.929649815864054574e+01
7.960506880766878623e+01
7.991380895075351987e+01
8.022271231684129589e+01
8.053177286836857718e+01
8.084098481326380181e+01
8.115034261273407878e+01
8.145984098452248645e+01
8.176947490140638308e+01
8.207923958478129123e+01
8.238913049326919236e+01
8.269914330638100353e+01
8.300927390336052270e+01
8.331951833743951852e+01
8.362987280582792948e+01
8.394033361586134845e+01
8.425089714782137662e+01
8.456155981502588759e+01
8.487231802186690288e+01
8.518316812053654985e+01
8.549410636723251855e+01
8.580512887867629956e+01
8.611623158979163861e+01
8.642741021339448082e+01
8.673866020273094080e+01
8.704997671765107725e+01
8.736135459515789137e+01
8.767278832498213603e+01
8.798427203073543978e+01
8.829579945708323407e+01
8.860736396324315933e+01
8.891895852296964620e+01
8.923057573104949824e+01
8.954220781617031832e+01
8.985384665988084407e+01
9.016548382122465455e+01
9.047711056649549732e+01
9.078871790345178283e+01
9.110029661923326216e+01
9.141183732114878069e+01
9.172333047945788564e+01
9.203476647123596877e+01
9.234613562441370505e+01
9.265742826109793384e+01
9.296863473931816202e+01
9.327974549239758062e+01
9.359075106522054455e+01
9.390164214674710763e+01
9.421240959822183925e+01
9.452304447661649078e+01
9.483353805295428174e+01
9.514388182526990079e+01
9.545406752605526890e+01
9.576408712416154856e+01
9.607393282121331879e+01
9.638359704270857264e+01
9.669307242405571401e+01
9.700235179191098212e+01
9.731142814124952167e+01
9.762029460870459729e+01
9.792894444277052912e+01
9.823737097155398601e+01
9.854556756881042645e+01
9.885352761906142405e+01
9.916124448264413616e+01
9.946871146155864096e+01
9.977592176701089954e+01
1.000828684895430598e+02
1.003895445726142270e+02
1.006959427904617854e+02
1.010020557309905769e+02
1.013078757843551188e+02
1.016133951377627511e+02
1.019186057768928606e+02
1.022234994941570534e+02
1.025280679038259990e+02
1.028323024638729919e+02
1.031361945041516464e+02
1.034397352603394324e+02
1.037429159128668488e+02
1.040457276298755289e+02
1.043481616130766128e+02
1.046502091452694714e+02
1.049518616381523515e+02
1.052531106790336679e+02
1.055539480750106094e+02
1.058543658932298683e+02
1.061543564959090560e+02
1.064539125689194918e+02
1.067530271428832407e+02
1.070516936059203488e+02
1.073499057074145497e+02
1.076476575523735590e+02
1.079449435862414362e+02
1.082417585702507807e+02
1.085380975476709722e+02
1.088339558015478303e+02
1.091293288047706511e+02
1.094242121635020197e+02
1.097186015552150593e+02
1.100124926627260180e+02
1.103058811057596671e+02
1.105987623716799817e+02
1.108911317470905686e+02
1.111829842520537568e+02
1.114743145786648313e+02
1.117651170357073056e+02
1.120553855010183639e+02
1.123451133831066358e+02
1.126342935933945739e+02
1.129229185302687029e+02
1.132109800758784814e+02
1.134984696063363714e+02
1.137853780156494281e+02
1.140716957533500704e+02
1.143574128754098496e+02
1.146425191076224479e+02
1.149270039202501295e+02
1.152108566123495024e+02
1.154940664038684730e+02
1.157766225333193262e+02
1.160585143586323937e+02
1.163397314586631950e+02
1.166202637327946405e+02
1.169001014961206550e+02
1.171792355678285418e+02
1.174576573506025881e+02
1.177353588991258277e+02
1.180123329760633482e+02
1.182885730942224427e+02
1.185640735439211113e+02
1.188388294049140370e+02
1.191128365425221602e+02
1.193860915878921531e+02
1.196585919025553579e+02
1.199303355276801284e+02
1.202013211186069412e+02
1.204715478654378558e+02
1.207410154006314116e+02
1.210097236947331680e+02
1.212776729415447647e+02
1.215448634342511411e+02
1.218112954342277447e+02
1.220769690344741605e+02
1.223418840198731345e+02
1.226060397266919750e+02
1.228694349039788278e+02
1.231320675796928299e+02
1.233939349345573930e+02
1.236550331867023118e+02
1.239153574901551877e+02
1.241749018501318886e+02
1.244336590578592876e+02
1.246916206473114386e+02
1.249487768757893207e+02
1.252051167296877168e+02
1.254606279561289739e+02
1.257152971204071576e+02
1.259691096883928765e+02
1.262220501322691746e+02
1.264741020572140968e+02
1.267252483459419921e+02
1.269754713174421994e+02
1.272247528957768594e+02
1.274730747844930221e+02
1.277204186420424605e+02
1.279667662536159725e+02
1.282120996949566631e+02
1.284564014840233881e+02
1.286996547168117218e+02
1.289418431841497750e+02
1.291829514669119874e+02
1.294229650077094789e+02
1.296618701578119612e+02
1.298996541986962256e+02
1.301363053382803230e+02
1.303718126825076808e+02
1.306061661835240670e+02
1.308393565662098865e+02
1.310713752353177881e+02
1.313022141658875910e+02
1.315318657800019082e+02
1.317603228133024231e+02
1.319875781749720147e+02
1.322136248051934331e+02
1.324384555343124248e+02
1.326620629481308811e+02
1.328844392639109344e+02
1.331055762217156655e+02
1.333254649956935509e+02
1.335440961297249203e+02
1.337614595015097620e+02
1.339775443186013320e+02
1.341923391490970801e+02
1.344058319886218555e+02
1.346180103639469792e+02
1.348288614720530063e+02
1.350383723518216925e+02
1.352465300838311748e+02
1.354533220121624879e+02
1.356587359807388680e+02
1.358627605757125707e+02
1.360653853648521192e+02
1.362666011248359723e+02
1.364664000478521189e+02
1.366647759198824303e+02
1.368617242644357930e+02
1.370572424471419311e+02
1.372513297384041095e+02
1.374439873330456692e+02
1.376352183274669017e+02
1.378250276561367684e+02
1.380134219902205643e+02
1.382004096017703318e+02
1.383860001972018665e+02
1.385702047238195576e+02
1.387530351529815675e+02
1.389345042432498758e+02
1.391146252866027453e+02
1.392934118406034827e+02
1.394708774493851990e+02
1.396470353564613731e+02
1.398218982127521883e+02
1.399954777837881466e+02
1.401677846608232585e+02
1.403388279814670909e+02
1.405086151663602152e+02
1.406771516792705086e+02
1.408444408186425392e+02
1.410104835489727009e+02
1.411752783803025011e+02
1.413388213034895955e+02
1.415011057877009648e+02
1.416621228447444878e+02
1.418218611624406833e+02
1.419803073063861234e+02
1.421374459862714161e+02
1.422932603796537023e+02
1.424477325029687336e+02
1.426008436168033597e+02
1.427525746503341679e+02
1.429029066284567477e+02
1.430518210846846330e+02
1.431993004433347494e+02
1.433453283558986868e+02
1.434898899786058166e+02
1.436329721809661351e+02
1.437745636782073575e+02
1.439146550838967471e+02
1.440532388823211534e+02
1.441903093233144091e+02
1.443258622449230302e+02
1.444598948315528162e+02
1.445924053169585193e+02
1.447233926426295909e+02
1.448528560828340801e+02
1.449807948478425317e+02
1.451072076767692351e+02
1.452320924310987493e+02
1.453554456993733197e+02
1.454772624228283462e+02
1.455975355509606004e+02
1.457162557352535543e+02
1.458334110685900953e+02
1.459489868773269166e+02
1.460629655726852434e+02
1.461753265680683569e+02
1.462860462691043608e+02
1.463950981436317988e+02
1.465024528792681338e+02
1.466080786363177708e+02
1.467119414033221858e+02
1.468140054609349079e+02
1.469142339568032867e+02
1.470125895893524159e+02
1.471090353918708047e+02
1.472035356003774780e+02
1.472960565800625545e+02
1.473865677766716260e+02
1.474750426522355724e+02
1.475614595602151269e+02
1.476458025145079489e+02
1.477280618102805079e+02
1.478082344623014706e+02
1.478863244375849320e+02
1.479623426725171669e+02
1.480363068785777045e+02
1.481082411537037729e+02
1.481781754268095597e+02
1.482461447700374606e+02
1.483121886166391619e+02
1.483763499221477673e+02
1.484386743033778089e+02
1.484992091846915230e+02
1.485580029748248307e+02
1.486151042912039770e+02
1.486705612427124095e+02
1.487244207766120496e+02
1.487767280909863530e+02
1.488275261106446408e+02
1.488768550219545546e+02
1.489247518605461096e+02
1.489712501453726929e+02
1.490163795533428868e+02
1.490601656307722749e+02
1.491026295413002174e+02
1.491437878545397382e+02
1.491836523851228264e+02
1.492222300974048039e+02
1.492595230958020522e+02
1.492955287236334243e+02
1.493302397932854717e+02
1.493636449667649231e+02
1.493957292980121849e+02
1.494264749369218066e+02
1.494558619809365325e+02
1.494838694447701073e+02
1.495104763042143929e+02
1.495356625579430272e+02
1.495594102435091202e+02
1.495817043414751026e+02
1.496025335054211212e+02
1.496218905651929276e+02
1.496397727654028813e+02
1.496561817193143611e+02
1.496711230780645394e+02
1.496846059346045763e+02
1.496966419988538348e+02
1.497072445937458269e+02
1.497164275300821998e+02
1.497242039211285771e+02
1.497305849960478383e+02
1.497355789656234037e+02
1.497391899855307429e+02
1.497414172529424263e+02
1.497422542626596567e+02
1.497416882398635209e+02
1.497396997583544760e+02
1.497362625457139131e+02
1.497313434700252515e+02
1.497249026962209371e+02
1.497168939936897800e+02
1.497072651704491193e+02
1.496959586035316363e+02
1.496829118312230094e+02
1.496680581719711824e+02
1.496513273387445224e+02
1.496326460278906438e+02
1.496119384785985744e+02
1.495891270220733134e+02
1.495641326657741104e+02
1.495368757828898367e+02
1.495072769945870164e+02
1.494752583359446874e+02
1.494407447802418574e+02
1.494036661578234941e+02
1.493639594466714016e+02
1.493215713393038300e+02
1.492764609168866343e+02
1.492286022019352458e+02
1.491779863309035647e+02
1.491246230980658254e+02
1.490685416750761760e+02
1.490097903992376303e+02
1.489484356316822016e+02
1.488845597931843940e+02
1.488182587695221173e+02
1.487496389254714870e+02
1.486788139717356501e+02
1.486059018976341406e+02
1.485310221273034585e+02
1.484542929947083962e+02
1.483758295776781324e+02
1.482957418928517939e+02
1.482141334347470831e+02
1.481311000400492617e+02
1.480467290658066304e+02
1.479610988793927220e+02
1.478742786617671925e+02
1.477863285189959299e+02
1.476972998787482254e+02
1.476072361205175696e+02
1.475161733557949049e+02
1.474241412451192161e+02
1.473311637218365320e+02
1.472372594959685159e+02
1.471424422411548676e+02
1.470467204234782912e+02
1.469500968066600990e+02
1.468525677509750267e+02
1.467541224962805586e+02
1.466547426654377091e+02
1.465544022296623154e+02
1.464530681363860367e+02
1.463507017169557969e+02
1.462472608790643847e+02
1.461427029660676169e+02
1.460369880530734861e+02
1.459300823658107902e+02
1.458219614651136453e+02
1.457126128426784248e+02
1.456020376213983241e+02
1.454902511399593550e+02
1.453772823166566752e+02
1.452631718187057857e+02
1.451479691944500985e+02
1.450317292380527761e+02
1.449145079302619479e+02
1.447963583203265330e+02
1.446773266788971455e+02
1.445574491695643360e+02
1.444367491795972569e+02
1.443152353459862809e+02
1.441929002346982145e+02
1.440697195915092834e+02
1.439456520808907953e+02
1.438206394546208458e+02
1.436946071297138019e+02
1.435674651927025707e+02
1.434391098732819501e+02
1.433094255353783240e+02
1.431782872093183983e+02
1.430455636298914044e+02
1.429111206544343702e+02
1.427748248268307805e+02
1.426365467523753807e+02
1.424961638846133951e+02
1.423535623240416612e+02
1.422086373034870803e+02
1.420612921849544250e+02
1.419114360050776611e+02
1.417589798616365044e+02
1.416038327071867400e+02
1.414458973724663906e+02
1.412850678279542080e+02
1.411212287330658341e+02
1.409542581416111204e+02
1.407840337836231583e+02
1.406104426560628440e+02
1.404333928565366136e+02
1.402528258983200260e+02
1.400687273870163665e+02
1.398811340843501512e+02
1.396901360471981945e+02
1.394958735458033630e+02
1.392985295397666903e+02
1.390983193065436865e+02
1.388954791546204319e+02
1.386902559664503087e+02
1.384828987339429318e+02
1.382736525068559388e+02
1.380627545116909403e+02
1.378504317772067793e+02
1.376368994714663074e+02
1.374223592679536807e+02
1.372069973189134089e+02
1.369909817247780097e+02
1.367744596775997650e+02
1.365575546826549669e+02
1.363403644033721491e+02
1.361229597122826078e+02
1.359053854461076014e+02
1.356876631455703262e+02
1.354697957232058627e+02
1.352517735949475650e+02
1.350335814189190557e+02
1.348152043126814590e+02
1.345966323655322583e+02
1.343778624840050213e+02
1.341588970993442445e+02
1.339397399391014005e+02
1.337203897646602400e+02
1.335008335147223306e+02
1.332810405134313214e+02
1.330609592334493243e+02
1.328405176007132695e+02
1.326196271359177103e+02
1.323981905241714969e+02
1.321761116245750145e+02
1.319533065406143635e+02
1.317297141843345685e+02
1.315053047861284767e+02
1.312800850397860302e+02
1.310540990290290040e+02
1.308274247098902663e+02
1.306001664194941441e+02
1.303724445137639236e+02
1.301443836838238610e+02
1.299161016769409684e+02
1.296877000049231583e+02
1.294592577616690505e+02
1.292308289680537712e+02
1.290024430828713946e+02
1.287741076829743747e+02
1.285458120049119657e+02
1.283175301022534995e+02
1.280892227009600219e+02
1.278608372473003385e+02
1.276323060076289266e+02
1.274035423957815425e+02
1.271744360659596111e+02
1.269448477803450004e+02
1.267146055582691844e+02
1.264835039012271523e+02
1.262513076970246573e+02
1.260177616073771532e+02
1.257826044539569494e+02
1.255455866876987869e+02
1.253064879156194991e+02
1.250651310733380228e+02
1.248213903598143304e+02
1.245751913632191474e+02
1.243265034598658474e+02
1.240753259701184561e+02
1.238216702547976098e+02
1.235655398887440697e+02
1.233069106756811948e+02
1.230457122075081315e+02
1.227818133140979313e+02
1.225150148442622537e+02
1.222450538415923660e+02
1.219716222147712159e+02
1.216943999220353021e+02
1.214130981465738444e+02
1.211275037110392958e+02
1.208375141578636942e+02
1.205431547601629774e+02
1.202445738281059278e+02
1.199420190678515610e+02
1.196358028669412761e+02
1.193262663639771120e+02
1.190137507183982706e+02
1.186985803193937556e+02
1.183810585712923427e+02
1.180614737860282446e+02
1.177401111122186848e+02
1.174172660880170014e+02
1.170932558241503614e+02
1.167684246620034969e+02
1.164431422995429557e+02
1.161177938074911395e+02
1.157927625608203499e+02
1.154684086359115724e+02
1.151450463158979147e+02
1.148229246566536403e+02
1.145022144176729313e+02
1.141830031956708353e+02
1.138652987708056799e+02
1.135490390815862014e+02
1.132341063537028987e+02
1.129203428579741626e+02
1.126075663358839165e+02
1.122955838794880918e+02
1.119842036361986004e+02
1.116732440673916642e+02
1.113625408157548691e+02
1.110519517000178951e+02
1.107413608235296891e+02
1.104306828247226804e+02
1.101198675607794542e+02
1.098089041986339680e+02
1.094978226494400246e+02
1.091866905348712891e+02
1.088756056980709275e+02
1.085646866827882064e+02
1.082540647939996603e+02
1.079438800379747221e+02
1.076342799043960667e+02
1.073254168171726946e+02
1.070174395628152979e+02
1.067104768610498269e+02
1.064046159592320748e+02
1.060998830365467143e+02
1.057962331844008617e+02
1.054935551937622478e+02
1.051916912021017083e+02
1.048904654002658674e+02
1.045897121140852022e+02
1.042892939675399901e+02
1.039891058688542813e+02
1.036890677637549061e+02
1.033891143707794953e+02
1.030891904871192253e+02
1.027892561013312047e+02
1.024892993515970545e+02
1.021893507061682413e+02
1.018894905158192472e+02
1.015898442101499199e+02
1.012905635015488315e+02
1.009917963181476495e+02
1.006936514647808565e+02
1.003961655470179863e+02
1.000992795040427410e+02
9.980283056065394476e+01
9.950656283716500639e+01
9.921015633101175979e+01
9.891326970461936696e+01
9.861558813596883510e+01
9.831686498064190971e+01
9.801694667483738499e+01
9.771577453409723546e+01
9.741336353968551975e+01
9.710976438794112653e+01
9.680501868724842041e+01
9.649911722048534557e+01
9.619196838455314946e+01
9.588338023809103561e+01
9.557305704220972586e+01
9.526061057368926299e+01
9.494558690932994693e+01
9.462750885241551657e+01
9.430593120656546091e+01
9.398050105872572146e+01
9.365101047928287414e+01
9.331742766395161937e+01
9.297989639290875630e+01
9.263870210228674296e+01
9.229421275832372373e+01
9.194681004149087755e+01
9.159682816924936333e+01
9.124451379271991414e+01
9.089001321456656513e+01
9.053338598974836771e+01
9.017463888670678784e+01
8.981377144893917830e+01
8.945082340287169131e+01
8.908591467087417470e+01
8.871927096435592830e+01
8.835123163570457905e+01
8.798224052484219726e+01
8.761282341996387402e+01
8.724355664151940459e+01
8.687503068604010537e+01
8.650781224804289593e+01
8.614240824998283586e+01
8.577923625670511854e+01
8.541860523732135846e+01
8.506070801822184535e+01
8.470562285180832873e+01
8.435331879284343870e+01
8.400366007972742466e+01
8.365640827617755804e+01
8.331122525927250422e+01
8.296768269632103454e+01
8.262528324903826160e+01
8.228349569005378328e+01
8.194180149248151679e+01
8.159974576551823588e+01
8.125698262737974176e+01
8.091330600752601754e+01
8.056866156725463668e+01
8.022314159769358355e+01
7.987696887134966062e+01
7.953047529184634357e+01
7.918407765121229147e+01
7.883824923496975146e+01
7.849348585891715402e+01
7.815026885922517863e+01
7.780903238284186330e+01
7.747014311632550232e+01
7.713389520309640091e+01
7.680051494256042588e+01
7.647016544419525985e+01
7.614294429952565224e+01
7.581887477263848041e+01
7.549789689906901913e+01
7.517986568526706037e+01
7.486456044034426327e+01
7.455170487166022042e+01
7.424099323251900273e+01
7.393211433318583659e+01
7.362476492844690767e+01
7.331864901778817512e+01
7.301346799328209158e+01
7.270891224544799059e+01
7.240466303602232756e+01
7.210040587876056861e+01
7.179584998100359883e+01
7.149074742198349952e+01
7.118490954229298495e+01
7.087822152669768627e+01
7.057065604648033741e+01
7.026228394921942311e+01
6.995327740956599882e+01
6.964390084206040399e+01
6.933448745215217457e+01
6.902540356233978969e+01
6.871700716765684547e+01
6.840960960123850043e+01
6.810344836994067919e+01
6.779867549997719323e+01
6.749536104631710032e+01
6.719350783138403926e+01
6.689307197434990826e+01
6.659398425737315108e+01
6.629616914019578644e+01
6.599956011553830137e+01
6.570411081137810072e+01
6.540980038353011139e+01
6.511663049739907194e+01
6.482461157676594610e+01
6.453373892821836932e+01
6.424396361796632959e+01
6.395516611781083327e+01
6.366714093314625700e+01
6.337959762392313223e+01
6.309217917908090811e+01
6.280449430352000917e+01
6.251615710737598874e+01
6.222682658307475378e+01
6.193623909800546556e+01
6.164422933309261765e+01
6.135073775648345418e+01
6.105580500620033746e+01
6.075955501415743498e+01
6.046216934646528074e+01
6.016385544700081311e+01
5.986481181844819588e+01
5.956519407033555069e+01
5.926508706337026666e+01
5.896448920220370837e+01
5.866331402156988162e+01
5.836141083753964409e+01
5.805860102874640205e+01
5.775472150275550121e+01
5.744966444978677345e+01
5.714340380103379857e+01
5.683600323923937481e+01
5.652760620098536037e+01
5.621841303104697829e+01
5.590865305848254252e+01
5.559855953195884126e+01
5.528835338106933506e+01
5.497823838368893234e+01
5.466840657540744530e+01
5.435904983616386232e+01
5.405037242604004888e+01
5.374259992548557108e+01
5.343598181632441424e+01
5.313078674973596804e+01
5.282729076736941209e+01
5.252575952809483795e+01
5.222642646520023391e+01
5.192946993353437790e+01
5.163499335148129177e+01
5.134301239725478183e+01
5.105345214893765871e+01
5.076615497355408735e+01
5.048089769875357291e+01
5.019741484275778731e+01
4.991542382267961386e+01
4.963464816568683347e+01
4.935483565975508213e+01
4.907576983679033589e+01
4.879727483502819041e+01
4.851921514140188663e+01
4.824149259945882307e+01
4.796404315800356954e+01
4.768683512762824250e+01
4.740986945532692687e+01
4.713318119256528149e+01
4.685684049385594818e+01
4.658095156820773752e+01
4.630564899455492167e+01
4.603109213080470852e+01
4.575745916206722086e+01
4.548494213409340148e+01
4.521374331538744684e+01
4.494407219545086463e+01
4.467614204727790650e+01
4.441016534593815379e+01
4.414634799204608129e+01
4.388488277397106430e+01
4.362594271438847215e+01
4.336967501856003793e+01
4.311619626896804647e+01
4.286558907658518081e+01
4.261789953974892597e+01
4.237313403201630990e+01
4.213125385775955323e+01
4.189216769125494721e+01
4.165572404726200517e+01
4.142170802682926478e+01
4.118984680404071952e+01
4.095982614257581389e+01
4.073131635362788927e+01
4.050400226196233433e+01
4.027760978173687789e+01
4.005192258290301766e+01
3.982678564833830137e+01
3.960209678433661651e+01
3.937779058543046062e+01
3.915382078760298867e+01
3.893014620837992368e+01
3.870672328906718462e+01
3.848350572084480348e+01
3.826044967578631173e+01
3.803752219422572267e+01
3.781471019370955844e+01
3.759202795427287214e+01
3.736952140938838340e+01
3.714726799258853163e+01
3.692537129321384981e+01
3.670395057946340955e+01
3.648312637951707416e+01
3.626300446852746973e+01
3.604366128758150722e+01
3.582513364215564877e+01
3.560741451440664918e+01
3.539045540599110495e+01
3.517417437455718954e+01
3.495846820553093437e+01
3.474322697486785216e+01
3.452834934671584932e+01
3.431375703414192913e+01
3.409940683607351275e+01
3.388529866870855756e+01
3.367147824934757949e+01
3.345803370958407186e+01
3.324508637879252859e+01
3.303277706701160099e+01
3.282125006632183783e+01
3.261063749312510396e+01
3.240104638172049079e+01
3.219255020125383737e+01
3.198518546735731505e+01
3.177895317130652231e+01
3.157382408119599404e+01
3.136974664740767693e+01
3.116665619453715763e+01
3.096448418047054929e+01
3.076316646748536243e+01
3.056264976964519420e+01
3.036289574233011024e+01
3.016388256526358447e+01
2.996560427982377561e+01
2.976806846988814570e+01
2.957129302943077320e+01
2.937530271088414224e+01
2.918012594684925531e+01
2.898579218364108812e+01
2.879232975376598702e+01
2.859976419624457833e+01
2.840811690643161569e+01
2.821740402654774371e+01
2.802763553794420304e+01
2.783881456499397444e+01
2.765093694252188783e+01
2.746399113253110968e+01
2.727795859581643256e+01
2.709281471880378334e+01
2.690853035571657870e+01
2.672507396933250945e+01
2.654241424999808530e+01
2.636052298170931607e+01
2.617937783076376945e+01
2.599896468202400612e+01
2.581927916094596398e+01
2.564032706657374305e+01
2.546212359564880146e+01
2.528469143517703799e+01
2.510805799815415895e+01
2.493225222700221622e+01
2.475730145382144798e+01
2.458322877127681494e+01
2.441005124654036962e+01
2.423777913911526127e+01
2.406641610571723788e+01
2.389596022880483162e+01
2.372640561040741147e+01
2.355774423280301733e+01
2.338996779435595030e+01
2.322306927120412468e+01
2.305704402381853058e+01
2.289189035338025136e+01
2.272760950618283715e+01
2.256420521047930450e+01
2.240168289256744671e+01
2.224004874382584163e+01
2.207930879372817046e+01
2.191946809416954878e+01
2.176053005683232655e+01
2.160249593050668437e+01
2.144536437696239872e+01
2.128913110848211332e+01
2.113378858091909507e+01
2.097932577714964353e+01
2.082572814842677289e+01
2.067297779109103573e+01
2.052105391795996425e+01
2.036993364187893718e+01
2.021959303505357042e+01
2.007000837640121205e+01
1.992115746299418078e+01
1.977302084838479601e+01
1.962558288152972708e+01
1.947883245084343073e+01
1.933276338067998879e+01
1.918737447322300582e+01
1.904266922949364371e+01
1.889865531366572782e+01
1.875534384281313294e+01
1.861274858990375947e+01
1.847088518320922645e+01
1.832977037287396627e+01
1.818942141765253595e+01
1.804985562390165654e+01
1.791109004671465854e+01
1.777314134158275039e+01
1.763602573636221393e+01
1.749975907992480373e+01
1.736435691764802414e+01
1.722983454593936514e+01
1.709620700799320758e+01
1.696348900915812408e+01
1.683169474963673551e+01
1.670083769116692807e+01
1.657093028949605795e+01
1.644198373343235886e+01
1.631400773295977302e+01
1.618701039360794169e+01
1.606099820331832717e+01
1.593597614339205393e+01
1.581194791888387741e+01
1.568891628804320248e+01
1.556688345689805786e+01
1.544585149536724167e+01
1.532582272658386557e+01
1.520680004220445447e+01
1.508878710347311625e+01
1.497178840000930400e+01
1.485580915409375535e+01
1.474085507537817819e+01
1.462693198689803786e+01
1.451404535576491739e+01
1.440219976948102953e+01
1.429139840104774883e+01
1.418164250362576340e+01
1.407293096989664072e+01
1.396525998421012460e+01
1.385862278853596941e+01
1.375300957698930304e+01
1.364840752827339365e+01
1.354480098017940826e+01
1.344217174444368190e+01
1.334049955314399938e+01
1.323976261934871346e+01
1.313993828557455323e+01
1.304100372502364102e+01
1.294293665409923122e+01
1.284571601172515010e+01
1.274932256236022532e+01
1.265373938537515919e+01
1.255895222295244018e+01
1.246494967058379189e+01
1.237172320701506401e+01
1.227926707259595851e+01
1.218757801521995532e+01
1.209665493061215535e+01
1.200649842832963010e+01
1.191711035656371287e+01
1.182849331801249626e+01
1.174065020621175925e+01
1.165358378729020039e+01
1.156729634665141226e+01
1.148178941403183551e+01
1.139706357415042781e+01
1.131311836411221527e+01
1.122995225318514123e+01
1.114756269581844883e+01
1.106594624504684177e+01
1.098509871088374723e+01
1.090501534703453856e+01
1.082569104924005110e+01
1.074712054969106134e+01
1.066929859405827230e+01
1.059222009051035940e+01
1.051588022337419481e+01
1.044027452752921903e+01
1.036539892295470544e+01
1.029124971182485559e+01
1.021782354299121565e+01
1.014511735048840002e+01
1.007312827379217879e+01
1.000185356795980596e+01
9.931290511551592814e+00
9.861436319470854528e+00
9.792288066691485326e+00
9.723842627406876105e+00
9.656096632566388394e+00
9.589046447193679157e+00
9.522688167409432580e+00
9.457017635801687305e+00
9.392030472758014170e+00
9.327722120635627334e+00
9.264087897211615186e+00
9.201123054719266392e+00
9.138822840908607859e+00
9.077182558927873401e+00
9.016197623350450385e+00
8.955863610306927569e+00
8.896176300360751910e+00
8.837131713426174429e+00
8.778726135621839788e+00
8.720956138442362615e+00
8.663818590990734592e+00
8.607310666243662922e+00
8.551429842419560501e+00
8.496173900508798837e+00
8.441540918927604054e+00
8.387529266099640779e+00
8.334137591579017013e+00
8.281364816130428963e+00
8.229210120995269051e+00
8.177672936413037164e+00
8.126752929345398613e+00
8.076449990271211021e+00
8.026764218885196200e+00
7.977695908541454273e+00
7.929245529325235964e+00
7.881413709709037541e+00
7.834201216838692083e+00
7.787608935593162585e+00
7.741637846656816535e+00
7.696289003925075534e+00
7.651563511628078906e+00
7.607462501595206206e+00
7.563987111095077154e+00
7.521138461671458053e+00
7.478917639358458658e+00
7.437325676602054791e+00
7.396363536146002282e+00
7.356032097063714303e+00
7.316332143039915081e+00
7.277264352930893132e+00
7.238829293564551293e+00
7.201027414683644601e+00
7.163859045888941068e+00
7.127324395405065793e+00
7.091423550468740622e+00
7.056156479127895231e+00
7.021523033237748734e+00
6.987522952446014735e+00
6.954155868971059640e+00
6.921421312993254027e+00
6.889318718498792293e+00
6.857847429435454778e+00
6.827006706059735919e+00
6.796795731374708716e+00
6.767213617575063012e+00
6.738259412431439443e+00
6.709932105559984095e+00
6.682230634533640412e+00
6.655153890800649563e+00
6.628700725383165349e+00
6.602869954333928426e+00
6.577660363933256704e+00
6.553070715612074437e+00
6.529099750588832407e+00
6.505746194211200262e+00
6.483008759994495662e+00
6.460886153351813377e+00
6.439377075012163054e+00
6.418480224125699962e+00
6.398194301056631339e+00
6.378518009868103356e+00
6.359450060504364011e+00
6.340989170678856368e+00
6.323134067479210252e+00
6.305883488701820028e+00
6.289236183931587121e+00
6.273190915383318966e+00
6.257746458523610222e+00
6.242901602493009960e+00
6.228655150349101888e+00
6.215005919151684211e+00
6.201952739912202084e+00
6.189494457428421192e+00
6.177629930026025562e+00
6.166358029227375859e+00
6.155677639367493903e+00
6.145587657175748397e+00
6.136086991340154562e+00
6.127174562070830000e+00
6.118849300676213687e+00
6.111110149164748151e+00
6.103956059883040908e+00
6.097385995199591235e+00
6.091398927241155725e+00
6.085993837687977859e+00
6.081169717631771832e+00
6.076925567499114500e+00
6.073260397041789993e+00
6.070173225394103866e+00
6.067663081195897590e+00
6.065729002779804091e+00
6.064370038419686360e+00
6.063585246636860937e+00
6.063373696560392823e+00
6.063734468337242944e+00
6.064666653587514666e+00
6.066169355900708382e+00
