6.643861917917931459e-02
2.601669442616335037e-01
2.413007967810970322e-01
2.282748037306618627e-01
2.197584848656748691e-01
2.148314562692013041e-01
2.128407390615242034e-01
2.133120999104874127e-01
2.158935213189919211e-01
2.203183049744288080e-01
2.263804738075753942e-01
2.339180534314851678e-01
2.428015051651752354e-01
2.529255898072337305e-01
2.642035549885418666e-01
2.765629209579055225e-01
2.899423820896817050e-01
3.042894979484413454e-01
3.195589504395444092e-01
3.357112119239785697e-01
3.527115152811223231e-01
3.705290483963727399e-01
3.891363173191874636e-01
4.085086375544435544e-01
4.286237237031108038e-01
4.494613553459543831e-01
4.710031026009562360e-01
4.932320988170863507e-01
5.161328508305922380e-01
5.396910794080321816e-01
5.638935841450785080e-01
5.887281283310579205e-01
6.141833402336879244e-01
6.402486279825444493e-01
6.669141057895834335e-01
6.941705296808186043e-01
7.220092412550572769e-01
7.504221182555220748e-01
7.794015309547233095e-01
8.089403035247191287e-01
8.390316797031129870e-01
8.696692921771289608e-01
9.008471351993427856e-01
9.325595400233919197e-01
9.648011528094523337e-01
9.975669147003723980e-01
1.030852043811555596e+00
1.064652018913241349e+00
1.098962564613478854e+00
1.133779637875262924e+00
1.169099415722467672e+00
1.204918284007352680e+00
1.241232827127880523e+00
1.278039818596323540e+00
1.315336212372083757e+00
1.353119134881577867e+00
1.391385877656746040e+00
1.430133890531053886e+00
1.469360775338835801e+00
1.509064280069415842e+00
1.549242293432714357e+00
1.589892839797810487e+00
1.631014074469938180e+00
1.672604279275192507e+00
1.714661858425661434e+00
1.757185334640622543e+00
1.800173345502357192e+00
1.843624640027536676e+00
1.887538075437530827e+00
1.931912614112887061e+00
1.976747320719322021e+00
2.022041359493977009e+00
2.067793991682481458e+00
2.114004573118380303e+00
2.160672551937980579e+00
2.207797466424433086e+00
2.255378942975897250e+00
2.303416694193367142e+00
2.351910517084356833e+00
2.400860291379235179e+00
2.450265977957370556e+00
2.500127617380706102e+00
2.550445328532710665e+00
2.601219307360704835e+00
2.652449825720202714e+00
2.704137230319549889e+00
2.756281941763866872e+00
2.808884453697009231e+00
2.861945332040689571e+00
2.915465214329905130e+00
2.969444809143896080e+00
3.023884895632017678e+00
3.078786323133872127e+00
3.134150010893034022e+00
3.189976947863662371e+00
3.246268192609031988e+00
3.303024873290761665e+00
3.360248187747187032e+00
3.417939403658714959e+00
3.476099858797292885e+00
3.534730961356255197e+00
3.593834190356147484e+00
3.653411096120426915e+00
3.713463300814043855e+00
3.773992499036583403e+00
3.835000458459461026e+00
3.896489020495990552e+00
3.958460100990573327e+00
4.020915690912029383e+00
4.083857857034487004e+00
4.147288742586979993e+00
4.211210567852378794e+00
4.275625630693546064e+00
4.340536306984762227e+00
4.405945050924417572e+00
4.471854395204411858e+00
4.538266951011517669e+00
4.605185407835295841e+00
4.672612533057410644e+00
4.740551171297361144e+00
4.809004243490625718e+00
4.877974745675715873e+00
4.947465747468238639e+00
5.017480390201513707e+00
5.088021884714565068e+00
5.159093508771182002e+00
5.230698604094768278e+00
5.302840573007085112e+00
5.375522874660423334e+00
5.448749020856197056e+00
5.522522571444842931e+00
5.596847129304981294e+00
5.671726334902399635e+00
5.747163860432319638e+00
5.823163403550980277e+00
5.899728680705685235e+00
5.976863420075135380e+00
6.054571354135423356e+00
6.132856211869070151e+00
6.211721710639099392e+00
6.291171547752204773e+00
6.371209391739471428e+00
6.451838873386486206e+00
6.533063576548223672e+00
6.614887028789118162e+00
6.697312691891617931e+00
6.780343952282444242e+00
6.863984111429052071e+00
6.948236376264318892e+00
7.033103849701253019e+00
7.118589521305144885e+00
7.204696258193524550e+00
7.291426796239653285e+00
7.378783731657503786e+00
7.466769513050333096e+00
7.555386434006077678e+00
7.644636626324690098e+00
7.734522053962465726e+00
7.825044507777372260e+00
7.916205601156939053e+00
8.008006766607069338e+00
8.100449253373474434e+00
8.193534126162342446e+00
8.287262265016449803e+00
8.381634366394742131e+00
8.476650945490352029e+00
8.572312339810265414e+00
8.668618714025324579e+00
8.765570066084233503e+00
8.863166234569648694e+00
8.961406907258405496e+00
9.060291630830606735e+00
9.159819821657677608e+00
9.259990777582352450e+00
9.360803690589474257e+00
9.462257660253030167e+00
9.564351707831773908e+00
9.667084790877055411e+00
9.770455818206666976e+00
9.874463665093268006e+00
9.979107188512825743e+00
1.008438524229631028e+01
1.019029669203060529e+01
1.029684042955778089e+01
1.040401538692841044e+01
1.051182054967406110e+01
1.062025496927376444e+01
1.072931777470247461e+01
1.083900818296373458e+01
1.094932550852341713e+01
1.106026917157830347e+01
1.117183870510948651e+01
1.128403376068702357e+01
1.139685411301069529e+01
1.151029966318608189e+01
1.162437044075236514e+01
1.173906660449305051e+01
1.185438844207434705e+01
1.197033636856911798e+01
1.208691092393607391e+01
1.220411276953384139e+01
1.232194268375834234e+01
1.244040155689996929e+01
1.255949038532213002e+01
1.267921026506811977e+01
1.279956238500556864e+01
1.292054801961950616e+01
1.304216852156546480e+01
1.316442531409136585e+01
1.328731988343589698e+01
1.341085377130483103e+01
1.353502856752221639e+01
1.365984590294661416e+01
1.378530744273325759e+01
1.391141488001534299e+01
1.403816993006679326e+01
1.416557432499828906e+01
1.429362980902782354e+01
1.442233813435419165e+01
1.455170105765178512e+01
1.468172033719273983e+01
1.481239773059109588e+01
1.494373499315418030e+01
1.507573387681546961e+01
1.520839612961514220e+01
1.534172349568649274e+01
1.547571771569977273e+01
1.561038052771031559e+01
1.574571366835344577e+01
1.588171887432596208e+01
1.601839788409436593e+01
1.615575243976777031e+01
1.629378428907692467e+01
1.643249518740172022e+01
1.657188689979262008e+01
1.671196120293662801e+01
1.685271988702103485e+01
1.699416475745335475e+01
1.713629763640166104e+01
1.727912036412229213e+01
1.742263480004926279e+01
1.756684282362098770e+01
1.771174633482798200e+01
1.785734725446577187e+01
1.800364752408332691e+01
1.815064910562023215e+01
1.829835398072809838e+01
1.844676414977739398e+01
1.859588163055047261e+01
1.874570845662830010e+01
1.889624667547786885e+01
1.904749834625319238e+01
1.919946553732377126e+01
1.935215032354853548e+01
1.950555478331486370e+01
1.965968099536788927e+01
1.981453103545356598e+01
1.997010697280656899e+01
2.012641086651215971e+01
2.028344476177461075e+01
2.044121068612719938e+01
2.059971064561651488e+01
2.075894662099842947e+01
2.091892056397902877e+01
2.107963439353524038e+01
2.124108999234954354e+01
2.140328920338951946e+01
2.156623382666229816e+01
2.172992561617425622e+01
2.189436627711888761e+01
2.205955746332078604e+01
2.222550077495384002e+01
2.239219775655660882e+01
2.255964989535985410e+01
2.272785861994378820e+01
2.289682529923752341e+01
2.306655124187119199e+01
2.323703769589256041e+01
2.340828584885225183e+01
2.358029682826470008e+01
2.375307170244615662e+01
2.392661148172983232e+01
2.410091712005571907e+01
2.427598951692933227e+01
2.445182951974013008e+01
2.462843792642922836e+01
2.480581548849092144e+01
2.498396291428895211e+01
2.516288087266880424e+01
2.534256999683957545e+01
2.552303088849922119e+01
2.570426412217358703e+01
2.588627024973473922e+01
2.606904980506642389e+01
2.625260330883603288e+01
2.643693127333661153e+01
2.662203420735721693e+01
2.680791262103880612e+01
2.699456703067384922e+01
2.718199796340638841e+01
2.737020596178746956e+01
2.755919158814392134e+01
2.774895542871763610e+01
2.793949809753338442e+01
2.813082023995565351e+01
2.832292253589649889e+01
2.851580570263905301e+01
2.870947049724484756e+01
2.890391771851514235e+01
2.909914820848234385e+01
2.929516285341002302e+01
2.949196258428560924e+01
2.968954837679494929e+01
2.988792125077226913e+01
3.008708226912595762e+01
3.028703253624496838e+01
3.048777319589657253e+01
3.068930542863263966e+01
3.089163044872680430e+01
3.109474950066978138e+01
3.129866385525598815e+01
3.150337480529947243e+01
3.170888366102035860e+01
3.191519174514813173e+01
3.212230038779052421e+01
3.233021092111854244e+01
3.253892467392076071e+01
3.274844296608119265e+01
3.295876710303241452e+01
3.316989837023857746e+01
3.338183802775799336e+01
3.359458730493465595e+01
3.380814739526346102e+01
3.402251945147011725e+01
3.423770458084374724e+01
3.445370384085187254e+01
3.467051823506346864e+01
3.488814870940239388e+01
3.510659614873872414e+01
3.532586137382919844e+01
3.554594513860153882e+01
3.576684812777729405e+01
3.598857095481690749e+01
3.621111416016447038e+01
3.643447820976514606e+01
3.665866349382035594e+01
3.688367032573993498e+01
3.710949894124738080e+01
3.733614949758992907e+01
3.756362207279988752e+01
3.779191666495352564e+01
3.802103319137323467e+01
3.825097148771499889e+01
3.848173130688661558e+01
3.871331231774484394e+01
3.894571410351944962e+01
3.917893615991840051e+01
3.941297789287267506e+01
3.964783861588530556e+01
3.988351754695504781e+01
4.012001380505366654e+01
4.035732640614233446e+01
4.059545425872345703e+01
4.083439615892981323e+01
4.107415078516540774e+01
4.131471669232011834e+01
4.155609230558903988e+01
4.179827591393659247e+01
4.204126566325754055e+01
4.228505954928935751e+01
4.252965541034462404e+01
4.277505091993561592e+01
4.302124357937196208e+01
4.326823071041658864e+01
4.351600944809206339e+01
4.376457673373251822e+01
4.401392930837901929e+01
4.426406370662081713e+01
4.451497625098350142e+01
4.476666304696479415e+01
4.501911997882245942e+01
4.527234270620838430e+01
4.552632666174728371e+01
4.578106704964923068e+01
4.603655884543736931e+01
4.629279679687276428e+01
4.654977542613993080e+01
4.680748903335300781e+01
4.706593170143030846e+01
4.732509730237089940e+01
4.758497950495623741e+01
4.784557178388266863e+01
4.810686743031840962e+01
4.836885956385982865e+01
4.863154114584755661e+01
4.889490499398524292e+01
4.915894379818752213e+01
4.942365013756359815e+01
4.968901649843303403e+01
4.995503529324675895e+01
5.022169888027575269e+01
5.048899958391704246e+01
5.075692971544811627e+01
5.102548159405730388e+01
5.129464756796303959e+01
5.156442003543217822e+01
5.183479146549895233e+01
5.210575441818708242e+01
5.237730156403850401e+01
5.264942570275157863e+01
5.292211978074104195e+01
5.319537690743925396e+01
5.346919037016998999e+01
5.374355364743936292e+01
5.401846042050462415e+01
5.429390458310198397e+01
5.456988024923330727e+01
5.484638175893623924e+01
5.512340368198479013e+01
5.540094081949551708e+01
5.567898820343862809e+01
5.595754109408400012e+01
5.623659497543452801e+01
5.651614554873430052e+01
5.679618872415787223e+01
5.707672061081776604e+01
5.735773750525049053e+01
5.763923587856287867e+01
5.792121236243922056e+01
5.820366373422822193e+01
5.848658690134149651e+01
5.876997888520338620e+01
5.905383680499821963e+01
5.933815786146146110e+01
5.962293932095800386e+01
5.990817850008149037e+01
6.019387275099683876e+01
6.048001944772745020e+01
6.076661597357176703e+01
6.105365970980295742e+01
6.134114802578013581e+01
6.162907827056706367e+01
6.191744776611918866e+01
6.220625380206638511e+01
6.249549363208465991e+01
6.278516447181193882e+01
6.307526349823262279e+01
6.336578785042198803e+01
6.365673463151554756e+01
6.394810091173913946e+01
6.423988373231783555e+01
6.453208011006312006e+01
6.482468704242620561e+01
6.511770151279748120e+01
6.541112049583040289e+01
6.570494096257121441e+01
6.599915988517936682e+01
6.629377424104102090e+01
6.658878101608821964e+01
6.688417720715912651e+01
6.717995982325248860e+01
6.747612588556050639e+01
6.777267242618474086e+01
6.806959648547133668e+01
6.836689510793272007e+01
6.866456533674505636e+01
6.896260420685351278e+01
6.926100873673134117e+01
6.955977591888112954e+01
6.985890270918569911e+01
7.015838601524474427e+01
7.045822268385988707e+01
7.075840948784905038e+01
7.105894311239521244e+01
7.135982014115133154e+01
7.166103704233712790e+01
7.196259015507534684e+01
7.226447567622950885e+01
7.256668964799985133e+01
7.286922794654445568e+01
7.317208627188506398e+01
7.347526013935018341e+01
7.377874487279358107e+01
7.408253559980938974e+01
7.438662724914186697e+01
7.469101455045867510e+01
7.499569203662163375e+01
7.530065404855074007e+01
7.560589474273548660e+01
7.591140810139931716e+01
7.621718794527140517e+01
7.652322794887372481e+01
7.682952165816915624e+01
7.713606251037845141e+01
7.744284385570213658e+01
7.774985898065662582e+01
7.805710113267076622e+01
7.836456354556121084e+01
7.867223946546386060e+01
7.898012217677114677e+01
7.928820502761506361e+01
7.959648145440939970e+01
7.990494500497673869e+01
8.021358935978322791e+01
8.052240835083080128e+01
8.083139597777316965e+01
8.114054642086550473e+01
8.144985405040023352e+01
8.175931343233831683e+01
8.206891932990212979e+01
8.237866670097116639e+01
8.268855069119496193e+01
8.299856662281167985e+01
8.330870997925514132e+01
8.361897638570694369e+01
8.392936158583819406e+01
8.423986141507155878e+01
8.455047177076815501e+01
8.486118857982140185e+01
8.517200776420281727e+01
8.548292520506390701e+01
8.579393670604497402e+01
8.610503795647234426e+01
8.641622449514728999e+01
8.672749167543446447e+01
8.703883463234269868e+01
8.735024825226700784e+01
8.766172714601249538e+01
8.797326562565976360e+01
8.828485768575833958e+01
8.859649698923875860e+01
8.890817685834319661e+01
8.921989027075255763e+01
8.953162986098213594e+01
8.984338792699841747e+01
9.015515644188809574e+01
9.046692707030794622e+01
9.077869118933242021e+01
9.109043991322579359e+01
9.140216412158953574e+01
9.171385449026685421e+01
9.202550152433967412e+01
9.233709559252808674e+01
9.264862696228233574e+01
9.296008583486742793e+01
9.327146237975595966e+01
9.358274676768569122e+01
9.389392920177328961e+01
9.420499994614965544e+01
9.451594935163375055e+01
9.482676787804629726e+01
9.513744611283536301e+01
9.544797478577528693e+01
9.575834477958102298e+01
9.606854713635894427e+01
9.637857305991619228e+01
9.668841391401129215e+01
9.699806121673132964e+01
9.730750663124197786e+01
9.761674195324081893e+01
9.792575909551661084e+01
9.823455007006835160e+01
9.854310696831491612e+01
9.885142193996681215e+01
9.915948717117383637e+01
9.946729486260588260e+01
9.977483720813080481e+01
1.000821063747723656e+02
1.003890944846200455e+02
1.006957935993304574e+02
1.010021957078262034e+02
1.013082927177342327e+02
1.016140764510129344e+02
1.019195386441311086e+02
1.022246709530329838e+02
1.025294649629950072e+02
1.028339122033323463e+02
1.031380041667621015e+02
1.034417323330672787e+02
1.037450881965648932e+02
1.040480632967143890e+02
1.043506492510936141e+02
1.046528377898317359e+02
1.049546207905155342e+02
1.052559903125127789e+02
1.055569386296302952e+02
1.058574582600220992e+02
1.061575419923002386e+02
1.064571829068730722e+02
1.067563743916334715e+02
1.070551101512497780e+02
1.073533842094768005e+02
1.076511909040649471e+02
1.079485248740537173e+02
1.082453810394295175e+02
1.085417545733288449e+02
1.088376408671851578e+02
1.091330354893935208e+02
1.094279341382759441e+02
1.097223325902717761e+02
1.100162266444490058e+02
1.103096120645334253e+02
1.106024845197745634e+02
1.108948395260171793e+02
1.111866723884083967e+02
1.114779781471656577e+02
1.117687515278297496e+02
1.120589868973676886e+02
1.123486782274071771e+02
1.126378190657800928e+02
1.129264025173889081e+02
1.132144212352398966e+02
1.135018674222715589e+02
1.137887328443504913e+02
1.140750088545559180e+02
1.143606864285680587e+02
1.146457562106773338e+02
1.149302085696379834e+02
1.152140336632698308e+02
1.154972215104658488e+02
1.157797620689945433e+02
1.160616453173088587e+02
1.163428613384141528e+02
1.166234004037722229e+02
1.169032530551945115e+02
1.171824101827232880e+02
1.174608630965940819e+02
1.177386035915401123e+02
1.180156240018896341e+02
1.182919172461351138e+02
1.185674768599120341e+02
1.188422970165769215e+02
1.191163725348368843e+02
1.193896988731304987e+02
1.196622721106963922e+02
1.199340889154831018e+02
1.202051464992598824e+02
1.204754425604707535e+02
1.207449752155483367e+02
1.210137429195800536e+02
1.212817443773703445e+02
1.215489784461262985e+02
1.218154440311449349e+02
1.220811399760656144e+02
1.223460649494209775e+02
1.226102173293918440e+02
1.228735950888312800e+02
1.231361956827733763e+02
1.233980159407462907e+02
1.236590519662848635e+02
1.239192990460549311e+02
1.241787515709468863e+02
1.244374029713642642e+02
1.246952456687306920e+02
1.249522710449356566e+02
1.252084694310473765e+02
1.254638301161881770e+02
1.257183413769124485e+02
1.259719905268931939e+02
1.262247639861088260e+02
1.264766473681421814e+02
1.267276255836446666e+02
1.269776829575015569e+02
1.272268033568012839e+02
1.274749703263813387e+02
1.277221672284730687e+02
1.279683773828777476e+02
1.282135842040918590e+02
1.284577713319347367e+02
1.287009227524544031e+02
1.289430229062161004e+02
1.291840567814725489e+02
1.294240099901779786e+02
1.296628688253132964e+02
1.299006202984984384e+02
1.301372521574139682e+02
1.303727528830625886e+02
1.306071116674104644e+02
1.308403183724192900e+02
1.310723634719307427e+02
1.313032379782634678e+02
1.315329333557581037e+02
1.317614414238438485e+02
1.319887542524836874e+02
1.322148640531237334e+02
1.324397630684885883e+02
1.326634434647308751e+02
1.328858972295774095e+02
1.331071160801596420e+02
1.333270913842102914e+02
1.335458140981816086e+02
1.337632747256039352e+02
1.339794632986324245e+02
1.341943693851838475e+02
1.344079821233675602e+02
1.346202902840294939e+02
1.348312823612083662e+02
1.350409466891671286e+02
1.352492715834464150e+02
1.354562455022143297e+02
1.356618572230748043e+02
1.358660960295839004e+02
1.360689519010584263e+02
1.362704156989062767e+02
1.364704793427199263e+02
1.366691359697234418e+02
1.368663800718644836e+02
1.370622076057889842e+02
1.372566160720919299e+02
1.374496045614770310e+02
1.376411737666980741e+02
1.378313259603063727e+02
1.380200649392234880e+02
1.382073959379538053e+02
1.383933255128210362e+02
1.385778613999803213e+02
1.387610123501515034e+02
1.389427879430579935e+02
1.391231983845514435e+02
1.393022542893434093e+02
1.394799664522661828e+02
1.396563456110509378e+02
1.398314022037814652e+02
1.400051461244729296e+02
1.401775864806312484e+02
1.403487313571315838e+02
1.405185875912981714e+02
1.406871605645748957e+02
1.408544540166118111e+02
1.410204698878549152e+02
1.411852081967443553e+02
1.413486669573191534e+02
1.415108421423597349e+02
1.416717276961083769e+02
1.418313155991381507e+02
1.419895959860951393e+02
1.421465573149245643e+02
1.423021865839062059e+02
1.424564695905249607e+02
1.426093912240322652e+02
1.427609357816848785e+02
1.429110872972087520e+02
1.430598298691539014e+02
1.432071479765303081e+02
1.433530267695158784e+02
1.434974523240036604e+02
1.436404118503249094e+02
1.437818938484603564e+02
1.439218882043386714e+02
1.440603862242859918e+02
1.441973806071200102e+02
1.443328653557309451e+02
1.444668356320784710e+02
1.445992875613387980e+02
1.447302179923418350e+02
1.448596242225305843e+02
1.449875036963441346e+02
1.451138536863165314e+02
1.452386709662523003e+02
1.453619514856903834e+02
1.454836900545384140e+02
1.456038800462910388e+02
1.457225131277324408e+02
1.458395790224574853e+02
1.459550653150507742e+02
1.460689573023064725e+02
1.461812378975428430e+02
1.462918875938452459e+02
1.464008844918998307e+02
1.465082043979455193e+02
1.466138209970688138e+02
1.467177061064364523e+02
1.468198300119082091e+02
1.469201618895257297e+02
1.470186703104956223e+02
1.471153238244271222e+02
1.472100916107758906e+02
1.473029441830467192e+02
1.473938541247356966e+02
1.474827968309145376e+02
1.475697512254865558e+02
1.476547004221291104e+02
1.477376322973294691e+02
1.478185399469343793e+02
1.478974220031869606e+02
1.479742827968378265e+02
1.480491323578190759e+02
1.481219862572666841e+02
1.481928653022906701e+02
1.482617951021192368e+02
1.483288055293312198e+02
1.483939301027104136e+02
1.484572053187674499e+02
1.485186699575360194e+02
1.485783643853500564e+02
1.486363298734842431e+02
1.486926079473175548e+02
1.487472397764811660e+02
1.488002656125732983e+02
1.488517242776864578e+02
1.489016527042686846e+02
1.489500855248588493e+02
1.489970547090118771e+02
1.490425892443410589e+02
1.490867148591214004e+02
1.491294537852838857e+02
1.491708245628740883e+02
1.492108418899281617e+02
1.492495165249253546e+02
1.492868552520054664e+02
1.493228609214428104e+02
1.493575325787599581e+02
1.493908656948483156e+02
1.494228525061402024e+02
1.494534824681715577e+02
1.494827428181039579e+02
1.495106192325624477e+02
1.495370965574682884e+02
1.495621595775065487e+02
1.495857937856723936e+02
1.496079861089123710e+02
1.496287255450342002e+02
1.496480036689706594e+02
1.496658149731978824e+02
1.496821570168940809e+02
1.496970303705255105e+02
1.497104383556957146e+02
1.497223865931124465e+02
1.497328823831617797e+02
1.497419339528416913e+02
1.497495496090838856e+02
1.497557368414307462e+02
1.497605014168846367e+02
1.497638465068772007e+02
1.497657718814610917e+02
1.497662731997101275e+02
1.497653414185628264e+02
1.497629623355359740e+02
1.497591162741228175e+02
1.497537779144918773e+02
1.497469162663543898e+02
1.497384947755452629e+02
1.497284715510892283e+02
1.497167996954284490e+02
1.497034277175256989e+02
1.496883000072793664e+02
1.496713573508725119e+02
1.496525374710470260e+02
1.496317755841869541e+02
1.496090049774615522e+02
1.495841576229483962e+02
1.495571648597461945e+02
1.495279581865884495e+02
1.494964702129944101e+02
1.494626358131988582e+02
1.494263935115347124e+02
1.493876871002175051e+02
1.493464674525103817e+02
1.493026944511053955e+02
1.492563389104763303e+02
1.492073843415326166e+02
1.491558283948964458e+02
1.491016838306470618e+02
1.490449788979395862e+02
1.489857570629887107e+02
1.489240760894381310e+02
1.488600065396362595e+02
1.487936298176005323e+02
1.487250359063809526e+02
1.486543209608422558e+02
1.485815849037234671e+02
1.485069291443975033e+02
1.484304545044885799e+02
1.483522594004405164e+02
1.482724383060115940e+02
1.481910805000734683e+02
1.481082690962837773e+02
1.480240803481889031e+02
1.479385832221102532e+02
1.478518392269440369e+02
1.477639024823114653e+02
1.476748199936061212e+02
1.475846320858307479e+02
1.474933729308542070e+02
1.474010710894034730e+02
1.473077499845984732e+02
1.472134282322672050e+02
1.471181197767007234e+02
1.470218338179203670e+02
1.469245745633756997e+02
1.468263408855254966e+02
1.467271260073712540e+02
1.466269173613117118e+02
1.465256967656905829e+02
1.464234410354805789e+02
1.463201230913247173e+02
1.462157135620452095e+02
1.461101828005451466e+02
1.460035031636412839e+02
1.458956513535058264e+02
1.457866105898299907e+02
1.456763723816205811e+02
1.455649376957740628e+02
1.454523173731200529e+02
1.453385317153203573e+02
1.452236092494986508e+02
1.451075847612646612e+02
1.449904967593592460e+02
1.448723845855594448e+02
1.447532854038395556e+02
1.446332312909487428e+02
1.445122466111844517e+02
1.443903458020114101e+02
1.442675316378486912e+02
1.441437939891882536e+02
1.440191090608105924e+02
1.438934390778867112e+02
1.437667323888837529e+02
1.436389239633655279e+02
1.435099362742565177e+02
1.433796805615205869e+02
1.432480584717322358e+02
1.431149640509516416e+02
1.429802860343920656e+02
1.428439103274358501e+02
1.427057225164378451e+02
1.425656101974188346e+02
1.424234648821284850e+02
1.422791832484782049e+02
1.421326675552296024e+02
1.419838251405008123e+02
1.418325670638550946e+02
1.416788061187818073e+02
1.415224546155763505e+02
1.413634224848215410e+02
1.412016163410003742e+02
1.410369401314383992e+02
1.408692978414432844e+02
1.406985984203008115e+02
1.405247626652483746e+02
1.403477313324739555e+02
1.401674733544391529e+02
1.399839928550138382e+02
1.397973337514024763e+02
1.396075811191830098e+02
1.394148590873037961e+02
1.392193256682376159e+02
1.390211654423719096e+02
1.388205812755428497e+02
1.386177862103316158e+02
1.384129963850187721e+02
1.382064254152929550e+02
1.379982802579338852e+02
1.377887582702687155e+02
1.375780450366249852e+02
1.373663125486857837e+02
1.371537174563367500e+02
1.369403992900346054e+02
1.367264787410369706e+02
1.365120562331803171e+02
1.362972111054628499e+02
1.360820017347926694e+02
1.358664668559380289e+02
1.356506281824984796e+02
1.354344942135255394e+02
1.352180648588107772e+02
1.350013362832581834e+02
1.347843052186814816e+02
1.345669719765604952e+02
1.343493415514213893e+02
1.341314225261757827e+02
1.339132239252216152e+02
1.336947506146240698e+02
1.334759982087214212e+02
1.332569486119121223e+02
1.330375672546389012e+02
1.328178027909187904e+02
1.325975895856724094e+02
1.323768528352732972e+02
1.321555157277458363e+02
1.319335077233062350e+02
1.317107728531773603e+02
1.314872769059821564e+02
1.312630124963669402e+02
1.310380012775090677e+02
1.308122929377749415e+02
1.305859610630117231e+02
1.303590963885515635e+02
1.301317983434417158e+02
1.299041660379642735e+02
1.296762899036424699e+02
1.294482450238370177e+02
1.292200868039828379e+02
1.289918491053000764e+02
1.287635444448504245e+02
1.285351654953968250e+02
1.283066869895868933e+02
1.280780672378396901e+02
1.278492487247350340e+02
1.276201575560277064e+02
1.273907018320191611e+02
1.271607693213821477e+02
1.269302251129642229e+02
1.266989101955356176e+02
1.264666420527391608e+02
1.262332182310128843e+02
1.259984233644335490e+02
1.257620393694034391e+02
1.255238576402663568e+02
1.252836913557241871e+02
1.250413857008645238e+02
1.247968240525325996e+02
1.245499289064259614e+02
1.243006572998770451e+02
1.240489913809425957e+02
1.237949253461620174e+02
1.235384501833534898e+02
1.232795377122282332e+02
1.230181256109077310e+02
1.227541056054628257e+02
1.224873175969463688e+02
1.222175526786898700e+02
1.219445671462186880e+02
1.216681074491585122e+02
1.213879429722564964e+02
1.211039006162712042e+02
1.208158936756574775e+02
1.205239383625787184e+02
1.202281544498090113e+02
1.199287508322868803e+02
1.196260007287993261e+02
1.193202133705786849e+02
1.190117088086122976e+02
1.187008003695864886e+02
1.183877863842238440e+02
1.180729502040991008e+02
1.177565658677323341e+02
1.174389061715598501e+02
1.171202500893235339e+02
1.168008871352514149e+02
1.164811171478573613e+02
1.161612449532207734e+02
1.158415703604676139e+02
1.155223748458432595e+02
1.152039069676661711e+02
1.148863688879658866e+02
1.145699062576291425e+02
1.142546031380241658e+02
1.139404826971800304e+02
1.136275133611321593e+02
1.133156191916891089e+02
1.130046927087374797e+02
1.126946082449329367e+02
1.123852341382862647e+02
1.120764424995637114e+02
1.117681158424124988e+02
1.114601505072433980e+02
1.111524575072541552e+02
1.108449620208969151e+02
1.105376029706866774e+02
1.102303337285791685e+02
1.099231240363521067e+02
1.096159622032476761e+02
1.093088562228543026e+02
1.090018330288016131e+02
1.086949363687074168e+02
1.083882247649205937e+02
1.080817708134905786e+02
1.077756615367793529e+02
1.074699976243360169e+02
1.071648886189958461e+02
1.068604422782093337e+02
1.065567490459925892e+02
1.062538653990796149e+02
1.059518012989670979e+02
1.056505163232507130e+02
1.053499264327883651e+02
1.050499196811690865e+02
1.047503759113484136e+02
1.044511841222449249e+02
1.041522525980556537e+02
1.038535105747080252e+02
1.035549042948312035e+02
1.032563925567531413e+02
1.029579461383768120e+02
1.026595523627408539e+02
1.023612223992484047e+02
1.020629965561210497e+02
1.017649428013908306e+02
1.014671458575167833e+02
1.011696874136137296e+02
1.008726210164213626e+02
1.005759470780843543e+02
1.002795938237029674e+02
9.998340907877054917e+01
9.968716593982662744e+01
9.939058282747046746e+01
9.909335533976239674e+01
9.879519412387362820e+01
9.849586060988622194e+01
9.819519208447383107e+01
9.789310987005305265e+01
9.758960879327479176e+01
9.728473107093832084e+01
9.697853133406820803e+01
9.667104057707146580e+01
9.636223543642344680e+01
9.605201657407000937e+01
9.574019767866009545e+01
9.542650576800805595e+01
9.511059389451200730e+01
9.479206765111082689e+01
9.447052543588505102e+01
9.414560869777810126e+01
9.381705357289696678e+01
9.348473196343353209e+01
9.314867059789145287e+01
9.280904165382894178e+01
9.246612654143466159e+01
9.212026226981504351e+01
9.177178432936824493e+01
9.142097976214272137e+01
9.106805984579682445e+01
9.071315584783914687e+01
9.035633585172662663e+01
8.999763686752092440e+01
8.963710441703391041e+01
8.927483127965996346e+01
8.891098799257513008e+01
8.854583991903983531e+01
8.817974876397380513e+01
8.781315943871662455e+01
8.744657529218862635e+01
8.708052566829412910e+01
8.671552998719745631e+01
8.635206273282317113e+01
8.599052391349123070e+01
8.563121901373922640e+01
8.527435040620548534e+01
8.492001889028445305e+01
8.456823098460148458e+01
8.421890664855996533e+01
8.387188397149813568e+01
8.352692106787338844e+01
8.318369895591878560e+01
8.284183082202720527e+01
8.250088205907597683e+01
8.216040215783803546e+01
8.181996511987220799e+01
8.147921135719549568e+01
8.113788287085390039e+01
8.079584560836528340e+01
8.045309719931239556e+01
8.010976232405207043e+01
7.976607961472110730e+01
7.942238280982628851e+01
7.907907649292101837e+01
7.873660566870793787e+01
7.839542026706388356e+01
7.805593956661506638e+01
7.771852429767190529e+01
7.738346262068736792e+01
7.705097019031533989e+01
7.672119794717362140e+01
7.639423893786235453e+01
7.607012884128788244e+01
7.574884093033931265e+01
7.543028048530548801e+01
7.511428429127002460e+01
7.480062887545392414e+01
7.448904803731932134e+01
7.417925636680406853e+01
7.387097163768135033e+01
7.356392783510602840e+01
7.325787453692068141e+01
7.295256601526190821e+01
7.264774946723451876e+01
7.234316163420687928e+01
7.203853728352531505e+01
7.173362658028798933e+01
7.142821571717381346e+01
7.112214652541784687e+01
7.081533316627695740e+01
7.050777481663784840e+01
7.019956242513733002e+01
6.989087669262653435e+01
6.958197482033916970e+01
6.927316564268581089e+01
6.896477595944918448e+01
6.865711396743034811e+01
6.835043716095830746e+01
6.804493100407347583e+01
6.774070148123739443e+01
6.743778081003208058e+01
6.713614269065584494e+01
6.683572223874971030e+01
6.653643615335657557e+01
6.623820013635081239e+01
6.594094218047133893e+01
6.564461114257768770e+01
6.534917973759336007e+01
6.505464050504036777e+01
6.476099368082013541e+01
6.446822782483062042e+01
6.417629677090147311e+01
6.388509849880543356e+01
6.359446178584602194e+01
6.330414489088646235e+01
6.301384774716412807e+01
6.272323609718166892e+01
6.243197346708722506e+01
6.213975539719520924e+01
6.184634017455683619e+01
6.155157133434448724e+01
6.125538895993293664e+01
6.095782873422438541e+01
6.065900929970399602e+01
6.035910958323806597e+01
6.005833850680133423e+01
5.975690034624457070e+01
5.945496019724879488e+01
5.915261530027433423e+01
5.884987847758100799e+01
5.854667860118337330e+01
5.824287946052391618e+01
5.793831349572110412e+01
5.763282249142297786e+01
5.732629537655719076e+01
5.701869453030609947e+01
5.671006577141451999e+01
5.640053192941949334e+01
5.609027400371646621e+01
5.577950642225788158e+01
5.546845344161297220e+01
5.515733236894018177e+01
5.484634651246250314e+01
5.453568744236574162e+01
5.422554335527272684e+01
5.391610899199298501e+01
5.360759293058692521e+01
5.330021963989095468e+01
5.299422547474108569e+01
5.268984908950616131e+01
5.238731744588990580e+01
5.208682907039119669e+01
5.178853678809164762e+01
5.149253270442545016e+01
5.119883829333886638e+01
5.090740174963421083e+01
5.061810335302362063e+01
5.033076792328125748e+01
5.004518207524338180e+01
4.976111329717709708e+01
4.947832797629084922e+01
4.919660622634528835e+01
4.891575243689377572e+01
4.863560153939361186e+01
4.835602181510301278e+01
4.807691550904655031e+01
4.779821853340217075e+01
4.751990019633456086e+01
4.724196329402059291e+01
4.696444424301780884e+01
4.668741247226815005e+01
4.641096829410964375e+01
4.613523899616765078e+01
4.586037368047435336e+01
4.558653792984604536e+01
4.531390930750588097e+01
4.504267401396391080e+01
4.477302418577752974e+01
4.450515486520566810e+01
4.423925982651025635e+01
4.397552601965989538e+01
4.371412701038485693e+01
4.345521620723034317e+01
4.319892081739349976e+01
4.294533735361108739e+01
4.269452905926569741e+01
4.244652483851412939e+01
4.220131846617797322e+01
4.195886656381826896e+01
4.171908452805745071e+01
4.148184122227534232e+01
4.124695506556003011e+01
4.101419510908787913e+01
4.078328999318247128e+01
4.055394533206494145e+01
4.032586696288201722e+01
4.009878498712289030e+01
3.987247279332632388e+01
3.964675665848216823e+01
3.942151449313973899e+01
3.919666558699736214e+01
3.897215556597055297e+01
3.874794146438534170e+01
3.852398088747436589e+01
3.830022732953362663e+01
3.807663166432833890e+01
3.785314829266894776e+01
3.762974368109176027e+01
3.740640495024769052e+01
3.718314648566855141e+01
3.696001300332680728e+01
3.673707803859678478e+01
3.651443751637960133e+01
3.629219896696827163e+01
3.607046796826036683e+01
3.584933421171830759e+01
3.562885985073408079e+01
3.540907232374006242e+01
3.518996280050610892e+01
3.497149018208711624e+01
3.475358961987565465e+01
3.453618403020887229e+01
3.431919701376168064e+01
3.410256571917916801e+01
3.388625231057092435e+01
3.367025275038567145e+01
3.345460169187298760e+01
3.323937255072615216e+01
3.302467239530205489e+01
3.281063211830507242e+01
3.259739324101226998e+01
3.238509338659282832e+01
3.217385271030837401e+01
3.196376330164526181e+01
3.175488287203279469e+01
3.154723314678465229e+01
3.134080255646167501e+01
3.113555225460482134e+01
3.093142422473348319e+01
3.072835021930379185e+01
3.052626039973937466e+01
3.032509075077870975e+01
3.012478860274435277e+01
2.992531591125446511e+01
2.972665029508337398e+01
2.952878416151222041e+01
2.933172247785790532e+01
2.913547982273344417e+01
2.894007726980402495e+01
2.874553947527235920e+01
2.855189214029868694e+01
2.835915987052380771e+01
2.816736438628651129e+01
2.797652303683485187e+01
2.778664760524271315e+01
2.759774342508445599e+01
2.740980884872582379e+01
2.722283511012182444e+01
2.703680661899698734e+01
2.685170171250342719e+01
2.666749387309195995e+01
2.648415339209666541e+01
2.630164941361863740e+01
2.611995223444634462e+01
2.593903567153826373e+01
2.575887925335740292e+01
2.557946996251321892e+01
2.540080327110223379e+01
2.522288327673003394e+01
2.504572186421645341e+01
2.486933696792167581e+01
2.469375016156659797e+01
2.451898391999934290e+01
2.434505895047431423e+01
2.417199196645717407e+01
2.399979418311778900e+01
2.382847067691560738e+01
2.365802060626434766e+01
2.348843816645387506e+01
2.331971406773865496e+01
2.315183728484221959e+01
2.298479682351406694e+01
2.281858327669716147e+01
2.265318999231589459e+01
2.248861374156452442e+01
2.232485485474032672e+01
2.216191687107564334e+01
2.199980581577424488e+01
2.183852925760962904e+01
2.167809530565376619e+01
2.151851167554660549e+01
2.135978490592022183e+01
2.120191975196422618e+01
2.104491874283501929e+01
2.088878187300055345e+01
2.073350640500394704e+01
2.057908678381831891e+01
2.042551468747429055e+01
2.027277925221606836e+01
2.012086750560232318e+01
1.996976501755228739e+01
1.981945674376739319e+01
1.966992799846124740e+01
1.952116546433295952e+01
1.937315813476863369e+01
1.922589808923436649e+01
1.907938102576464701e+01
1.893360650869121997e+01
1.878857792785977665e+01
1.864430220038717678e+01
1.850078927220370772e+01
1.835805149155640947e+01
1.821610293025816318e+01
1.807495872259572423e+01
1.793463447919952358e+01
1.779514581657544170e+01
1.765650802466529612e+01
1.751873587640335117e+01
1.738184356611361281e+01
1.724584474905457654e+01
1.711075264386050776e+01
1.697658015441307455e+01
1.684333996872335959e+01
1.671104459979307677e+01
1.657970634612760108e+01
1.644933716553486391e+01
1.631994847235530699e+01
1.619155088257820196e+01
1.606415394120142892e+01
1.593776587044617798e+01
1.581239337586869098e+01
1.568804154076713786e+01
1.556471382886411448e+01
1.544241220258428626e+01
1.532113735082557504e+01
1.520088900729707149e+01
1.508166632949947150e+01
1.496346830039761322e+01
1.484629411078648253e+01
1.473014348099194493e+01
1.461501688607958371e+01
1.450091565865750276e+01
1.438784195640262809e+01
1.427579859576231591e+01
1.416478876680458754e+01
1.405481565502654107e+01
1.394588200283811830e+01
1.383798964602842752e+01
1.373113905929180589e+01
1.362532894098024805e+01
1.352055586204776283e+01
1.341681399888017978e+01
1.331409496507822254e+01
1.321238775336329319e+01
1.311167879513833867e+01
1.301195214111949028e+01
1.291318976118785855e+01
1.281537195492924397e+01
1.271847785653051410e+01
1.262248600964556644e+01
1.252737498074773725e+01
1.243312397461480323e+01
1.233971341393205989e+01
1.224712544701850447e+01
1.215534435322208218e+01
1.206435682388360675e+01
1.197415210683149667e+01
1.188472201291114239e+01
1.179606079291230891e+01
1.170816490155011280e+01
1.162103267131277384e+01
1.153466392279719521e+01
1.144905953966184953e+01
1.136422103578123455e+01
1.128015013993656979e+01
1.119684841980954637e+01
1.111431696254777712e+01
1.103255612410491970e+01
1.095156535427098632e+01
1.087134309910994645e+01
1.079188677770912896e+01
1.071319282595881361e+01
1.063525679674347124e+01
1.055807350356681162e+01
1.048163719333793154e+01
1.040594173380516985e+01
1.033098080186563372e+01
1.025674806055456401e+01
1.018323731473827820e+01
1.011044263817573885e+01
1.003835846743726634e+01
9.966979660958791953e+00
9.896301524065728827e+00
9.826319802972795614e+00
9.757030652448742458e+00
9.688430582974804750e+00
9.620516393818977718e+00
9.553285098527647179e+00
9.486733848975317684e+00
9.420859863394252187e+00
9.355660362835356736e+00
9.291132519385280730e+00
9.227273418280578454e+00
9.164080034900958793e+00
9.101549226557519745e+00
9.039677738074843205e+00
8.978462219430612734e+00
8.917899253188487307e+00
8.857985389142047694e+00
8.798717183476485459e+00
8.740091239829286707e+00
8.682104249865025380e+00
8.624753031336700460e+00
8.568034562044344327e+00
8.511946008583121781e+00
8.456484749251600874e+00
8.401648390936617972e+00
8.347434780171148816e+00
8.293842008859870774e+00
8.240868415372331057e+00
8.188512581817066760e+00
8.136773328338000155e+00
8.085649705232869522e+00
8.035140983596171793e+00
7.985246645058698967e+00
7.935966371046147216e+00
7.887300031829208358e+00
7.839247675498701717e+00
7.791809516880961795e+00
7.744985926319104763e+00
7.698777418185952293e+00
7.653184638967217346e+00
7.608208354755262803e+00
7.563849438022446137e+00
7.520108853591612963e+00
7.476987643784159587e+00
7.434486912797384051e+00
7.392607810432219928e+00
7.351351515357911204e+00
7.310719218152568644e+00
7.270712104397174969e+00
7.231331338119772134e+00
7.192578045889908012e+00
7.154453301848316293e+00
7.116958113927124074e+00
7.080093411474922327e+00
7.043860034452253949e+00
7.008258724309218479e+00
6.973290116603338973e+00
6.938954735363789261e+00
6.905252989161912325e+00
6.872185168806777433e+00
6.839751446553298031e+00
6.807951876685018000e+00
6.776786397317765775e+00
6.746254833262071315e+00
6.716356899779014178e+00
6.687092207068839222e+00
6.658460265338836059e+00
6.630460490308553112e+00
6.603092209023793124e+00
6.576354665865854265e+00
6.550247028657008030e+00
6.524768394778848624e+00
6.499917797233100814e+00
6.475694210588375910e+00
6.452096556767209279e+00
6.429123710637411726e+00
6.406774505381174656e+00
6.385047737621430741e+00
6.363942172291539023e+00
6.343456547238655041e+00
6.323589577555320140e+00
6.304339959636332757e+00
6.285706374961234744e+00
6.267687493604046978e+00
6.250281977473806094e+00
6.233488483291370841e+00
6.217305665308581197e+00
6.201732177777539157e+00
6.186766677178725971e+00
6.172407824217580163e+00
6.158654285600222877e+00
6.145504735600134438e+00
6.132957857427408399e+00
6.121012344414308082e+00
6.109666901029839892e+00
6.098920243737750546e+00
6.088771101711814460e+00
6.079218217422680759e+00
6.070260347110570720e+00
6.061896261157904142e+00
6.054124744375562805e+00
6.046944596216144774e+00
6.040354630927299517e+00
6.034353677656790538e+00
6.028940580521325643e+00
6.024114198649455965e+00
6.019873406208378519e+00
6.016217092423553403e+00
6.013144161599392135e+00
6.010653533147359617e+00
6.008744141628317159e+00
6.007414936813985307e+00
6.006664883771549057e+00
6.006492962975491068e+00
6.006898170448793373e+00
6.007879517935558411e+00
6.009436033106611674e+00
