2.274901866704705580e-02
8.960906635683936472e-02
8.493432042316050035e-02
8.322491771722524689e-02
8.393588300192057761e-02
8.668151298057012732e-02
9.118139843118060195e-02
9.722654402854223610e-02
1.046575380010754397e-01
1.133501472595562776e-01
1.232056045689527840e-01
1.341439287897456256e-01
1.460992465999029488e-01
1.590164599351324148e-01
1.728488338899247523e-01
1.875562242671556246e-01
2.031037562603285884e-01
2.194608257777887761e-01
2.366003345885212827e-01
2.544980970764275097e-01
2.731323744805637110e-01
2.924835049562252709e-01
3.125336064732779917e-01
3.332663356869222659e-01
3.546666902756049899e-01
3.767208453788749023e-01
3.994160170494822082e-01
4.227403473086906449e-01
4.466828066343161985e-01
4.712331106383385038e-01
4.963816483901374310e-01
5.221194203729997430e-01
5.484379844691692485e-01
5.753294086835498700e-01
6.027862295615463717e-01
6.308014154488905678e-01
6.593683338933747917e-01
6.884807226095683852e-01
7.181326635244809076e-01
7.483185595005857893e-01
7.790331133959902399e-01
8.102713091736450934e-01
8.420283948140030450e-01
8.742998668209174262e-01
9.070814561397879672e-01
9.403691153315314466e-01
9.741590068663987800e-01
1.008447492419056069e+00
1.043231123061024501e+00
1.078506630259034038e+00
1.114270917598569888e+00
1.150521053161043028e+00
1.187254262490944123e+00
1.224467922096193373e+00
1.262159553430891368e+00
1.300326817314912731e+00
1.338967508749331126e+00
1.378079552090949678e+00
1.417660996552584152e+00
1.457710011999222566e+00
1.498224885013192509e+00
1.539204015203908593e+00
1.580645911740551357e+00
1.622549190088189652e+00
1.664912568929944658e+00
1.707734867259805833e+00
1.751015001632646895e+00
1.794751983559605302e+00
1.838944917038621840e+00
1.883592996211565396e+00
1.928695503140599898e+00
1.974251805697907702e+00
2.020261355563989891e+00
2.066723686330820264e+00
2.113638411707192244e+00
2.161005223824311372e+00
2.208823891640587789e+00
2.257094259444989870e+00
2.305816245459028746e+00
2.354989840537579315e+00
2.404615106969332672e+00
2.454692177377566065e+00
2.505221253722084818e+00
2.556202606403378930e+00
2.607636573469580554e+00
2.659523559927101655e+00
2.711864037155319096e+00
2.764658542425605603e+00
2.817907678524700366e+00
2.871612113482209683e+00
2.925772580401500456e+00
2.980389877393166298e+00
3.035464867609766859e+00
3.090998479380020036e+00
3.146991706440487757e+00
3.203445608262053046e+00
3.260361310468096185e+00
3.317740005340527265e+00
3.375582952409345694e+00
3.433891479120397605e+00
3.492666981575227148e+00
3.551910925335876712e+00
3.611624846286396018e+00
3.671810351541569872e+00
3.732469120392054585e+00
3.793602905273613324e+00
3.855213532746973648e+00
3.917302904472604652e+00
3.979872998164069475e+00
4.042925868501154874e+00
4.106463647983155774e+00
4.170488547700880844e+00
4.235002858004834891e+00
4.300008949045883710e+00
4.365509271163650062e+00
4.431506355097581284e+00
4.498002811994673777e+00
4.565001333188273058e+00
4.632504689722303226e+00
4.700515731595563018e+00
4.769037386702393633e+00
4.838072659446279289e+00
4.907624629004959438e+00
4.977696447227524246e+00
5.048291336145900310e+00
5.119412585085434841e+00
5.191063547362024799e+00
5.263247636555933084e+00
5.335968322355405746e+00
5.409229125966231955e+00
5.483033615086276846e+00
5.557385398447732605e+00
5.632288119932359116e+00
5.707745452268772723e+00
5.783761090323687348e+00
5.860338744002171474e+00
5.937482130775654454e+00
6.015194967858864317e+00
6.093480964060565164e+00
6.172343811336382657e+00
6.251787176074296681e+00
6.331814690148147129e+00
6.412429941776791154e+00
6.493636466230707782e+00
6.575437736431340774e+00
6.657837153492405236e+00
6.740838037256104975e+00
6.824443616881585406e+00
6.908657021546287247e+00
6.993481271325588722e+00
7.078919268319363134e+00
7.164973788097942275e+00
7.251647471543133605e+00
7.338942817162698695e+00
7.426862173958486579e+00
7.515407734930226624e+00
7.604581531296627617e+00
7.694385427514896847e+00
7.784821117178006844e+00
7.875890119864658701e+00
7.967593779013050437e+00
8.059933260881836148e+00
8.152909554654842239e+00
8.246523473735072329e+00
8.340775658263272163e+00
8.435666578883500577e+00
8.531196541764090924e+00
8.627365694867387802e+00
8.724174035446301545e+00
8.821621418729041153e+00
8.919707567737212628e+00
9.018432084165498352e+00
9.117794460236204657e+00
9.217794091425997038e+00
9.318430289948752332e+00
9.419702298865894718e+00
9.521609306685478558e+00
9.624150462302090148e+00
9.727324890124780410e+00
9.831131705235053531e+00
9.935570028417508581e+00
1.004063900090613615e+01
1.014633779869426000e+01
1.025266564626197763e+01
1.035962182958504840e+01
1.046720570829918628e+01
1.057541672690739532e+01
1.068425442493261102e+01
1.079371844593287832e+01
1.090380854531392707e+01
1.101452459689124197e+01
1.112586659816988011e+01
1.123783467432987848e+01
1.135042908091953606e+01
1.146365020527807488e+01
1.157749856672144695e+01
1.169197481554258111e+01
1.180707973088817830e+01
1.192281421758717563e+01
1.203917930201592768e+01
1.215617612709403339e+01
1.227380594651232926e+01
1.239207011829963889e+01
1.251097009783953062e+01
1.263050743045039681e+01
1.275068374364355606e+01
1.287150073917357851e+01
1.299296018499144267e+01
1.311506390721043580e+01
1.323781378218683358e+01
1.336121172881299302e+01
1.348525970111264982e+01
1.360995968121887678e+01
1.373531367280726911e+01
1.386132369504451134e+01
1.398799177710314012e+01
1.411531995328153322e+01
1.424331025875526180e+01
1.437196472597596575e+01
1.450128538172108605e+01
1.463127424478679295e+01
1.476193332430644922e+01
1.489326461866634332e+01
1.502527011498264464e+01
1.515795178909493401e+01
1.529131160602605277e+01
1.542535152085329386e+01
1.556007347993103984e+01
1.569547942240448357e+01
1.583157128195199448e+01
1.596835098869471459e+01
1.610582047121319249e+01
1.624398165861353860e+01
1.638283648258815006e+01
1.652238687942156403e+01
1.666263479189390750e+01
1.680358217104119589e+01
1.694523097773427267e+01
1.708758318404459331e+01
1.723064077436775676e+01
1.737440574628059053e+01
1.751888011111084964e+01
1.766406589420339301e+01
1.780996513486734756e+01
1.795657988599433708e+01
1.810391221333924605e+01
1.825196419445779838e+01
1.840073791729863473e+01
1.855023547844936616e+01
1.870045898104011783e+01
1.885141053231080122e+01
1.900309224085130566e+01
1.915550621352846505e+01
1.930865455211623427e+01
1.946253934965107746e+01
1.961716268653588457e+01
1.977252662642327508e+01
1.992863321190886694e+01
2.008548446007157651e+01
2.024308235789871446e+01
2.040142885763834357e+01
2.056052587211983607e+01
2.072037527008816227e+01
2.088097887159606358e+01
2.104233844349830207e+01
2.120445569509140782e+01
2.136733227394127255e+01
2.153096976193973333e+01
2.169536967162679275e+01
2.186053344281669553e+01
2.202646243955840788e+01
2.219315794746245984e+01
2.236062117142094863e+01
2.252885323374458437e+01
2.269785517273867725e+01
2.286762794173562341e+01
2.303817240859876847e+01
2.320948935571032479e+01
2.338157948045094514e+01
2.355444339617684690e+01
2.372808163369593260e+01
2.390249464324217854e+01
2.407768279694159119e+01
2.425364639176287085e+01
2.443038565293772635e+01
2.460790073783681819e+01
2.478619174027907235e+01
2.496525869525081376e+01
2.514510158400793216e+01
2.532572033952691726e+01
2.550711485227186870e+01
2.568928497623725704e+01
2.587223053522501104e+01
2.605595132931028957e+01
2.624044714144917378e+01
2.642571774417574559e+01
2.661176290633890318e+01
2.679858239982207024e+01
2.698617600619134649e+01
2.717454352321679067e+01
2.736368477120750242e+01
2.755359959910758505e+01
2.774428789029521880e+01
2.793574956803257336e+01
2.812798460051516969e+01
2.832099300547228182e+01
2.851477485427333036e+01
2.870933027550169925e+01
2.890465945795909519e+01
2.910076265307095866e+01
2.929764017667071840e+01
2.949529241014340997e+01
2.969371980091944963e+01
2.989292286231543017e+01
3.009290217272407730e+01
3.029365837416581897e+01
3.049519217021933670e+01
3.069750432335573720e+01
3.090059565170918177e+01
3.110446702532012608e+01
3.130911936189718858e+01
3.151455362214490918e+01
3.172077080471025567e+01
3.192777194080659697e+01
3.213555808857328344e+01
3.234413032723214343e+01
3.255348975110412368e+01
3.276363746354663675e+01
3.297457457087438826e+01
3.318630217632038182e+01
3.339882137409423279e+01
3.361213324358943311e+01
3.382623884378595847e+01
3.404113920789063741e+01
3.425683533824982163e+01
3.447332820156481858e+01
3.469061872442917149e+01
3.490870778920479012e+01
3.512759623024069811e+01
3.534728483043443958e+01
3.556777431812654555e+01
3.578906536431036756e+01
3.601115858013341864e+01
3.623405451465768579e+01
3.645775365284218594e+01
3.668225641370272427e+01
3.690756314860005460e+01
3.713367413960455110e+01
3.736058959788007883e+01
3.758830966203041868e+01
3.781683439634903721e+01
3.804616378891457629e+01
3.827629774947589425e+01
3.850723610707386513e+01
3.873897860735112886e+01
3.897152490950641379e+01
3.920487458285733595e+01
3.943902710298297620e+01
3.967398184742465617e+01
3.990973809093498659e+01
4.014629500027289311e+01
4.038365162855309620e+01
4.062180690917019632e+01
4.086075964932510374e+01
4.110050852319415782e+01
4.134105206479075179e+01
4.158238866057899230e+01
4.182451654190435164e+01
4.206743377732179567e+01
4.231113826490022944e+01
4.255562772459687437e+01
4.280089969079268286e+01
4.304695150509151347e+01
4.329378030948370082e+01
4.354138303997835635e+01
4.378975642081168473e+01
4.403889695933548865e+01
4.428880094169014825e+01
4.453946442936500461e+01
4.479088325674322135e+01
4.504305302972521474e+01
4.529596912551979671e+01
4.554962669368165962e+01
4.580402065847150794e+01
4.605914572259854367e+01
4.631499637240327161e+01
4.657156688451777882e+01
4.682885133403706135e+01
4.708684360421366222e+01
4.734553739767724778e+01
4.760492624916457061e+01
4.786500353972626698e+01
4.812576251236287561e+01
4.838719628902209990e+01
4.864929788887033624e+01
4.891206024773759964e+01
4.917547623861117501e+01
4.943953869303859250e+01
4.970424042328340875e+01
4.996957424506047829e+01
5.023553300066314620e+01
5.050210958228154823e+01
5.076929695530169795e+01
5.103708818136315983e+01
5.130547644095231163e+01
5.157445505529768326e+01
5.184401750734216563e+01
5.211415746155962125e+01
5.238486878239866229e+01
5.265614555114003537e+01
5.292798208096458978e+01
5.320037293005070467e+01
5.347331291253304641e+01
5.374679710717605730e+01
5.402082086364218583e+01
5.429537980625969595e+01
5.457046983522330663e+01
5.484608712519133888e+01
5.512222812127558313e+01
5.539888953245421988e+01
5.567606832246839588e+01
5.595376169830137059e+01
5.623196709637122837e+01
5.651068216659960797e+01
5.678990475455385933e+01
5.706963288188661920e+01
5.734986472532727220e+01
5.763059859449750633e+01
5.791183290885255275e+01
5.819356617405488663e+01
5.847579695810713218e+01
5.875852386756523060e+01
5.904174552416436228e+01
5.932546054217181819e+01
5.960966750677337700e+01
5.989436495377865555e+01
6.017955135090680585e+01
6.046522508087661407e+01
6.075138442649717518e+01
6.103802755790837153e+01
6.132515252207692669e+01
6.161275723461213261e+01
6.190083947391197938e+01
6.218939687760514801e+01
6.247842694121348472e+01
6.276792701890374104e+01
6.305789432617194024e+01
6.334832594425596142e+01
6.363921882604798697e+01
6.393056980325210503e+01
6.422237559451309608e+01
6.451463281423367846e+01
6.480733798178846428e+01
6.510048753084751638e+01
6.539407781853093127e+01
6.568810513412108776e+01
6.598256570709408209e+01
6.627745571423366755e+01
6.657277128564012969e+01
6.686850850945700131e+01
6.716466343518699489e+01
6.746123207549047152e+01
6.775821040640350645e+01
6.805559436594292322e+01
6.835337985110372472e+01
6.865156271328686444e+01
6.895013875222974775e+01
6.924910370854534847e+01
6.954845325500100728e+01
6.984818298670411707e+01
7.014828841037815721e+01
7.044876493294906084e+01
7.074960784966823724e+01
7.105081233203212321e+01
7.135237341576522851e+01
7.165428598914827774e+01
7.195654478198490267e+01
7.225914435550249948e+01
7.256207909348746909e+01
7.286534319494633394e+01
7.316893066857876704e+01
7.347283532932985395e+01
7.377705079726808890e+01
7.408157049900550817e+01
7.438638767184403378e+01
7.469149537078045853e+01
7.499688647846836886e+01
7.530255371816633669e+01
7.560848966965133400e+01
7.591468678801402348e+01
7.622113742518223489e+01
7.652783385395991900e+01
7.683476829430041732e+01
7.714193294147364099e+01
7.744931999572608561e+01
7.775692169298443446e+01
7.806473033610213008e+01
7.837273832612177671e+01
7.868093819298380254e+01
7.898932262511095814e+01
7.929788449727939792e+01
7.960661689619995229e+01
7.991551314324642874e+01
8.022456681379945564e+01
8.053377175271486976e+01
8.084312208547738976e+01
8.115261222466583035e+01
8.146223687142691006e+01
8.177199101174294071e+01
8.208186990736359689e+01
8.239186908137583032e+01
8.270198429848045407e+01
8.301221154016103299e+01
8.332254697502261820e+01
8.363298692469986406e+01
8.394352782582009809e+01
8.425416618861682139e+01
8.456489855287171054e+01
8.487572144193896406e+01
8.518663131568453650e+01
8.549762452320764794e+01
8.580869725625947808e+01
8.611984550428333307e+01
8.643106501199564207e+01
8.674235124040316691e+01
8.705369933209694011e+01
8.736510408159479368e+01
8.767655991140736660e+01
8.798806085438775426e+01
8.829960054279132464e+01
8.861117220432177533e+01
8.892276866528652590e+01
8.923438236081172192e+01
8.954600535190564869e+01
8.985762934900390064e+01
9.016924574146580085e+01
9.048084563236835720e+01
9.079241987782030776e+01
9.110395912992561307e+01
9.141545388245437209e+01
9.172689451823661955e+01
9.203827135727532038e+01
9.234957470457996465e+01
9.266079489675259140e+01
9.297192234641320852e+01
9.328294758361177230e+01
9.359386129346746941e+01
9.390465434936807299e+01
9.421531784116361052e+01
9.452584309790564987e+01
9.483622170479289082e+01
9.514644551410056295e+01
9.545650664998650825e+01
9.576639750717302491e+01
9.607611074362725390e+01
9.638563926744869548e+01
9.669497621829481204e+01
9.700411494375582322e+01
9.731304897119781572e+01
9.762177197566710163e+01
9.793027774454418477e+01
9.823856013970043932e+01
9.854661305798985893e+01
9.885443039095900986e+01
9.916200598470850025e+01
9.946933360087706433e+01
9.977640687972842670e+01
1.000832193063196769e+02
1.003897641807099319e+02
1.006960345931014018e+02
1.010020234047386793e+02
1.013077232352698616e+02
1.016131264571479136e+02
1.019182251974714433e+02
1.022230113474912940e+02
1.025274765797810090e+02
1.028316123728665161e+02
1.031354100428661269e+02
1.034388607814726697e+02
1.037419556993870202e+02
1.040446858741189544e+02
1.043470424008862238e+02
1.046490164452202549e+02
1.049505992957754330e+02
1.052517824157871758e+02
1.055525574916241567e+02
1.058529164769169171e+02
1.061528516308371906e+02
1.064523555492392717e+02
1.067514211875548256e+02
1.070500418745344433e+02
1.073482113161841198e+02
1.076459235894912183e+02
1.079431731258172107e+02
1.082399546841049158e+02
1.085362633143273996e+02
1.088320943118614963e+02
1.091274431637236262e+02
1.094223054878219301e+02
1.097166769665814030e+02
1.100105532764703611e+02
1.103039300150813915e+02
1.105968026275488825e+02
1.108891663341251501e+02
1.111810160608061722e+02
1.114723463748687351e+02
1.117631514271628106e+02
1.120534249029156513e+02
1.123431599826845115e+02
1.126323493149258042e+02
1.129209850014328964e+02
1.132090585966295748e+02
1.134965611213868613e+02
1.137834830916702629e+02
1.140698145619275579e+02
1.143555451826932625e+02
1.146406642714534314e+02
1.149251608953780277e+02
1.152090239641232188e+02
1.154922423305466737e+02
1.157748048968901315e+02
1.160567007237740995e+02
1.163379191392347849e+02
1.166184498450209190e+02
1.168982830174526981e+02
1.171774094003075106e+02
1.174558203874570523e+02
1.177335080932749776e+02
1.180104654091790621e+02
1.182866860450258031e+02
1.185621645544419351e+02
1.188368963435077461e+02
1.191108776625212187e+02
1.193841055808626095e+02
1.196565779452146359e+02
1.199282933216109939e+02
1.201992509219931264e+02
1.204694505161135964e+02
1.207388923298185119e+02
1.210075769309132312e+02
1.212755051040151670e+02
1.215426777160068355e+02
1.218090955739501595e+02
1.220747592775633024e+02
1.223396690686416832e+02
1.226038246800646760e+02
1.228672251872842907e+02
1.231298688654109128e+02
1.233917530551743482e+02
1.236528740411166325e+02
1.239132269453727844e+02
1.241728056402363478e+02
1.244316026824768784e+02
1.246896092719448745e+02
1.249468152364798499e+02
1.252032090444755283e+02
1.254587778456924383e+02
1.257135075400685196e+02
1.259673828734129444e+02
1.262203875579873369e+02
1.264725044151636126e+02
1.267237155365930192e+02
1.269740024597136028e+02
1.272233463529495907e+02
1.274717282056532355e+02
1.277191290177310350e+02
1.279655299839518960e+02
1.282109126681724263e+02
1.284552591630924780e+02
1.286985522316843742e+02
1.289407754270227144e+02
1.291819131879504710e+02
1.294219509087131428e+02
1.296608749814329258e+02
1.298986728110100159e+02
1.301353328027266514e+02
1.303708443234692993e+02
1.306051976380927613e+02
1.308383838229761693e+02
1.310703946593201010e+02
1.313012225091646599e+02
1.315308601775064403e+02
1.317593007642413170e+02
1.319865375099789162e+02
1.322125636400551798e+02
1.324373722113400333e+02
1.326609559666197242e+02
1.328833072015255539e+02
1.331044176490390498e+02
1.333242783865781860e+02
1.335428797704781232e+02
1.337602114023013371e+02
1.339762621307487223e+02
1.341910200920468128e+02
1.344044727904445722e+02
1.346166072189548970e+02
1.348274100187354065e+02
1.350368676736208613e+02
1.352449667344137936e+02
1.354516940657807709e+02
1.356570371071130126e+02
1.358609841376812426e+02
1.360635245359144392e+02
1.362646490227601817e+02
1.364643498798150461e+02
1.366626211341846044e+02
1.368594587037453891e+02
1.370548604984243468e+02
1.372488264751547433e+02
1.374413586461006673e+02
1.376324610414285701e+02
1.378221396292314012e+02
1.380104021961427065e+02
1.381972581926786461e+02
1.383827185475078068e+02
1.385667954547033958e+02
1.387495021377239368e+02
1.389308525934632428e+02
1.391108613193830763e+02
1.392895430264840400e+02
1.394669123408666565e+02
1.396429834968448063e+02
1.398177700250571434e+02
1.399912844397603919e+02
1.401635379304258322e+02
1.403345400638349929e+02
1.405042985039701477e+02
1.406728187580023075e+02
1.408401039574346783e+02
1.410061546838531683e+02
1.411709688485734944e+02
1.413345416347077617e+02
1.414968655086882450e+02
1.416579303061020596e+02
1.418177233938552604e+02
1.419762299073497616e+02
1.421334330577024900e+02
1.422893145003437212e+02
1.424438547528552874e+02
1.425970336469490576e+02
1.427488307972670043e+02
1.428992260684042037e+02
1.430482000213336846e+02
1.431957343212201579e+02
1.433418120904409250e+02
1.434864181932688325e+02
1.436295394419569789e+02
1.437711647176063821e+02
1.439112850029667356e+02
1.440498933279596088e+02
1.441869846320087163e+02
1.443225555501042265e+02
1.444566041317442000e+02
1.445891295035716269e+02
1.447201314875442790e+02
1.448496101870251209e+02
1.449775655532428118e+02
1.451039969442870756e+02
1.452289026882606890e+02
1.453522796614525987e+02
1.454741228915462727e+02
1.455944251949820796e+02
1.457131768567070083e+02
1.458303653598176481e+02
1.459459751720462464e+02
1.460599875957966560e+02
1.461723806885538579e+02
1.462831292609490674e+02
1.463922049604952633e+02
1.464995764497681421e+02
1.466052096882288254e+02
1.467090683265082873e+02
1.468111142202257327e+02
1.469113080668364546e+02
1.470096101633023409e+02
1.471059812745481565e+02
1.472003835931594438e+02
1.472927817605181815e+02
1.473831439097633336e+02
1.474714426831856997e+02
1.475576561723090663e+02
1.476417687290964977e+02
1.477237716020039215e+02
1.478036633606608632e+02
1.478814500868190578e+02
1.479571453251578532e+02
1.480307698036023965e+02
1.481023509470652186e+02
1.481719222193440260e+02
1.482395223344941257e+02
1.483051943810859541e+02
1.483689849008979706e+02
1.484309429587732154e+02
1.484911192336873853e+02
1.485495651537058279e+02
1.486063320902852922e+02
1.486614706209207668e+02
1.487150298636641992e+02
1.487670568826734154e+02
1.488175961606022213e+02
1.488666891312962264e+02
1.489143737649469017e+02
1.489606841977010845e+02
1.490056503989316923e+02
1.490492978720966164e+02
1.490916473894714613e+02
1.491327147667690269e+02
1.491725106903317055e+02
1.492110406162581171e+02
1.492483047663461946e+02
1.492842982487841539e+02
1.493190113308536695e+02
1.493524298856694088e+02
1.493845360249688952e+02
1.494153089157134104e+02
1.494447257611185478e+02
1.494727629086596608e+02
1.494993970308964037e+02
1.495246063119070641e+02
1.495483715645749498e+02
1.495706772031965386e+02
1.495915120022266080e+02
1.496108695849940773e+02
1.496287486046514061e+02
1.496451526015277125e+02
1.496600895441941930e+02
1.496735710834201996e+02
1.496856115666317351e+02
1.496962268737021589e+02
1.497054331420191602e+02
1.497132454497491096e+02
1.497196765218641588e+02
1.497247355152770183e+02
1.497284269289797862e+02
1.497307496739623502e+02
1.497316963270237977e+02
1.497312525829952676e+02
1.497293969115135894e+02
1.497261004170470358e+02
1.497213268939202919e+02
1.497150330611965785e+02
1.497071689550492408e+02
1.496976784489122849e+02
1.496864998648911467e+02
1.496735666351067948e+02
1.496588079708010071e+02
1.496421495024337958e+02
1.496235138673704625e+02
1.496028212437462628e+02
1.495799898583085223e+02
1.495549365288617025e+02
1.495275773321928057e+02
1.494978285083824971e+02
1.494656077139879926e+02
1.494308357131785385e+02
1.493934385448345097e+02
1.493533501280642497e+02
1.493105151786695899e+02
1.492648922211612046e+02
1.492164564145527095e+02
1.491652018836668674e+02
1.491111432724146368e+02
1.490543163118434791e+02
1.489947773113605081e+02
1.489326016138683713e+02
1.488678811775138229e+02
1.488007215341414167e+02
1.487312384127505993e+02
1.486595543036498839e+02
1.485857951863870596e+02
1.485100875706864656e+02
1.484325559249231787e+02
1.483533205075013086e+02
1.482724955813703218e+02
1.481901879810538674e+02
1.481064960086798976e+02
1.480215086508778199e+02
1.479353051221010276e+02
1.478479547440095132e+02
1.477595171604595805e+02
1.476700428627359258e+02
1.475795739633231278e+02
1.474881451158576908e+02
1.473957844439109692e+02
1.473025143232065943e+02
1.472083518707876806e+02
1.471133090362069140e+02
1.470173922628255525e+02
1.469206017820986858e+02
1.468229307030263442e+02
1.467243641412181319e+02
1.466248786763829628e+02
1.465244424191317307e+02
1.464230159040338606e+02
1.463205539142577436e+02
1.462170082026757996e+02
1.461123309294942771e+02
1.460064785120031274e+02
1.458994154976255970e+02
1.457911180387341687e+02
1.456815765697839140e+02
1.455707973600459013e+02
1.454588027294413735e+02
1.453456298580947532e+02
1.452313282762266056e+02
1.451159562700538572e+02
1.449995765583792604e+02
1.448822516610605931e+02
1.447640393796134219e+02
1.446449887417090281e+02
1.445251366432226519e+02
1.444045052855146878e+02
1.442831003868701600e+02
1.441609100712136922e+02
1.440379043133011976e+02
1.439140348398063622e+02
1.437892354326588986e+02
1.436634226359710738e+02
1.435364969156215693e+02
1.434083443490456489e+02
1.432788389211504523e+02
1.431478454608145796e+02
1.430152231667279921e+02
1.428808295487553721e+02
1.427445244739863313e+02
1.426061738897491864e+02
1.424656527358612266e+02
1.423228465819557300e+02
1.421776516415746983e+02
1.420299730135883181e+02
1.418797212636291363e+02
1.417268077606149177e+02
1.415711394994355885e+02
1.414126144299426926e+02
1.412511185070308954e+02
1.410865256825029519e+02
1.409187017813250122e+02
1.407475125976281731e+02
1.405728356689342036e+02
1.403945742292260661e+02
1.402126710852788847e+02
1.400271198883183388e+02
1.398379716447665828e+02
1.396453352750406793e+02
1.394493723205778792e+02
1.392502871231953918e+02
1.390483145900734030e+02
1.388437078123775166e+02
1.386367273588143973e+02
1.384276332450184839e+02
1.382166796948168326e+02
1.380041121238236030e+02
1.377901654262849718e+02
1.375750626315065119e+02
1.373590132222859665e+02
1.371422107514735274e+02
1.369248297518496429e+02
1.367070222467231702e+02
1.364889144032477475e+02
1.362706040074974965e+02
1.360521594554519140e+02
1.358336208202914008e+02
1.356150032619777335e+02
1.353963026154709439e+02
1.351775025027880304e+02
1.349585818750382771e+02
1.347395216307926376e+02
1.345203089817745763e+02
1.343009385931764257e+02
1.340814101761515076e+02
1.338617230226729475e+02
1.336418687439908410e+02
1.334218239832485153e+02
1.332015449626779571e+02
1.329809653675084178e+02
1.327599983772246048e+02
1.325385428349015058e+02
1.323164927975032583e+02
1.320937491547030618e+02
1.318702316721907266e+02
1.316458897003704465e+02
1.314207098999144989e+02
1.311947197008731791e+02
1.309679858308607265e+02
1.307406080396159496e+02
1.305127089552162829e+02
1.302844216546994858e+02
1.300558768822903062e+02
1.298271918301374228e+02
1.295984620009369053e+02
1.293697569603629631e+02
1.291411199102709872e+02
1.289125702017076662e+02
1.286841073961004724e+02
1.284557154000597166e+02
1.282273654862727597e+02
1.279990174670922158e+02
1.277706187007059668e+02
1.275421009125102074e+02
1.273133751058225016e+02
1.270843252703447916e+02
1.268548022044445815e+02
1.266246193566284575e+02
1.263935528176279774e+02
1.261613471586857429e+02
1.259277276567236186e+02
1.256924178247875261e+02
1.254551595545448635e+02
1.252157321119191096e+02
1.249739661153162018e+02
1.247297495867168209e+02
1.244830249291928226e+02
1.242337776359976687e+02
1.239820189619029662e+02
1.237277652457935773e+02
1.234710161864430376e+02
1.232117338000747822e+02
1.229498238180613185e+02
1.226851222358858706e+02
1.224173910473579099e+02
1.221463276139448624e+02
1.218715903786759753e+02
1.215928394775754384e+02
1.213097854775108857e+02
1.210222353398884678e+02
1.207301240408658600e+02
1.204335238990107371e+02
1.201326303394038320e+02
1.198277298168669063e+02
1.195191601085657567e+02
1.192072737103514015e+02
1.188924121154799707e+02
1.185748941720799081e+02
1.182550175090214566e+02
1.179330693378633015e+02
1.176093418609671915e+02
1.172841475261597424e+02
1.169578299677985740e+02
1.166307674672133032e+02
1.163033671595170659e+02
1.159760499826347342e+02
1.156492283036626390e+02
1.153232798727541990e+02
1.149985227500688865e+02
1.146751957199212484e+02
1.143534473748505462e+02
1.140333349183762408e+02
1.137148315442788373e+02
1.133978397528814241e+02
1.130822075602831092e+02
1.127677451266340256e+02
1.124542403455897528e+02
1.121414727936989948e+02
1.118292258301101327e+02
1.115172967160037985e+02
1.112055047828402650e+02
1.108936981066835017e+02
1.105817595438904277e+02
1.102696127697628157e+02
1.099572278705568635e+02
1.096446246106972637e+02
1.093318709204590107e+02
1.090190753816045941e+02
1.087063752426238779e+02
1.083939240290248023e+02
1.080818830056067270e+02
1.077704178558675352e+02
1.074596975884048078e+02
1.071498899401927360e+02
1.068411486730771429e+02
1.065335928017045575e+02
1.062272832637333977e+02
1.059222057549496725e+02
1.056182676924666310e+02
1.053153126943791023e+02
1.050131492369211657e+02
1.047115840569879737e+02
1.044104486065188837e+02
1.041096103226276455e+02
1.038089683473336464e+02
1.035084412163381273e+02
1.032079572698841190e+02
1.029074555290530952e+02
1.026068978941899701e+02
1.023062869494308700e+02
1.020056804986901255e+02
1.017051948798727636e+02
1.014049928921038344e+02
1.011052569746533294e+02
1.008061524956727339e+02
1.005077886621674708e+02
1.002101853493745693e+02
9.991325328329375566e+01
9.961679285740571288e+01
9.932051360904218029e+01
9.902407211409422416e+01
9.872712129017507721e+01
9.842936015408633921e+01
9.813057175370832397e+01
9.783063947347666556e+01
9.752953777531084256e+01
9.722730059582738704e+01
9.692397632586825296e+01
9.661958054497145554e+01
9.631405618883989916e+01
9.600724707427289673e+01
9.569888701678094378e+01
9.538860487705196078e+01
9.507594578976750199e+01
9.476040892386423309e+01
9.444150037030470912e+01
9.411879543713904184e+01
9.379199924790002285e+01
9.346099114392504248e+01
9.312583975742509779e+01
9.278678242758303440e+01
9.244417280532312020e+01
9.209841005455392349e+01
9.174986804378148975e+01
9.139884148188454560e+01
9.104551937865434752e+01
9.068998797156045555e+01
9.033225859162637050e+01
8.997231204070384081e+01
8.961014937053776919e+01
8.924583882059343409e+01
8.887955019298183856e+01
8.851157133804879606e+01
8.814230595400209722e+01
8.777225585157508192e+01
8.740199265427361297e+01
8.703212344167992853e+01
8.666325348448854982e+01
8.629594871349534912e+01
8.593070140417319180e+01
8.556790341788411070e+01
8.520783031193795409e+01
8.485063628169459093e+01
8.449635612119256223e+01
8.414490897784017420e+01
8.379610084941340631e+01
8.344962705825864191e+01
8.310507948346783280e+01
8.276196413975179667e+01
8.241973258815856695e+01
8.207782660432197019e+01
8.173573076055527054e+01
8.139302368028471335e+01
8.104941768123974555e+01
8.070477962551601081e+01
8.035913203524754067e+01
8.001263954551788515e+01
7.966558801589664540e+01
7.931836114909960145e+01
7.897141479611258319e+01
7.862524651307245449e+01
7.828036004319241670e+01
7.793722975509119522e+01
7.759627364994580034e+01
7.725784096349472918e+01
7.692221248471619788e+01
7.658960467584502396e+01
7.626016850300979399e+01
7.593398052717186886e+01
7.561103141281358830e+01
7.529121994665986506e+01
7.497435825460024716e+01
7.466018912116311412e+01
7.434841155440000193e+01
7.403870690129745924e+01
7.373075653457574674e+01
7.342424578956052983e+01
7.311885690167612495e+01
7.281426081487128954e+01
7.251011789539174401e+01
7.220609053498753838e+01
7.190186264969921126e+01
7.159715877040430598e+01
7.129175932661212300e+01
7.098551368873461342e+01
7.067835357688619524e+01
7.037030627294583951e+01
7.006150311401218289e+01
6.975217724970262623e+01
6.944264649367360676e+01
6.913328135535189745e+01
6.882446333783140346e+01
6.851654229978639421e+01
6.820980226849216876e+01
6.790444216547010114e+01
6.760057304409609458e+01
6.729822901298896909e+01
6.699738656165304462e+01
6.669798676295803830e+01
6.639995626884964963e+01
6.610322509758387355e+01
6.580774049460087838e+01
6.551347566610904494e+01
6.522043061416118803e+01
6.492862181423670620e+01
6.463805981787527344e+01
6.434871851371450191e+01
6.406050415651685626e+01
6.377323375715268128e+01
6.348663020313291838e+01
6.320033672150346860e+01
6.291394804582601097e+01
6.262705166253483924e+01
6.233927074559971260e+01
6.205030095928241707e+01
6.175993561996925507e+01
6.146807672393772748e+01
6.117473203914013169e+01
6.088000020982403981e+01
6.058404656792573206e+01
6.028707245404297055e+01
5.998928091135845619e+01
5.969084216078802996e+01
5.939186341261693514e+01
5.909236872350308545e+01
5.879229455999273313e+01
5.849150436426553767e+01
5.818982070959935271e+01
5.788706814788938715e+01
5.758311609531162389e+01
5.727791099175680500e+01
5.697149059651017211e+01
5.666397896577453253e+01
5.635556610842373004e+01
5.604647984287081641e+01
5.573695832712996889e+01
5.542723027483813070e+01
5.511750667160613659e+01
5.480798389276366578e+01
5.449885473367584865e+01
5.419032207127020229e+01
5.388261005997577513e+01
5.357596936821601474e+01
5.327067487972385607e+01
5.296701568933218596e+01
5.266527810120798847e+01
5.236572323703772014e+01
5.206856212508200343e+01
5.177393241221452058e+01
5.148188131963470227e+01
5.119235859998956073e+01
5.090522120523037586e+01
5.062024886812912428e+01
5.033716764867571669e+01
5.005567721204085530e+01
4.977547733265688379e+01
4.949628977425324905e+01
4.921787308066311084e+01
4.894002962584224292e+01
4.866260609135695603e+01
4.838548988617299784e+01
4.810860451199604171e+01
4.783190636816581076e+01
4.755538416657442014e+01
4.727906048314758891e+01
4.700299369243693093e+01
4.672727822479304649e+01
4.645204192456279202e+01
4.617744079111254507e+01
4.590365261702967814e+01
4.563087122590219735e+01
4.535930213106629338e+01
4.508915922730115255e+01
4.482066146469610146e+01
4.455402863684549430e+01
4.428947604823603257e+01
4.402720834316849619e+01
4.376741299200615032e+01
4.351025401255178338e+01
4.325586654258002284e+01
4.300435264199320784e+01
4.275577796749936965e+01
4.251016803110319131e+01
4.226750247604898192e+01
4.202770692225995930e+01
4.179064428726364611e+01
4.155610983313259510e+01
4.132383488239310054e+01
4.109350224524070683e+01
4.086477240016060364e+01
4.063731514567425052e+01
4.041083889508171723e+01
4.018511028523849404e+01
3.995996007949459994e+01
3.973527592573757516e+01
3.951098642022225249e+01
3.928704272693924082e+01
3.906340341984302711e+01
3.884002597315924987e+01
3.861686561278961705e+01
3.839388009783358768e+01
3.817103792356235914e+01
3.794832733644017964e+01
3.772576398196912351e+01
3.750339551231815705e+01
3.728130187569929888e+01
3.705959043221245253e+01
3.683838576492620831e+01
3.661781517793669138e+01
3.639799212415694285e+01
3.617900064555779238e+01
3.596088387635271744e+01
3.574363870539794164e+01
3.552721723436763313e+01
3.531153431687425837e+01
3.509647965089967414e+01
3.488193266030074824e+01
3.466777847125968748e+01
3.445392335837325248e+01
3.424030798727770275e+01
3.402691674032010383e+01
3.381378161583342035e+01
3.360097980714222388e+01
3.338862506885026704e+01
3.317685413634637115e+01
3.296581043802175515e+01
3.275562781682910440e+01
3.254641681090923555e+01
3.233825531251061847e+01
3.213118439912456381e+01
3.192520914102692231e+01
3.172030348093584706e+01
3.151641793043046746e+01
3.131348875877052862e+01
3.111144743081039366e+01
3.091022919284561254e+01
3.070977990129193458e+01
3.051006047733111615e+01
3.031104876379963997e+01
3.011273900040739449e+01
2.991513950498350027e+01
2.971826934164044687e+01
2.952215472860835632e+01
2.932682573497145029e+01
2.913231354134726203e+01
2.893864830077502148e+01
2.874585749357742870e+01
2.855396462760251097e+01
2.836298816062170403e+01
2.817294057707826482e+01
2.798382761338435287e+01
2.779564768562886101e+01
2.760839162559959092e+01
2.742204286496830790e+01
2.723657820823742171e+01
2.705196929075961876e+01
2.686818472827657800e+01
2.668519284235932787e+01
2.650296471597949477e+01
2.632147722421729696e+01
2.614071562503914592e+01
2.596067530639898635e+01
2.578136237919006390e+01
2.560279297361064010e+01
2.542499131107269505e+01
2.524798683895373230e+01
2.507181087937106767e+01
2.489649331462108606e+01
2.472205979524791886e+01
2.454852982691532759e+01
2.437591590846212952e+01
2.420422370358360098e+01
2.403345307255258234e+01
2.386359969032568884e+01
2.369465693653003413e+01
2.352661775241472952e+01
2.335947620750101095e+01
2.319322859344514143e+01
2.302787395478862820e+01
2.286341406407134258e+01
2.269985293650008629e+01
2.253719603957854289e+01
2.237544937264096490e+01
2.221461856760957687e+01
2.205470810646965774e+01
2.189572068427236928e+01
2.173765669288728475e+01
2.158051377769430701e+01
2.142428643161277080e+01
2.126896562930340551e+01
2.111453855073123265e+01
2.096098847746015537e+01
2.080829495255923334e+01
2.065643427139893973e+01
2.050538032196740446e+01
2.035510573308184235e+01
2.020558323285833779e+01
2.005678708138614397e+01
1.990869442831651170e+01
1.976128645876398693e+01
1.961454922444137949e+01
1.946847410267717038e+01
1.932305787441201161e+01
1.917830245536325506e+01
1.903421434697136405e+01
1.889080389323938647e+01
1.874808443643886235e+01
1.860607146070992712e+01
1.846478180027454741e+01
1.832423297067716206e+01
1.818444265932864923e+01
1.804542838772821867e+01
1.790720733435423639e+01
1.776979628690953916e+01
1.763321167801610656e+01
1.749746965176213820e+01
1.736258611082676850e+01
1.722857670480948400e+01
1.709545673781233432e+01
1.696324099390772844e+01
1.683194349898612430e+01
1.670157725302274088e+01
1.657215397552735681e+01
1.644368390779114364e+01
1.631617570896355218e+01
1.618963647054947685e+01
1.606407185783855951e+01
1.593948636944260322e+01
1.581588368977203984e+01
1.569326709586507462e+01
1.557163987108690861e+01
1.545100567500998423e+01
1.533136882186938443e+01
1.521273442920562680e+01
1.509510841259113079e+01
1.497849731974539544e+01
1.486290801533442263e+01
1.474834724366163208e+01
1.463482110809478343e+01
1.452233451219504090e+01
1.441089060806336164e+01
1.430049029341408939e+01
1.419113179203345609e+01
1.408281034439072776e+01
1.397551802761422657e+01
1.386924371742925999e+01
1.376397319876262237e+01
1.365968942579527656e+01
1.355637292544529693e+01
1.345400233012443714e+01
1.335255501637514541e+01
1.325200781664183936e+01
1.315233776346963879e+01
1.305352282044963630e+01
1.295554255347144057e+01
1.285837869981693338e+01
1.276201560097829457e+01
1.266644047671159612e+01
1.257164353115455313e+01
1.247761789514581388e+01
1.238435942069291151e+01
1.229186635278994721e+01
1.220013890994031591e+01
1.210917880772532307e+01
1.201898875985368420e+01
1.192957198881927994e+01
1.184093177414862552e+01
1.175307106079307573e+01
1.166599214402353546e+01
1.157969644066640846e+01
1.149418435007218697e+01
1.140945520219070453e+01
1.132550728484485703e+01
1.124233793801132641e+01
1.115994369982822931e+01
1.107832048726740837e+01
1.099746379396161977e+01
1.091736888848460119e+01
1.083803099828889316e+01
1.075944546727333240e+01
1.068160787829524594e+01
1.060451413555711575e+01
1.052816050538133119e+01
1.045254361717232250e+01
1.037766042913808562e+01
1.030350816544990877e+01
1.023008423288213820e+01
1.015738612558126164e+01
1.008541132651503425e+01
1.001415721344405263e+01
9.943620976074118545e+00
9.873799549532597197e+00
9.804689567619213619e+00
9.736287337555390664e+00
9.668588836321790225e+00
9.601589727232996196e+00
9.535285394230465172e+00
9.469670990523754384e+00
9.404741497701012420e+00
9.340491791251578135e+00
9.276916708572235493e+00
9.214011115912111194e+00
9.151769971288393535e+00
9.090188381104645998e+00
9.029261648951575125e+00
8.968985315800692248e+00
8.909355191455091472e+00
8.850367377658610479e+00
8.792018283659411182e+00
8.734304635268106409e+00
8.677223478556522096e+00
8.620772179324143636e+00
8.564948419350756126e+00
8.509750190278410287e+00
8.455175785760550511e+00
8.401223792301509619e+00
8.347893079013127604e+00
8.295182786347789161e+00
8.243092313744408983e+00
8.191621306047453643e+00
8.140769638532283636e+00
8.090537400388388534e+00
8.040924876568201540e+00
7.991932527994959123e+00
7.943560970224832651e+00
7.895810950766166236e+00
7.848683325358959628e+00
7.802179033601540858e+00
7.756299074370721414e+00
7.711044481512280946e+00
7.666416300280049612e+00
7.622415564973539226e+00
7.579043278173753784e+00
7.536300391906740614e+00
7.494187790983886543e+00
7.452706278681435315e+00
7.411856564837189687e+00
7.371639256362914949e+00
7.332054850101934917e+00
7.293103727903808675e+00
7.254786153744213983e+00
7.217102272687317743e+00
7.180052111470176079e+00
7.143635580481652703e+00
7.107852476911383555e+00
7.072702488855013847e+00
7.038185200177184520e+00
7.004300095954391736e+00
6.971046568340447003e+00
6.938423922719784365e+00
6.906431384034904752e+00
6.875068103193717306e+00
6.844333163479638493e+00
6.814225586902522558e+00
6.784744340439921473e+00
6.755888342128317348e+00
6.727656466971337679e+00
6.700047552637232506e+00
6.673060404922549260e+00
6.646693802961475050e+00
6.620946504163319979e+00
6.595817248862306137e+00
6.571304764665805820e+00
6.547407770489595435e+00
6.524124980270517682e+00
6.501455106349636637e+00
6.479396862521823230e+00
6.457948966750666209e+00
6.437110143550345498e+00
6.416879126040125669e+00
6.397254657679646961e+00
6.378235493696405634e+00
6.359820402220335289e+00
6.342008165142063447e+00
6.324797578714815849e+00
6.308187453921044963e+00
6.292176616627224384e+00
6.276763907550634514e+00
6.261948182063323820e+00
6.247728309858583629e+00
6.234103174504676659e+00
6.221071672910936101e+00
6.208632714729665381e+00
6.196785221716756276e+00
6.185528127071702187e+00
6.174860374777240146e+00
6.164780918955482747e+00
6.155288723256608030e+00
6.146382760293557013e+00
6.138062011134310936e+00
6.130325464860440832e+00
6.123172118200174374e+00
6.116600975240383598e+00
6.110611047221207848e+00
6.105201352414953320e+00
6.100370916089310924e+00
6.096118770553375477e+00
6.092443955284165824e+00
6.089345517129824970e+00
6.086822510584941170e+00
6.084873998133268458e+00
6.083499050651721696e+00
6.082696747870116383e+00
6.082466178880290286e+00
6.082806442688952764e+00
6.083716648807434346e+00
6.085195917873662985e+00
