2.060449766438603560e-04
9.459398887902383988e-05
9.629715838275331320e-05
1.012593360556342758e-04
1.098516297877985608e-04
1.222214191803096793e-04
1.384023870664958871e-04
1.583871743423237129e-04
1.821588841277682570e-04
2.097021766773345521e-04
2.410059047071569556e-04
2.760628293912383469e-04
3.148686339817025797e-04
3.574209899699056425e-04
4.037188586445533667e-04
4.537620178075279912e-04
5.075507564748224032e-04
5.650856824956901727e-04
6.263676020674476159e-04
6.913974437123827617e-04
7.601762093980214859e-04
8.327049422253306101e-04
9.089847043447453392e-04
9.890165613265988146e-04
1.072801570733749720e-03
1.160340773535827779e-03
1.251635187524100055e-03
1.346685802191322509e-03
1.445493574721607496e-03
1.548059426845041584e-03
1.654384242380442819e-03
1.764468865334898511e-03
1.878314098457565954e-03
1.995920702167485600e-03
2.117289393790732291e-03
2.242420847053639213e-03
2.371315691788590529e-03
2.503974513815327482e-03
2.640397854968200893e-03
2.780586213242592676e-03
2.924540043039699187e-03
3.072259755490287878e-03
3.223745718842543732e-03
3.378998258899846251e-03
3.538017659496962321e-03
3.700804163005193791e-03
3.867357970856917515e-03
4.037679244082571610e-03
4.211768103853433080e-03
4.389624632024608820e-03
4.571248871672346260e-03
4.756640827622163857e-03
4.945800466963755186e-03
5.138727719548443450e-03
5.335422478467404840e-03
5.535884600506618854e-03
5.740113906577093590e-03
5.948110182118172481e-03
6.159873177472012518e-03
6.375402608227103730e-03
6.594698155531288769e-03
6.817759466370781028e-03
7.044586153815791084e-03
7.275177797232976543e-03
7.509533942460966567e-03
7.747654101952303890e-03
7.989537754879526624e-03
8.235184347206049929e-03
8.484593291721197889e-03
8.737763968041628582e-03
8.994695722577713409e-03
9.255387868466033799e-03
9.519839685469653687e-03
9.788050419845565828e-03
1.006001928418238066e-02
1.033574545720621247e-02
1.061522808356038690e-02
1.089846627355565110e-02
1.118545910289678487e-02
1.147620561238347874e-02
1.177070480758852372e-02
1.206895565851700929e-02
1.237095709924448082e-02
1.267670802753806739e-02
1.298620730446335692e-02
1.329945375397606142e-02
1.361644616250366410e-02
1.393718327851561564e-02
1.426166381208640067e-02
1.458988643445330302e-02
1.492184977756855040e-02
1.525755243365042001e-02
1.559699295473257648e-02
1.594016985221626687e-02
1.628708159642525480e-02
1.663772661616324394e-02
1.699210329827881630e-02
1.735020998724163752e-02
1.771204498472030153e-02
1.807760654917632548e-02
1.844689289547027378e-02
1.881990219447627483e-02
1.919663257271508883e-02
1.957708211199884682e-02
1.996124884909371636e-02
2.034913077540049728e-02
2.074072583664822098e-02
2.113603193261055779e-02
2.153504691684002617e-02
2.193776859641796348e-02
2.234419473173003892e-02
2.275432303625680996e-02
2.316815117638915816e-02
2.358567677125943812e-02
2.400689739259972630e-02
2.443181056461541170e-02
2.486041376388581359e-02
2.529270441928075860e-02
2.572867991190470882e-02
2.616833757505944089e-02
2.661167469422938414e-02
2.705868850708789686e-02
2.750937620352893534e-02
2.796373492571986238e-02
2.842176176817363606e-02
2.888345377784788323e-02
2.934880795426220851e-02
2.981782124963929317e-02
3.029049056906827839e-02
3.076681277068879852e-02
3.124678466589450934e-02
3.173040301955904613e-02
3.221766455027848947e-02
3.270856593063376644e-02
3.320310378746840763e-02
3.370127470218198251e-02
3.420307521103573001e-02
3.470850180546957570e-02
3.521755093242114748e-02
3.573021899466068130e-02
3.624650235111294416e-02
3.676639731718747695e-02
3.728990016509434874e-02
3.781700712414778204e-02
3.834771438105552543e-02
3.888201808017933969e-02
3.941991432377191240e-02
3.996139917217080700e-02
4.050646864395410218e-02
4.105511871604279606e-02
4.160734532375213318e-02
4.216314436076997602e-02
4.272251167907085978e-02
4.328544308874797408e-02
4.385193435776404969e-02
4.442198121160589874e-02
4.499557933284382971e-02
4.557272436058856790e-02
4.615341188983976967e-02
4.673763747072148117e-02
4.732539660760358424e-02
4.791668475811153988e-02
4.851149733200811609e-02
4.910982968996380205e-02
4.971167714221318146e-02
5.031703494709248436e-02
5.092589830947065466e-02
5.153826237907645907e-02
5.215412224872664065e-02
5.277347295246372777e-02
5.339630946362101255e-02
5.402262669280664259e-02
5.465241948583619835e-02
5.528568262162591312e-02
5.592241081003490599e-02
5.656259868971082877e-02
5.720624082591947018e-02
5.785333170838454636e-02
5.850386574917007532e-02
5.915783728058363750e-02
5.981524055315571436e-02
6.047606973368382238e-02
6.114031890336531216e-02
6.180798205603509760e-02
6.247905309651580197e-02
6.315352583909120132e-02
6.383139400613281611e-02
6.451265122686061781e-02
6.519729103626870081e-02
6.588530687422120002e-02
6.657669208471511668e-02
6.727143991532108513e-02
6.796954351680964401e-02
6.867099594296528775e-02
6.937579015057453169e-02
7.008391899961402549e-02
7.079537525360667105e-02
7.151015158018030060e-02
7.222824055178149460e-02
7.294963464657944208e-02
7.367432624952198472e-02
7.440230765356629916e-02
7.513357106104288918e-02
7.586810858517638312e-02
7.660591225172802554e-02
7.734697400075873919e-02
7.809128568850363938e-02
7.883883908934086193e-02
7.958962589783578900e-02
8.034363773085578808e-02
8.110086612973788078e-02
8.186130256248470849e-02
8.262493842599687166e-02
8.339176504828485492e-02
8.416177369069025027e-02
8.493495555006574937e-02
8.571130176091740216e-02
8.649080339748284330e-02
8.727345147574105955e-02
8.805923695532805184e-02
8.884815074135929414e-02
8.964018368613639598e-02
9.043532659073728885e-02
9.123357020646971627e-02
9.203490523620916353e-02
9.283932233557570801e-02
9.364681211398373506e-02
9.445736513555519354e-02
9.527097191987318747e-02
9.608762294261964654e-02
9.690730863607195655e-02
9.773001938947228906e-02
9.855574554928075992e-02
9.938447741931918933e-02
1.002162052608023685e-01
1.010509192922929983e-01
1.018886096895517263e-01
1.027292665853303671e-01
1.035728800690873808e-01
1.044194401866382210e-01
1.052689369397709351e-01
1.061213602857994653e-01
1.069767001370810489e-01
1.078349463604957315e-01
1.086960887769029827e-01
1.095601171605515289e-01
1.104270212384725336e-01
1.112967906898444104e-01
1.121694151453255101e-01
1.130448841863821302e-01
1.139231873445649690e-01
1.148043141007945162e-01
1.156882538845997871e-01
1.165749960733603735e-01
1.174645299915266367e-01
1.183568449098288955e-01
1.192519300444878222e-01
1.201497745564177599e-01
1.210503675504310400e-01
1.219536980744815452e-01
1.228597551188912868e-01
1.237685276156287317e-01
1.246800044376135397e-01
1.255941743980624470e-01
1.265110262498907179e-01
1.274305486851545766e-01
1.283527303345680382e-01
1.292775597670755283e-01
1.302050254894982773e-01
1.311351159462565696e-01
1.320678195191566096e-01
1.330031245272488838e-01
1.339410192267760091e-01
1.348814918111694849e-01
1.358245304111329876e-01
1.367701230947647173e-01
1.377182578677548508e-01
1.386689226736374236e-01
1.396221053940607804e-01
1.405777938491355739e-01
1.415359757977708299e-01
1.424966389380742104e-01
1.434597709077412853e-01
1.444253592844803591e-01
1.453933915864213389e-01
1.463638552725514130e-01
1.473367377431337444e-01
1.483120263401186412e-01
1.492897083475756836e-01
1.502697709920775282e-01
1.512522014431066930e-01
1.522369868134428872e-01
1.532241141595425959e-01
1.542135704819058151e-01
1.552053427254441176e-01
1.561994177798411154e-01
1.571957824799140035e-01
1.581944236059628084e-01
1.591953278841237163e-01
1.601984819867314502e-01
1.612038725326732924e-01
1.622114860877404974e-01
1.632213091649991343e-01
1.642333282251338955e-01
1.652475296768277646e-01
1.662638998771071297e-01
1.672824251317160671e-01
1.683030916954477707e-01
1.693258857725211397e-01
1.703507935169039922e-01
1.713778010326553469e-01
1.724068943742401994e-01
1.734380595468472952e-01
1.744712825066803141e-01
1.755065491612211037e-01
1.765438453695195586e-01
1.775831569423836909e-01
1.786244696426551037e-01
1.796677691853743319e-01
1.807130412379478746e-01
1.817602714203317149e-01
1.828094453051259116e-01
1.838605484177027183e-01
1.849135662362882404e-01
1.859684841920004050e-01
1.870252876688881516e-01
1.880839620039503890e-01
1.891444924871076849e-01
1.902068643611601328e-01
1.912710628217184350e-01
1.923370730171135023e-01
1.934048800482726649e-01
1.944744689685842798e-01
1.955458247837039976e-01
1.966189324513915870e-01
1.976937768812637719e-01
1.987703429345607231e-01
1.998486154238784673e-01
2.009285791128715415e-01
2.020102187159397433e-01
2.030935188978995054e-01
2.041784642736371447e-01
2.052650394077392138e-01
2.063532288141240456e-01
2.074430169556258363e-01
2.085343882436503926e-01
2.096273270377357334e-01
2.107218176451840785e-01
2.118178443206736039e-01
2.129153912658658110e-01
2.140144426290646884e-01
2.151149825048594699e-01
2.162169949338253461e-01
2.173204639022276174e-01
2.184253733417778620e-01
2.195317071294174138e-01
2.206394490871516345e-01
2.217485829819396403e-01
2.228590925256142274e-01
2.239709613748895323e-01
2.250841731313967531e-01
2.261987113418089668e-01
2.273145594979943396e-01
2.284317010372828860e-01
2.295501193427603170e-01
2.306697977436527602e-01
2.317907195157513645e-01
2.329128678819585019e-01
2.340362260128320548e-01
2.351607770272462206e-01
2.362865039930744371e-01
2.374133899279945725e-01
2.385414178002711882e-01
2.396705705296582056e-01
2.408008309883148679e-01
2.419321820017963365e-01
2.430646063500686294e-01
2.441980867685913104e-01
2.453326059493897704e-01
2.464681465422264017e-01
2.476046911557738262e-01
2.487422223587997250e-01
2.498807226814182547e-01
2.510201746163631120e-01
2.521605606202727556e-01
2.533018631150085742e-01
2.544440644890089143e-01
2.555871470986798566e-01
2.567310932697990378e-01
2.578758852989667116e-01
2.590215054551098239e-01
2.601679359809936920e-01
2.613151590948032399e-01
2.624631569917793561e-01
2.636119118459090971e-01
2.647614058116513625e-01
2.659116210257848611e-01
2.670625396092597970e-01
2.682141436691879433e-01
2.693664153008573647e-01
2.705193365898724278e-01
2.716728896143635885e-01
2.728270564472963233e-01
2.739818191588214713e-01
2.751371598187748457e-01
2.762930604992441252e-01
2.774495032771742697e-01
2.786064702370785739e-01
2.797639434738174447e-01
2.809219050954236407e-01
2.820803372259618191e-01
2.832392220084375412e-01
2.843985416076898476e-01
2.855582782133228026e-01
2.867184140425846905e-01
2.878789313432030261e-01
2.890398123961911425e-01
2.902010395185329883e-01
2.913625950657858787e-01
2.925244614345630656e-01
2.936866210648778619e-01
2.948490564422548976e-01
2.960117500997424544e-01
2.971746846196421377e-01
2.983378426350622448e-01
2.995012068312097875e-01
3.006647599463953546e-01
3.018284847728139875e-01
3.029923641569821635e-01
3.041563809999480728e-01
3.053205182571340770e-01
3.064847589378938975e-01
3.076490861047614378e-01
3.088134828723483882e-01
3.099779324059481200e-01
3.111424179197688211e-01
3.123069226749017879e-01
3.134714299769127410e-01
3.146359231730932460e-01
3.158003856494578931e-01
3.169648008273472928e-01
3.181291521597862104e-01
3.192934231274461299e-01
3.204575972343883250e-01
3.216216580035076156e-01
3.227855889716521043e-01
3.239493736845398542e-01
3.251129956913837993e-01
3.262764385393898126e-01
3.274396857679325312e-01
3.286027209026857188e-01
3.297655274495494560e-01
3.309280888884995053e-01
3.320903886674038130e-01
3.332524101957296536e-01
3.344141368383591328e-01
3.355755519094184569e-01
3.367366386661655997e-01
3.378973803030728140e-01
3.390577599460265490e-01
3.402177606467323701e-01
3.413773653773981565e-01
3.425365570256270753e-01
3.436953183896033215e-01
3.448536321735858889e-01
3.460114809837440686e-01
3.471688473243189077e-01
3.483257135941049687e-01
3.494820620833370972e-01
3.506378749708825016e-01
3.517931343218247409e-01
3.529478220854120329e-01
3.541019200933989697e-01
3.552554100587069774e-01
3.564082735745129904e-01
3.575604921136672498e-01
3.587120470285623530e-01
3.598629195512971779e-01
3.610130907942901146e-01
3.621625417512371325e-01
3.633112532985091625e-01
3.644592061968917607e-01
3.656063810936613367e-01
3.667527585251278976e-01
3.678983189194153791e-01
3.690430425996742425e-01
3.701869097875413739e-01
3.713299006069274988e-01
3.724719950880553965e-01
3.736131731717882709e-01
3.747534147141390326e-01
3.758926994910070651e-01
3.770310072031370918e-01
3.781683174812408010e-01
3.793046098913638864e-01
3.804398639404799609e-01
3.815740590822566669e-01
3.827071747232093091e-01
3.838391902291473645e-01
3.849700849320139562e-01
3.860998381371849586e-01
3.872284291313185522e-01
3.883558371907877005e-01
3.894820415907997435e-01
3.906070216152083274e-01
3.917307565671270808e-01
3.928532257803230565e-01
3.939744086314251326e-01
3.950942845529190062e-01
3.962128330468450144e-01
3.973300336992376391e-01
3.984458661950119884e-01
3.995603103333743022e-01
4.006733460433615779e-01
4.017849533994732880e-01
4.028951126371105307e-01
4.040038041675736991e-01
4.051110085923571580e-01
4.062167067164990653e-01
4.073208795607501931e-01
4.084235083722196902e-01
4.095245746333459058e-01
4.106240600689941012e-01
4.117219466515103510e-01
4.128182166034776723e-01
4.139128523982985031e-01
4.150058367584178454e-01
4.160971526512211582e-01
4.171867832826831601e-01
4.182747120888569148e-01
4.193609227252719784e-01
4.204453990543687292e-01
4.215281251312260613e-01
4.226090851876986854e-01
4.236882636149174042e-01
4.247656449446357008e-01
4.258412138292461124e-01
4.269149550207389510e-01
4.279868533487371507e-01
4.290568936975968084e-01
4.301250609827230176e-01
4.311913401264442225e-01
4.322557160333266868e-01
4.333181735653435229e-01
4.343786975172087006e-01
4.354372725919291587e-01
4.364938833773198690e-01
4.375485143235604002e-01
4.386011497223386013e-01
4.396517736879915761e-01
4.407003701409590302e-01
4.417469227938616849e-01
4.427914151404275245e-01
4.438338304474842011e-01
4.448741517498393527e-01
4.459123618481732887e-01
4.469484433095197717e-01
4.479823784702873235e-01
4.490141494411037937e-01
4.500437381134149151e-01
4.510711261671958572e-01
4.520962950793813162e-01
4.531192261327183224e-01
4.541399004247301252e-01
4.551582988766952331e-01
4.561744022423656064e-01
4.571881911167675061e-01
4.581996459450440873e-01
4.592087470317123832e-01
4.602154745506075173e-01
4.612198085558853466e-01
4.622217289943821306e-01
4.632212157196989866e-01
4.642182485081216003e-01
4.652128070764410817e-01
4.662048711015887581e-01
4.671944202418497061e-01
4.681814341590787021e-01
4.691658925414534664e-01
4.701477751259131033e-01
4.711270617195895682e-01
4.721037322192127572e-01
4.730777666280004401e-01
4.740491450690485498e-01
4.750178477949795197e-01
4.759838551935956508e-01
4.769471477895576572e-01
4.779077062426175804e-01
4.788655113430750343e-01
4.798205440055305915e-01
4.807727852622566966e-01
4.817222162576504929e-01
4.826688182453648945e-01
4.836125725896087690e-01
4.845534607721589393e-01
4.854914644061877338e-01
4.864265652579265464e-01
4.873587452765697492e-01
4.882879866326080287e-01
4.892142717641771443e-01
4.901375834305091161e-01
4.910579047712450018e-01
4.919752193698748721e-01
4.928895113192758859e-01
4.938007652869655928e-01
4.947089665777112399e-01
4.956141011909407368e-01
4.965161558704015987e-01
4.974151181440605862e-01
4.983109763518472901e-01
4.992037196599062865e-01
5.000933380599938971e-01
5.009798223533006301e-01
5.018631641187422110e-01
5.027433556659894887e-01
5.036203899745479440e-01
5.044942606203314250e-01
5.053649616917299525e-01
5.062324876976197485e-01
5.070968334692905755e-01
5.079579940584467712e-01
5.088159646325948193e-01
5.096707403686688842e-01
5.105223163446026557e-01
5.113706874280665726e-01
5.122158481606823299e-01
5.130577926362481778e-01
5.138965143713200012e-01
5.147320061678793968e-01
5.155642599690141159e-01
5.163932667105842755e-01
5.172190161740110037e-01
5.180414968472839554e-01
5.188606958029127192e-01
5.196765986021910644e-01
5.204891892348822990e-01
5.212984501020733186e-01
5.221043620470093849e-01
5.229069044359726526e-01
5.237060552865403507e-01
5.245017914377604340e-01
5.252940887527187686e-01
5.260829223421015222e-01
5.268682667959170285e-01
5.276500964108415959e-01
5.284283854013074322e-01
5.292031080847658941e-01
5.299742390337930376e-01
5.307417531904232710e-01
5.315056259407546779e-01
5.322658331508626217e-01
5.330223511673645165e-01
5.337751567883457504e-01
5.345242272128164496e-01
5.352695399782380070e-01
5.360110728975203687e-01
5.367488040064761767e-01
5.374827115334301908e-01
5.382127739005460043e-01
5.389389697643893751e-01
5.396612780995035941e-01
5.403796783246956892e-01
5.410941504661090917e-01
5.418046753460526999e-01
5.425112347810236990e-01
5.432138117682288048e-01
5.439123906376778228e-01
5.446069571468508119e-01
5.452974984985270446e-01
5.459840032685446820e-01
5.466664612386926692e-01
5.473448631399689956e-01
5.480192003212919216e-01
5.486894643666458959e-01
5.493556466894239376e-01
5.500177381357039819e-01
5.506757286271942720e-01
5.513296068726371013e-01
5.519793601709471753e-01
5.526249743241316015e-01
5.532664336704288255e-01
5.539037212401981547e-01
5.545368190276678266e-01
5.551657083620711308e-01
5.557903703514235350e-01
5.564107863646071683e-01
5.570269385125271588e-01
5.576388100893026056e-01
5.582463859406899820e-01
5.588496527376695111e-01
5.594485991472472053e-01
5.600432159059820503e-01
5.606334958125601675e-01
5.612194336598824718e-01
5.618010261256930482e-01
5.623782716343193044e-01
5.629511701944518443e-01
5.635197232118763777e-01
5.640839332764882030e-01
5.646438039276280296e-01
5.651993394115691904e-01
5.657505444542576534e-01
5.662974240763043454e-01
5.668399834734080267e-01
5.673782279699126629e-01
5.679121630289806211e-01
5.684417942743515972e-01
5.689671274508538712e-01
5.694881682340985352e-01
5.700049217993347073e-01
5.705173920816979383e-01
5.710255807046490384e-01
5.715294856164028214e-01
5.720290995448994442e-01
5.725244084467411287e-01
5.730153901662726756e-01
5.735020135270316732e-01
5.739842380389835741e-01
5.744620143257990197e-01
5.749352852708032868e-01
5.754039877694827609e-01
5.758680548875166894e-01
5.763274181768728299e-01
5.767820099100376963e-01
5.772317650494724894e-01
5.776766228580200169e-01
5.781165281464715200e-01
5.785514322187063074e-01
5.789812935913660752e-01
5.794060785336927477e-01
5.798257614111896885e-01
5.802403247583396428e-01
5.806497589823444994e-01
5.810540616301240746e-01
5.814532362258262310e-01
5.818472907767411328e-01
5.822362361165381861e-01
5.826200842830177029e-01
5.829988471136337003e-01
5.833725352068905856e-01
5.837411573635671314e-01
5.841047206005782755e-01
5.844632308101457285e-01
5.848166940918055889e-01
5.851651186912867342e-01
5.855085173331601167e-01
5.858469095622914624e-01
5.861803235649116761e-01
5.865087968945376096e-01
5.868323756285630521e-01
5.871511117393084511e-01
5.874650588295420306e-01
5.877742667618988115e-01
5.880787759941488169e-01
5.883786125368600795e-01
5.886737843520762903e-01
5.889642797500849181e-01
5.892500679921637285e-01
5.895311019485224291e-01
5.898073223559822109e-01
5.900786630067926808e-01
5.903450561055034740e-01
5.906064370693642207e-01
5.908627482145600851e-01
5.911139410264989458e-01
5.913599769924144933e-01
5.916008272015242930e-01
5.918364710414689700e-01
5.920668943382469962e-01
5.922920872433460326e-01
5.925120421280248850e-01
5.927267517393951524e-01
5.929362078964952598e-01
5.931404009995571158e-01
5.933393205335384391e-01
5.935329565460741863e-01
5.937213018214722027e-01
5.939043542594667491e-01
5.940821189038898442e-01
5.942546091951096399e-01
5.944218472974007739e-01
5.945838636628988372e-01
5.947406962104309081e-01
5.948923895369587767e-01
5.950389944368557060e-01
5.951805677441358577e-01
5.953171722368384433e-01
5.954488761468420543e-01
5.955757517640382082e-01
5.956978727242016047e-01
5.958153098025351646e-01
5.959281253583259552e-01
5.960363669408151877e-01
5.961400609119290595e-01
5.962392071880739941e-01
5.963337762500560135e-01
5.964237093326738570e-01
5.965089221599911840e-01
5.965893118267155959e-01
5.966647656268948552e-01
5.967351700480960641e-01
5.968004180097328248e-01
5.968604128665747632e-01
5.969150687015440937e-01
5.969643077700856892e-01
5.970080571906177802e-01
5.970462475384606948e-01
5.970788154578723361e-01
5.971057107603503500e-01
5.971269063431100532e-01
5.971424076848703688e-01
5.971522585549385864e-01
5.971565410457889689e-01
5.971553702987678625e-01
5.971488860614448946e-01
5.971372436086680446e-01
5.971206056686235719e-01
5.970991357292675383e-01
5.970729924301391156e-01
5.970423249723477710e-01
5.970072701178973373e-01
5.969679516231077843e-01
5.969244824524633231e-01
5.968769690655338911e-01
5.968255160654739599e-01
5.967702290720767744e-01
5.967112140168424617e-01
5.966485720158398731e-01
5.965823902677312995e-01
5.965127307171392834e-01
5.964396191348130261e-01
5.963630374350570307e-01
5.962829212930488287e-01
5.961991636455367116e-01
5.961116230504428515e-01
5.960201348464748694e-01
5.959245229783394215e-01
5.958246110443836674e-01
5.957202319413688052e-01
5.956112358099848736e-01
5.954974956902562289e-01
5.953789098285836578e-01
5.952553996110453438e-01
5.951269029975820857e-01
5.949933648544570852e-01
5.948547270072367388e-01
5.947109214100941843e-01
5.945618691842927683e-01
5.944074865926584073e-01
5.942476968824093042e-01
5.940824450756821973e-01
5.939117118362243763e-01
5.937355227860946494e-01
5.935539509629871313e-01
5.933671119851928744e-01
5.931751532562165030e-01
5.929782396776031028e-01
5.927765387003584019e-01
5.925702073222628430e-01
5.923593831150177902e-01
5.921441806675259434e-01
5.919246938750695186e-01
5.917010031759232236e-01
5.914731852807111334e-01
5.912413217037562063e-01
5.910055022687202841e-01
5.907658212418582799e-01
5.905223665745692463e-01
5.902752057229075922e-01
5.900243730773245820e-01
5.897698632046158851e-01
5.895116312631486499e-01
5.892495987471769725e-01
5.889836610237939585e-01
5.887136938017866195e-01
5.884395579863923587e-01
5.881611045548659211e-01
5.878781815508403730e-01
5.875906436994053905e-01
5.872983626090266807e-01
5.870012339210187724e-01
5.866991784983224267e-01
5.863921377321473782e-01
5.860800665617235117e-01
5.857629294652253460e-01
5.854407031221584568e-01
5.851133854704029247e-01
5.847810070733003851e-01
5.844436396095591402e-01
5.841013984900289557e-01
5.837544403149044214e-01
5.834029583978255218e-01
5.830471793039353479e-01
5.826873608546835337e-01
5.823237894408948012e-01
5.819567736987772966e-01
5.815866331173605852e-01
5.812136828545512168e-01
5.808382181891229568e-01
5.804605023671793873e-01
5.800807599840204221e-01
5.796991753962850158e-01
5.793158933934389188e-01
5.789310186412325310e-01
5.785446116036567776e-01
5.781566811275851148e-01
5.777671763468860133e-01
5.773759817644941172e-01
5.769829187208590504e-01
5.765877543283276507e-01
5.761902163908941832e-01
5.757900109688649515e-01
5.753868387527421024e-01
5.749804072540214417e-01
5.745704374478356469e-01
5.741566651983771585e-01
5.737388390401904070e-01
5.733167164823579354e-01
5.728900610003931915e-01
5.724586413962691189e-01
5.720222343324913306e-01
5.715806297263944513e-01
5.711336376764912792e-01
5.706810952172388651e-01
5.702228718592567969e-01
5.697588743486432517e-01
5.692890523782353496e-01
5.688134068719353786e-01
5.683320004774554679e-01
5.678449669926645127e-01
5.673525145279388893e-01
5.668549177921259341e-01
5.663524979717530217e-01
5.658455927485094294e-01
5.653345222120564895e-01
5.648195577412131740e-01
5.643009003981205307e-01
5.637786735376737468e-01
5.632529315172858375e-01
5.627236827128697660e-01
5.621909209629726289e-01
5.616546563194825259e-01
5.611149353209829993e-01
5.605718440584743778e-01
5.600254934467320256e-01
5.594759927785616371e-01
5.589234215608016587e-01
5.583678088813663898e-01
5.578091248640195676e-01
5.572472830684475076e-01
5.566821491705318259e-01
5.561135512917693147e-01
5.555412898585768700e-01
5.549651474216932279e-01
5.543848995557866255e-01
5.538003266723544593e-01
5.532112247449575415e-01
5.526174122594591509e-01
5.520187318737808102e-01
5.514150476466346262e-01
5.508062408021929812e-01
5.501922075183766081e-01
5.495728608062070419e-01
5.489481359883588985e-01
5.483179970549955096e-01
5.476824405044785626e-01
5.470414944488850573e-01
5.463952130246496619e-01
5.457436682566442210e-01
5.450869424961337639e-01
5.444251241211057746e-01
5.437583077538201692e-01
5.430865985130826079e-01
5.424101184047227520e-01
5.417290122642710593e-01
5.410434508760355587e-01
5.403536299413472799e-01
5.396597650971713955e-01
5.389620845583228403e-01
5.382608215099077276e-01
5.375562078282832834e-01
5.368484694060254858e-01
5.361378221232974139e-01
5.354244671310885995e-01
5.347085848121558849e-01
5.339903280767135385e-01
5.332698166724693101e-01
5.325471342849350531e-01
5.318223293224938475e-01
5.310954189698620098e-01
5.303663951022766776e-01
5.296352304281617407e-01
5.289018836655888789e-01
5.281663031740559955e-01
5.274284288212534033e-01
5.266881919067005757e-01
5.259455129817551811e-01
5.252002977286716057e-01
5.244524317367951216e-01
5.237017757444764054e-01
5.229481632682163594e-01
5.221914022639081443e-01
5.214312816523910543e-01
5.206675825462306895e-01
5.199000931656048152e-01
5.191286257932012926e-01
5.183530335206254502e-01
5.175732238918979711e-01
5.167891661555901184e-01
5.160008893140254349e-01
5.152084699020371694e-01
5.144120110838837912e-01
5.136116171629335758e-01
5.128073688552429177e-01
5.119993043043605807e-01
5.111874092943836656e-01
5.103716182950437386e-01
5.095518263367334599e-01
5.087279101336065201e-01
5.078997549722211735e-01
5.070672817773514973e-01
5.062304674547848382e-01
5.053893524742303356e-01
5.045440332618266188e-01
5.036946421698005327e-01
5.028413220856037258e-01
5.019842038771776815e-01
5.011233923921735167e-01
5.002589622723128127e-01
4.993909609631192459e-01
4.985194148151789739e-01
4.976443352302737377e-01
4.967657240959691411e-01
4.958835795494903054e-01
4.949979033409096507e-01
4.941087098199958838e-01
4.932160348799486393e-01
4.923199422923167368e-01
4.914205254441339488e-01
4.905179042911219645e-01
4.896122193706168857e-01
4.887036258278850132e-01
4.877922899718994398e-01
4.868783891308658962e-01
4.859621134703946410e-01
4.850436670707980458e-01
4.841232656033284121e-01
4.832011293324037782e-01
4.822774722113420398e-01
4.813524896066992409e-01
4.804263479431654660e-01
4.794991790304177215e-01
4.785710802517741391e-01
4.776421197745303049e-01
4.767123442444436421e-01
4.757817857006644280e-01
4.748504649997817850e-01
4.739183906796620160e-01
4.729855542526278933e-01
4.720519244716338547e-01
4.711174434236267139e-01
4.701820262278488260e-01
4.692455642333881460e-01
4.683079299320319078e-01
4.673689812039410474e-01
4.664285632510690172e-01
4.654865081780956149e-01
4.645426337635378822e-01
4.635967436918038143e-01
4.626486310212656328e-01
4.616980851922035667e-01
4.607449011789161997e-01
4.597888883332912346e-01
4.588298765910137633e-01
4.578677189227930988e-01
4.569022905377225774e-01
4.559334865157237404e-01
4.549612196865740477e-01
4.539854197015067427e-01
4.530060329390707685e-01
4.520230219508978853e-01
4.510363631671417406e-01
4.500460425849767132e-01
4.490520506328578576e-01
4.480543785296430270e-01
4.470530185917353516e-01
4.460479699264112141e-01
4.450392491743309087e-01
4.440269041167443920e-01
4.430110266824523468e-01
4.419917615522709897e-01
4.409693072632853150e-01
4.399439083529931294e-01
4.389158393239364075e-01
4.378853834490889496e-01
4.368528108863526938e-01
4.358183605941895467e-01
4.347822290847967452e-01
4.337445667743188848e-01
4.327054806538362386e-01
4.316650410634561008e-01
4.306232906532881377e-01
4.295802545378881176e-01
4.285359512529284820e-01
4.274904038255765704e-01
4.264436493055931976e-01
4.253957443618145984e-01
4.243467648948442417e-01
4.232967991989460277e-01
4.222459363018814527e-01
4.211942526284984667e-01
4.201418003465613449e-01
4.190885997199298996e-01
4.180346361973725777e-01
4.169798616061899388e-01
4.159241981563768231e-01
4.148675439763021000e-01
4.138097792721454060e-01
4.127507725784842485e-01
4.116903867540778750e-01
4.106284843810576457e-01
4.095649321779674112e-01
4.084996040823054009e-01
4.074323828772793976e-01
4.063631606032117038e-01
4.052918383873426178e-01
4.042183265798688918e-01
4.031425460552524598e-01
4.020644311724356768e-01
4.009839342614363034e-01
3.999010308137266323e-01
3.988157240491154165e-01
3.977280474246463471e-01
3.966380640219647757e-01
3.955458625152318830e-01
3.944515503521012767e-01
3.933552455837482364e-01
3.922570691972710466e-01
3.911571396923973487e-01
3.900555710233714612e-01
3.889524740695065042e-01
3.878479607828438369e-01
3.867421493999547155e-01
3.856351688403915068e-01
3.845271607457005358e-01
3.834182784330699700e-01
3.823086830568214745e-01
3.811985381095798764e-01
3.800880037434026804e-01
3.789772321513890652e-01
3.778663645845923291e-01
3.767555298263318142e-01
3.756448434440038953e-01
3.745344070667233072e-01
3.734243072563290800e-01
3.723146140494836831e-01
3.712053796966355290e-01
3.700966383042474384e-01
3.689884069018829482e-01
3.678806879514192052e-01
3.667734726793928091e-01
3.656667441239915828e-01
3.645604787018615345e-01
3.634546455242480545e-01
3.623492035127718336e-01
3.612440972775322612e-01
3.601392533472060897e-01
3.590345783929703161e-01
3.579299604898950604e-01
3.568252734011773120e-01
3.557203827530258100e-01
3.546151522492265729e-01
3.535094480773735004e-01
3.524031404118243005e-01
3.512961021278355744e-01
3.501882060060197976e-01
3.490793223448364069e-01
3.479693187618992378e-01
3.468580631411509185e-01
3.457454295344898898e-01
3.446313058052771772e-01
3.435156012443335016e-01
3.423982524034618335e-01
3.412792258669339884e-01
3.401585174030690717e-01
3.390361477019533387e-01
3.379121555736019911e-01
3.367865899654253203e-01
3.356595023764953889e-01
3.345309411238964747e-01
3.334009484310493376e-01
3.322695605533662611e-01
3.311368103526983186e-01
3.300027311555612242e-01
3.288673605915992670e-01
3.277307434398161190e-01
3.265929331374100020e-01
3.254539922282495001e-01
3.243139923659509316e-01
3.231730144228512902e-01
3.220311488843031755e-01
3.208884962662840734e-01
3.197451670240826216e-01
3.186012804434950052e-01
3.174569622802019819e-01
3.163123412850007421e-01
3.151675450545703971e-01
3.140226957828904930e-01
3.128779064538709243e-01
3.117332778740659616e-01
3.105888967708725357e-01
3.094448350264681347e-01
3.083011499933070443e-01
3.071578857357834536e-01
3.060150749555575200e-01
3.048727412897911937e-01
3.037309016377358617e-01
3.025895681866004328e-01
3.014487498779742647e-01
3.003084531701827320e-01
2.991686820882137332e-01
2.980294376851037041e-01
2.968907171433698422e-01
2.957525128056771035e-01
2.946148114325253253e-01
2.934775939412375134e-01
2.923408357920555534e-01
2.912045080665839891e-01
2.900685791518529677e-01
2.889330168208107952e-01
2.877977904126104991e-01
2.866628727815846989e-01
2.855282417135801554e-01
2.843938805985894436e-01
2.832597782838421896e-01
2.821259281827290244e-01
2.809923268520960749e-01
2.798589723427973297e-01
2.787258626593649424e-01
2.775929946288744343e-01
2.764603633880610700e-01
2.753279625723349389e-01
2.741957851584657102e-01
2.730638247997267953e-01
2.719320774205978286e-01
2.708005428181031182e-01
2.696692260496189597e-01
2.685381384601492893e-01
2.674072982943168086e-01
2.662767309232326740e-01
2.651464687721719615e-01
2.640165510490781187e-01
2.628870233518033617e-01
2.617579371899538820e-01
2.606293494178042458e-01
2.595013215550388552e-01
2.583739189781086298e-01
2.572472099913538091e-01
2.561212648231336875e-01
2.549961546263234680e-01
2.538719505851147473e-01
2.527487232329697631e-01
2.516265420617265214e-01
2.505054754455472987e-01
2.493855908204754002e-01
2.482669549695185052e-01
2.471496341921914919e-01
2.460336941169491976e-01
2.449191989641810729e-01
2.438062101847565388e-01
2.426947845618398769e-01
2.415849720295406844e-01
2.404768135844766175e-01
2.393703397046936798e-01
2.382655696251866906e-01
2.371625116584143989e-01
2.360611645280029647e-01
2.349615194616737068e-01
2.338635626255263500e-01
2.327672774228727315e-01
2.316726462431449585e-01
2.305796514113217788e-01
2.294882753077293891e-01
2.283984998396199617e-01
2.273103055932845784e-01
2.262236710423501107e-01
2.251385721310760757e-01
2.240549824144045798e-01
2.229728737649985804e-01
2.218922175003483210e-01
2.208129856802008850e-01
2.197351522959697656e-01
2.186586941164718745e-01
2.175835910465454548e-01
2.165098259669416270e-01
2.154373841248444221e-01
2.143662522153045591e-01
2.132964173269529806e-01
2.122278659253827027e-01
2.111605830247277049e-01
2.100945516641094246e-01
2.090297527673052602e-01
2.079661654235485380e-01
2.069037675833885759e-01
2.058425371152501349e-01
2.047824531188356389e-01
2.037234973488845080e-01
2.026656555777781865e-01
2.016089187288096218e-01
2.005532836467374125e-01
1.994987534362186732e-01
1.984453373772577522e-01
1.973930505029492521e-01
1.963419129793958773e-01
1.952919494479795626e-01
1.942431884725293323e-01
1.931956621845874189e-01
1.921494061539880116e-01
1.911044594462710522e-01
1.900608647789961414e-01
1.890186686654118375e-01
1.879779214381497587e-01
1.869386770729184466e-01
1.859009927731436751e-01
1.848649283210593852e-01
1.838305452394724260e-01
1.827979058358222553e-01
1.817670722132760375e-01
1.807381053335846144e-01
1.797110642047733131e-01
1.786860052475700011e-01
1.776629818706301212e-01
1.766420442597811669e-01
1.756232393637237044e-01
1.746066110398888649e-01
1.735922003122186419e-01
1.725800456873738953e-01
1.715701834782904223e-01
1.705626480922357580e-01
1.695574722532200707e-01
1.685546871429055016e-01
1.675543224582728141e-01
1.665564063956258001e-01
1.655609655784479051e-01
1.645680249501498826e-01
1.635776076527712397e-01
1.625897349094827804e-01
1.616044259239744763e-01
1.606216978044801569e-01
1.596415655152641500e-01
1.586640418548787845e-01
1.576891374583593575e-01
1.567168608201414681e-01
1.557472183353300621e-01
1.547802143584473822e-01
1.538158512805359035e-01
1.528541296270851113e-01
1.518950481798205798e-01
1.509386041252667454e-01
1.499847932319106902e-01
1.490336100558317944e-01
1.480850481721742717e-01
1.471391004271087322e-01
1.461957592023462593e-01
1.452550166819208677e-01
1.443168651094960120e-01
1.433812970237271223e-01
1.424483054596872578e-01
1.415178841058860049e-01
1.405900274091400060e-01
1.396647306233582964e-01
1.387419898026029108e-01
1.378218017438286314e-01
1.369041638891473345e-01
1.359890742015141540e-01
1.350765310303228550e-01
1.341665329843848564e-01
1.332590788289113315e-01
1.323541674202908247e-01
1.314517976883345929e-01
1.305519686703509319e-01
1.296546795959237497e-01
1.287599300162326765e-01
1.278677199676244436e-01
1.269780501565109798e-01
1.260909221516594014e-01
1.252063385705868837e-01
1.243243032485545074e-01
1.234448213816419643e-01
1.225678996385138608e-01
1.216935462390162509e-01
1.208217710004989287e-01
1.199525853552840110e-01
1.190860023440358517e-01
1.182220365904513154e-01
1.173607042626668706e-01
1.165020230257130668e-01
1.156460119884138438e-01
1.147926916465604463e-01
1.139420838229783378e-01
1.130942116040683926e-01
1.122490992716055486e-01
1.114067722283534206e-01
1.105672569159848323e-01
1.097305807239729730e-01
1.088967718884583380e-01
1.080658593804257050e-01
1.072378727828013079e-01
1.064128421564088378e-01
1.055907978950778731e-01
1.047717705705780433e-01
1.039557907687537058e-01
1.031428889189719283e-01
1.023330951201290723e-01
1.015264389674331025e-01
1.007229493854346347e-01
9.992265447349081564e-02
9.912558137046335871e-02
9.833175614509284679e-02
9.754120371780918008e-02
9.675394781797563848e-02
9.597001097839404082e-02
9.518941456619779695e-02
9.441217884646675718e-02
9.363832307228972529e-02
9.286786559300692911e-02
9.210082397107621777e-02
9.133721509779253733e-02
9.057705529872592254e-02
8.982036042141110233e-02
8.906714589997181963e-02
8.831742679394555262e-02
8.757121780127788413e-02
8.682853324775237358e-02
8.608938705703836347e-02
8.535379270688345232e-02
8.462176317749474375e-02
8.389331089813883979e-02
8.316844769736501941e-02
8.244718476118345629e-02
8.172953260231007044e-02
8.101550104210648862e-02
8.030509920565731541e-02
7.959833552918650634e-02
7.889521777818507553e-02
7.819575307407088116e-02
7.749994792688685852e-02
7.680780827153867174e-02
7.611933950532885629e-02
7.543454652486124290e-02
7.475343376090572145e-02
7.407600521028841201e-02
7.340226446433308072e-02
7.273221473384704205e-02
7.206585887094184295e-02
7.140319938827764668e-02
7.074423847640891327e-02
7.008897802005922828e-02
6.943741961410990204e-02
6.878956458001188323e-02
6.814541398329870825e-02
6.750496865269584035e-02
6.686822920120531755e-02
6.623519604942386396e-02
6.560586945117069524e-02
6.498024952138868604e-02
6.435833626618514547e-02
6.374012961470558458e-02
6.312562945247630897e-02
6.251483565575667589e-02
6.190774812636750529e-02
6.130436682641407509e-02
6.070469181230431915e-02
6.010872326743491728e-02
5.951646153298779940e-02
5.892790713628928700e-02
5.834306081625805634e-02
5.776192354558575687e-02
5.718449654936385435e-02
5.661078132001425012e-02
5.604077962845523120e-02
5.547449353158009216e-02
5.491192537619282721e-02
5.435307779963620411e-02
5.379795372740280024e-02
5.324655636807629905e-02
5.269888920596529913e-02
5.215495599178038982e-02
5.161476073174137147e-02
5.107830767545477185e-02
5.054560130285270375e-02
5.001664631051365439e-02
4.949144759759557116e-02
4.897001025161089316e-02
4.845233953422452972e-02
4.793844086723174358e-02
4.742831981884322590e-02
4.692198209039784296e-02
4.641943350357949361e-02
4.592067998819224922e-02
4.542572757057947858e-02
4.493458236268178113e-02
4.444725055178175982e-02
4.396373839093230262e-02
4.348405219005405109e-02
4.300819830769246621e-02
4.253618314340128215e-02
4.206801313068713605e-02
4.160369473049986555e-02
4.114323442517128088e-02
4.068663871276240879e-02
4.023391410173954991e-02
3.978506710590030970e-02
3.934010423951166124e-02
3.889903201256231929e-02
3.846185692609414841e-02
3.802858546755744779e-02
3.759922410614895821e-02
3.717377928809417753e-02
3.675225743186286143e-02
3.633466492330502534e-02
3.592100811069120353e-02
3.551129329967484677e-02
3.510552674819640562e-02
3.470371466132039784e-02
3.430586318607357216e-02
3.391197840626950649e-02
3.352206633738027269e-02
3.313613292148333278e-02
3.275418402231129039e-02
3.237622542044562429e-02
3.200226280868172929e-02
3.163230178760228356e-02
3.126634786138416527e-02
3.090440643386668101e-02
3.054648280489917836e-02
3.019258216698661110e-02
2.984270960224950919e-02
2.949687007970560118e-02
2.915506845287967053e-02
2.881730945773944286e-02
2.848359771096054330e-02
2.815393770851009822e-02
2.782833382454063045e-02
2.750679031057711235e-02
2.718931129499136540e-02
2.687590078274219516e-02
2.656656265535338457e-02
2.626130067112834865e-02
2.596011846556070188e-02
2.566301955194247308e-02
2.537000732211678808e-02
2.508108504739770678e-02
2.479625587959413680e-02
2.451552285215840774e-02
2.423888888140761366e-02
2.396635676783118521e-02
2.369792919745539184e-02
2.343360874325272486e-02
2.317339786659130749e-02
2.291729891871213676e-02
2.266531414222898791e-02
2.241744567263473029e-02
2.217369553982944524e-02
2.193406566964108129e-02
2.169855788536154476e-02
2.146717390927452979e-02
2.123991536418705708e-02
2.101678377496510319e-02
2.079778057006443498e-02
2.058290708306024369e-02
2.037216455418521671e-02
2.016555413186280760e-02
1.996307687424563049e-02
1.976473375076069974e-02
1.957052564365042643e-02
1.938045334953030635e-02
1.919451758094129976e-02
1.901271896791174518e-02
1.883505805952784273e-02
1.866153532550441502e-02
1.849215115776375873e-02
1.832690587201801086e-02
1.816579970935499125e-02
1.800883283782394803e-02
1.785600535402847092e-02
1.770731728471710079e-02
1.756276858836776020e-02
1.742235915677966748e-02
1.728608881665451638e-02
1.715395733117378724e-02
1.702596440156936564e-02
1.690210966868927606e-02
1.678239271455033918e-02
1.666681306388140271e-02
1.655537018565350280e-02
1.644806349460154263e-02
1.634489235272285415e-02
1.624585607076976801e-02
1.615095390971831371e-02
1.606018508222646982e-02
1.597354875406637592e-02
