7.948436367672516044e-04
4.064617199692682065e-03
6.352485436286412976e-03
1.017066813486604791e-02
1.536820830640462515e-02
2.182718064727703217e-02
2.945344795475101501e-02
3.817038983444827338e-02
4.791454733835306956e-02
5.863253457844175981e-02
7.027880742536196657e-02
8.281402382822071473e-02
9.620381993540978727e-02
1.104178832248497583e-01
1.254292409448993229e-01
1.412137067762745390e-01
1.577494452438532591e-01
1.750166248090251064e-01
1.929971385086329816e-01
2.116743766014610728e-01
2.310330396751975601e-01
2.510589835466036090e-01
2.717390893863346202e-01
2.930611540443520124e-01
3.150137966986674143e-01
3.375863788092992035e-01
3.607689350081441093e-01
3.845521130496240003e-01
4.089271213260523008e-01
4.338856827448338005e-01
4.594199939930044274e-01
4.855226893937318322e-01
5.121868087010397197e-01
5.394057682916221230e-01
5.671733353029281277e-01
5.954836043395038692e-01
6.243309764286040231e-01
6.537101399545204305e-01
6.836160533406483442e-01
7.140439292812273964e-01
7.449892203519657974e-01
7.764476058516606161e-01
8.084149797460513653e-01
8.408874396014601738e-01
8.738612764094808583e-01
9.073329652157804404e-01
9.412991564760885277e-01
9.757566680711634577e-01
1.010702477919845910e+00
1.046133717135973029e+00
1.082047663680334892e+00
1.118441736463850145e+00
1.155313489862459519e+00
1.192660608607876593e+00
1.230480903021804462e+00
1.268772304564075748e+00
1.307532861667878743e+00
1.346760735837605916e+00
1.386454197986948911e+00
1.426611624996986016e+00
1.467231496475677632e+00
1.508312391701976729e+00
1.549852986739372662e+00
1.591852051705125781e+00
1.634308448183070306e+00
1.677221126769034454e+00
1.720589124739540621e+00
1.764411563835604380e+00
1.808687648154745586e+00
1.853416662145705329e+00
1.898597968701302152e+00
1.944231007346347351e+00
1.990315292518273438e+00
2.036850411939448602e+00
2.083836025080904264e+00
2.131271861718032401e+00
2.179157720579873114e+00
2.227493468093741047e+00
2.276279037227968427e+00
2.325514426435479010e+00
2.375199698701684348e+00
2.425334980699750176e+00
2.475920462056741211e+00
2.526956394733854250e+00
2.578443092523520885e+00
2.630380930666111006e+00
2.682770345588202154e+00
2.735611834763977068e+00
2.788905956700421740e+00
2.842653331046625542e+00
2.896854638826110495e+00
2.951510622790886273e+00
3.006622087894585960e+00
3.062189901881156473e+00
3.118214995984827542e+00
3.174698365735933336e+00
3.231641071866195869e+00
3.289044241305982386e+00
3.346909068265275788e+00
3.405236815388688942e+00
3.464028814974048576e+00
3.523286470242787516e+00
3.583011256649543341e+00
3.643204723216639351e+00
3.703868493878760049e+00
3.765004268821135813e+00
3.826613825794023427e+00
3.888699021384533605e+00
3.951261792226162139e+00
4.014304156125039214e+00
4.077828213080763931e+00
4.141836146179139533e+00
4.206330222332747226e+00
4.271312792845356476e+00
4.336786293774875567e+00
4.402753246070070681e+00
4.469216255455621400e+00
4.536178012040938512e+00
4.603641289628074951e+00
4.671608944695454291e+00
4.740083915034882800e+00
4.809069218021162051e+00
4.878567948494915818e+00
4.948583276241608431e+00
5.019118443052167144e+00
5.090176759353003177e+00
5.161761600395809779e+00
5.233876402001338413e+00
5.306524655853668726e+00
5.379709904345366667e+00
5.453435734977024829e+00
5.527705774318410370e+00
5.602523681541738299e+00
5.677893141541253463e+00
5.753817857656652990e+00
5.830301544021480709e+00
5.907347917561134309e+00
5.984960689668217704e+00
6.063143557586825771e+00
6.141900195540104690e+00
6.221234245639602811e+00
6.301149308617265632e+00
6.381648934425441233e+00
6.462736612752704168e+00
6.544415763507666739e+00
6.626689727325473456e+00
6.709561756156245949e+00
6.793035003997579757e+00
6.877112517836603267e+00
6.961797228870982401e+00
7.047091944080490222e+00
7.132999338224474961e+00
7.219521946341755481e+00
7.306662156832044452e+00
7.394422205198456943e+00
7.482804168530688749e+00
7.571809960807708961e+00
7.661441329096191133e+00
7.751699850717805873e+00
7.842586931453008781e+00
7.934103804843006813e+00
8.026251532643009057e+00
8.119031006470711631e+00
8.212442950682616427e+00
8.306487926498009600e+00
8.401166337377279802e+00
8.496478435645610006e+00
8.592424330337481209e+00
8.689003996221742909e+00
8.786217283949266488e+00
8.884063931249649215e+00
8.982543575086948451e+00
9.081655764669244846e+00
9.181399975193015095e+00
9.281775622190163944e+00
9.382782076335857369e+00
9.484418678565576855e+00
9.586684755344906606e+00
9.689579633930883062e+00
9.793102657463020222e+00
9.897253199724289630e+00
1.000203067941611579e+01
1.010743457379830268e+01
1.021346443155496964e+01
1.032011988475824182e+01
1.042740065981540099e+01
1.053530658730068303e+01
1.064383761058890343e+01
1.075299379322625448e+01
1.086277532499129528e+01
1.097318252661809801e+01
1.108421585317189084e+01
1.119587589608521050e+01
1.130816338388068765e+01
1.142107918162233382e+01
1.153462428915318050e+01
1.164879983818984321e+01
1.176360708835906976e+01
1.187904742226899124e+01
1.199512233972007813e+01
1.211183345116521082e+01
1.222918247053510932e+01
1.234717120754858044e+01
1.246580155962885428e+01
1.258507550354689464e+01
1.270499508691155377e+01
1.282556241962243249e+01
1.294677966539804537e+01
1.306864903348346374e+01
1.319117277063679516e+01
1.331435315348314852e+01
1.343819248131640620e+01
1.356269306941824837e+01
1.368785724295245387e+01
1.381368733148085681e+01
1.394018566413558347e+01
1.406735456546905638e+01
1.419519635199164398e+01
1.432371332939493414e+01
1.445290779044622020e+01
1.458278201353046022e+01
1.471333826180468130e+01
1.484457878292254129e+01
1.497650580927775898e+01
1.510912155871043971e+01
1.524242823561528404e+01
1.537642803238717626e+01
1.551112313113890373e+01
1.564651570562435978e+01
1.578260792330298656e+01
1.591940194748264581e+01
1.605689993948117689e+01
1.619510406075134412e+01
1.633401647491832165e+01
1.647363934968268850e+01
1.661397485854815770e+01
1.675502518233750493e+01
1.689679251046410968e+01
1.703927904193226084e+01
1.718248698604158520e+01
1.732641856277633252e+01
1.747107600286075169e+01
1.761646154746745907e+01
1.776257744756469847e+01
1.790942596289358235e+01
1.805700936056639705e+01
1.820532991327965178e+01
1.835438989713906111e+01
1.850419158909391015e+01
1.865473726398389331e+01
1.880602919120351046e+01
1.895806963099307296e+01
1.911086083037008976e+01
1.926440501872045630e+01
1.941870440307213386e+01
1.957376116308030234e+01
1.972957744575910510e+01
1.988615535999720763e+01
2.004349697090243865e+01
2.020160429402256597e+01
2.036047928949354002e+01
2.052012385616887613e+01
2.068053982578676653e+01
2.084172895723137486e+01
2.100369293094447798e+01
2.116643334354575856e+01
2.132995170271459884e+01
2.149424942238703906e+01
2.165932781831828180e+01
2.182518810405655785e+01
2.199183138737209120e+01
2.215925866717994808e+01
2.232747083099248186e+01
2.249646865293042808e+01
2.266625279232140855e+01
2.283682379290493003e+01
2.300818208266289133e+01
2.318032797428799796e+01
2.335326166629752009e+01
2.352698324479665715e+01
2.370149268589018021e+01
2.387678985873616355e+01
2.405287452923247216e+01
2.422974636431921169e+01
2.440740493687869517e+01
2.458584973120720463e+01
2.476508014902951516e+01
2.494509551602173048e+01
2.512589508880287781e+01
2.530747806235302022e+01
2.548984357780799215e+01
2.567299073057943914e+01
2.585691857874243027e+01
2.604162615163080829e+01
2.622711245857607310e+01
2.641337649772105678e+01
2.660041726484048397e+01
2.678823376209443552e+01
2.697682500664235405e+01
2.716619003904312279e+01
2.735632793136676355e+01
2.754723779494617730e+01
2.773891878769617136e+01
2.793137012093398042e+01
2.812459106563685651e+01
2.831858095807690745e+01
2.851333920478227313e+01
2.870886528677781868e+01
2.890515876306697507e+01
2.910221927332534619e+01
2.930004653978419071e+01
2.949864036829314529e+01
2.969800064855968458e+01
2.989812735357211082e+01
3.009902053822478862e+01
3.030068033717184406e+01
3.050310696194559767e+01
3.070630069738455603e+01
3.091026189742428087e+01
3.111499098031105603e+01
3.132048842330598148e+01
3.152675475695032503e+01
3.173379055897047962e+01
3.194159644790027031e+01
3.215017307650403922e+01
3.235952112507968081e+01
3.256964129472650882e+01
3.278053430065301654e+01
3.299220086560288223e+01
3.320464171346861804e+01
3.341785756315850620e+01
3.363184912277473870e+01
3.384661708415293901e+01
3.406216211780520098e+01
3.427848486829775254e+01
3.449558595008675610e+01
3.471346594382271178e+01
3.493212539312595055e+01
3.515156480182261589e+01
3.537178463162192799e+01
3.559278530020289111e+01
3.581456717967168402e+01
3.603713059533782115e+01
3.626047582475236197e+01
3.648460309694247883e+01
3.670951259176744230e+01
3.693520443932298747e+01
3.716167871930948507e+01
3.738893546028308634e+01
3.761697463870635971e+01
3.784579617771720450e+01
3.807539994553716411e+01
3.830578575344715375e+01
3.853695335326365523e+01
3.876890243425726368e+01
3.900163261946779159e+01
3.923514346137835673e+01
3.946943443692349263e+01
3.970450494182457390e+01
3.994035428425213041e+01
4.017698167783694885e+01
4.041438623405990427e+01
4.065256695406903020e+01
4.089152271998386112e+01
4.113125228576313219e+01
4.137175426771865006e+01
4.161302713477674331e+01
4.185506919859143693e+01
4.209787860362740730e+01
4.234145331733415674e+01
4.258579112054050597e+01
4.283088959820155850e+01
4.307674613063210955e+01
4.332335788536457244e+01
4.357072180976310705e+01
4.381883462453123457e+01
4.406769281824053053e+01
4.431729264300825122e+01
4.456763011144287390e+01
4.481870099497196946e+01
4.507050082365753951e+01
4.532302488759443548e+01
4.557626823997883037e+01
4.583022570191817380e+01
4.608489186904652257e+01
4.634026111998709752e+01
4.659632762669571804e+01
4.685308536669737123e+01
4.711052813720681343e+01
4.736864957111320962e+01
4.762744315477618073e+01
4.788690224756837210e+01
4.814702010307019009e+01
4.840778989180301295e+01
4.866920472535991138e+01
4.893125768177252866e+01
4.919394183192819270e+01
4.945725026682832492e+01
4.972117612545952170e+01
4.998571262303113372e+01
5.025085307931333745e+01
5.051659094679789064e+01
5.078291983839319812e+01
5.104983355435662418e+01
5.131732610816398932e+01
5.158539175101724084e+01
5.185402499469453375e+01
5.212322063245603943e+01
5.239297375773274013e+01
5.266327978034165369e+01
5.293413443999239121e+01
5.320553381687454220e+01
5.347747433914765480e+01
5.374995278718271408e+01
5.402296629444393972e+01
5.429651234493673684e+01
5.457058876718785712e+01
5.484519372476824373e+01
5.512032570341079918e+01
5.539598349482526629e+01
5.567216617735248718e+01
5.594887309365130079e+01
5.622610382565515152e+01
5.650385816707387221e+01
5.678213609376702919e+01
5.706093773234027822e+01
5.734026332736063125e+01
5.762011320760874611e+01
5.790048775180618179e+01
5.818138735427764630e+01
5.846281239100494531e+01
5.874476318653812257e+01
5.902723998220559309e+01
5.931024290605969895e+01
5.959377194494724250e+01
5.987782691906916455e+01
6.016240745934089063e+01
6.044751298780532522e+01
6.073314270129912273e+01
6.101929555849861941e+01
6.130597027040515457e+01
6.159316529426309472e+01
6.188087883082832974e+01
6.216910882484480538e+01
6.245785296851881441e+01
6.274710870773088089e+01
6.303687325066941582e+01
6.332714357853950560e+01
6.361791645795898376e+01
6.390918845464504727e+01
6.420095594797420802e+01
6.449321514600288197e+01
6.478596210054247706e+01
6.507919272190160598e+01
6.537290279292849959e+01
6.566708798202361663e+01
6.596174385482456159e+01
6.625686588430876611e+01
6.655244945910337151e+01
6.684848988983814877e+01
6.714498241342417373e+01
6.744192219519101172e+01
6.773930432885568109e+01
6.803712383435440358e+01
6.833537565359493726e+01
6.863405464424445768e+01
6.893315557169648855e+01
6.923267309940128200e+01
6.953260177777515594e+01
6.983293603193695276e+01
7.013367014854638626e+01
7.043479826204846006e+01
7.073631434064471080e+01
7.103821217234337837e+01
7.134048535144673053e+01
7.164312726585575319e+01
7.194613108558355918e+01
7.224948975286145014e+01
7.255319597423840605e+01
7.285724221504798948e+01
7.316162069661247358e+01
7.346632339651900168e+01
7.377134205226927577e+01
7.407666816855949321e+01
7.438229302838774970e+01
7.468820770811811371e+01
7.499440309656004899e+01
7.530086991803769081e+01
7.560759875933322860e+01
7.591458010030412140e+01
7.622180434787780712e+01
7.652926187303593508e+01
7.683694305032233274e+01
7.714483829932032677e+01
7.745293812747962647e+01
7.776123317360753617e+01
7.806971425129661668e+01
7.837837239151535584e+01
7.868719888357817638e+01
7.899618531369245034e+01
7.930532360029950212e+01
7.961460602544389076e+01
7.992402526145065167e+01
8.023357439224255927e+01
8.054324692870669367e+01
8.085303681759992855e+01
8.116293844359151421e+01
8.147294662414410027e+01
8.178305659706882125e+01
8.209326400071496721e+01
8.240356484689964134e+01
8.271395548682558285e+01
8.302443257037850799e+01
8.333499299934715054e+01
8.364563387524364657e+01
8.395635244254086160e+01
8.426714602826429257e+01
8.457801197899283352e+01
8.488894759641348742e+01
8.519995007265086429e+01
8.551101642665099689e+01
8.582214344291809027e+01
8.613332761390276460e+01
8.644456508731288125e+01
8.675585161953358693e+01
8.706718253626065973e+01
8.737855270129740859e+01
8.768995649430428330e+01
8.800138779809152823e+01
8.831283999582055344e+01
8.862430597824440781e+01
8.893577816086802557e+01
8.924724851066005726e+01
8.955870858171130067e+01
8.987014955901310032e+01
9.018156230932737571e+01
9.049293743796440026e+01
9.080426535014946410e+01
9.111553631557661959e+01
9.142674053469859530e+01
9.173786820530004604e+01
9.204890958792645961e+01
9.235985506881331730e+01
9.267069521904700480e+01
9.298142084881546054e+01
9.329202305573232934e+01
9.360249326637602962e+01
9.391282327033636079e+01
9.422300524622053786e+01
9.453303177923700673e+01
9.484289587012530376e+01
9.515259093535576085e+01
9.546211079867062210e+01
9.577144967417558519e+01
9.608060214132794385e+01
9.638956311228886875e+01
9.669832779223540342e+01
9.700689163333872500e+01
9.731525028323214599e+01
9.762339952889678329e+01
9.793133523699934528e+01
9.823905329181209822e+01
9.854654953193336553e+01
9.885381968711523371e+01
9.916085931655307206e+01
9.946766375004622773e+01
9.977422803345970692e+01
1.000805468798818225e+02
1.003866146278498377e+02
1.006924252078946012e+02
1.009979721185373194e+02
1.013032484126729571e+02
1.016082466950501981e+02
1.019129591312900232e+02
1.022173774685718115e+02
1.025214930677927612e+02
1.028252969466549871e+02
1.031287798327909684e+02
1.034319322257014591e+02
1.037347444659694986e+02
1.040372068099475911e+02
1.043393095078888564e+02
1.046410428833398925e+02
1.049423974115189679e+02
1.052433637943861555e+02
1.055439330301626057e+02
1.058440964751875413e+02
1.061438458961963676e+02
1.064431735113458330e+02
1.067420720186319301e+02
1.070405346106733475e+02
1.073385549752189689e+02
1.076361272811068091e+02
1.079332461498075446e+02
1.082299066130531600e+02
1.085261040574216338e+02
1.088218341570870820e+02
1.091170927962402288e+02
1.094118759829659524e+02
1.097061797565805819e+02
1.100000000906275091e+02
1.102933327938792871e+02
1.105861734117952295e+02
1.108785171309649087e+02
1.111703586890924953e+02
1.114616922930674718e+02
1.117525115476122295e+02
1.120428093968821486e+02
1.123325780812278936e+02
1.126218091110779511e+02
1.129104932595743236e+02
1.131986205751915975e+02
1.134861804150612841e+02
1.137731614991582063e+02
1.140595519848588566e+02
1.143453395607161980e+02
1.146305115576010110e+02
1.149150550747231279e+02
1.151989571174566436e+02
1.154822047434332433e+02
1.157647852130224493e+02
1.160466861401740601e+02
1.163278956395633372e+02
1.166084024661826959e+02
1.168881961437909638e+02
1.171672670790914168e+02
1.174456066589965104e+02
1.177232073288863745e+02
1.180000626503293972e+02
1.182761673372420717e+02
1.185515172699464159e+02
1.188261094869799734e+02
1.190999421548394821e+02
1.193730145161046323e+02
1.196453268165890194e+02
1.199168802123246991e+02
1.201876766573457189e+02
1.204577187733704733e+02
1.207270097026798510e+02
1.209955529456768772e+02
1.212633521849191567e+02
1.215304110977082530e+02
1.217967331597384657e+02
1.220623214427100152e+02
1.223271784092979857e+02
1.225913057093057148e+02
1.228547039812809345e+02
1.231173726642226711e+02
1.233793098242660022e+02
1.236405120013275081e+02
1.239009740806247493e+02
1.241606891936700947e+02
1.244196486528264387e+02
1.246778419227517674e+02
1.249352566310847834e+02
1.251918786195763857e+02
1.254476920355784841e+02
1.257026794624468238e+02
1.259568220860493284e+02
1.262100998932901490e+02
1.264624918973983227e+02
1.267139763837892019e+02
1.269645311696115471e+02
1.272141338696637405e+02
1.274627621612541759e+02
1.277103940407206011e+02
1.279570080647730776e+02
1.282025835704567669e+02
1.284471008683772197e+02
1.286905414047836587e+02
1.289328878891408579e+02
1.291741243848926217e+02
1.294142363621453740e+02
1.296532107120161754e+02
1.298910357232940385e+02
1.301277010229066775e+02
1.303631974824228621e+02
1.305975170934720779e+02
1.308306528155198976e+02
1.310625983999538562e+02
1.312933481948443841e+02
1.315228969351589683e+02
1.317512395235641520e+02
1.319783708073222499e+02
1.322042853571409182e+02
1.324289772542140327e+02
1.326524398920570036e+02
1.328746658000771674e+02
1.330956464960592029e+02
1.333153723748430366e+02
1.335338326402484199e+02
1.337510152867516808e+02
1.339669071363214528e+02
1.341814939342029902e+02
1.343947605052009067e+02
1.346066909692605975e+02
1.348172690120093478e+02
1.350264782026197565e+02
1.352343023482087574e+02
1.354407258712984969e+02
1.356457341949696058e+02
1.358493141194427665e+02
1.360514541741131040e+02
1.362521449304797727e+02
1.364513792638422274e+02
1.366491525548130141e+02
1.368454628252464715e+02
1.370403108067475841e+02
1.372336999431672382e+02
1.374256363310967402e+02
1.376161286042057554e+02
1.378051877682714803e+02
1.379928269939371432e+02
1.381790613738081674e+02
1.383639076495675511e+02
1.385473839136561764e+02
1.387295092888703039e+02
1.389103035882160668e+02
1.390897869566713609e+02
1.392679794962446067e+02
1.394449008760041124e+02
1.396205699295352076e+02
1.397950042436327180e+02
1.399682197437902573e+02
1.401402302841527785e+02
1.403110472518690983e+02
1.404806791979696925e+02
1.406491315087919531e+02
1.408164061332914230e+02
1.409825013820114066e+02
1.411474118128390103e+02
1.413111282167575382e+02
1.414736377135501186e+02
1.416349239629194585e+02
1.417949674909742726e+02
1.419537461258593680e+02
1.421112355299667342e+02
1.422674098101768720e+02
1.424222421824774756e+02
1.425757056635700621e+02
1.427277737599900149e+02
1.428784211250914211e+02
1.430276241558865422e+02
1.431753615050983512e+02
1.433216144884842720e+02
1.434663673731653262e+02
1.436096075387909536e+02
1.437513255094779652e+02
1.438915148600868577e+02
1.440301720052590042e+02
1.441672958834578253e+02
1.443028875510454156e+02
1.444369497030831155e+02
1.445694861383292107e+02
1.447005011859017429e+02
1.448299991104867956e+02
1.449579835120275106e+02
1.450844567345766905e+02
1.452094192976189220e+02
1.453328693616687417e+02
1.454548022383978321e+02
1.455752099540472955e+02
1.456940808734661914e+02
1.458113993911061357e+02
1.459271456947977583e+02
1.460412956085563110e+02
1.461538205220976465e+02
1.462646874172781395e+02
1.463738590050795949e+02
1.464812939902878099e+02
1.465869474837729456e+02
1.466907715828510561e+02
1.467927161372666944e+02
1.468927297107788377e+02
1.469907607356359449e+02
1.470867588399412114e+02
1.471806763075878166e+02
1.472724696097795629e+02
1.473621009295353304e+02
1.474495395894214766e+02
1.475347632908833475e+02
1.476177590823622552e+02
1.476985239923782274e+02
1.477770652906314695e+02
1.478534003710242075e+02
1.479275562807256961e+02
1.479995689447556515e+02
1.480694821528585692e+02
1.481373463833056405e+02
1.482032175371265907e+02
1.482671556479978392e+02
1.483292236203409971e+02
1.483894860338554906e+02
1.484480080390123931e+02
1.485048543563346470e+02
1.485600883831737633e+02
1.486137714049883698e+02
1.486659619032731996e+02
1.487167149487995346e+02
1.487660816661996250e+02
1.488141087541759191e+02
1.488608380450510822e+02
1.489063060886028609e+02
1.489505437489708299e+02
1.489935758105075649e+02
1.490354205989403624e+02
1.490760896375990114e+02
1.491155873731394479e+02
1.491539110187870278e+02
1.491910505725677751e+02
1.492269890702938824e+02
1.492617031258992597e+02
1.492951637942207697e+02
1.493273377643862148e+02
1.493581888584397177e+02
1.493876797739935682e+02
1.494157739765128952e+02
1.494424376211796357e+02
1.494676413699210968e+02
1.494913619684272135e+02
1.495135834611964754e+02
1.495342979486193542e+02
1.495535058259411869e+02
1.495712154857997689e+02
1.495874425090814270e+02
1.496022084081268133e+02
1.496155390172814350e+02
1.496274626449313701e+02
1.496380081071187647e+02
1.496472027563722520e+02
1.496550706035063740e+02
1.496616306089912882e+02
1.496668951984902094e+02
1.496708690375746471e+02
1.496735480853338345e+02
1.496749189357707621e+02
1.496749584485102105e+02
1.496736336648026793e+02
1.496709019990981915e+02
1.496667116887405484e+02
1.496610024731668318e+02
1.496537064588602277e+02
1.496447491083628449e+02
1.496340502740169995e+02
1.496215251850044581e+02
1.496070852959792319e+02
1.495906389232371794e+02
1.495720916335984896e+02
1.495513464114904707e+02
1.495283037051069925e+02
1.495028615308147550e+02
1.494749158789499575e+02
1.494443616937225272e+02
1.494110946763542813e+02
1.493750140723286677e+02
1.493360264521870988e+02
1.492940502999971102e+02
1.492490210211710746e+02
1.492008958200451616e+02
1.491496578246932927e+02
1.490953188827115241e+02
1.490379206188692365e+02
1.489775336014360221e+02
1.489142547499169211e+02
1.488482033645181275e+02
1.487795163104720473e+02
1.487083429211749035e+02
1.486348401018176162e+02
1.485591679584279348e+02
1.484814860987599445e+02
1.484019505996920998e+02
1.483207115413254371e+02
1.482379109784519642e+02
1.481536812439305493e+02
1.480681435335908986e+02
1.479814067844910426e+02
1.478935669077495447e+02
1.478047064599417979e+02
1.477148948257578525e+02
1.476241889375503433e+02
1.475326344795188618e+02
1.474402674283374211e+02
1.473471156888189455e+02
1.472532005192016697e+02
1.471585374323672966e+02
1.470631363250080028e+02
1.469670007284163944e+02
1.468701262728945665e+02
1.467724986732177115e+02
1.466740917237191582e+02
1.465748658885730151e+02
1.464747680527157172e+02
1.463737328558306672e+02
1.462716857902991023e+02
1.461685479515447241e+02
1.460642420432796769e+02
1.459586990136046722e+02
1.458518645670939122e+02
1.457437047779165482e+02
1.456342101146574635e+02
1.455233973605395477e+02
1.454113091494872947e+02
1.452980111143031934e+02
1.451835869314049319e+02
1.450681318119321759e+02
1.449517451853666898e+02
1.448345233989516601e+02
1.447165531807527543e+02
1.445979063924717707e+02
1.444786362861858606e+02
1.443587751679777966e+02
1.442383331506187858e+02
1.441172975979542912e+02
1.439956329206694079e+02
1.438732805288457826e+02
1.437501589214082856e+02
1.436261640512452971e+02
1.435011702238008411e+02
1.433750318514962885e+02
1.432475863761293908e+02
1.431186585611209807e+02
1.429880661330474538e+02
1.428556264413262227e+02
1.427211634748123856e+02
1.425845143203436862e+02
1.424455340573313435e+02
1.423040981935881746e+02
1.421601020377181328e+02
1.420134568062434823e+02
1.418640827123469705e+02
1.417118997480552878e+02
1.415568173602790409e+02
1.413987247287102491e+02
1.412374837927064846e+02
1.410729273397165855e+02
1.409048640908771404e+02
1.407330916160337608e+02
1.405574161557484558e+02
1.403776764445031233e+02
1.401937670969765293e+02
1.400056567057834229e+02
1.398133968288878748e+02
1.396171202856709783e+02
1.394170298881539338e+02
1.392133809600359768e+02
1.390064620100730792e+02
1.387965775239077288e+02
1.385840353797152034e+02
1.383691395655478686e+02
1.381521873436869896e+02
1.379334691437209415e+02
1.377132692957389395e+02
1.374918660308849780e+02
1.372695297206700502e+02
1.370465189167177300e+02
1.368230743123442892e+02
1.365994112617099745e+02
1.363757119426438180e+02
1.361521185704593506e+02
1.359287291543444098e+02
1.357055970343016611e+02
1.354827348185287406e+02
1.352601224501603667e+02
1.350377181699531093e+02
1.348154703619848362e+02
1.345933279039050205e+02
1.343712468373529134e+02
1.341491919476074202e+02
1.339271330645983369e+02
1.337050372870047283e+02
1.334828594943734288e+02
1.332605340628995805e+02
1.330379704280321960e+02
1.328150541363351635e+02
1.325916536815513211e+02
1.323676321956063191e+02
1.321428622595753382e+02
1.319172417036123761e+02
1.316907080854058449e+02
1.314632494653061201e+02
1.312349092738010370e+02
1.310057837695552792e+02
1.307760119208885499e+02
1.305457592370763109e+02
1.303151985603096250e+02
1.300844915518493679e+02
1.298537743082050326e+02
1.296231493348377342e+02
1.293926843723573654e+02
1.291624168435091917e+02
1.289323615054690038e+02
1.287025186136051502e+02
1.284728805245528349e+02
1.282434357604565776e+02
1.280141704793200290e+02
1.277850675815920169e+02
1.275561033567633871e+02
1.273272411532943806e+02
1.270984216965730553e+02
1.268695506993584985e+02
1.266404860093107914e+02
1.264110279370630963e+02
1.261809167931653661e+02
1.259498406449271357e+02
1.257174540760955068e+02
1.254834058918787889e+02
1.252473710085747172e+02
1.250090799732698770e+02
1.247683393882799976e+02
1.245250383575441049e+02
1.242791395794668006e+02
1.240306576389254758e+02
1.237796297428336487e+02
1.235260845040528466e+02
1.232700126858217118e+02
1.230113416927220698e+02
1.227499149646090615e+02
1.224854790699559146e+02
1.222176839418980450e+02
1.219461025994155392e+02
1.216702734771012757e+02
1.213897611778088077e+02
1.211042230949683329e+02
1.208134644680479255e+02
1.205174663211982136e+02
1.202163792125734716e+02
1.199104870441365449e+02
1.196001541792252709e+02
1.192857721780483757e+02
1.189677193743682437e+02
1.186463400051536325e+02
1.183219431530460355e+02
1.179948174740667213e+02
1.176652556703632797e+02
1.173335819787700416e+02
1.170001758590183982e+02
1.166654856015066741e+02
1.163300271174225173e+02
1.159943658917881777e+02
1.156590836956994366e+02
1.153247354735267436e+02
1.149918047632059057e+02
1.146606668129454505e+02
1.143315664566010526e+02
1.140046133068017014e+02
1.136797917634188337e+02
1.133569799475540378e+02
1.130359712784714361e+02
1.127164947124508103e+02
1.123982330029964771e+02
1.120808406991819481e+02
1.117639637597739863e+02
1.114472609587114249e+02
1.111304253143627250e+02
1.108132032183131059e+02
1.104954099970373136e+02
1.101769419150625566e+02
1.098577844539197912e+02
1.095380149284719664e+02
1.092177960023273613e+02
1.088973578644683045e+02
1.085769713246579471e+02
1.082569193609930949e+02
1.079374764291035262e+02
1.076189005415583892e+02
1.073014347182071049e+02
1.069853076556596534e+02
1.066707235408166383e+02
1.063578381655900387e+02
1.060467282310928141e+02
1.057373671326830049e+02
1.054296203047333336e+02
1.051232663717500628e+02
1.048180393225335933e+02
1.045136763551205803e+02
1.042099521385623575e+02
1.039066870751003506e+02
1.036037319639708443e+02
1.033009448862646877e+02
1.029981791447801101e+02
1.026952925503831295e+02
1.023921752414306354e+02
1.020887840009435052e+02
1.017851692371463201e+02
1.014814845179983678e+02
1.011779741917760447e+02
1.008749399926625756e+02
1.005726920972260530e+02
1.002714936992744725e+02
9.997151020090092288e+01
9.967277383758947451e+01
9.937517177210774832e+01
9.907846095966351641e+01
9.878230737183164933e+01
9.848634154168769328e+01
9.819021805805040515e+01
9.789366491437922946e+01
9.759651051047526948e+01
9.729868161100807811e+01
9.700017329855731418e+01
9.670099942353199651e+01
9.640113657774730882e+01
9.610047469972711554e+01
9.579878374281605602e+01
9.549570095623369070e+01
9.519073983972985786e+01
9.488332042771826025e+01
9.457281972091784894e+01
9.425863864844681927e+01
9.394027716568142239e+01
9.361740362978055430e+01
9.328990168827314733e+01
9.295788033323586319e+01
9.262164100483576590e+01
9.228160746828628191e+01
9.193823552685263678e+01
9.159192591148335794e+01
9.124296197501628569e+01
9.089148486632927870e+01
9.053750714480872830e+01
9.018095653286999891e+01
8.982173700847947373e+01
8.945979356142376560e+01
8.909516784177928628e+01
8.872803449375807361e+01
8.835871299661003775e+01
8.798765664433244638e+01
8.761542606091931873e+01
8.724265639153453833e+01
8.687002446354036067e+01
8.649821730141020737e+01
8.612790018208440301e+01
8.575968298196450235e+01
8.539408660164933451e+01
8.503151345723200905e+01
8.467222528234793799e+01
8.431632883639450426e+01
8.396376847859303894e+01
8.361432556221299706e+01
8.326762691817289408e+01
8.292316568278120315e+01
8.258033618371877083e+01
8.223848156954677791e+01
8.189694990996882495e+01
8.155515209500072160e+01
8.121261303341930216e+01
8.086900742781220686e+01
8.052417449164479990e+01
8.017811236632614680e+01
7.983095952455599331e+01
7.948297268162012585e+01
7.913450692154967214e+01
7.878599695066824893e+01
7.843793446271165237e+01
7.809083915747123683e+01
7.774522765359958498e+01
7.740158855945574601e+01
7.706036843574916873e+01
7.672196483350968776e+01
7.638671716273577772e+01
7.605488941575492845e+01
7.572664785533866905e+01
7.540204348719761640e+01
7.508100832862326968e+01
7.476336795582736272e+01
7.444886557127374260e+01
7.413718827338948358e+01
7.382798585076767495e+01
7.352087730590184833e+01
7.321544925947763716e+01
7.291125769256005640e+01
7.260784325674300987e+01
7.230476006483837637e+01
7.200160677525109065e+01
7.169804687713059366e+01
7.139381410418732798e+01
7.108871056224599272e+01
7.078260934974360907e+01
7.047546752781579471e+01
7.016734514180799920e+01
6.985841938413702223e+01
6.954898322765390617e+01
6.923942329669809226e+01
6.893017905520923705e+01
6.862169177797105135e+01
6.831435507375542215e+01
6.800847774280013880e+01
6.770426521831687694e+01
6.740182019856132456e+01
6.710115863036025985e+01
6.680223493769031506e+01
6.650497035204500662e+01
6.620927992521581018e+01
6.591509588449305568e+01
6.562238543993836970e+01
6.533115939062005850e+01
6.504146611790223176e+01
6.475336718797055369e+01
6.446689688470640078e+01
6.418201569046587451e+01
6.389857228862346972e+01
6.361628714770905901e+01
6.333476393624628287e+01
6.305352633044367394e+01
6.277207083834461798e+01
6.248992316335917963e+01
6.220668657889552122e+01
6.192207461041887484e+01
6.163592516920715525e+01
6.134819737680120966e+01
6.105895464621619340e+01
6.076833816868748528e+01
6.047653453374733346e+01
6.018374064201165652e+01
5.989012893101922685e+01
5.959581643701942255e+01
5.930084215530841618e+01
5.900515778167532233e+01
5.870863602761108524e+01
5.841109741438932446e+01
5.811235120987732472e+01
5.781224107186366012e+01
5.751068368573167788e+01
5.720769069026327713e+01
5.690336967062006579e+01
5.659790651137433315e+01
5.629153643070689128e+01
5.598451316449026649e+01
5.567708490717136272e+01
5.536948243732886255e+01
5.506192049953554601e+01
5.475460938166312985e+01
5.444777105369875869e+01
5.414165389814820628e+01
5.383654153972162959e+01
5.353275332747389825e+01
5.323063554351637094e+01
5.293054331315408945e+01
5.263281423162355566e+01
5.233773650534988775e+01
5.204551653979607551e+01
5.175625220848637298e+01
5.146991753462822317e+01
5.118636223089276172e+01
5.090532639172035800e+01
5.062646769569610683e+01
5.034939639337885353e+01
5.007371229278930969e+01
4.979903792125799811e+01
4.952504309838145247e+01
4.925145827603964932e+01
4.897807681354277065e+01
4.870474907951470556e+01
4.843137299411571206e+01
4.815788571772853999e+01
4.788425961811073961e+01
4.761050302804924428e+01
4.733666374116451436e+01
4.706283185250482859e+01
4.678913907909338832e+01
4.651575373745460951e+01
4.624287282251980002e+01
4.597071370782977340e+01
4.569950736491222187e+01
4.542949345074906375e+01
4.516091644164196595e+01
4.489402186156893748e+01
4.462905215142703952e+01
4.436624206661733183e+01
4.410581345436663980e+01
4.384796926844041565e+01
4.359288701178540748e+01
4.334071206846964941e+01
4.309155099590638827e+01
4.284546392591112607e+01
4.260245485002656096e+01
4.236245983972604989e+01
4.212533604266240417e+01
4.189085692815849882e+01
4.165871956010803956e+01
4.142856660948150704e+01
4.120002040098083995e+01
4.097272114838197865e+01
4.074635936809008285e+01
4.052069443669769555e+01
4.029555637903467158e+01
4.007083375223010080e+01
3.984645440775838665e+01
3.962236668604299439e+01
3.939852657661508317e+01
3.917489301542535429e+01
3.895143040891685615e+01
3.872811569327220127e+01
3.850494690864061909e+01
3.828195087155301479e+01
3.805918832432899279e+01
3.783675542832906302e+01
3.761478064043095060e+01
3.739341627043569360e+01
3.717282479397157857e+01
3.695316132828083511e+01
3.673455506630749312e+01
3.651709316513245795e+01
3.630081014797876549e+01
3.608568449219069407e+01
3.587164243178298761e+01
3.565856780649544788e+01
3.544631630692191493e+01
3.523473246022253846e+01
3.502366773648054021e+01
3.481299797833936083e+01
3.460263806367767359e+01
3.439255163289416117e+01
3.418275415033863140e+01
3.397330858816087584e+01
3.376431439926697919e+01
3.355589177744053586e+01
3.334816407065231658e+01
3.314124136316547720e+01
3.293520767879329725e+01
3.273011323345384227e+01
3.252597205399746372e+01
3.232276440390506878e+01
3.212044295404425043e+01
3.191894145014079953e+01
3.171818460175006393e+01
3.151809793267456783e+01
3.131861638862682540e+01
3.111969068095812929e+01
3.092129072832803871e+01
3.072340610980198505e+01
3.052604401632401832e+01
3.032922559545860963e+01
3.013298170280576116e+01
2.993734890441499275e+01
2.974236623069111118e+01
2.954807281580266221e+01
2.935450628311268417e+01
2.916170160037890469e+01
2.896969011316818410e+01
2.877849853307847638e+01
2.858814777574862376e+01
2.839865168812258034e+01
2.821001584941925699e+01
2.802223674137122345e+01
2.783530162375476280e+01
2.764918939758315730e+01
2.746387259326231600e+01
2.727932041421831499e+01
2.709550254444630468e+01
2.691239324049683646e+01
2.672997511666178028e+01
2.654824202567240121e+01
2.636720054806358604e+01
2.618686982099963956e+01
2.600727972468810734e+01
2.582846774072617180e+01
2.565047503133078521e+01
2.547334240327880650e+01
2.529710679064836043e+01
2.512179873320453538e+01
2.494744109367630713e+01
2.477404901173592577e+01
2.460163089022066529e+01
2.443019008101465062e+01
2.425972688939351229e+01
2.409024053471248905e+01
2.392173077400580183e+01
2.375419899579920369e+01
2.358764870770368205e+01
2.342208545520131224e+01
2.325751630022255867e+01
2.309394903802886390e+01
2.293139132960004645e+01
2.276984987893896317e+01
2.260932971044802287e+01
2.244983352969233081e+01
2.229136110848181929e+01
2.213390863701770073e+01
2.197746802903258612e+01
2.182202623180525691e+01
2.166756465511991792e+01
2.151405886736486295e+01
2.136147869931989973e+01
2.120978884728428326e+01
2.105894999015372093e+01
2.090892034998401527e+01
2.075965755284450154e+01
2.061112060131455337e+01
2.046327175839345713e+01
2.031607816310867065e+01
2.016951304274255108e+01
2.002355644440206817e+01
1.987819546874544230e+01
1.973342404237520142e+01
1.958924230716179338e+01
1.944565573208027942e+01
1.930267406578134981e+01
1.916031024721978682e+01
1.901857937904605933e+01
1.887749784632448069e+01
1.873708263411320019e+01
1.859735086475632571e+01
1.845831954329824498e+01
1.832000547150338932e+01
1.818242527157779165e+01
1.804559545276885757e+01
1.790953245861811993e+01
1.777425264848211484e+01
1.763977219055276180e+01
1.750610687001814725e+01
1.737327183984682222e+01
1.724128135839501041e+01
1.711014856481943625e+01
1.697988533953704504e+01
1.685050228412190165e+01
1.672200883597281873e+01
1.659441351135222931e+01
1.646772424949724112e+01
1.634194881341486294e+01
1.621709519193450788e+01
1.609317194401689832e+01
1.597018843072594052e+01
1.584815489219979412e+01
1.572708234488083789e+01
1.560698229569662132e+01
1.548786629165768503e+01
1.536974534222562028e+01
1.525262926513861750e+01
1.513652601270887921e+01
1.502144103491399818e+01
1.490737672924637636e+01
1.479433201741864856e+01
1.468230207792345787e+01
1.457127825279115463e+01
1.446124813738808967e+01
1.435219585348342441e+01
1.424410249724835076e+01
1.413694674453642897e+01
1.403070558552269453e+01
1.392535515024958315e+01
1.382087157734081906e+01
1.371723187198574401e+01
1.361441469792321257e+01
1.351240105245512524e+01
1.341117478329863921e+01
1.331072292010382263e+01
1.321103580974820879e+01
1.311210706085961775e+01
1.301393331742773185e+01
1.291651389244232995e+01
1.281985029954193145e+01
1.272394572364406251e+01
1.262880447090910074e+01
1.253443143489080391e+01
1.244083161014639316e+01
1.234800967767246327e+01
1.225596967894315803e+01
1.216471478758630020e+01
1.207424718028876320e+01
1.198456800174615111e+01
1.189567741269201662e+01
1.180757470552523714e+01
1.172025846899297541e+01
1.163372678189268328e+01
1.154797741582134485e+01
1.146300802851833289e+01
1.137881633209798515e+01
1.129540022414996159e+01
1.121275787394136891e+01
1.113088776039968941e+01
1.104978866282501571e+01
1.096945960904776030e+01
1.088989978876067610e+01
1.081110844184409814e+01
1.073308473260109608e+01
1.065582762093815639e+01
1.057933574076908556e+01
1.050360729444042285e+01
1.042863996997843401e+01
1.035443088565855696e+01
1.028097656401322979e+01
1.020827293512299150e+01
1.013631536704088276e+01
1.006509871960543201e+01
9.994617416778829977e+00
9.924865532032768556e+00
9.855836881180445985e+00
9.787525117363651717e+00
9.719923823562433896e+00
9.653026598898778232e+00
9.586827136037403108e+00
9.521319288036814044e+00
9.456497123977790409e+00
9.392354973517972994e+00
9.328887461146388560e+00
9.266089531322469597e+00
9.203956465887843663e+00
9.142483895162998309e+00
9.081667804023943802e+00
9.021504534043046419e+00
8.961990782513945319e+00
8.903123598907390246e+00
8.844900379049608574e+00
8.787318857107596415e+00
8.730377095316793401e+00
8.674073471307179872e+00
8.618406662872784452e+00
8.563375630080313883e+00
8.508979594712192451e+00
8.455218017172319023e+00
8.402090571129724239e+00
8.349597116315486289e+00
8.297737670008684674e+00
8.246512377830384821e+00
8.195921484507703525e+00
8.145965305266075873e+00
8.096644198465996922e+00
8.047958540021546980e+00
7.999908700036290732e+00
7.952495021976951683e+00
7.905717804584678987e+00
7.859577286610308633e+00
7.814073634356790699e+00
7.769206931926178505e+00
7.724977174000475344e+00
7.681384260937925923e+00
7.638427995936070580e+00
7.596108083999578930e+00
7.554424132451997842e+00
7.513375652741659749e+00
7.472962063312491132e+00
7.433182693334984492e+00
7.394036787120672471e+00
7.355523509070219568e+00
7.317641949032505977e+00
7.280391127973862453e+00
7.243770003876417007e+00
7.207777477799176324e+00
7.172412400045726777e+00
7.137673576389454766e+00
7.103559774310440389e+00
7.070069729199227382e+00
7.037202150481871143e+00
7.004955727619522676e+00
6.973329135934148049e+00
6.942321042210917170e+00
6.911930110028142060e+00
6.882155004766857154e+00
6.852994398254849351e+00
6.824446973004305583e+00
6.796511426007873169e+00
6.769186472064490978e+00
6.742470846614025071e+00
6.716363308068026505e+00
6.690862639632495501e+00
6.665967650626960506e+00
6.641677177312545588e+00
6.617990083249864597e+00
6.594905259214249860e+00
6.572421622702469435e+00
6.550538117070168198e+00
6.529253710343951411e+00
6.508567393754421282e+00
6.488478180039004783e+00
6.468985101564442175e+00
6.450087208317571097e+00
6.431783565813274706e+00
6.414073252965149408e+00
6.396955359962260168e+00
6.380428986191661878e+00
6.364493238242304507e+00
6.349147228021379874e+00
6.334390071009951662e+00
6.320220884679351947e+00
6.306638787085476316e+00
6.293642895653163372e+00
6.281232326158572299e+00
6.269406191913172499e+00
6.258163603148861220e+00
6.247503666600828787e+00
6.237425485281304027e+00
6.227928158434561823e+00
6.219010781662154486e+00
6.210672447205003444e+00
6.202912244367661643e+00
6.195729260069923860e+00
6.189122579509852784e+00
6.183091286921977847e+00
6.177634466415644177e+00
6.172751202877750032e+00
6.168440582925592608e+00
6.164701695895780098e+00
6.161533634857183195e+00
6.158935497635346756e+00
6.156906387839165440e+00
6.155445415879817972e+00
6.154551699974521561e+00
6.154224367128415807e+00
6.154462554089555226e+00
6.155265408272247996e+00
6.156632088646457390e+00
