1.262178808049080857e-03
6.166340724126641000e-04
6.110291744074877133e-04
6.092972995529636693e-04
6.115575847052550111e-04
6.179238445295138528e-04
6.283962255386701294e-04
6.429347567216788699e-04
6.614933730688581179e-04
6.840318028464017564e-04
7.105179288534554417e-04
7.409268815035433779e-04
7.752394177359833325e-04
8.134404512674187418e-04
8.555179319267071109e-04
9.014620472835480720e-04
9.512646672493981544e-04
1.004918957331791358e-03
1.062419104872145033e-03
1.123760120262864244e-03
1.188937688325606735e-03
1.257948053941598636e-03
1.330787931747189545e-03
1.407454433292049415e-03
1.487945007280744867e-03
1.572257389905644094e-03
1.660389563154253227e-03
1.752339719542997344e-03
1.848106232107561437e-03
1.947687628743727251e-03
2.051082570180317970e-03
2.158289831004841629e-03
2.269308283270871432e-03
2.384136882295716763e-03
2.502774654327335514e-03
2.625220685808431036e-03
2.751474114011569997e-03
2.881534118853880996e-03
3.015399915728662807e-03
3.153070749216652698e-03
3.294545887558669641e-03
3.439824617789857212e-03
3.588906241448680708e-03
3.741790070786413670e-03
3.898475425413488928e-03
4.058961629325869014e-03
4.223248008264996085e-03
4.391333887367391241e-03
4.563218589068690489e-03
4.738901431229279940e-03
4.918381725453244667e-03
5.101658775575678567e-03
5.288731876297071872e-03
5.479600311944693436e-03
5.674263355344477504e-03
5.872720266786701782e-03
6.074970293074698907e-03
6.281012666640727743e-03
6.490846604722152330e-03
6.704471308586283304e-03
6.921885962794725039e-03
7.143089734501935004e-03
7.368081772779960098e-03
7.596861207963417212e-03
7.829427151009852107e-03
8.065778692870957667e-03
8.305914903871303503e-03
8.549834833089988567e-03
8.797537507743166327e-03
9.049021932565215129e-03
9.304287089186570950e-03
9.563331935506340364e-03
9.826155405059143824e-03
1.009275640637514841e-02
1.036313382233280608e-02
1.063728650950525323e-02
1.091521329749877388e-02
1.119691298828580719e-02
1.148238435553208120e-02
1.177162614391987806e-02
1.206463706846699208e-02
1.236141581384504230e-02
1.266196103369685716e-02
1.296627134995549657e-02
1.327434535216736114e-02
1.358618159682001454e-02
1.390177860667749649e-02
1.422113487012571439e-02
1.454424884052851578e-02
1.487111893559849365e-02
1.520174353678239824e-02
1.553612098866470614e-02
1.587424959839197139e-02
1.621612763511662281e-02
1.656175332946489137e-02
1.691112487303067166e-02
1.726424041789231464e-02
1.762109807616164814e-02
1.798169591955513236e-02
1.834603197899945318e-02
1.871410424426471486e-02
1.908591066362656102e-02
1.946144914356024921e-02
1.984071754846425742e-02
2.022371370041270086e-02
2.061043537893857136e-02
2.100088032084252224e-02
2.139504622003118167e-02
2.179293072738122325e-02
2.219453145062646321e-02
2.259984595426850137e-02
2.300887175951023961e-02
2.342160634420535972e-02
2.383804714282847931e-02
2.425819154645852960e-02
2.468203690277526174e-02
2.510958051606915556e-02
2.554081964725807286e-02
2.597575151391199808e-02
2.641437329028388861e-02
2.685668210734207945e-02
2.730267505280617110e-02
2.775234917118278577e-02
2.820570146380077178e-02
2.866272888884177639e-02
2.912342836137365304e-02
2.958779675337327303e-02
3.005583089375002750e-02
3.052752756836258838e-02
3.100288352003074260e-02
3.148189544854659849e-02
3.196456001067463082e-02
3.245087382015174327e-02
3.294083344768282406e-02
3.343443542093198911e-02
3.393167622450735110e-02
3.443255229994731520e-02
3.493706004569860357e-02
3.544519581709087985e-02
3.595695592630555187e-02
3.647233664234116740e-02
3.699133419096601455e-02
3.751394475466270084e-02
3.804016447256204636e-02
3.856998944035897048e-02
3.910341571020903989e-02
3.964043929059961335e-02
4.018105614619574273e-02
4.072526219764815297e-02
4.127305332136344679e-02
4.182442534922565375e-02
4.237937406826558506e-02
4.293789522027052774e-02
4.349998450132376571e-02
4.406563756127104825e-02
4.463485000310732365e-02
4.520761738226580090e-02
4.578393520582503540e-02
4.636379893160194610e-02
4.694720396714526650e-02
4.753414566862422530e-02
4.812461933959002319e-02
4.871862022963328875e-02
4.931614353292093633e-02
4.991718438662200857e-02
5.052173786922009580e-02
5.112979899872178297e-02
5.174136273075437970e-02
5.235642395658902243e-02
5.297497750106233694e-02
5.359701812044093822e-02
5.422254050021947658e-02
5.485153925287869492e-02
5.548400891561688919e-02
5.611994394807342385e-02
5.675933873005699348e-02
5.740218755930282662e-02
5.804848464928512308e-02
5.869822412708817355e-02
5.935140003137022446e-02
6.000800631043887862e-02
6.066803682044723256e-02
6.133148532374105982e-02
6.199834548737817586e-02
6.266861088180543382e-02
6.334227497975673804e-02
6.401933115534794161e-02
6.469977268338650278e-02
6.538359273893042112e-02
6.607078439705434125e-02
6.676134063289257403e-02
6.745525432189686255e-02
6.815251824036464012e-02
6.885312506620201722e-02
6.955706737992815858e-02
7.026433766592425634e-02
7.097492831391048751e-02
7.168883162064346171e-02
7.240603979183389549e-02
7.312654494425559204e-02
7.385033910804408852e-02
7.457741422916885909e-02
7.530776217206802681e-02
7.604137472241268014e-02
7.677824359000209875e-02
7.751836041175198810e-02
7.826171675478584000e-02
7.900830411956583088e-02
7.975811394308889024e-02
8.051113760209685499e-02
8.126736641628530544e-02
8.202679165150629503e-02
8.278940452292297969e-02
8.355519619809839704e-02
8.432415780003246764e-02
8.509628041007093191e-02
8.587155507071926597e-02
8.664997278832205219e-02
8.743152453559323301e-02
8.821620125399282086e-02
8.900399385592852597e-02
8.979489322678414764e-02
9.058889022676720748e-02
9.138597569254379438e-02
9.218614043871362074e-02
9.298937525906986190e-02
9.379567092767002179e-02
9.460501819972925996e-02
9.541740781232681268e-02
9.623283048494390979e-02
9.705127691982615157e-02
9.787273780221177055e-02
9.869720380039230523e-02
9.952466556565996159e-02
1.003551137321253145e-01
1.011885389164220300e-01
1.020249317173210629e-01
1.028642827152419365e-01
1.037065824716870005e-01
1.045518215285978214e-01
1.053999904076436678e-01
1.062510796094360693e-01
1.071050796126833404e-01
1.079619808732767000e-01
1.088217738233192705e-01
1.096844488700712966e-01
1.105499963948456260e-01
1.114184067518183413e-01
1.122896702667651042e-01
1.131637772357176192e-01
1.140407179235340546e-01
1.149204825623872245e-01
1.158030613501572492e-01
1.166884444487388262e-01
1.175766219822467901e-01
1.184675840351539222e-01
1.193613206503118807e-01
1.202578218269080151e-01
1.211570775183436893e-01
1.220590776300111147e-01
1.229638120170515880e-01
1.238712704820078142e-01
1.247814427724670411e-01
1.256943185786363049e-01
1.266098875308894200e-01
1.275281391973271394e-01
1.284490630812890333e-01
1.293726486188842284e-01
1.302988851765398692e-01
1.312277620485537144e-01
1.321592684546907814e-01
1.330933935378178501e-01
1.340301263615810701e-01
1.349694559081293932e-01
1.359113710759421723e-01
1.368558606776708042e-01
1.378029134381175136e-01
1.387525179922630969e-01
1.397046628834124615e-01
1.406593365614348390e-01
1.416165273811296754e-01
1.425762236006860306e-01
1.435384133803270512e-01
1.445030847810337415e-01
1.454702257634765405e-01
1.464398241870601969e-01
1.474118678091765056e-01
1.483863442846259373e-01
1.493632411652088543e-01
1.503425458995567010e-01
1.513242458331242601e-01
1.523083282084327361e-01
1.532947801655027142e-01
1.542835887425128560e-01
1.552747408767045367e-01
1.562682234054660890e-01
1.572640230676842776e-01
1.582621265052565340e-01
1.592625202648712823e-01
1.602651907999284586e-01
1.612701244726901240e-01
1.622773075565735190e-01
1.632867262386344387e-01
1.642983666221456973e-01
1.653122147293545896e-01
1.663282565042827343e-01
1.673464778156468491e-01
1.683668644598219910e-01
1.693894021638396863e-01
1.704140765884071818e-01
1.714408733309092936e-01
1.724697779283741461e-01
1.735007758604097117e-01
1.745338525520397366e-01
1.755689933764739696e-01
1.766061836577419164e-01
1.776454086732282833e-01
1.786866536560375585e-01
1.797299037972444891e-01
1.807751442479458848e-01
1.818223601211423068e-01
1.828715364934640208e-01
1.839226584066686598e-01
1.849757108689699392e-01
1.860306788561562341e-01
1.870875473125179766e-01
1.881463011515583372e-01
1.892069252565128368e-01
1.902694044806632068e-01
1.913337236474528524e-01
1.923998675503980904e-01
1.934678209528166437e-01
1.945375685873689253e-01
1.956090951553928203e-01
1.966823853261046862e-01
1.977574237355937958e-01
1.988341949856696489e-01
1.999126836425653697e-01
2.009928742354787912e-01
2.020747512550112868e-01
2.031582991514692960e-01
2.042435023330556321e-01
2.053303451639816035e-01
2.064188119625027518e-01
2.075088869988515883e-01
2.086005544932005018e-01
2.096937986135227472e-01
2.107886034734554603e-01
2.118849531301827960e-01
2.129828315823280582e-01
2.140822227678690903e-01
2.151831105621160589e-01
2.162854787757641783e-01
2.173893111530042499e-01
2.184945913697695918e-01
2.196013030320448922e-01
2.207094296743451756e-01
2.218189547583080679e-01
2.229298616714294745e-01
2.240421337259849155e-01
2.251557541580670174e-01
2.262707061268662001e-01
2.273869727140213626e-01
2.285045369232915347e-01
2.296233816802970285e-01
2.307434898324993156e-01
2.318648441493746104e-01
2.329874273227548476e-01
2.341112219673716077e-01
2.352362106215735160e-01
2.363623757482527787e-01
2.374896997359180473e-01
2.386181648999747829e-01
2.397477534841530034e-01
2.408784476621292914e-01
2.420102295392794756e-01
2.431430811546321791e-01
2.442769844829192627e-01
2.454119214368536694e-01
2.465478738694388550e-01
2.476848235765308492e-01
2.488227522994621577e-01
2.499616417277967795e-01
2.511014735022363831e-01
2.522422292176351721e-01
2.533838904260929392e-01
2.545264386402131818e-01
2.556698553364179505e-01
2.568141219583834345e-01
2.579592199205769654e-01
2.591051306118521413e-01
2.602518353991941091e-01
2.613993156314542432e-01
2.625475526432696216e-01
2.636965277589737866e-01
2.648462222966064816e-01
2.659966175719991055e-01
2.671476949028834258e-01
2.682994356130890545e-01
2.694518210367686240e-01
2.706048325226584894e-01
2.717584514383766803e-01
2.729126591747558228e-01
2.740674371501840012e-01
2.752227668149169193e-01
2.763786296554939792e-01
2.775350071989950984e-01
2.786918810174311423e-01
2.798492327319589967e-01
2.810070440171796857e-01
2.821652966053088130e-01
2.833239722903021507e-01
2.844830529318875256e-01
2.856425204595390288e-01
2.868023568763127806e-01
2.879625442625704523e-01
2.891230647795463016e-01
2.902839006727991888e-01
2.914450342754508760e-01
2.926064480112277599e-01
2.937681243972996015e-01
2.949300460468833873e-01
2.960921956715602543e-01
2.972545560833243505e-01
2.984171101963045136e-01
2.995798410281516055e-01
3.007427317010648582e-01
3.019057654424001647e-01
3.030689255848963426e-01
3.042321955664383237e-01
3.053955589293606554e-01
3.065589993192394114e-01
3.077225004832259136e-01
3.088860462678555407e-01
3.100496206162658974e-01
3.112132075649846064e-01
3.123767912401101965e-01
3.135403558530064916e-01
3.147038856954597619e-01
3.158673651343831823e-01
3.170307786059912147e-01
3.181941106096214389e-01
3.193573457010552841e-01
3.205204684855725294e-01
3.216834636106440937e-01
3.228463157583443821e-01
3.240090096376176398e-01
3.251715299763491829e-01
3.263338615133090093e-01
3.274959889901294940e-01
3.286578971431901031e-01
3.298195706956803530e-01
3.309809943496844764e-01
3.321421527784679251e-01
3.333030306189155301e-01
3.344636124642802466e-01
3.356238828571350141e-01
3.367838262826235995e-01
3.379434271620687102e-01
3.391026698468616041e-01
3.402615386127158525e-01
3.414200176543012444e-01
3.425780910802006529e-01
3.437357429082308347e-01
3.448929570611440343e-01
3.460497173626544964e-01
3.472060075338392338e-01
3.483618111898185155e-01
3.495171118368159968e-01
3.506718928694567694e-01
3.518261375683834347e-01
3.529798290980964426e-01
3.541329505050384019e-01
3.552854847158579688e-01
3.564374145358384371e-01
3.575887226474604996e-01
3.587393916090872992e-01
3.598894038536528117e-01
3.610387416874376587e-01
3.621873872888532464e-01
3.633353227071997038e-01
3.644825298613369458e-01
3.656289905384332295e-01
3.667746863926200085e-01
3.679195989435563030e-01
3.690637095750357588e-01
3.702069995335773300e-01
3.713494499270927340e-01
3.724910417235746674e-01
3.736317557498915476e-01
3.747715726908409373e-01
3.759104730883399137e-01
3.770484373409001000e-01
3.781854457034043993e-01
3.793214782873016166e-01
3.804565150611372015e-01
3.815905358514880552e-01
3.827235203444372957e-01
3.838554480874232788e-01
3.849862984915997099e-01
3.861160508347052378e-01
3.872446842643288423e-01
3.883721778017194537e-01
3.894985103460721909e-01
3.906236606792732324e-01
3.917476074711492284e-01
3.928703292852571693e-01
3.939918045852041084e-01
3.951120117416008770e-01
3.962309290396995309e-01
3.973485346876984847e-01
3.984648068259243892e-01
3.995797235369579758e-01
4.006932628566458043e-01
4.018054027863078859e-01
4.029161213060851732e-01
4.040253963894459566e-01
4.051332060190539486e-01
4.062395282037968847e-01
4.073443409971770901e-01
4.084476225168199304e-01
4.095493509650820485e-01
4.106495046506014601e-01
4.117480620105350986e-01
4.128450016334225259e-01
4.139403022820982159e-01
4.150339429167095306e-01
4.161259027171642089e-01
4.172161611048653684e-01
4.183046977632369767e-01
4.193914926568046986e-01
4.204765260483798173e-01
4.215597785139162390e-01
4.226412309550960367e-01
4.237208646089818398e-01
4.247986610547965780e-01
4.258746022177024582e-01
4.269486703693798346e-01
4.280208481255458053e-01
4.290911184403125578e-01
4.301594645977712683e-01
4.312258702005966615e-01
4.322903191561881520e-01
4.333527956603785980e-01
4.344132841788336807e-01
4.354717694265828887e-01
4.365282363456184367e-01
4.375826700808148062e-01
4.386350559543521488e-01
4.396853794385987002e-01
4.407336261277720602e-01
4.417797817083931600e-01
4.428238319287159386e-01
4.438657625674532481e-01
4.449055594020268622e-01
4.459432081766738221e-01
4.469786945710063630e-01
4.480120041694286015e-01
4.490431224320401982e-01
4.500720346675491368e-01
4.510987260087869766e-01
4.521231813913817454e-01
4.531453855359354188e-01
4.541653229339886466e-01
4.551829778379213876e-01
4.561983342547242803e-01
4.572113759433654168e-01
4.582220864155510665e-01
4.592304489390751643e-01
4.602364465435021534e-01
4.612400620272616991e-01
4.622412779656732695e-01
4.632400767193486368e-01
4.642364404423425794e-01
4.652303510900448469e-01
4.662217904262308532e-01
4.672107400297851876e-01
4.681971813010033512e-01
4.691810954679145884e-01
4.701624635932317720e-01
4.711412665825160384e-01
4.721174851939783923e-01
4.730911000507751485e-01
4.740620916560302489e-01
4.750304404109679801e-01
4.759961266361975030e-01
4.769591305960162453e-01
4.779194325251717723e-01
4.788770126573625996e-01
4.798318512546182468e-01
4.807839286361653142e-01
4.817332252058220687e-01
4.826797214763566268e-01
4.836233980898269613e-01
4.845642358328813293e-01
4.855022156464381400e-01
4.864373186294076445e-01
4.873695260368224869e-01
4.882988192730659538e-01
4.892251798812884411e-01
4.901485895308284602e-01
4.910690300043786261e-01
4.919864831872460820e-01
4.929009310607250782e-01
4.938123557018417875e-01
4.947207392912983948e-01
4.956260641311158732e-01
4.965283126730092866e-01
4.974274675577815552e-01
4.983235116657517283e-01
4.992164281770142265e-01
5.001062006402384741e-01
5.009928130478100705e-01
5.018762499146294243e-01
5.027564963576744983e-01
5.036335381732178762e-01
5.045073619082315330e-01
5.053779549230320578e-01
5.062453054420532617e-01
5.071094025902541658e-01
5.079702364130860293e-01
5.088277978783340982e-01
5.096820788591361895e-01
5.105330720979245340e-01
5.113807711518277843e-01
5.122251703210972673e-01
5.130662645623093043e-01
5.139040493893419770e-01
5.147385207648790262e-01
5.155696749855364081e-01
5.163975085632912521e-01
5.172220181051835342e-01
5.180432001921451146e-01
5.188610512564215682e-01
5.196755674561692739e-01
5.204867445440667373e-01
5.212945777271755787e-01
5.220990615147942382e-01
5.229001895528991861e-01
5.236979544455845348e-01
5.244923475671975366e-01
5.252833588718626157e-01
5.260709767105391510e-01
5.268551876686106139e-01
5.276359764376146178e-01
5.284133257353617052e-01
5.291872162858364259e-01
5.299576268667174350e-01
5.307245344271774856e-01
5.314879142726306460e-01
5.322477403075124291e-01
5.330039853221798518e-01
5.337566213068862808e-01
5.345056197743141002e-01
5.352509520723367498e-01
5.359925896709948345e-01
5.367305044104495604e-01
5.374646687003407086e-01
5.381950556649423012e-01
5.389216392317063287e-01
5.396443941647420806e-01
5.403632960474907820e-01
5.410783212223790883e-01
5.417894466981431068e-01
5.424966500378129997e-01
5.431999092430691567e-01
5.438992026510499622e-01
5.445945088603032502e-01
5.452858067007102516e-01
5.459730752590596925e-01
5.466562939677446220e-01
5.473354427570470415e-01
5.480105022645623825e-01
5.486814540865407874e-01
5.493482810474665801e-01
5.500109674576799668e-01
5.506694993239643621e-01
5.513238644787020748e-01
5.519740525975250778e-01
5.526200550858333393e-01
5.532618648280673845e-01
5.538994758094800686e-01
5.545328826353557172e-01
5.551620799844949605e-01
5.557870620417425522e-01
5.564078219561304772e-01
5.570243513690713577e-01
5.576366400505045062e-01
5.582446756728869364e-01
5.588484437429169782e-01
5.594479277008387319e-01
5.600431091850672782e-01
5.606339684479449970e-01
5.612204848938652235e-01
5.618026376983786818e-01
5.623804064557915705e-01
5.629537717977596278e-01
5.635227159287580223e-01
5.640872230357819594e-01
5.646472795498600483e-01
5.652028742600454514e-01
5.657539983023365249e-01
5.663006450600047703e-01
5.668428100154433436e-01
5.673804905854764602e-01
5.679136859568068019e-01
5.684423969217767825e-01
5.689666257033635377e-01
5.694863757577230956e-01
5.700016515523957938e-01
5.705124583347763734e-01
5.710188019213976451e-01
5.715206885462679187e-01
5.720181247995400620e-01
5.725111176653506773e-01
5.729996746316210476e-01
5.734838038028796658e-01
5.739635139101891825e-01
5.744388140911041996e-01
5.749097133176725993e-01
5.753762193874680797e-01
5.758383374616795614e-01
5.762960682262452394e-01
5.767494058512162569e-01
5.771983360071657465e-01
5.776428342432416985e-01
5.780828650198199803e-01
5.785183816144628954e-01
5.789493269913335016e-01
5.793756355669826830e-01
5.797972356570282315e-01
5.802140522842128556e-01
5.806260099985919299e-01
5.810330354112303031e-01
5.814350592599939471e-01
5.818320179708788009e-01
5.822238548062030894e-01
5.826105207547267462e-01
5.829919753000231131e-01
5.833681871091404014e-01
5.837391345601938841e-01
5.841048059328081132e-01
5.844651990727013358e-01
5.848203204218594964e-01
5.851701834504913213e-01
5.855148066723915301e-01
5.858542115142769680e-01
5.861884203172518237e-01
5.865174546953847434e-01
5.868413344062997083e-01
5.871600768427536199e-01
5.874736972371590316e-01
5.877822096561944321e-01
5.880856288022903167e-01
5.883839725032783408e-01
5.886772645636131340e-01
5.889655374232469764e-01
5.892488339087195159e-01
5.895272073563999626e-01
5.898007195980117245e-01
5.900694367079120095e-01
5.903334229280327028e-01
5.905927336570147013e-01
5.908474086709861739e-01
5.910974667495070278e-01
5.913429026247079001e-01
5.915836867429575818e-01
5.918197678442742582e-01
5.920510779172326599e-01
5.922775387360990074e-01
5.924990689644792363e-01
5.927155907527773548e-01
5.929270348955149039e-01
5.931333439469795854e-01
5.933344731498092495e-01
5.935303894856812645e-01
5.937210694697605540e-01
5.939064964005720260e-01
5.940866576566206092e-01
5.942615424051066464e-01
5.944311398876254149e-01
5.945954383582124914e-01
5.947544247636769033e-01
5.949080852869980118e-01
5.950564068194629241e-01
5.951993792422287655e-01
5.953369981415411738e-01
5.954692673823143156e-01
5.955962009500089804e-01
5.957178236821378814e-01
5.958341708755330313e-01
5.959452871168386956e-01
5.960512248829834547e-01
5.961520434118041667e-01
5.962478080760568178e-01
5.963385901253148713e-01
5.964244663403815983e-01
5.965055179932989837e-01
5.965818285699014956e-01
5.966534799557157154e-01
5.967205471336072264e-01
5.967830918100976989e-01
5.968411557203191498e-01
5.968947546179035335e-01
5.969438740810615318e-01
5.969884681829737971e-01
5.970284617129070215e-01
5.970637559857303600e-01
5.970942374489304205e-01
5.971197875042529857e-01
5.971402914803011219e-01
5.971556447717646376e-01
5.971657549267744836e-01
5.971705398284610222e-01
5.971699237034578944e-01
5.971638338624120079e-01
5.971522011562874210e-01
5.971349657824077672e-01
5.971120876724890225e-01
5.970835583360938337e-01
5.970494100086355393e-01
5.970097189276690752e-01
5.969646020281207388e-01
5.969142088647341193e-01
5.968587117258178365e-01
5.967982962879769815e-01
5.967331535977347112e-01
5.966634729851305607e-01
5.965894355031901020e-01
5.965112083647956531e-01
5.964289416261004950e-01
5.963427682102819816e-01
5.962528072239433596e-01
5.961591690582331848e-01
5.960619598218721560e-01
5.959612826859468360e-01
5.958572346701901390e-01
5.957498988733349599e-01
5.956393336767060731e-01
5.955255615911645428e-01
5.954085608018372389e-01
5.952882618793939873e-01
5.951645506779158490e-01
5.950372766474075759e-01
5.949062644011453571e-01
5.947713259821097997e-01
5.946322719121479583e-01
5.944889202355250202e-01
5.943411036052511642e-01
5.941886745356032007e-01
5.940315084199677687e-01
5.938695034391091587e-01
5.937025766941940175e-01
5.935306569363829610e-01
5.933536756904015386e-01
5.931715596506720312e-01
5.929842273760288496e-01
5.927915923484795568e-01
5.925935726513160695e-01
5.923901054218025930e-01
5.921811625270988477e-01
5.919667632165815929e-01
5.917469801326953327e-01
5.915219368319075688e-01
5.912917972318418869e-01
5.910567493498434244e-01
5.908169867815145082e-01
5.905726915017961431e-01
5.903240210245961350e-01
5.900711020318585298e-01
5.898140313757570530e-01
5.895528838151635753e-01
5.892877240327921706e-01
5.890186188462115391e-01
5.887456448884273996e-01
5.884688881449710030e-01
5.881884346408432496e-01
5.879043552315317278e-01
5.876166900715281693e-01
5.873254383837436254e-01
5.870305564754723093e-01
5.867319630399669972e-01
5.864295479246395271e-01
5.861231803054202105e-01
5.858127143989387831e-01
5.854979937414349633e-01
5.851788566165450067e-01
5.848551444142081612e-01
5.845267121762656171e-01
5.841934381395150755e-01
5.838552285578184620e-01
5.835120161314789611e-01
5.831637539088894151e-01
5.828104092731721808e-01
5.824519626066634315e-01
5.820884122632526969e-01
5.817197835053379285e-01
5.813461367869940943e-01
5.809675716500153353e-01
5.805842256728130923e-01
5.801962709132396645e-01
5.798039110059621803e-01
5.794073802669605922e-01
5.790069434141564830e-01
5.786028929016205913e-01
5.781955414406619864e-01
5.777852095472599814e-01
5.773722104273099065e-01
5.769568357600788344e-01
5.765393453581020289e-01
5.761199616664075540e-01
5.756988677070515870e-01
5.752762056034056437e-01
5.748520729991037914e-01
5.744265164341797458e-01
5.739995231375794038e-01
5.735710144688460632e-01
5.731408444627411614e-01
5.727088055033600078e-01
5.722746408119823158e-01
5.718380612741766900e-01
5.713987630197819856e-01
5.709564423671729116e-01
5.705108059179822000e-01
5.700615751316666646e-01
5.696084860893135815e-01
5.691512861113814381e-01
5.686897293861364888e-01
5.682235738069422171e-01
5.677525807577229466e-01
5.672765186040154006e-01
5.667951693378698863e-01
5.663083367297824244e-01
5.658158541360392979e-01
5.653175910908002644e-01
5.648134594270756148e-01
5.643034206429072830e-01
5.637874954360564406e-01
5.632657738415501880e-01
5.627384217271227396e-01
5.622056785016065206e-01
5.616678427306606158e-01
5.611252461571630823e-01
5.605782205150509068e-01
5.600270638806508217e-01
5.594720136225400653e-01
5.589132317067133648e-01
5.583508057296676652e-01
5.577847657977614837e-01
5.572151134161125174e-01
5.566418546708024051e-01
5.560650277531266061e-01
5.554847159253846200e-01
5.549010417862719757e-01
5.543141455318809641e-01
5.537241556670532416e-01
5.531311624263954840e-01
5.525352013151185737e-01
5.519362486473299301e-01
5.513342260630632596e-01
5.507290092040256768e-01
5.501204371603470866e-01
5.495083220242550359e-01
5.488924595319715216e-01
5.482726412660960946e-01
5.476486670096598619e-01
5.470203543810415736e-01
5.463875432054290382e-01
5.457500941970462316e-01
5.451078841835518274e-01
5.444608016697786157e-01
5.438087460475161672e-01
5.431516314744364582e-01
5.424893936730129651e-01
5.418219961726762346e-01
5.411494326981935998e-01
5.404717242508039199e-01
5.397889118549243914e-01
5.391010477391131595e-01
5.384081881829667626e-01
5.377103904170216220e-01
5.370077143508592554e-01
5.363002281942406135e-01
5.355880157687382681e-01
5.348711828232300958e-01
5.341498601105397759e-01
5.334242022378242742e-01
5.326943829122566809e-01
5.319605884501170667e-01
5.312230116714224959e-01
5.304818474357395619e-01
5.297372896284879840e-01
5.289895282993583026e-01
5.282387455872700199e-01
5.274851100619282196e-01
5.267287704990090136e-01
5.259698509765532437e-01
5.252084489764079489e-01
5.244446370239547184e-01
5.236784669977894158e-01
5.229099753790058536e-01
5.221391877605723320e-01
5.213661216649659869e-01
5.205907875232879123e-01
5.198131880621619239e-01
5.190333162771244568e-01
5.182511519859355209e-01
5.174666570534116605e-01
5.166797698876177680e-01
5.158904004927026277e-01
5.150984278152352935e-01
5.143037010374874596e-01
5.135060458390052762e-01
5.127052756931922417e-01
5.119012072531670121e-01
5.110936779365448102e-01
5.102825629545733044e-01
5.094677883757057213e-01
5.086493367614809413e-01
5.078272429523844611e-01
5.070015797985018002e-01
5.061724363734306786e-01
5.053398933386079594e-01
5.045040007371253132e-01
5.036647625320801458e-01
5.028221304019490079e-01
5.019760075583588055e-01
5.011262620425148695e-01
5.002727477809792989e-01
4.994153301392063593e-01
4.985539108651733664e-01
4.976884461486911215e-01
4.968189523917107553e-01
4.959454977222771399e-01
4.950681821521121795e-01
4.941871132001413036e-01
4.933023847056403621e-01
4.924140641003141861e-01
4.915221891927161746e-01
4.906267719064015820e-01
4.897278050418341078e-01
4.888252690862759375e-01
4.879191381864868005e-01
4.870093860864869173e-01
4.860959931642545029e-01
4.851789547251330603e-01
4.842582892784034754e-01
4.833340446879583197e-01
4.824063004650099851e-01
4.814751659164696607e-01
4.805407755816317183e-01
4.796032844146025931e-01
4.786628649068028207e-01
4.777197069142186669e-01
4.767740191111737302e-01
4.758260296977208648e-01
4.748759838947720913e-01
4.739241369094042144e-01
4.729707429020411080e-01
4.720160422164301206e-01
4.710602500230186562e-01
4.701035492261108617e-01
4.691460891157139823e-01
4.681879893139530013e-01
4.672293467838137260e-01
4.662702427073985301e-01
4.653107463001009414e-01
4.643509140459740059e-01
4.633907848634568061e-01
4.624303734636122654e-01
4.614696648405652302e-01
4.605086121216327988e-01
4.595471382938729477e-01
4.585851405209220855e-01
4.576224947921549435e-01
4.566590589419040613e-01
4.556946733854618237e-01
4.547291604946323562e-01
4.537623245527860338e-01
4.527939541819039904e-01
4.518238280508342641e-01
4.508517230966788136e-01
4.498774232212053303e-01
4.489007261224448597e-01
4.479214467477068418e-01
4.469394173683657323e-01
4.459544856777197808e-01
4.449665128750975862e-01
4.439753731684238924e-01
4.429809548425357457e-01
4.419831617498421461e-01
4.409819135361132680e-01
4.399771434706544748e-01
4.389687941591962073e-01
4.379568129517379949e-01
4.369411496901124958e-01
4.359217590884846283e-01
4.348986085995318329e-01
4.338716906794118922e-01
4.328410366688812405e-01
4.318067286162304841e-01
4.307689055034045755e-01
4.297277614479459440e-01
4.286835353022803163e-01
4.276364932433176502e-01
4.265869078259083569e-01
4.255350378856377347e-01
4.244811131970914198e-01
4.234253260779534678e-01
4.223678299252079382e-01
4.213087429596736877e-01
4.202481549036724551e-01
4.191861348886893324e-01
4.181227398975115861e-01
4.170580236134752150e-01
4.159920452300092109e-01
4.149248768681672583e-01
4.138566075901783936e-01
4.127873423132224495e-01
4.117171952902102250e-01
4.106462795792901188e-01
4.095746951584428031e-01
4.085025184898778972e-01
4.074297954795738641e-01
4.063565384807136804e-01
4.052827268908202885e-01
4.042083103417444812e-01
4.031332134547342960e-01
4.020573413758586345e-01
4.009805855565589661e-01
3.999028293658133948e-01
3.988239531303086616e-01
3.977438381971012404e-01
3.966623697039846630e-01
3.955794379706970565e-01
3.944949387578640665e-01
3.934087729823739221e-01
3.923208466973726050e-01
3.912310721316815676e-01
3.901393702901727045e-01
3.890456750951991061e-01
3.879499384453862221e-01
3.868521350815708471e-01
3.857522659639254226e-01
3.846503590767730851e-01
3.835464671545897319e-01
3.824406626067196613e-01
3.813330306758426769e-01
3.802236623645586788e-01
3.791126487473180373e-01
3.780000779164018332e-01
3.768860350873767806e-01
3.757706055133784306e-01
3.746538790819849418e-01
3.735359550276647345e-01
3.724169452270796321e-01
3.712969750488826493e-01
3.701761815330129046e-01
3.690547094922794757e-01
3.679327066632437915e-01
3.668103191041889866e-01
3.656876876655058561e-01
3.645649457499150481e-01
3.634422180275846959e-01
3.623196195008228648e-01
3.611972543943584579e-01
3.600752146881709970e-01
3.589535785267292667e-01
3.578324090385195388e-01
3.567117541471302444e-01
3.555916477029320011e-01
3.544721117832889679e-01
3.533531594763723582e-01
3.522347971133227840e-01
3.511170249404159671e-01
3.499998356798059707e-01
3.488832111854561768e-01
3.477671181845839454e-01
3.466515045901937264e-01
3.455362978492561576e-01
3.444214062130029341e-01
3.433067228581322405e-01
3.421921317985966993e-01
3.410775138965830844e-01
3.399627512790767692e-01
3.388477291164625482e-01
3.377323347761196359e-01
3.366164554027252231e-01
3.354999755861038935e-01
3.343827767272001261e-01
3.332647390571288892e-01
3.321457462908301572e-01
3.310256919901619077e-01
3.299044861744822588e-01
3.287820606674319301e-01
3.276583720310126124e-01
3.265334015283685165e-01
3.254071521894684182e-01
3.242796436040888963e-01
3.231509054708993633e-01
3.220209711480939707e-01
3.208898724324346086e-01
3.197576365057600012e-01
3.186242854568496208e-01
3.174898381335897746e-01
3.163543135051425370e-01
3.152177344170584705e-01
3.140801307116586893e-01
3.129415411121066470e-01
3.118020138402428643e-01
3.106616064053739912e-01
3.095203851779880222e-01
3.083784252107057977e-01
3.072358104063286355e-01
3.060926337636826755e-01
3.049489972312710573e-01
3.038050107384869802e-01
3.026607902043257359e-01
3.015164546202016016e-01
3.003721225448703902e-01
2.992279084653393650e-01
2.980839194668938874e-01
2.969402525599930676e-01
2.957969928836279294e-01
2.946542128781824976e-01
2.935119724087288939e-01
2.923703197201534265e-01
2.912292930195270468e-01
2.900889224158835766e-01
2.889492319159480127e-01
2.878102411879696065e-01
2.866719668653160413e-01
2.855344232569728136e-01
2.843976224445091128e-01
2.832615738538826755e-01
2.821262834764930449e-01
2.809917529663720215e-01
2.798579788532267187e-01
2.787249520853749551e-01
2.775926580577827707e-01
2.764610771970571479e-01
2.753301860796429357e-01
2.741999589657184155e-01
2.730703695549444587e-01
2.719413927249346719e-01
2.708130060096856084e-01
2.696851906151431777e-01
2.685579318470781574e-01
2.674312189282672669e-01
2.663050442867461176e-01
2.651794024855945175e-01
2.640542890181364899e-01
2.629296992037716274e-01
2.618056273879226237e-01
2.606820665844498119e-01
2.595590086154815901e-01
2.584364447180914626e-01
2.573143665159999816e-01
2.561927672082268681e-01
2.550716428116099332e-01
2.539509933100420613e-01
2.528308236033563472e-01
2.517111442010309674e-01
2.505919716559505406e-01
2.494733287687397605e-01
2.483552446064320463e-01
2.472377543728398186e-01
2.461208991498691490e-01
2.450047255118704415e-01
2.438892850083750063e-01
2.427746335165118785e-01
2.416608304813247510e-01
2.405479380829745051e-01
2.394360203886759519e-01
2.383251425604324958e-01
2.372153701925306946e-01
2.361067688420910582e-01
2.349994037865735519e-01
2.338933399935216317e-01
2.327886422269049294e-01
2.316853751553732965e-01
2.305836032917635559e-01
2.294833905976137733e-01
2.283847996401712488e-01
2.272878902865321793e-01
2.261927180397295400e-01
2.250993322352328463e-01
2.240077743909647534e-01
2.229180770159768787e-01
2.218302631210195275e-01
2.207443465491294998e-01
2.196603330825125100e-01
2.185782221238714851e-01
2.174980086365094212e-01
2.164196849881051543e-01
2.153432423874440116e-01
2.142686717190864787e-01
2.131959637357044302e-01
2.121251087202511987e-01
2.110560958428140121e-01
2.099889124842927446e-01
2.089235437745060875e-01
2.078599725096247353e-01
2.067981794985105370e-01
2.057381442720634113e-01
2.046798460023800947e-01
2.036232644370739031e-01
2.025683806625940830e-01
2.015151775601587703e-01
2.004636398909799277e-01
1.994137540243579865e-01
1.983655073851560702e-01
1.973188877361664595e-01
1.962738824236908985e-01
1.952304777057368712e-01
1.941886582595132860e-01
1.931484069361974754e-01
1.921097048019095588e-01
1.910725314763312144e-01
1.900368657534369232e-01
1.890026864618644942e-01
1.879699734953868551e-01
1.869387089197844243e-01
1.859088780466082447e-01
1.848804703623782020e-01
1.838534802174210947e-01
1.828279072121437310e-01
1.818037562647868421e-01
1.807810373949740312e-01
1.797597653007966256e-01
1.787399588342668821e-01
1.777216404845853026e-01
1.767048359610849662e-01
1.756895739320331606e-01
1.746758859316529244e-01
1.736638064052943575e-01
1.726533728305870152e-01
1.716446258368670985e-01
1.706376092465039240e-01
1.696323699784049177e-01
1.686289577799180706e-01
1.676274247830719377e-01
1.666278249083694984e-01
1.656302131605629224e-01
1.646346448730397205e-01
1.636411749611980659e-01
1.626498572405365994e-01
1.616607438545357156e-01
1.606738848426537414e-01
1.596893278620947765e-01
1.587071180604919529e-01
1.577272980823403448e-01
1.567499081807735839e-01
1.557749863997360817e-01
1.548025687897770508e-01
1.538326896233195573e-01
1.528653815818219186e-01
1.519006758959382530e-01
1.509386024297659501e-01
1.499791897094671367e-01
1.490224649040493288e-01
1.480684537711594861e-01
1.471171805831454904e-01
1.461686680480567546e-01
1.452229372380540728e-01
1.442800075340112953e-01
1.433398965907605183e-01
1.424026203236751498e-01
1.414681929139980365e-01
1.405366268285946629e-01
1.396079328490557048e-01
1.386821201056951114e-01
1.377591961135066490e-01
1.368391668091638591e-01
1.359220365902761296e-01
1.350078083600614598e-01
1.340964835818454770e-01
1.331880623484109072e-01
1.322825434708851666e-01
1.313799245908150726e-01
1.304802023172429437e-01
1.295833723885679301e-01
1.286894298562849259e-01
1.277983692855703957e-01
1.269101849654177827e-01
1.260248711194838778e-01
1.251424221078963617e-01
1.242628326101369862e-01
1.233860977798709735e-01
1.225122133642137512e-01
1.216411757822789541e-01
1.207729821607964465e-01
1.199076303279288935e-01
1.190451187696418278e-01
1.181854465561435474e-01
1.173286132481440175e-01
1.164746187942535538e-01
1.156234634311902737e-01
1.147751475977001889e-01
1.139296718713165152e-01
1.130870369344268850e-01
1.122472435730098861e-01
1.114102927081216804e-01
1.105761854571581798e-01
1.097449232195242957e-01
1.089165077796191566e-01
1.080909414192633561e-01
1.072682270318160436e-01
1.064483682310066875e-01
1.056313694489319638e-01
1.048172360193400932e-01
1.040059742440898743e-01
1.031975914423324120e-01
1.023920959833046485e-01
1.015894973046000821e-01
1.007898059183579137e-01
9.999303340798813833e-02
9.919919241779130703e-02
9.840829663747213685e-02
9.762036078288149898e-02
9.683540057366296638e-02
9.605343270785664245e-02
9.527447483299109066e-02
9.449854551282450832e-02
9.372566418867155080e-02
9.295585113431210911e-02
9.218912740355435231e-02
9.142551476976437663e-02
9.066503565701850009e-02
8.990771306284506270e-02
8.915357047285570047e-02
8.840263176786818111e-02
8.765492112444582540e-02
8.691046290997046786e-02
8.616928157365004448e-02
8.543140153511750989e-02
8.469684707250328681e-02
8.396564221212089729e-02
8.323781062215256099e-02
8.251337551291990091e-02
8.179235954638681971e-02
8.107478475758253533e-02
8.036067249037771865e-02
7.965004334968507627e-02
7.894291717151141752e-02
7.823931301151457185e-02
7.753924915181013844e-02
7.684274312469832613e-02
7.614981175115441425e-02
7.546047119087355426e-02
7.477473700030842774e-02
7.409262419450791948e-02
7.341414730875014949e-02
7.273932045610684294e-02
7.206815737769498020e-02
7.140067148315797085e-02
7.073687587979023139e-02
7.007678338971727594e-02
6.942040655547064565e-02
6.876775763504433536e-02
6.811884858825141553e-02
6.747369105649821119e-02
6.683229633839550543e-02
6.619467536361238469e-02
6.556083866715885222e-02
6.493079636600770921e-02
6.430455813958249611e-02
6.368213321509910707e-02
6.306353035839751264e-02
6.244875787038238479e-02
6.183782358888539887e-02
6.123073489542738002e-02
6.062749872620312036e-02
6.002812158643403700e-02
5.943260956726141575e-02
5.884096836432035210e-02
5.825320329726733221e-02
5.766931932962551799e-02
5.708932108845533870e-02
5.651321288349611671e-02
5.594099872557452974e-02
5.537268234416674317e-02
5.480826720414045533e-02
5.424775652170289730e-02
5.369115327970677698e-02
5.313846024243177452e-02
5.258967996997994387e-02
5.204481483240279427e-02
5.150386702367712455e-02
5.096683857558408082e-02
5.043373137154970320e-02
4.990454716043995348e-02
4.937928757031669752e-02
4.885795412210997696e-02
4.834054824316897508e-02
4.782707128063815732e-02
4.731752451460202735e-02
4.681190917094344567e-02
4.631022643387015802e-02
4.581247745805363397e-02
4.531866338035312608e-02
4.482878533106028629e-02
4.434284444466010666e-02
4.386084187004220952e-02
4.338277878013476613e-02
4.290865638092688367e-02
4.243847591983482964e-02
4.197223869336624835e-02
4.150994605404687010e-02
4.105159941657002265e-02
4.059720026313430596e-02
4.014675014796314362e-02
3.970025070095244135e-02
3.925770363048294853e-02
3.881911072537499313e-02
3.838447385601662792e-02
3.795379497470099256e-02
3.752707611520023773e-02
3.710431939164914733e-02
3.668552699677535278e-02
3.627070119955519423e-02
3.585984434235961471e-02
3.545295883766481221e-02
3.505004716438283457e-02
3.465111186389815967e-02
3.425615553585595330e-02
3.386518083376680727e-02
3.347819046047934705e-02
3.309518716356547874e-02
3.271617373066338513e-02
3.234115298480451373e-02
3.197012777974784364e-02
3.160310099537164824e-02
3.124007553310306079e-02
3.088105431143687782e-02
3.052604026152312688e-02
3.017503632286281171e-02
2.982804543909738787e-02
2.948507055390443832e-02
2.914611460701222595e-02
2.881118053032209747e-02
2.848027124415691141e-02
2.815338965362355200e-02
2.783053864510833669e-02
2.751172108289303211e-02
2.719693980590424942e-02
2.688619762459140694e-02
2.657949731793526199e-02
2.627684163059433239e-02
2.597823327018411455e-02
2.568367490468564593e-02
2.539316916000036728e-02
2.510671861762497556e-02
2.482432581247645542e-02
2.454599323082889972e-02
2.427172330840163955e-02
2.400151842855960740e-02
2.373538092064695140e-02
2.347331305843883276e-02
2.321531705871691595e-02
2.296139507995613449e-02
2.271154922112762417e-02
2.246578152060581257e-02
2.222409395518320369e-02
2.198648843918576956e-02
2.175296682368102127e-02
2.152353089578324524e-02
2.129818237804310954e-02
2.107692292792582092e-02
2.085975413736864542e-02
2.064667753241307413e-02
2.043769457291531519e-02
2.023280665232405143e-02
2.003201509752453729e-02
1.983532116875094328e-02
1.964272605954960060e-02
1.945423089681247095e-02
1.926983674085690906e-02
1.908954458556065201e-02
1.891335535854530431e-02
1.874126992141281894e-02
1.857328907001996876e-02
1.840941353480290282e-02
1.824964398113971750e-02
1.809398100975537910e-02
1.794242515716506711e-02
1.779497689615125791e-02
1.765163663628250418e-02
1.751240472446166305e-02
1.737728144550852380e-02
1.724626702277741105e-02
1.711936161880014962e-02
1.699656533596550362e-02
1.687787821722346385e-02
1.676330024682061090e-02
1.665283135105826567e-02
1.654647139908226039e-02
1.644422020369455673e-02
1.634607752219142951e-02
1.625204305722278628e-02
1.616211645767662297e-02
1.607629731958525390e-02
