1.057949320025755244e-02
2.988874460365568390e-06
3.435679026748171422e-06
4.582354255187289286e-06
5.231012368783399969e-06
5.585294233689017532e-06
5.781316311751217859e-06
5.895161177576592265e-06
5.966751673838933318e-06
6.016500786427042679e-06
6.054744578813827935e-06
6.086711860367292892e-06
6.115062958571887637e-06
6.141168852903282550e-06
6.165751851337038906e-06
6.189205926083318895e-06
6.211757034502217023e-06
6.233543625236822656e-06
6.254657314646242486e-06
6.275163646254603831e-06
6.295112852266206060e-06
6.314545564815690997e-06
6.333495951275751402e-06
6.351993516191069569e-06
6.370064197923414822e-06
6.387731080531081120e-06
6.405014886895793756e-06
6.421934340888489208e-06
6.438506446338909892e-06
6.454746709891967342e-06
6.470669323790199092e-06
6.486287318684653344e-06
6.501612693157238879e-06
6.516656524645030895e-06
6.531429065206500416e-06
6.545939824721212046e-06
6.560197643593472278e-06
6.574210756577712192e-06
6.587986849028411508e-06
6.601533106704585561e-06
6.614856260003560205e-06
6.627962623348569673e-06
6.640858130433512066e-06
6.653548365791075321e-06
6.666038593182904825e-06
6.678333781154813599e-06
6.690438626153428655e-06
6.702357573433394282e-06
6.714094836043659595e-06
6.725654412056904573e-06
6.737040100288079531e-06
6.748255514640459006e-06
6.759304097203612065e-06
6.770189130246550278e-06
6.780913747230072521e-06
6.791480942918251279e-06
6.801893582645069647e-06
6.812154410905603773e-06
6.822266059233626624e-06
6.832231053464273459e-06
6.842051820494803856e-06
6.851730694495209912e-06
6.861269922677025610e-06
6.870671670634215989e-06
6.879938027284792765e-06
6.889071009488083261e-06
6.898072566300390790e-06
6.906944582951426408e-06
6.915688884523101751e-06
6.924307239389957484e-06
6.932801362386488851e-06
6.941172917812940337e-06
6.949423522167224949e-06
6.957554746723482232e-06
6.965568119936034017e-06
6.973465129659002909e-06
6.981247225212566161e-06
6.988915819324080746e-06
6.996472289914789244e-06
7.003917981752487004e-06
7.011254208034708039e-06
7.018482251767214390e-06
7.025603367178252316e-06
7.032618780883685922e-06
7.039529693040663653e-06
7.046337278464713301e-06
7.053042687527469873e-06
7.059647047129005888e-06
7.066151461485210330e-06
7.072557012902155493e-06
7.078864762484231765e-06
7.085075750784009945e-06
7.091190998376603269e-06
7.097211506421575517e-06
7.103138257117787542e-06
7.108972214176688784e-06
7.114714323176991993e-06
7.120365511971869915e-06
7.125926690985065305e-06
7.131398753497282087e-06
7.136782575888774740e-06
7.142079017827359119e-06
7.147288922534335063e-06
7.152413116830486213e-06
7.157452411351993788e-06
7.162407600597317324e-06
7.167279463001439650e-06
7.172068760990752926e-06
7.176776241007331225e-06
7.181402633528925588e-06
7.185948652958571068e-06
7.190414997660029134e-06
7.194802349886439536e-06
7.199111375614519544e-06
7.203342724525908889e-06
7.207497029805542887e-06
7.211574908023244859e-06
7.215576958988889426e-06
7.219503765511109077e-06
7.223355893274123726e-06
7.227133890574587049e-06
7.230838288136349705e-06
7.234469598859749433e-06
7.238028317594156454e-06
7.241514920924546578e-06
7.244929866867226638e-06
7.248273594707686128e-06
7.251546524720635029e-06
7.254749057928803545e-06
7.257881575918542195e-06
7.260944440626579566e-06
7.263937994174261355e-06
7.266862558652041474e-06
7.269718436038797075e-06
7.272505908045996513e-06
7.275225236073800169e-06
7.277876661148723060e-06
7.280460403945249427e-06
7.282976664786786491e-06
7.285425623747795455e-06
7.287807440808609640e-06
7.290122256012915703e-06
7.292370189692879742e-06
7.294551342750668020e-06
7.296665797054415379e-06
7.298713615761125216e-06
7.300694843799149613e-06
7.302609508379648158e-06
7.304457619566271814e-06
7.306239170852656428e-06
7.307954139878006330e-06
7.309602489091643350e-06
7.311184166578304899e-06
7.312699106819286082e-06
7.314147231565870424e-06
7.315528450739459085e-06
7.316842663397887212e-06
7.318089758581211755e-06
7.319269616415281894e-06
7.320382109078315438e-06
7.321427101804191563e-06
7.322404453968613022e-06
7.323314020108829625e-06
7.324155650967955327e-06
7.324929194576556455e-06
7.325634497254174146e-06
7.326271404659100564e-06
7.326839762822782306e-06
7.327339419112736779e-06
7.327770223203802525e-06
7.328132028034520735e-06
7.328424690727349302e-06
7.328648073384689139e-06
7.328802044026795288e-06
7.328886477316441565e-06
7.328901255348073195e-06
7.328846268324980865e-06
7.328721415173430095e-06
7.328526604273200056e-06
7.328261753898816581e-06
7.327926792800488867e-06
7.327521660574761775e-06
7.327046308237058432e-06
7.326500698447947296e-06
7.325884805835476312e-06
7.325198617348025655e-06
7.324442132385465707e-06
7.323615363030363164e-06
7.322718334138528863e-06
7.321751083448106308e-06
7.320713661598740867e-06
7.319606132229216420e-06
7.318428571779037038e-06
7.317181069552294968e-06
7.315863727597735843e-06
7.314476660500060779e-06
7.313019995274233603e-06
7.311493871141209398e-06
7.309898439319145966e-06
7.308233862799973473e-06
7.306500315973711625e-06
7.304697984458866562e-06
7.302827064734409445e-06
7.300887763825096093e-06
7.298880298916796285e-06
7.296804897085533851e-06
7.294661794883325678e-06
7.292451237987769261e-06
7.290173480778555027e-06
7.287828786066425113e-06
7.285417424652120764e-06
7.282939674920504480e-06
7.280395822560562257e-06
7.277786160088391060e-06
7.275110986597776414e-06
7.272370607334881916e-06
7.269565333339280063e-06
7.266695481190342960e-06
7.263761372700036178e-06
7.260763334402513642e-06
7.257701697511550832e-06
7.254576797534075842e-06
7.251388973918173826e-06
7.248138569991863453e-06
7.244825932540070024e-06
7.241451411715627716e-06
7.238015360782649775e-06
7.234518135908260906e-06
7.230960096034042231e-06
7.227341602700026314e-06
7.223663019921696122e-06
7.219924714072431244e-06
7.216127053792882152e-06
7.212270409914157856e-06
7.208355155295187113e-06
7.204381664906379023e-06
7.200350315729502040e-06
7.196261486743245448e-06
7.192115558890247758e-06
7.187912915150570039e-06
7.183653940474616839e-06
7.179339021846464601e-06
7.174968548338637591e-06
7.170542911150940123e-06
7.166062503607392842e-06
7.161527721232469076e-06
7.156938961855661055e-06
7.152296625573650570e-06
7.147601114865294544e-06
7.142852834580303592e-06
7.138052192027520637e-06
7.133199596989299297e-06
7.128295461778855640e-06
7.123340201158526114e-06
7.118334232477011450e-06
7.113277975587616805e-06
7.108171852846740659e-06
7.103016289146642279e-06
7.097811711781008278e-06
7.092558550525531704e-06
7.087257237534879798e-06
7.081908207221277754e-06
7.076511896351443166e-06
7.071068743817216283e-06
7.065579190682699936e-06
7.060043680049953989e-06
7.054462656981879772e-06
7.048836568423006399e-06
7.043165863208608238e-06
7.037450991777144845e-06
7.031692406309408147e-06
7.025890560554073470e-06
7.020045909736636716e-06
7.014158910507535293e-06
7.008230020825848794e-06
7.002259700020770723e-06
6.996248408591563025e-06
6.990196608113137327e-06
6.984104761342136496e-06
6.977973332060740916e-06
6.971802784988640591e-06
6.965593585826196553e-06
6.959346201181678192e-06
6.953061098461797801e-06
6.946738746006504012e-06
6.940379612912491464e-06
6.933984169133504759e-06
6.927552885406550027e-06
6.921086233208083846e-06
6.914584684970606338e-06
6.908048713892933416e-06
6.901478794055101037e-06
6.894875400506085628e-06
6.888239009260172856e-06
6.881570097349493152e-06
6.874869142955546447e-06
6.868136625456948569e-06
6.861373025465030350e-06
6.854578825003267151e-06
6.847754507575537859e-06
6.840900558260793528e-06
6.834017463807124621e-06
6.827105712753310236e-06
6.820165795544594808e-06
6.813198204631822302e-06
6.806203434587007083e-06
6.799181982197163988e-06
6.792134346534115705e-06
6.785061029107516046e-06
6.777962533845324147e-06
6.770839367299331080e-06
6.763692038617997203e-06
6.756521059654897788e-06
6.749326944935861529e-06
6.742110211815454801e-06
6.734871380413322047e-06
6.727610973688079238e-06
6.720329517395047782e-06
6.713027540098002866e-06
6.705705573158646530e-06
6.698364150709184132e-06
6.691003809588465684e-06
6.683625089316913678e-06
6.676228531968311944e-06
6.668814682229699349e-06
6.661384087179298934e-06
6.653937296233639344e-06
6.646474861068431781e-06
6.638997335481499749e-06
6.631505275210323072e-06
6.623999237895496897e-06
6.616479782846940431e-06
6.608947470952324209e-06
6.601402864418160080e-06
6.593846526708347268e-06
6.586279022290895121e-06
6.578700916519951752e-06
6.571112775348830122e-06
6.563515165226267683e-06
6.555908652888039327e-06
6.548293805167095804e-06
6.540671188714587486e-06
6.533041369942665081e-06
6.525404914728421293e-06
6.517762388328842779e-06
6.510114355025113913e-06
6.502461378176914137e-06
6.494804019822845416e-06
6.487142840660221186e-06
6.479478399883759937e-06
6.471811254941784571e-06
6.464141961442737066e-06
6.456471073072051513e-06
6.448799141345396474e-06
6.441126715599652391e-06
6.433454342773901897e-06
6.425782567400096363e-06
6.418111931426412254e-06
6.410442974153686395e-06
6.402776232254903654e-06
6.395112239416115111e-06
6.387451526504821434e-06
6.379794621473271363e-06
6.372142049195029240e-06
6.364494331432317660e-06
6.356851986940509988e-06
6.349215531193000514e-06
6.341585476443003125e-06
6.333962331766063042e-06
6.326346602945337218e-06
6.318738792437837537e-06
6.311139399437730430e-06
6.303548919842100652e-06
6.295967846188258139e-06
6.288396667794801178e-06
6.280835870680353763e-06
6.273285937621667820e-06
6.265747348195387858e-06
6.258220578857002066e-06
6.250706102922238926e-06
6.243204390714921050e-06
6.235715909525473272e-06
6.228241123792809420e-06
6.220780495164000704e-06
6.213334482549437891e-06
6.205903542195566026e-06
6.198488127892233008e-06
6.191088690987049351e-06
6.183705680508553540e-06
6.176339543292112473e-06
6.168990724029674481e-06
6.161659665429227516e-06
6.154346808396529220e-06
6.147052592031089453e-06
6.139777453681995688e-06
6.132521829180084745e-06
6.125286152825002669e-06
6.118070857587446548e-06
6.110876375055846335e-06
6.103703135610604603e-06
6.096551568392287922e-06
6.089422101461518720e-06
6.082315161833685853e-06
6.075231175400905763e-06
6.068170567133685774e-06
6.061133760890257825e-06
6.054121179687545159e-06
6.047133245502079929e-06
6.040170379308783756e-06
6.033233001109507663e-06
6.026321529873152764e-06
6.019436383463914726e-06
6.012577978660415695e-06
6.005746731055529947e-06
5.998943054949546774e-06
5.992167363427492736e-06
5.985420068081691099e-06
5.978701579032374385e-06
5.972012304746114383e-06
5.965352652111518103e-06
5.958723026043992034e-06
5.952123829571944688e-06
5.945555463631482752e-06
5.939018326937808623e-06
5.932512815794345761e-06
5.926039324061598374e-06
5.919598242912015002e-06
5.913189960669723103e-06
5.906814862733521902e-06
5.900473331335943869e-06
5.894165745518560321e-06
5.887892480825385141e-06
5.881653909263627505e-06
5.875450399183413203e-06
5.869282315101567064e-06
5.863150017533288864e-06
5.857053863018623962e-06
5.850994203959498393e-06
5.844971388488526166e-06
5.838985760548028975e-06
5.833037659713960912e-06
5.827127421227808581e-06
5.821255376023381898e-06
5.815421850695340045e-06
5.809627167573319554e-06
5.803871644765435383e-06
5.798155596246108063e-06
5.792479331930242612e-06
5.786843157799251792e-06
5.781247376051080038e-06
5.775692285212585254e-06
5.770178180286781089e-06
5.764705352926268627e-06
5.759274091531127137e-06
5.753884681529768177e-06
5.748537405397800712e-06
5.743232542821073942e-06
5.737970370820837435e-06
5.732751163902643588e-06
5.727575194036011212e-06
5.722442730792037895e-06
5.717354041315356436e-06
5.712309390277457394e-06
5.707309039985798800e-06
5.702353250117057685e-06
5.697442277625543801e-06
5.692576376800271005e-06
5.687755798839614581e-06
5.682980791758783061e-06
5.678251600189866771e-06
5.673568465048648111e-06
5.668931623357564045e-06
5.664341307783655553e-06
5.659797746608208282e-06
5.655301163255220312e-06
5.650851775941926525e-06
5.646449797542060388e-06
5.642095435170053096e-06
5.637788890029871230e-06
5.633530357010650850e-06
5.629320024517043568e-06
5.625158074232542845e-06
5.621044680924936608e-06
5.616980012123099813e-06
5.612964228169313972e-06
5.608997481837413691e-06
5.605079918398186081e-06
5.601211675384036210e-06
5.597392882529325489e-06
5.593623661696435858e-06
5.589904126805915829e-06
5.586234383894531040e-06
5.582614531016852578e-06
5.579044658318918357e-06
5.575524848070075621e-06
5.572055174719544117e-06
5.568635705013197367e-06
5.565266498114572343e-06
5.561947605748620271e-06
5.558679072404657422e-06
5.555460935541222569e-06
5.552293225810216305e-06
5.549175967325504510e-06
5.546109178024343918e-06
5.543092869873642267e-06
5.540127049252397906e-06
5.537211717457630035e-06
5.534346870752928941e-06
5.531532501027832180e-06
5.528768596029162832e-06
5.526055139793516050e-06
5.523392113024951901e-06
5.520779493351991087e-06
5.518217255849482115e-06
5.515705373175969705e-06
5.513243815882416282e-06
5.510832552898191362e-06
5.508471551472752487e-06
5.506160777562951887e-06
5.503900195811516760e-06
5.501689769951337255e-06
5.499529462509796063e-06
5.497419235175982615e-06
5.495359048582058631e-06
5.493348862312984597e-06
5.491388634853038955e-06
5.489478323441710692e-06
5.487617883908764236e-06
5.485807270598234346e-06
5.484046436159959443e-06
5.482335331323561033e-06
5.480673904824722193e-06
5.479062103281087930e-06
5.477499871038339810e-06
5.475987150230287016e-06
5.474523880631214109e-06
5.473109999805680495e-06
5.471745443319591723e-06
5.470430144776084028e-06
5.469164036223635824e-06
5.467947048424599169e-06
5.466779111233933604e-06
5.465660153967745955e-06
5.464590105918952135e-06
5.463568896683484774e-06
5.462596456664843645e-06
5.461672717132757775e-06
5.460797610828186353e-06
5.459971071797205402e-06
5.459193035444229402e-06
5.458463438453015303e-06
5.457782218307966090e-06
5.457149312875748177e-06
5.456564659732765878e-06
5.456028195278823596e-06
5.455539853784515295e-06
5.455099566312677969e-06
5.454707259552864991e-06
5.454362854712037034e-06
5.454066266224967962e-06
5.453817400732294500e-06
5.453616155928924962e-06
5.453462419760754711e-06
5.453356069549527816e-06
5.453296971362758878e-06
5.453284979732405448e-06
5.453319937184046449e-06
5.453401674330810511e-06
5.453530009884267116e-06
5.453704750940705107e-06
5.453925693226823056e-06
5.454192621899660411e-06
5.454505311943077518e-06
5.454863529070940081e-06
5.455267030448309272e-06
5.455715565872451292e-06
5.456208878664331936e-06
5.456746707010197339e-06
5.457328785211066163e-06
5.457954845225046151e-06
5.458624618284497901e-06
5.459337836591181569e-06
5.460094235228304160e-06
5.460893554191759584e-06
5.461735540480667809e-06
5.462619950253762348e-06
5.463546550954750930e-06
5.464515123364646687e-06
5.465525463699238568e-06
5.466577385253169587e-06
5.467670719987069044e-06
5.468805319838017525e-06
5.469981057414077494e-06
5.471197826692553379e-06
5.472455542948576525e-06
5.473754142456219455e-06
5.475093582011593456e-06
5.476473837658740764e-06
5.477894903575726954e-06
5.479356790523716832e-06
5.480859524170220203e-06
5.482403143249880950e-06
5.483987697496738320e-06
5.485613245734715660e-06
5.487279853669734169e-06
5.488987591536851039e-06
5.490736531853131863e-06
5.492526746783719528e-06
5.494358305356818683e-06
5.496231270688948783e-06
5.498145696772189633e-06
5.500101625321121561e-06
5.502099082465154992e-06
5.504138075416860175e-06
5.506218589233652654e-06
5.508340583915288338e-06
5.510503991799636142e-06
5.512708715435421653e-06
5.514954626332632459e-06
5.517241564222956739e-06
5.519569337423114665e-06
5.521937724140895105e-06
5.524346474670578633e-06
5.526795314559917484e-06
5.529283948660665739e-06
5.531812065703605024e-06
5.534379343704490890e-06
5.536985455147562412e-06
5.539630072543530141e-06
5.542312873477569744e-06
5.545033545044348406e-06
5.547791787410459904e-06
5.550587316117869716e-06
5.553419863219972557e-06
5.556289176733857673e-06
5.559195018713371568e-06
5.562137161848328153e-06
5.565115384830649838e-06
5.568129467008302144e-06
5.571179182110077218e-06
5.574264292093778193e-06
5.577384541071979900e-06
5.580539649818347665e-06
5.583729310875601063e-06
5.586953184769356260e-06
5.590210896709626411e-06
5.593502034239547978e-06
5.596826145152700356e-06
5.600182735514503825e-06
5.603571267670042104e-06
5.606991157700014985e-06
5.610441772642741319e-06
5.613922426960149518e-06
5.617432378838349297e-06
5.620970826260261777e-06
5.624536903276346015e-06
5.628129677094713880e-06
5.631748145888929164e-06
5.635391238400497563e-06
5.639057815404647021e-06
5.642746673544198759e-06
5.646456551783222250e-06
5.650186140816959717e-06
5.653934094985563062e-06
5.657699046853822114e-06
5.661479623304726256e-06
5.665274462387826422e-06
5.669082229864987800e-06
5.672901633685089383e-06
5.676731435641347938e-06
5.680570458652514019e-06
5.684417589523419256e-06
5.688271776850213904e-06
5.692132024663076251e-06
5.695997383007890648e-06
5.699866937080234426e-06
5.703739796279117751e-06
5.707615085362336743e-06
5.711491938677182990e-06
5.715369498624001175e-06
5.719246918518199048e-06
5.723123369464241669e-06
5.726998050427675290e-06
5.730870200087521323e-06
5.734739109045760753e-06
5.738604130426745305e-06
5.742464687886150609e-06
5.746320279328369177e-06
5.750170475862250067e-06
5.754014915383568164e-06
5.757853290659545733e-06
5.761685332438328518e-06
5.765510788741630565e-06
5.769329401633332680e-06
5.773140883749122727e-06
5.776944897117667523e-06
5.780741036462660169e-06
5.784528819698011781e-06
5.788307686447243830e-06
5.792077005600487395e-06
5.795836090163315471e-06
5.799584218267930554e-06
5.803320657034273344e-06
5.807044687411545833e-06
5.810755627796046216e-06
5.814452856172899819e-06
5.818135831241531758e-06
5.821804113201695369e-06
5.825457385445565863e-06
5.829095475853022756e-06
5.832718375262655098e-06
5.836326249281459052e-06
5.839919438456255334e-06
5.843498443319258157e-06
5.847063892889666006e-06
5.850616498661594423e-06
5.854156999558294846e-06
5.857686105719393278e-06
5.861204449985086863e-06
5.864712555031048689e-06
5.868210820862071024e-06
5.871699533407065336e-06
5.875178889651009258e-06
5.878649030545183555e-06
5.882110070705051038e-06
5.885562113805260800e-06
5.889005246096323359e-06
5.892439505759440588e-06
5.895864832351013914e-06
5.899281005740874329e-06
5.902687585387563742e-06
5.906083859693609955e-06
5.909468809658378973e-06
5.912841085552396154e-06
5.916198992094940475e-06
5.919540476564819892e-06
5.922863119366314026e-06
5.926164131465358755e-06
5.929440369349060309e-06
5.932688380702090953e-06
5.935904492944022439e-06
5.939084949637570124e-06
5.942226090295545072e-06
5.945324556208315252e-06
5.948377494610814490e-06
5.951382726666542628e-06
5.954338845112157418e-06
5.957245213015038127e-06
5.960101850943947546e-06
5.962909220185718008e-06
5.965667935484104479e-06
5.968378459692296334e-06
5.971040841035832363e-06
5.973654546530047965e-06
5.976218423479932334e-06
5.978730791365789086e-06
5.981189637177677025e-06
5.983592864757937079e-06
5.985938539873397568e-06
5.988225082015663163e-06
5.990451375743655940e-06
5.992616802877656347e-06
5.994721216726689317e-06
5.996764887081660876e-06
5.998748436641113940e-06
6.000672774920948976e-06
6.002539020297726370e-06
6.004348392739706719e-06
6.006102062608937958e-06
6.007800956876500347e-06
6.009445551020454333e-06
6.011035701954320193e-06
6.012570590653392827e-06
6.014048824638578575e-06
6.015468699725329034e-06
6.016828548617429784e-06
6.018127045854483222e-06
6.019363327207304512e-06
6.020536835926824401e-06
6.021646918448337314e-06
6.022692316197908008e-06
6.023670782248373483e-06
6.024579048229367317e-06
6.025413264142705347e-06
6.026169862993701094e-06
6.026846624389977550e-06
6.027443604571870354e-06
6.027963613638023932e-06
6.028412059060957122e-06
6.028796177851339887e-06
6.029123867838639569e-06
6.029402429398672628e-06
6.029637530505062267e-06
6.029832625623556363e-06
6.029988929147048988e-06
6.030105892875970839e-06
6.030182006359616772e-06
6.030215679782122381e-06
6.030206010369051278e-06
6.030153326798208039e-06
6.030059471168731636e-06
6.029927768593567232e-06
6.029762606992806834e-06
6.029568592821879709e-06
6.029349406268649936e-06
6.029106683463644029e-06
6.028839358985888361e-06
6.028543787170069481e-06
6.028214629311642654e-06
6.027846119968379124e-06
6.027433136775246920e-06
6.026971604102375761e-06
6.026458083374767518e-06
6.025888751601925056e-06
6.025258195081899416e-06
6.024558513741185647e-06
6.023779171990409971e-06
6.022907844347904005e-06
6.021932184631492457e-06
6.020842077043780675e-06
6.019631703017283126e-06
6.018300820118018426e-06
6.016854911991349113e-06
6.015304114432771287e-06
6.013660979774453793e-06
6.011937389190505318e-06
6.010141355458456207e-06
6.008274817617087382e-06
6.006333391148098724e-06
6.004308293392158214e-06
6.002189700650814600e-06
5.999970164749256465e-06
5.997646759244137631e-06
5.995221294831083484e-06
5.992698876142909678e-06
5.990085755392906118e-06
5.987387522989276777e-06
5.984608212851017375e-06
5.981750298991667179e-06
5.978815198202916598e-06
5.975803838746835912e-06
5.972716940627664590e-06
5.969554766083040581e-06
5.966316272953734218e-06
5.962997909764375506e-06
5.959592704775298024e-06
5.956090612251897291e-06
5.952480859790359132e-06
5.948755967618259248e-06
5.944915603522939074e-06
5.940967739981184679e-06
5.936925590611910725e-06
5.932800980002347057e-06
5.928596791010173059e-06
5.924302111796694525e-06
5.919893270671261967e-06
5.915341555780856808e-06
5.910624519247589746e-06
5.905734962093714491e-06
5.900682798464959003e-06
5.895489667197512442e-06
5.890180590204190053e-06
5.884777543086798357e-06
5.879296755017430203e-06
5.873748489999486393e-06
5.868137661124366368e-06
5.862465024640054895e-06
5.856729434778314878e-06
5.850930886014908396e-06
5.845073005466450420e-06
5.839163578136726099e-06
5.833212739967653036e-06
5.827229867105201395e-06
5.821220951860116786e-06
5.815187855811767917e-06
5.809129552472614363e-06
5.803044247095615047e-06
5.796930913539443247e-06
5.790789371579253840e-06
5.784618999550835321e-06
5.778417007254849330e-06
5.772177619803811186e-06
5.765893354653510867e-06
5.759558654938129680e-06
5.753174679277956805e-06
5.746752773145840729e-06
5.740313913642840285e-06
5.733882543710338932e-06
5.727475424748141436e-06
5.721089070109364348e-06
5.714692082540681853e-06
5.708228859214278595e-06
5.701636173794593562e-06
5.694865850734134355e-06
5.687901716351596682e-06
5.680762297959469605e-06
5.673489798655619196e-06
5.666133154057686797e-06
5.658733837602374631e-06
5.651319080752963342e-06
5.643902315127370363e-06
5.636487394095860372e-06
5.629072438331007978e-06
5.621651096093800801e-06
5.614212092602132637e-06
5.606739429607241120e-06
5.599214414856684557e-06
5.591618685681852926e-06
5.583936803281672133e-06
5.576157884826130905e-06
5.568276536400899976e-06
5.560293098507688781e-06
5.552212507649343630e-06
5.544041157054621654e-06
5.535782555387038086e-06
5.527434290879029076e-06
5.518988572025336937e-06
5.510435408166648982e-06
5.501764349067238905e-06
5.492962814908230830e-06
5.484015828598999421e-06
5.474913764104486851e-06
5.465665396495406145e-06
5.456303825105790570e-06
5.446877223575705807e-06
5.437428912184314875e-06
5.427975866316951969e-06
5.418493609505282984e-06
5.408917913595035639e-06
5.399170150796158713e-06
5.389194559832287228e-06
5.378981736451528176e-06
5.368564199548690139e-06
5.357993834018386188e-06
5.347320560496758216e-06
5.336582602359517273e-06
5.325806506113996653e-06
5.315010243746986425e-06
5.304204497665323711e-06
5.293391453622921818e-06
5.282564036308439026e-06
5.271708836535126763e-06
5.260812416450728074e-06
5.249867083540541320e-06
5.238873024244769987e-06
5.227837673730000862e-06
5.216775092488237873e-06
5.205706093812719597e-06
5.194657457873008638e-06
5.183658993462149465e-06
5.172739328056574158e-06
5.161921884231179697e-06
5.151220303356848601e-06
5.140630142098329335e-06
5.130116272997033130e-06
5.119605656009539550e-06
5.109004173428087400e-06
5.098245355443747902e-06
5.087344415549618768e-06
5.076407706752183054e-06
5.065577956494628613e-06
5.054960184603825517e-06
5.044592359187830268e-06
5.034467137486193040e-06
5.024553692572766514e-06
5.014789962638506613e-06
5.005076055306673161e-06
4.995305688255847721e-06
4.985418814128209880e-06
4.975424406026898016e-06
4.965372323501655695e-06
4.955305548763963603e-06
4.945236588599063047e-06
4.935157708314851562e-06
4.925060241918095363e-06
4.914939668062652119e-06
4.904787431481943820e-06
4.894584130248552856e-06
4.884302359715596895e-06
4.873916300767204627e-06
4.863411141190336311e-06
4.852787524755875683e-06
4.842059616917378847e-06
4.831248263212966806e-06
4.820372795840882785e-06
4.809445471219275176e-06
4.798470683208215465e-06
4.787448036083789638e-06
4.776376390761881393e-06
4.765256566658056641e-06
4.754092491151975405e-06
4.742891556225819210e-06
4.731663513834919573e-06
4.720416449606489568e-06
4.709152237854732490e-06
4.697868342720559162e-06
4.686567683782916712e-06
4.675266761769011861e-06
4.663993418868159849e-06
4.652779407868332540e-06
4.641651373755193043e-06
4.630607645968628621e-06
4.619581724600217689e-06
4.608435247605239195e-06
4.597018209175082214e-06
4.585260074222349294e-06
4.573207977995757672e-06
4.560979969047388644e-06
4.548685404512335667e-06
4.536378856396956749e-06
4.524062406835235280e-06
4.511710109539766316e-06
4.499290363980639838e-06
4.486779687218479949e-06
4.474168754538209209e-06
4.461460874830889905e-06
4.448664577907726252e-06
4.435786176183996510e-06
4.422828735718387254e-06
4.409798434340097008e-06
4.396712953231730062e-06
4.383605601434014746e-06
4.370523277423939532e-06
4.357520939960311782e-06
4.344656089728890005e-06
4.331984532103872066e-06
4.319557030734445634e-06
4.307418125598642271e-06
4.295611303449098593e-06
4.284191090133856690e-06
4.273227029951276146e-06
4.262770065075544557e-06
4.252772348835329736e-06
4.243019362792852069e-06
4.233182413509279430e-06
4.223024908018233431e-06
4.212615124212081306e-06
4.202319896938978955e-06
4.192538982950572818e-06
4.183417280391650718e-06
4.174795749916364254e-06
4.166392659413730898e-06
4.157990239557177106e-06
4.149479251773725686e-06
4.140815068931235057e-06
4.131991974817325276e-06
4.123048626102691895e-06
4.114055206007412023e-06
4.105067787016388417e-06
4.096086945825933378e-06
4.087056022388905159e-06
4.077895205795170632e-06
4.068539820033595990e-06
4.058956767377456512e-06
4.049137620354311766e-06
4.039084160990055450e-06
4.028800726791461403e-06
4.018295962575473012e-06
4.007588114517198578e-06
3.996707727738728740e-06
3.985695746956991630e-06
3.974598586991602606e-06
3.963462809507613632e-06
3.952331303221960739e-06
3.941241741148513849e-06
3.930227269682322099e-06
3.919318635794247387e-06
3.908546208820080198e-06
3.897940242464506575e-06
3.887528552365626714e-06
3.877331808908427906e-06
3.867357584682120609e-06
3.857596192401320693e-06
3.848023378659444942e-06
3.838612237258139433e-06
3.829347659878105610e-06
3.820231218151979549e-06
3.811273271219554713e-06
3.802482864201884909e-06
3.793863237901701462e-06
3.785404267306260560e-06
3.777063074212036383e-06
3.768749190037329107e-06
3.760343594939657458e-06
3.751751061461259043e-06
3.742943675385039070e-06
3.733956446676266378e-06
3.724843603958431532e-06
3.715638295514568016e-06
3.706343362585142589e-06
3.696945350359042120e-06
3.687430674356105080e-06
3.677793735438116359e-06
3.668038054309369516e-06
3.658173851493834277e-06
3.648215288297577121e-06
3.638180177826449350e-06
3.628092122198852472e-06
3.617982154232366741e-06
3.607887864216011007e-06
3.597850802387278224e-06
3.587913672316845410e-06
3.578117676950267895e-06
3.568500052203305684e-06
3.559092779255687594e-06
3.549923922170778624e-06
3.541021718334961579e-06
3.532418924512310392e-06
3.524153259149853712e-06
3.516262159970622001e-06
3.508776445698194619e-06
3.501720914009334434e-06
3.495121706333030876e-06
3.489004106114181987e-06
3.483361946611995065e-06
3.478108976424128189e-06
3.473063788561857046e-06
3.468018802108490835e-06
3.462872534743965573e-06
3.457720255147748639e-06
3.452803538075485589e-06
3.448337334760321116e-06
3.444351702392652216e-06
3.440673570616870370e-06
3.437043470587930451e-06
3.433255121429175881e-06
3.429220565026077269e-06
3.424952801091519815e-06
3.420515599885251130e-06
3.415981248498266013e-06
3.411404864400571122e-06
3.406810530375472779e-06
3.402188315755156000e-06
3.397503083650951533e-06
3.392710906198855068e-06
3.387774888360963465e-06
3.382674147596270699e-06
3.377404813561189017e-06
3.371975794483511962e-06
3.366403207040226397e-06
3.360706478966730413e-06
3.354907312565980751e-06
3.349030951569301618e-06
3.343108236768945863e-06
3.337176877620905514e-06
3.331280877048262840e-06
3.325467835937964972e-06
3.319784761208287577e-06
3.314273707696988040e-06
3.308968720440975125e-06
3.303894977555341616e-06
3.299070036410243506e-06
3.294506161720157763e-06
3.290212315172484448e-06
3.286194638191361058e-06
3.282454935435136094e-06
3.278987491579196801e-06
3.275775563580474663e-06
3.272790036005573150e-06
3.269992972803094756e-06
3.267346491290394468e-06
3.264822848212089363e-06
3.262408886649606651e-06
3.260101311180768816e-06
3.257896854012030825e-06
3.255785387048101580e-06
3.253749481734200217e-06
3.251766042432682001e-06
3.249804302996506242e-06
3.247821670267748065e-06
3.245765460534088130e-06
3.243585143418638576e-06
3.241248710279355564e-06
3.238750487898448992e-06
3.236104008372738920e-06
3.233326356308654490e-06
3.230426526940889174e-06
3.227404492068744344e-06
3.224257598903681574e-06
3.220986981915716148e-06
3.217600261464216731e-06
3.214111444304277392e-06
3.210539857349985185e-06
3.206908590192405422e-06
3.203242559983954977e-06
3.199567105357653134e-06
3.195908021740261430e-06
3.192292698833764493e-06
3.188751007703484701e-06
3.185314904513476542e-06
3.182016797754320145e-06
3.178887453272965133e-06
3.175954254014095085e-06
3.173240316439475090e-06
3.170764571274877977e-06
3.168542555521147317e-06
3.166587538266774506e-06
3.164911792591083279e-06
3.163527950011317453e-06
3.162449979789278987e-06
3.161692805240503353e-06
3.161270037673610746e-06
3.161191064792699272e-06
3.161459976069087190e-06
3.162077159933187653e-06
3.163040360058674728e-06
3.164340039347541013e-06
3.165948422484104466e-06
3.167810593329821681e-06
3.169850543613878006e-06
3.171997195547175625e-06
3.174218254859864196e-06
3.176537797509853050e-06
3.179020149932732464e-06
3.181725755628647422e-06
3.184666071225760151e-06
3.187785847028230982e-06
3.190981493179638449e-06
3.194140536780239448e-06
3.197177659622349435e-06
3.200051163506626977e-06
3.202759157138346771e-06
3.205324711415683114e-06
3.207779774509425648e-06
3.210153105895893854e-06
3.212463429505211060e-06
3.214717340671359706e-06
3.216911091844916806e-06
3.219034940459739116e-06
3.221078254503484068e-06
3.223033638140153609e-06
3.224899110194105415e-06
3.226678361321289889e-06
3.228379768530763298e-06
3.230014974843762017e-06
3.231597621037453102e-06
3.233142507330551372e-06
3.234665219515100496e-06
3.236182113122011972e-06
3.237710493637146852e-06
3.239268827420913701e-06
3.240876834811152417e-06
3.242555343060578513e-06
3.244325824751426731e-06
3.246209631893303221e-06
3.248227042033495210e-06
3.250396316252408214e-06
3.252732983947021062e-06
3.255249503699580479e-06
3.257955328771750490e-06
3.260857278198339346e-06
3.263960026881228145e-06
3.267266505970169073e-06
3.270778048868188525e-06
3.274494207140533356e-06
3.278412273801190438e-06
3.282526680339075468e-06
3.286828563900780556e-06
3.291305878590310898e-06
3.295944341612288654e-06
3.300729186484215915e-06
3.305647215908951922e-06
3.310688292590931059e-06
3.315845507785848465e-06
3.321113903010282121e-06
3.326488433778568238e-06
3.331962268148597062e-06
3.337526167465725788e-06
3.343168850336137722e-06
3.348877571326847447e-06
3.354638197713961529e-06
3.360434781108649241e-06
3.366249370447463579e-06
3.372062921651436882e-06
3.377857469543286585e-06
3.383618736719080449e-06
3.389337839221650771e-06
3.395011144837116606e-06
3.400638396683759347e-06
3.406220191017114481e-06
3.411756133666981378e-06
3.417244410406042212e-06
3.422682592250481856e-06
3.428068902705234872e-06
3.433403198144374205e-06
3.438687358743364890e-06
3.443925226206065324e-06
3.449122371624226524e-06
3.454285858702561585e-06
3.459424003485405577e-06
3.464546085989946275e-06
3.469662038628429985e-06
3.474782203738215565e-06
3.479917230147905458e-06
3.485078085621566235e-06
3.490276079560414370e-06
3.495522785709228092e-06
3.500829819325034779e-06
3.506208505755210160e-06
3.511669525442677281e-06
3.517222620851151082e-06
3.522876420930821646e-06
3.528638400831896829e-06
3.534514960664033017e-06
3.540511583074005701e-06
3.546633016350199390e-06
3.552883435740928149e-06
3.559266556900987862e-06
3.565785699809160541e-06
3.572443811852876296e-06
3.579243449412520641e-06
3.586186704440506381e-06
3.593275071148870130e-06
3.600509285342361180e-06
3.607889209939605110e-06
3.615413836490045345e-06
3.623081396168025022e-06
3.630889455065641041e-06
3.638834798828835736e-06
3.646912979944714418e-06
3.655117625111964881e-06
3.663439876549770718e-06
3.671868483010741297e-06
3.680390912112699867e-06
3.688995415715965772e-06
3.697673433438746823e-06
3.706421360445768640e-06
3.715240782426962990e-06
3.724136820323018767e-06
3.733115009881840085e-06
3.742177790849577480e-06
3.751321877973653398e-06
3.760537437189641779e-06
3.769809274590718097e-06
3.779119506329783155e-06
3.788450731722139128e-06
3.797788721174626789e-06
3.807123976295459158e-06
3.816452008571585651e-06
3.825772590291464630e-06
3.835088434729690193e-06
3.844403755112714836e-06
3.853723019096189710e-06
3.863050052006890602e-06
3.872387517386651807e-06
3.881736733614959244e-06
3.891097757139354832e-06
3.900469654710454392e-06
3.909850883718922875e-06
3.919239700950752249e-06
3.928634529331120597e-06
3.938034232079615074e-06
3.947438271496328395e-06
3.956846756544567385e-06
3.966260404779052178e-06
3.975680452556776495e-06
3.985108547201130466e-06
3.994546645800211664e-06
4.003996934296555773e-06
4.013461771176620040e-06
4.022943652366191411e-06
4.032445191550011374e-06
4.041969108902814060e-06
4.051518222616132097e-06
4.061095439016709459e-06
4.070703739274603800e-06
4.080346160707670060e-06
4.090025772392309781e-06
4.099745645078815766e-06
4.109508815780370289e-06
4.119318248112116471e-06
4.129176790950370202e-06
4.139087137455082988e-06
4.149051787544298637e-06
4.159073016586698291e-06
4.169152851934596671e-06
4.179293058931153449e-06
4.189495135946069847e-06
4.199760317460868032e-06
4.210089583681289508e-06
4.220483673560796837e-06
4.230943098954748295e-06
4.241468157159450108e-06
4.252058939680962545e-06
4.262715336119137314e-06
4.273437033202585300e-06
4.284223509417173932e-06
4.295074027881293400e-06
4.305987629942342638e-06
4.316963132978656796e-06
4.327999136080862999e-06
4.339094036087127140e-06
4.350246056249095946e-06
4.361453286682486458e-06
4.372713734503593834e-06
4.384025378632374706e-06
4.395386222999825495e-06
4.406794341034832119e-06
4.418247905238459182e-06
4.429745198379087024e-06
4.441284605923827599e-06
4.452864593030626974e-06
4.464483672326767786e-06
4.476140369711586046e-06
4.487833195129616233e-06
4.499560622512192954e-06
4.511321080659303903e-06
4.523112952903794659e-06
4.534934582273655873e-06
4.546784277906184498e-06
4.558660320118690626e-06
4.570560963549338002e-06
4.582484439969024907e-06
4.594428964528988210e-06
4.606392749064500198e-06
4.618374024696512983e-06
4.630371074010030202e-06
4.642382269954712608e-06
4.654406116322077944e-06
4.666441283280684541e-06
4.678486632208191353e-06
4.690541225172900775e-06
4.702604317772467762e-06
4.714675337010389436e-06
4.726753848216700336e-06
4.738839516975471133e-06
4.750932072111908290e-06
4.763031274869557794e-06
4.775136897552233019e-06
4.787248712735160412e-06
4.799366491935757794e-06
4.811490011579780381e-06
4.823619062845525840e-06
4.835753462641953875e-06
4.847893062907279249e-06
4.860037757350144479e-06
4.872187484503560703e-06
4.884342227933044007e-06
4.896502013809554322e-06
4.908666907237865940e-06
4.920837007775446440e-06
4.933012444719221463e-06
4.945193372604013890e-06
4.957379966783366272e-06
4.969572419164415696e-06
4.981770933965763895e-06
4.993975723564414566e-06
5.006187004420545401e-06
5.018404993283870279e-06
5.030629903821617202e-06
5.042861943711499358e-06
5.055101312490686812e-06
5.067348199753494882e-06
5.079602784094064250e-06
5.091865232170872369e-06
5.104135698090298452e-06
5.116414322755364409e-06
5.128701233152182432e-06
5.140996541481463311e-06
5.153300344204504927e-06
5.165612721088214267e-06
5.177933734051523092e-06
5.190263426341988054e-06
5.202601821748383786e-06
5.214948924004239243e-06
5.227304716594158537e-06
5.239669162648828658e-06
5.252042205136478570e-06
5.264423767243337610e-06
5.276813752900983803e-06
5.289212047298906366e-06
5.301618517710578827e-06
5.314033013951260851e-06
5.326455369188774786e-06
5.338885400591797582e-06
5.351322909862317552e-06
5.363767683945242161e-06
5.376219495626199993e-06
5.388678104061052388e-06
5.401143255501789668e-06
5.413614683858430770e-06
5.426092111400208978e-06
5.438575249388745146e-06
5.451063798850838205e-06
5.463557451251367622e-06
5.476055889252839696e-06
5.488558787465482676e-06
5.501065813159850486e-06
5.513576626949270405e-06
5.526090883515650345e-06
5.538608232167543972e-06
5.551128317515028438e-06
5.563650779937972999e-06
5.576175256084327315e-06
5.588701379339798684e-06
5.601228780174753536e-06
5.613757086496107106e-06
5.626285924018870202e-06
5.638814916494062901e-06
5.651343685975568893e-06
5.663871853075962297e-06
5.676399037180804458e-06
5.688924856637391686e-06
5.701448928967032726e-06
5.713970870999848965e-06
5.726490299087423753e-06
5.739006829202017062e-06
5.751520077085475573e-06
5.764029658375692155e-06
5.776535188728658231e-06
5.789036283913194246e-06
5.801532559946610467e-06
5.814023633172638247e-06
5.826509120398540943e-06
5.838988639023419080e-06
5.851461807145542976e-06
5.863928243700989166e-06
5.876387568612944360e-06
5.888839402981395081e-06
5.901283369155917443e-06
5.913719090959873219e-06
5.926146193801290691e-06
5.938564304832905592e-06
5.950973053076828265e-06
5.963372069536098749e-06
5.975760987331007416e-06
5.988139441710528216e-06
6.000507070191768261e-06
6.012863512571408689e-06
6.025208410942261627e-06
6.037541409712988262e-06
6.049862155636553227e-06
6.062170297738851056e-06
6.074465487334944659e-06
6.086747377997481153e-06
6.099015625496233194e-06
6.111269887795103869e-06
6.123509825016596200e-06
6.135735099370999504e-06
6.147945375214792305e-06
6.160140318959235628e-06
6.172319599111416826e-06
6.184482886199446403e-06
6.196629852874663553e-06
6.208760173815360701e-06
6.220873525800398291e-06
6.232969587716145371e-06
6.245048040526823276e-06
6.257108567341203546e-06
6.269150853388215067e-06
6.281174586047206021e-06
6.293179454839820839e-06
6.305165151469533767e-06
6.317131369763627113e-06
6.329077805724087760e-06
6.341004157476560728e-06
6.352910125293902617e-06
6.364795411541857148e-06
6.376659720668230085e-06
6.388502759196594931e-06
6.400324235643998598e-06
6.412123860528314493e-06
6.423901346333036450e-06
6.435656407439185743e-06
6.447388760117376088e-06
6.459098122471382608e-06
6.470784214400741098e-06
6.482446757550539298e-06
6.494085475319115576e-06
6.505700092773139637e-06
6.517290336644358228e-06
6.528855935300524964e-06
6.540396618708659424e-06
6.551912118417949796e-06
6.563402167551972880e-06
6.574866500773152577e-06
6.586304854281573208e-06
6.597716965814716923e-06
6.609102574636665732e-06
6.620461421524494763e-06
6.631793248804220346e-06
6.643097800332411769e-06
6.654374821499801333e-06
6.665624059262678788e-06
6.676845262151299818e-06
6.688038180278470731e-06
6.699202565383341748e-06
6.710338170829645179e-06
6.721444751658126762e-06
6.732522064573929951e-06
6.743569868018609815e-06
6.754587922177884233e-06
6.765575989029045718e-06
6.776533832348456811e-06
6.787461217801604081e-06
6.798357912904537802e-06
6.809223687138395883e-06
6.820058311940685363e-06
6.830861560765202369e-06
6.841633209123431693e-06
6.852373034614361509e-06
6.863080817003782600e-06
