1.057949320025755244e-02
3.188346553708215018e-03
1.730010929387367771e-03
1.359707055413141670e-03
1.347979452778431952e-03
1.463233461527479844e-03
1.624793111099353702e-03
1.802389446692771909e-03
1.984127228899194330e-03
2.165321522953433161e-03
2.344278710001916188e-03
2.520585685437426535e-03
2.694375345275384394e-03
2.865998079989863501e-03
3.035871825103057375e-03
3.204414173535693241e-03
3.372013362249163052e-03
3.539017929789914536e-03
3.705735266167449124e-03
3.872434213344371802e-03
4.039349296099425599e-03
4.206685382779860698e-03
4.374622200695903358e-03
4.543318453634811321e-03
4.712915454460046664e-03
4.883540268402066648e-03
5.055308401387391751e-03
5.228326083354576867e-03
5.402692200162287524e-03
5.578499925454319733e-03
5.755838098987710490e-03
5.934792392171777189e-03
6.115446295815517123e-03
6.297881959745173924e-03
6.482180909219625517e-03
6.668424658968609767e-03
6.856695242184033569e-03
7.047075668848537186e-03
7.239650325317356638e-03
7.434505325012497924e-03
7.631728818379816121e-03
7.831411268838291834e-03
8.033645700276210999e-03
8.238527920669444157e-03
8.446156725588445033e-03
8.656634084685097333e-03
8.870065313692502423e-03
9.086559234000689614e-03
9.306228321485057048e-03
9.529188845937293373e-03
9.755561002177583901e-03
9.985469033698938027e-03
1.021904134950602817e-02
1.045641063465084682e-02
1.069771395483595615e-02
1.094309285534716437e-02
1.119269345448615019e-02
1.144666653159944793e-02
1.170516760974358965e-02
1.196835703297487175e-02
1.223640003822024785e-02
1.250946682165772136e-02
1.278773259951841192e-02
1.307137766321112698e-02
1.336058742866966763e-02
1.365555247982649240e-02
1.395646860612390940e-02
1.426353683399279870e-02
1.457696345224324640e-02
1.489696003133957058e-02
1.522374343655856152e-02
1.555753583505836181e-02
1.589856469692293300e-02
1.624706279028107977e-02
1.660326817063764379e-02
1.696742416459561323e-02
1.733977934818694069e-02
1.772058752007342475e-02
1.811010766992002599e-02
1.850860394228024536e-02
1.891634559638090407e-02
1.933360696221953293e-02
1.976066739343437795e-02
2.019781121742897714e-02
2.064532768326348897e-02
2.110351090784821221e-02
2.157265982098701199e-02
2.205307810982738356e-02
2.254507416327748703e-02
2.304896101693575811e-02
2.356505629906766736e-02
2.409368217812957874e-02
2.463516531230215342e-02
2.518983680144349507e-02
2.575803214180517539e-02
2.634009118377780498e-02
2.693635809284170707e-02
2.754718131378940116e-02
2.817291353817215349e-02
2.881391167478897231e-02
2.947053682289076104e-02
3.014315424762152584e-02
3.083213335704601543e-02
3.153784767994123606e-02
3.226067484335282121e-02
3.300099654871974791e-02
3.375919854519259661e-02
3.453567059857719224e-02
3.533080645415433846e-02
3.614500379144712505e-02
3.697866416884422469e-02
3.783219295583377384e-02
3.870599925047401441e-02
3.960049577961181899e-02
4.051609877928451925e-02
4.145322785268128196e-02
4.241230580302823155e-02
4.339375843878411076e-02
4.439801434859040608e-02
4.542550464353357909e-02
4.647666266443199051e-02
4.755192365206459271e-02
4.865172437850847492e-02
4.977650273807602416e-02
5.092669729667721051e-02
5.210274679886489624e-02
5.330508963225999430e-02
5.453416324956446293e-02
5.579040354890681119e-02
5.707424421385137031e-02
5.838611601499828219e-02
5.972644607574072173e-02
6.109565710538034100e-02
6.249416660345722546e-02
6.392238603977634659e-02
6.538072001524806998e-02
6.686956540924217374e-02
6.838931051970083275e-02
6.994033420276153656e-02
7.152300501905313468e-02
7.313768039418117040e-02
7.478470580117525801e-02
7.646441397281679431e-02
7.817712415182564989e-02
7.992314138679501578e-02
8.170275588157403790e-02
8.351624240548806422e-02
8.536385977133095770e-02
8.724585038750436172e-02
8.916243988999726644e-02
9.111383685910862118e-02
9.310023262493950791e-02
9.512180116470145275e-02
9.717869909386822602e-02
9.927106575210986605e-02
1.013990233838503591e-01
1.035626774121620325e-01
1.057621168036275983e-01
1.079974145207239361e-01
1.102686280572785227e-01
1.125758000516204616e-01
1.149189589712070331e-01
1.172981198617671084e-01
1.197132851534056103e-01
1.221644455156193770e-01
1.246515807528146974e-01
1.271746607317296718e-01
1.297336463320620248e-01
1.323284904116677207e-01
1.349591387778571461e-01
1.376255311566291495e-01
1.403276021520350469e-01
1.430652821883763304e-01
1.458384984284515351e-01
1.486471756616987716e-01
1.514912371566951299e-01
1.543706054731437405e-01
1.572852032291773006e-01
1.602349538204324297e-01
1.632197820880365857e-01
1.662396149332848461e-01
1.692943818773435527e-01
1.723840155649350170e-01
1.755084522114406798e-01
1.786676319933608315e-01
1.818614993825110604e-01
1.850900034247239256e-01
1.883530979642112912e-01
1.916507418150573683e-01
1.949828988816018072e-01
1.983495382297698062e-01
2.017506341116202251e-01
2.051861659456180875e-01
2.086561182553094140e-01
2.121604805693038109e-01
2.156992472855352172e-01
2.192724175029848177e-01
2.228799948240855755e-01
2.265219871311600908e-01
2.301984063402290892e-01
2.339092681356275960e-01
2.376545916887640719e-01
2.414343993644115227e-01
2.452487164177423185e-01
2.490975706853015281e-01
2.529809922729082672e-01
2.568990132433353057e-01
2.608516673064042446e-01
2.648389895139112715e-01
2.688610159615549833e-01
2.729177834997591479e-01
2.770093294550353691e-01
2.811356913632175880e-01
2.852969067156371774e-01
2.894930127190059044e-01
2.937240460695498823e-01
2.979900427416268260e-01
3.022910377908522572e-01
3.066270651715895523e-01
3.109981575683776200e-01
3.154043462408328558e-01
3.198456608813448621e-01
3.243221294848788183e-01
3.288337782300201906e-01
3.333806313705384161e-01
3.379627111365599013e-01
3.425800376445895523e-01
3.472326288156273311e-01
3.519205003006301014e-01
3.566436654127377870e-01
3.614021350656754228e-01
3.661959177178750191e-01
3.710250193218979642e-01
3.758894432788895124e-01
3.807891903977711490e-01
3.857242588590427124e-01
3.906946441830008165e-01
3.957003392023521471e-01
4.007413340390843515e-01
4.058176160856039605e-01
4.109291699900300410e-01
4.160759776456298686e-01
4.212580181842946470e-01
4.264752679739588492e-01
4.317277006198272926e-01
4.370152869692877640e-01
4.423379951202842664e-01
4.476957904329971760e-01
4.530886355445618574e-01
4.585164903866388864e-01
4.639793122055476116e-01
4.694770555848034599e-01
4.750096724697399075e-01
4.805771121940919932e-01
4.861793215083092812e-01
4.918162446094477835e-01
4.974878231725176070e-01
5.031939963831865148e-01
5.089347009717982706e-01
5.147098712486524175e-01
5.205194391406137155e-01
5.263633342290545691e-01
5.322414837892702755e-01
5.381538128314897751e-01
5.441002441436727510e-01
5.500806983363139002e-01
5.560950938895191653e-01
5.621433472026983180e-01
5.682253726471823141e-01
5.743410826222133947e-01
5.804903876147267106e-01
5.866731962634026409e-01
5.928894154274804151e-01
5.991389502608855944e-01
6.054217042921919978e-01
6.117375795109476488e-01
6.180864764609173001e-01
6.244682943407396936e-01
6.308829311124545258e-01
6.373302836183005748e-01
6.438102477061951046e-01
6.503227183640536424e-01
6.568675898632136967e-01
6.634447559109570847e-01
6.700541098120311734e-01
6.766955446390341411e-01
6.833689534112262765e-01
6.900742292812455103e-01
6.968112657290939094e-01
7.035799567624284601e-01
7.103801971222286626e-01
7.172118824924785807e-01
7.240749097126277789e-01
7.309691769910906523e-01
7.378945841181837606e-01
7.448510326765361844e-01
7.518384262469630652e-01
7.588566706076397272e-01
7.659056739243310652e-01
7.729853469292826684e-01
7.800956030864518720e-01
7.872363587405086793e-01
7.944075332473288231e-01
8.016090490834207882e-01
8.088408319320328221e-01
8.161028107436204548e-01
8.233949177686123999e-01
8.307170885604704402e-01
8.380692619472990268e-01
8.454513799704579391e-01
8.528633877889616466e-01
8.603052335486001123e-01
8.677768682151779656e-01
8.752782453715376443e-01
8.828093209783391959e-01
8.903700530990064088e-01
8.979604015895992219e-01
9.055803277546979890e-01
9.132297939708005075e-01
9.209087632790748934e-01
9.286171989496184720e-01
9.363550640197479957e-01
9.441223208091251706e-01
9.519189304146769004e-01
9.597448521887327333e-01
9.676000432037585863e-01
9.754844577073527034e-01
9.833980465712524044e-01
9.913407567381863350e-01
9.993125306704323529e-01
1.007313305803920978e+00
1.015343014011741651e+00
1.023401581080725986e+00
1.031488926204796153e+00
1.039604961498528768e+00
1.047749591534229419e+00
1.055922712905685623e+00
1.064124213821415088e+00
1.072353973730194143e+00
1.080611862981196714e+00
1.088897742520968936e+00
1.097211463629158779e+00
1.105552867694616692e+00
1.113921786033309491e+00
1.122318039749171437e+00
1.130741439638729640e+00
1.139191786140200779e+00
1.147668869327390206e+00
1.156172468948556187e+00
1.164702354510194438e+00
1.173258285405404777e+00
1.181840011086319198e+00
1.190447271279954755e+00
1.199079796246519614e+00
1.207737307079085776e+00
1.216419516043399707e+00
1.225126126956330275e+00
1.233856835601384372e+00
1.242611330179514528e+00
1.251389291793253644e+00
1.260190394962125593e+00
1.269014308167164318e+00
1.277860694422028320e+00
1.286729211868390621e+00
1.295619514392815752e+00
1.304531252262483454e+00
1.313464072776868496e+00
1.322417620932306415e+00
1.331391540096460213e+00
1.340385472689499036e+00
1.349399060868628153e+00
1.358431947212738411e+00
1.367483775403732338e+00
1.376554190901082331e+00
1.385642841606127718e+00
1.394749378512657678e+00
1.403873456340266834e+00
1.413014734147022500e+00
1.422172875918094492e+00
1.431347551126891826e+00
1.440538435265505735e+00
1.449745210341401247e+00
1.458967565337152550e+00
1.468205196630666620e+00
1.477457808372876880e+00
1.486725112820844519e+00
1.496006830623708206e+00
1.505302691059735354e+00
1.514612432222621541e+00
1.523935801155717140e+00
1.533272553932934823e+00
1.542622455685594085e+00
1.551985280574705861e+00
1.561360811708398133e+00
1.570748841004763197e+00
1.580149169000464537e+00
1.589561604605945977e+00
1.598985964808392168e+00
1.608422074323719642e+00
1.617869765199486443e+00
1.627328876370576216e+00
1.636799253169981982e+00
1.646280746797301742e+00
1.655773213747605777e+00
1.665276515203864660e+00
1.674790516395966877e+00
1.684315085929918743e+00
1.693850095090829289e+00
1.703395417123418465e+00
1.712950926494001269e+00
1.722516498138195296e+00
1.732092006698340514e+00
1.741677325755231598e+00
1.751272327058534639e+00
1.760876879760475022e+00
1.770490849657538890e+00
1.780114098444931736e+00
1.789746482988698428e+00
1.799387854620351668e+00
1.809038058459093268e+00
1.818696932766566743e+00
1.828364308339263555e+00
1.838040007943489318e+00
1.847723845797952347e+00
1.857415627108994993e+00
1.867115147663066521e+00
1.876822193481300527e+00
1.886536540540568518e+00
1.896257954565337300e+00
1.905986190894086496e+00
1.915720994424080947e+00
1.925462099637361701e+00
1.935209230710863260e+00
1.944962101712508273e+00
1.954720416884952128e+00
1.964483871017488559e+00
1.974252149906398968e+00
1.984024930902739348e+00
1.993801883546002962e+00
2.003582670281039313e+00
2.013366947254731532e+00
2.023154365188052140e+00
2.032944570317748667e+00
2.042737205401532474e+00
2.052531910779166857e+00
2.062328325481084690e+00
2.072126088375283004e+00
2.081924839342401246e+00
2.091724220468039519e+00
2.101523877240787375e+00
2.111323459743706277e+00
2.121122623826688258e+00
2.130921032246826829e+00
2.140718355763560954e+00
2.150514274175426621e+00
2.160308477285523221e+00
2.170100665783011529e+00
2.179890552028361572e+00
2.189677860731078507e+00
2.199462329509226599e+00
2.209243709321282445e+00
2.219021764762076909e+00
2.228796274216019668e+00
2.238567029862275515e+00
2.248333837528461387e+00
2.258096516391006059e+00
2.267854898522342122e+00
2.277608828287225773e+00
2.287358161592045303e+00
2.297102764993484314e+00
2.306842514674554145e+00
2.316577295297801875e+00
2.326306998747829979e+00
2.336031522776116365e+00
2.345750769563379912e+00
2.355464644215543579e+00
2.365173053210513299e+00
2.374875902814236994e+00
2.384573097484266491e+00
2.394264538280372001e+00
2.403950121301063891e+00
2.413629736164975004e+00
2.423303264555833003e+00
2.432970578848445253e+00
2.442631540832728376e+00
2.452286000551555212e+00
2.461933795266469271e+00
2.471574748564206558e+00
2.481208669615016849e+00
2.490835352592126739e+00
2.500454576259509398e+00
2.510066103733336718e+00
2.519669682420358381e+00
2.529265044134314078e+00
2.538851905389398311e+00
2.548429967867691825e+00
2.557998919055503251e+00
2.567558433041372545e+00
2.577108171467021425e+00
2.586647784619890089e+00
2.596176912655463465e+00
2.605695186934868346e+00
2.615202231462619320e+00
2.624697664408185638e+00
2.634181099693784223e+00
2.643652148630619703e+00
2.653110421584890855e+00
2.662555529655042275e+00
2.671987086341685913e+00
2.681404709191729907e+00
2.690808021399364591e+00
2.700196653346479625e+00
2.709570244067025513e+00
2.718928442620045072e+00
2.728270909358109897e+00
2.737597317078892978e+00
2.746907352049141604e+00
2.756200714891850811e+00
2.765477121329209087e+00
2.774736302774702512e+00
2.783978006770044367e+00
2.793201997263452530e+00
2.802408054727126618e+00
2.811595976113247186e+00
2.820765574648680385e+00
2.829916679469694607e+00
2.839049135098844712e+00
2.848162800767419789e+00
2.857257549587146173e+00
2.866333267576171462e+00
2.875389852545119584e+00
2.884427212849696165e+00
2.893445266017630413e+00
2.902443937258435191e+00
2.911423157866018130e+00
2.920382863524635830e+00
2.929322992530700720e+00
2.938243483943478562e+00
2.947144275679320469e+00
2.956025302565281176e+00
2.964886494368750736e+00
2.973727773821454257e+00
2.982549054656622456e+00
2.991350239679751333e+00
3.000131218893526519e+00
3.008891867699398759e+00
3.017632045198193502e+00
3.026351592613552466e+00
3.035050331862795936e+00
3.043728064299977554e+00
3.052384569657070834e+00
3.061019605209307937e+00
3.069632905191113537e+00
3.078224180488663198e+00
3.086793118634854949e+00
3.095339384131730043e+00
3.103862619123461286e+00
3.112362444441552967e+00
3.120838461041124834e+00
3.129290251843981352e+00
3.137717384000538345e+00
3.146119411578438552e+00
3.154495878680672494e+00
3.162846322991213821e+00
3.171170279740231468e+00
3.179467286075379651e+00
3.187736885819329569e+00
3.195978634588461098e+00
3.204192105240427857e+00
3.212376893613832163e+00
3.220532624516792453e+00
3.228658957916592076e+00
3.236755595277982067e+00
3.244822285993577804e+00
3.252858833846360653e+00
3.260865103441914492e+00
3.268841026544962780e+00
3.276786608254264266e+00
3.284701932947033054e+00
3.292587169924926283e+00
3.300442578690660600e+00
3.308268513785714404e+00
3.316065429117399876e+00
3.323833881703980975e+00
3.331574534766423845e+00
3.339288160095301272e+00
3.346975639623404941e+00
3.354637966136342353e+00
3.362276243057982228e+00
3.369891683253444903e+00
3.377485606800584517e+00
3.385059437690806305e+00
3.392614699434512993e+00
3.400153009559903516e+00
3.407676073012308127e+00
3.415185674479429778e+00
3.422683669687166752e+00
3.430171975730502254e+00
3.437652560523057677e+00
3.445127431466139090e+00
3.452598623454261606e+00
3.460068186346512142e+00
3.467538172043537870e+00
3.475010621315998804e+00
3.482487550533160281e+00
3.489970938439783232e+00
3.497462713125492950e+00
3.504964739323288558e+00
3.512478806165588274e+00
3.520006615514357673e+00
3.527549770971541321e+00
3.535109767663348723e+00
3.542687982882548159e+00
3.550285667662488542e+00
3.557903939348861400e+00
3.565543775227665524e+00
3.573206007261480632e+00
3.580891317977577870e+00
3.588600237543379645e+00
3.596333142052061671e+00
3.604090253026678070e+00
3.611871638132286400e+00
3.619677213065083166e+00
3.627506744563917973e+00
3.635359854467322460e+00
3.643236024717618537e+00
3.651134603196876327e+00
3.659054810267724722e+00
3.666995745886668434e+00
3.674956397159167221e+00
3.682935646212932124e+00
3.690932278277399892e+00
3.698944989871117972e+00
3.706972397011830456e+00
3.715013043375728685e+00
3.723065408338960935e+00
3.731127914838626936e+00
3.739198936988650690e+00
3.747276807384715358e+00
3.755359824028698501e+00
3.763446256803709922e+00
3.771534353433844355e+00
3.779622344872723527e+00
3.787708450078459688e+00
3.795790880151392432e+00
3.803867841830022467e+00
3.811937540359941146e+00
3.819998181766350420e+00
3.828047974571580525e+00
3.836085131004524751e+00
3.844107867752029062e+00
3.852114406300422900e+00
3.860102972917827557e+00
3.868071798331975675e+00
3.876019117170656170e+00
3.883943167252182249e+00
3.891842188842112638e+00
3.899714424028456694e+00
3.907558116405626780e+00
3.915371511293140649e+00
3.923152856739243521e+00
3.930900405565580957e+00
3.938612418688961725e+00
3.946287169905310588e+00
3.953922952236240018e+00
3.961518085829176972e+00
3.969070927270042848e+00
3.976579880032430125e+00
3.984043405662304860e+00
3.991460035198929557e+00
3.998828380274692229e+00
4.006147143326707294e+00
4.013415126394237475e+00
4.020631238062175150e+00
4.027794498232498910e+00
4.034904040546718917e+00
4.041959112429526435e+00
4.048959072859707575e+00
4.055903388092142237e+00
4.062791625646220872e+00
4.069623446938990696e+00
4.076398598974042997e+00
4.083116905496922300e+00
4.089778257988296417e+00
4.096382606784359837e+00
4.102929952490679710e+00
4.109420337700090187e+00
4.115853838863022141e+00
4.122230558022664582e+00
4.128550614058923429e+00
4.134814133116622159e+00
4.141021238041993513e+00
4.147172036906224157e+00
4.153266611017230048e+00
4.159305003149455615e+00
4.165287206982214663e+00
4.171213158859241155e+00
4.177082732917561714e+00
4.182895740359957593e+00
4.188651933188157095e+00
4.194351012132598200e+00
4.199992637908561477e+00
4.205576444417246762e+00
4.211102052205685453e+00
4.216569080488628884e+00
4.221977156345277926e+00
4.227325920287129613e+00
4.232615028140137348e+00
4.237844149930102944e+00
4.243012967034941241e+00
4.248121169130185670e+00
4.253168452332068306e+00
4.258154519448102526e+00
4.263079082484113158e+00
4.267941866694781261e+00
4.272742614715275167e+00
4.277481088858743341e+00
4.282157069652403614e+00
4.286770349147462689e+00
4.291320718403041745e+00
4.295807949635904954e+00
4.300231774603937573e+00
4.304591861611752890e+00
4.308887793911816644e+00
4.313119052156941358e+00
4.317285002999883048e+00
4.321384895082578836e+00
4.325417862689518778e+00
4.329382936378860514e+00
4.333279058984875753e+00
4.337105104474601625e+00
4.340859896243668636e+00
4.344542220712336089e+00
4.348150831898212942e+00
4.351684443483106790e+00
4.355141707111658711e+00
4.358521179183023619e+00
4.361821282531809452e+00
4.365040272935991617e+00
4.368176222026335154e+00
4.371227027051104663e+00
4.374190454076213541e+00
4.377064215468666752e+00
4.379846076327751803e+00
4.382533979305526017e+00
4.385126174007647926e+00
4.387621336417266704e+00
4.390018665604572767e+00
4.392317948986239173e+00
4.394519592640407701e+00
4.396624618206997681e+00
4.398634631116284943e+00
4.400551765299624662e+00
4.402378607443573344e+00
4.404118101047286515e+00
4.405773429651724804e+00
4.407347881700560244e+00
4.408844706585449913e+00
4.410266979807483168e+00
4.411617500252101642e+00
4.412898740145276832e+00
4.414112857175327420e+00
4.415261761628991977e+00
4.416347215473651389e+00
4.417370931575288040e+00
4.418334643158491559e+00
4.419240125061069335e+00
4.420089164218429900e+00
4.420883490589493370e+00
4.421624686683272465e+00
4.422314093544180480e+00
4.422952727488779878e+00
4.423541220462420931e+00
4.424079799800104240e+00
4.424568326641474592e+00
4.425006408555625548e+00
4.425393585725998946e+00
4.425729564177298236e+00
4.426014445260064711e+00
4.426248891176471467e+00
4.426434178376232431e+00
4.426572119972452590e+00
4.426664872902664527e+00
4.426714673143790968e+00
4.426723556656595449e+00
4.426693125347647140e+00
4.426624409059650489e+00
4.426517857373577058e+00
4.426373467997239075e+00
4.426191023569537641e+00
4.425970374181091849e+00
4.425711682186114437e+00
4.425415550613963411e+00
4.425082989111847276e+00
4.424715221934336640e+00
4.424313392176896009e+00
4.423878245570209700e+00
4.423409873521822355e+00
4.422907558477258583e+00
4.422369707806247163e+00
4.421793810803057667e+00
4.421176340981801900e+00
4.420512578535444881e+00
4.419796436848496768e+00
4.419020484492118150e+00
4.418176374694792408e+00
4.417255768414593220e+00
4.416251585209485242e+00
4.415159153886781596e+00
4.413976726489438285e+00
4.412704976992807282e+00
4.411345498417643007e+00
4.409898757416838677e+00
4.408362234913095534e+00
4.406729438351510098e+00
4.404990147353487373e+00
4.403131816987248648e+00
4.401141701938497519e+00
4.399009089107208226e+00
4.396727041287332938e+00
4.394293220899871066e+00
4.391709645015181351e+00
4.388981574928709328e+00
4.386116065783785878e+00
4.383120849255697671e+00
4.380004085480283749e+00
4.376775115702424834e+00
4.373445830495741760e+00
4.370031858577823058e+00
4.366552672338056773e+00
4.363030018519223674e+00
4.359484792199394221e+00
4.355933304793363270e+00
4.352384362553112673e+00
4.348838291381212251e+00
4.345288126743869661e+00
4.341722224388116835e+00
4.338127145980253729e+00
4.334489974151444436e+00
4.330799819128820616e+00
4.327048669321582608e+00
4.323231766881133531e+00
4.319347651556171286e+00
4.315398137656673683e+00
4.311388538135223492e+00
4.307328101124280550e+00
4.303230077301567924e+00
4.299110702005036089e+00
4.294986921365850918e+00
4.290873511874790047e+00
4.286780711486260387e+00
4.282713286152739052e+00
4.278671265307444571e+00
4.274651895861627082e+00
4.270652099169909732e+00
4.266670788344465670e+00
4.262710452768669001e+00
4.258777409111149659e+00
4.254880425265828769e+00
4.251028199721623935e+00
4.247226901384922648e+00
4.243478892392993806e+00
4.239782858789365783e+00
4.236134769489843244e+00
4.232529105350497645e+00
4.228960240519839431e+00
4.225423757593255836e+00
4.221916812503221372e+00
4.218436685690431176e+00
4.214978144300139284e+00
4.211531804515405319e+00
4.208085156066917243e+00
4.204625492544196597e+00
4.201142214886456117e+00
4.197626376464365983e+00
4.194067135361955856e+00
4.190446677512779772e+00
4.186736426701941127e+00
4.182897456586896823e+00
4.178886696246732591e+00
4.174667891007341147e+00
4.170223282064432269e+00
4.165560602436953808e+00
4.160711660654577315e+00
4.155722530191237496e+00
4.150638836237103391e+00
4.145491191810923404e+00
4.140285211022368017e+00
4.134998651136198689e+00
4.129586567564874855e+00
4.123994215911168659e+00
4.118175365371372187e+00
4.112110056357384025e+00
4.105813319141201845e+00
4.099328894335960705e+00
4.092709707498989324e+00
4.085994506993101183e+00
4.079191799781853867e+00
4.072277658813936441e+00
4.065207773758529264e+00
4.057939343887653649e+00
4.050454370947382365e+00
4.042773322635018651e+00
4.034951047620733533e+00
4.027056513452618169e+00
4.019148471360109554e+00
4.011261579320396287e+00
4.003408639753976317e+00
3.995591523519018917e+00
3.987807848740997141e+00
3.980047669446215686e+00
3.972287124280504678e+00
3.964490957885576261e+00
3.956627193905278173e+00
3.948683624420818550e+00
3.940671472714154966e+00
3.932611846867791972e+00
3.924516416936765228e+00
3.916379601298237034e+00
3.908189317826946674e+00
3.899947896796284841e+00
3.891688535853329078e+00
3.883477585136878130e+00
3.875401431572403244e+00
3.867543431424915301e+00
3.859959588536966191e+00
3.852660593035034164e+00
3.845604079734731506e+00
3.838699124790224015e+00
3.831826048149507002e+00
3.824872081116156064e+00
3.817772755955211039e+00
3.810539051891477680e+00
3.803255700895471936e+00
3.796053841961609887e+00
3.789073176445713731e+00
3.782426975672725789e+00
3.776177403782394304e+00
3.770326945578261313e+00
3.764829418266197436e+00
3.759615244520316146e+00
3.754616886686221289e+00
3.749781436041490057e+00
3.745067500825855600e+00
3.740434555157933438e+00
3.735837192242834615e+00
3.731230163355380824e+00
3.726577615620260353e+00
3.721854994703099884e+00
3.717040526384863597e+00
3.712103936761219636e+00
3.707000438540347886e+00
3.701670974052376550e+00
3.696046662290857210e+00
3.690058038014767394e+00
3.683649899666731731e+00
3.676797536978957393e+00
3.669516266487530487e+00
3.661859175334598149e+00
3.653905402467047203e+00
3.645745361158393649e+00
3.637465601881942678e+00
3.629130940663213067e+00
3.620764907183282588e+00
3.612338607016317038e+00
3.603779163556769749e+00
3.594997139992552437e+00
3.585917232234975049e+00
3.576490755552173439e+00
3.566680528290933516e+00
3.556435263962271609e+00
3.545686802670680038e+00
3.534384711514568345e+00
3.522544084931025665e+00
3.510265984168426723e+00
3.497711046909215860e+00
3.485042776394654318e+00
3.472377910539386381e+00
3.459771691645544767e+00
3.447235813263510806e+00
3.434765716872762553e+00
3.422359173153828316e+00
3.410025682599056029e+00
3.397792881847040647e+00
3.385709346791569985e+00
3.373837659481353501e+00
3.362235987883687383e+00
3.350935910913380056e+00
3.339929970346694255e+00
3.329178689251703460e+00
3.318633417303946231e+00
3.308257142169490184e+00
3.298024783364729817e+00
3.287901880055322579e+00
3.277821034304551517e+00
3.267679553945141535e+00
3.257366570589318666e+00
3.246807769970870172e+00
3.236004965755920448e+00
3.225047917916174178e+00
3.214084884294053257e+00
3.203259150976644154e+00
3.192644317632971518e+00
3.182216678322190351e+00
3.171876585374082236e+00
3.161499138081001359e+00
3.150989911976708857e+00
3.140332259048078889e+00
3.129611303589844074e+00
3.118999998693364972e+00
3.108714573222012501e+00
3.098962108782875813e+00
3.089891956627172753e+00
3.081553942201033180e+00
3.073875074870934920e+00
3.066672077652355721e+00
3.059703838452389135e+00
3.052743960515052368e+00
3.045640358392973646e+00
3.038338285312810250e+00
3.030865452738491506e+00
3.023296346100617260e+00
3.015718801573995300e+00
3.008218215891409475e+00
3.000878775039644175e+00
2.993787088327894530e+00
2.987020599367161022e+00
2.980614822802964081e+00
2.974525168311809686e+00
2.968614093303999280e+00
2.962682808614270247e+00
2.956531486885096260e+00
2.950007248901819867e+00
2.943015505937695675e+00
2.935510144416438205e+00
2.927492494680726143e+00
2.919023003202572131e+00
2.910221369162775851e+00
2.901235861135652350e+00
2.892190599906011794e+00
2.883138959535300749e+00
2.874046409356511234e+00
2.864806562499377041e+00
2.855277706846862884e+00
2.845321525224652870e+00
2.834829224677280379e+00
2.823729358298918246e+00
2.811981954383331761e+00
2.799571498631164168e+00
2.786511720768926725e+00
2.772861912281408880e+00
2.758737445931170207e+00
2.744297163592384958e+00
2.729707578340769825e+00
2.715100008231441375e+00
2.700540936366926825e+00
2.686027665770147621e+00
2.671506225497299436e+00
2.656898849738731805e+00
2.642131646042303217e+00
2.627160644304447512e+00
2.611994835335074594e+00
2.596710404785742998e+00
2.581449545510310806e+00
2.566400909781515693e+00
2.551764337898635659e+00
2.537709509624136661e+00
2.524342932083977864e+00
2.511694636357620247e+00
2.499726941869822028e+00
2.488358897612738208e+00
2.477494536175936179e+00
2.467043481259719506e+00
2.456929235786952770e+00
2.447086655482334727e+00
2.437452293335865328e+00
2.427956016018250729e+00
2.418527177690434904e+00
2.409119219770341491e+00
2.399735419645074419e+00
2.390430578165781306e+00
2.381281297199890901e+00
2.372343550403168688e+00
2.363624211351006199e+00
2.355077100444001648e+00
2.346614737358878600e+00
2.338126571361371475e+00
2.329506557548435719e+00
2.320692523742875935e+00
2.311703768744589826e+00
2.302655175062179094e+00
2.293736889426607028e+00
2.285165179241666511e+00
2.277120273401923356e+00
2.269690289945097916e+00
2.262839607907393358e+00
2.256415401685245570e+00
2.250194227406588698e+00
2.243952339941291729e+00
2.237529817636264351e+00
2.230861212819021500e+00
2.223963880599989729e+00
2.216897702777679058e+00
2.209722989719006048e+00
2.202479537056123871e+00
2.195192228598615625e+00
2.187888855639226193e+00
2.180607287494364499e+00
2.173378558879376143e+00
2.166194440434777935e+00
2.158986239562469933e+00
2.151638438812385701e+00
2.144034533222186845e+00
2.136105696518499020e+00
2.127852075982279434e+00
2.119329785240238184e+00
2.110618704967271331e+00
2.101792339235227569e+00
2.092905152717768225e+00
2.083999418552443750e+00
2.075117845874471456e+00
2.066304520067877792e+00
2.057591364397457934e+00
2.048984031347308221e+00
2.040461042125861102e+00
2.031985869310106274e+00
2.023520548163802779e+00
2.015030895703108449e+00
2.006482835324907565e+00
1.997836844923245092e+00
1.989047753153358800e+00
1.980071750764577976e+00
1.970877414693691154e+00
1.961456142488948506e+00
1.951828236290982010e+00
1.942042309669818723e+00
1.932167641319275653e+00
1.922280933772853695e+00
1.912450304601004403e+00
1.902720737332448397e+00
1.893105664460156268e+00
1.883587312500091038e+00
1.874125301150743050e+00
1.864671425131595450e+00
1.855187992488757764e+00
1.845665127212179568e+00
1.836130112545388826e+00
1.826643356822413855e+00
1.817282010375530277e+00
1.808118927867554238e+00
1.799206073864977773e+00
1.790567207578033004e+00
1.782198842657107818e+00
1.774075252879121045e+00
1.766154280001380972e+00
1.758383890338988120e+00
1.750710599706350790e+00
1.743088743425291520e+00
1.735487538285509501e+00
1.727893356672663749e+00
1.720306017875995686e+00
1.712729426784914466e+00
1.705160068084395686e+00
1.697580228200925134e+00
1.689961571118518302e+00
1.682278062072121605e+00
1.674520900251461830e+00
1.666707080416761855e+00
1.658876834087071650e+00
1.651080557166035634e+00
1.643360544446441862e+00
1.635734441349103951e+00
1.628184876994991814e+00
1.620656434110350652e+00
1.613060768864063244e+00
1.605291880070069732e+00
1.597251293770554303e+00
1.588877062120986228e+00
1.580166924474313506e+00
1.571188376298391143e+00
1.562073432809355955e+00
1.552999149553594194e+00
1.544156615829570312e+00
1.535713727552242114e+00
1.527780869358011717e+00
1.520390771797520468e+00
1.513500940231168768e+00
1.507018903069611948e+00
1.500840838380523845e+00
1.494888278637360290e+00
1.489128974254632087e+00
1.483576007561429266e+00
1.478269600732269096e+00
1.473253151276293194e+00
1.468555297114390035e+00
1.464183945012338839e+00
1.460130386321459417e+00
1.456376590570195084e+00
1.452898877150256673e+00
1.449665464067942722e+00
1.446630708873174909e+00
1.443731823624224475e+00
1.440892647231214907e+00
1.438034506209849406e+00
1.435089559145667160e+00
1.432010705890475633e+00
1.428774573644200574e+00
1.425377541278136873e+00
1.421826802288410629e+00
1.418129352888144901e+00
1.414282547905558296e+00
1.410269707108172899e+00
1.406061912834421168e+00
1.401623773317574706e+00
1.396919396849476858e+00
1.391916202649619239e+00
1.386586682270342097e+00
1.380909524442583747e+00
1.374871023418221982e+00
1.368466357537809541e+00
1.361699433479086618e+00
1.354580293175891015e+00
1.347120459510798396e+00
1.339328136496212851e+00
1.331205697735585280e+00
1.322750848243376742e+00
1.313960912916536161e+00
1.304838270134755396e+00
1.295394806214125172e+00
1.285654096302846217e+00
1.275651047908481939e+00
1.265429472529335797e+00
1.255038354091454034e+00
1.244527590291622410e+00
1.233943940342593359e+00
1.223327924096716091e+00
1.212712322303545642e+00
1.202122564879226640e+00
1.191578794965511667e+00
1.181099042490941109e+00
1.170702806083944836e+00
1.160414272511902656e+00
1.150264331801627016e+00
1.140290647548481306e+00
1.130535500767170021e+00
1.121041851556465963e+00
1.111848705892481304e+00
1.102987102313516710e+00
1.094477757488007574e+00
1.086330787321320157e+00
1.078547216207094372e+00
1.071121467496562119e+00
1.064043897595443822e+00
1.057302735334857413e+00
1.050885304319118863e+00
1.044778774389178988e+00
1.038970690521870521e+00
1.033449273765750576e+00
1.028203267796874432e+00
1.023221102293541351e+00
1.018489351150982047e+00
1.013990768635899098e+00
1.009702458982793205e+00
1.005594842388839227e+00
1.001631931378689000e+00
9.977730534833242348e-01
9.939757150030584798e-01
9.901989937626067828e-01
9.864067514975189965e-01
9.825700011608682338e-01
9.786678892472677749e-01
9.746870047639019097e-01
9.706191442300399208e-01
9.664581114064336731e-01
9.621963616877913239e-01
9.578222031926525437e-01
9.533179981776586098e-01
9.486596194764338463e-01
9.438173552092015139e-01
9.387583238681700415e-01
9.334501086789704916e-01
9.278649023142653274e-01
9.219833081587399670e-01
9.157972004493289964e-01
9.093114598532918702e-01
9.025446191320877221e-01
8.955283662688116042e-01
8.883056674415569232e-01
8.809272890248580623e-01
8.734468462145700274e-01
8.659150556487770212e-01
8.583743300581044844e-01
8.508549597533672237e-01
8.433737879916759494e-01
8.359356237457893357e-01
8.285368977181787331e-01
8.211705136855751430e-01
8.138306391553277175e-01
8.065163411304479002e-01
7.992334097402374882e-01
7.919942649523731282e-01
7.848163447112053159e-01
7.777196976645447402e-01
7.707245773213738937e-01
7.638496550266606899e-01
7.571111160596241119e-01
7.505225216198567750e-01
7.440950635938229363e-01
7.378377988167953427e-01
7.317576088282551350e-01
7.258588840042990986e-01
7.201431437823019310e-01
7.146088826865154564e-01
7.092518555070310704e-01
7.040658363377573226e-01
6.990436961738191179e-01
6.941785276126866133e-01
6.894645431844573791e-01
6.848975659024085783e-01
6.804750559000607435e-01
6.761957172479969858e-01
6.720587837834191003e-01
6.680631091568063340e-01
6.642062078551083104e-01
6.604834115486974966e-01
6.568872975790939206e-01
6.534074964359843918e-01
6.500309008550264611e-01
6.467422109458712542e-01
6.435246883421500419e-01
6.403609719789259414e-01
6.372338254191680651e-01
6.341267281669261680e-01
6.310242756491502014e-01
6.279123980195839838e-01
6.247784324489558117e-01
6.216110823750944370e-01
6.184002803077115473e-01
6.151369589663031601e-01
6.118127464512657099e-01
6.084196347772895530e-01
6.049497063347794024e-01
6.013950105181785633e-01
5.977476471369559397e-01
5.940000456557253949e-01
5.901453623735996024e-01
5.861778838802609304e-01
5.820933370194624201e-01
5.778890511142271702e-01
5.735639718620565430e-01
5.691185648761762916e-01
5.645546594863644074e-01
5.598752730863483240e-01
5.550844350585585341e-01
5.501870109072637405e-01
5.451885204663524664e-01
5.400949492582156619e-01
5.349125626292058344e-01
5.296477397998560210e-01
5.243068447772709639e-01
5.188961443285267094e-01
5.134217747627057848e-01
5.078897535753924553e-01
5.023060302450211845e-01
4.966765705219565175e-01
4.910074672389980743e-01
4.853050662216418232e-01
4.795760890867252213e-01
4.738277285023827501e-01
4.680676894084782047e-01
4.623041543613911619e-01
4.565456629998593252e-01
4.508009124620563357e-01
4.450785031421177762e-01
4.393866674077809842e-01
4.337330237524616994e-01
4.281243937625943130e-01
4.225667057529122750e-01
4.170649909280743639e-01
4.116234604103622963e-01
4.062456386665010966e-01
4.009345231199586967e-01
3.956927411576463549e-01
3.905226826108887384e-01
3.854265953825389279e-01
3.804066413589675122e-01
3.754649168436108853e-01
3.706034452998016038e-01
3.658241502577491699e-01
3.611288139856324575e-01
3.565190247475204521e-01
3.519961139144119344e-01
3.475610848424197097e-01
3.432145380873750651e-01
3.389566009008869729e-01
3.347868712650442502e-01
3.307043865257640602e-01
3.267076235466622736e-01
3.227945320067632795e-01
3.189625966466710372e-01
3.152089197330991133e-01
3.115303130215796301e-01
3.079233893540151978e-01
3.043846470646585645e-01
3.009105442876221503e-01
2.974975636417640512e-01
2.941422695611961569e-01
2.908413603686303972e-01
2.875917154237900841e-01
2.843904352387721102e-01
2.812348704370709052e-01
2.781226347207508276e-01
2.750515979646132592e-01
2.720198579466709399e-01
2.690256923671825451e-01
2.660674958489409048e-01
2.631437088231003973e-01
2.602527461927080510e-01
2.573929334162824434e-01
2.545624564373381027e-01
2.517593300864868211e-01
2.489813875386237552e-01
2.462262913349067550e-01
2.434915644951388125e-01
2.407746384492847336e-01
2.380729130536114180e-01
2.353838230204792215e-01
2.327049048518231023e-01
2.300338588808591989e-01
2.273686021822650394e-01
2.247073096480640964e-01
2.220484421202888192e-01
2.193907618361503331e-01
2.167333364038544208e-01
2.140755330488228192e-01
2.114170050194775496e-01
2.087576719429073135e-01
2.060976957017524869e-01
2.034374531638962202e-01
2.007775068939862684e-01
1.981185748306654448e-01
1.954614998190717656e-01
1.928072198230168233e-01
1.901567395794157012e-01
1.875111043759503937e-01
1.848713765175291623e-01
1.822386148956642582e-01
1.796138578978051792e-01
1.769981097111573698e-01
1.743923299115982817e-01
1.717974261038637263e-01
1.692142493052506136e-01
1.666435917401486999e-01
1.640861867231571958e-01
1.615427103345422333e-01
1.590137846136261413e-01
1.564999820007689502e-01
1.540018307447149071e-01
1.515198209669254836e-01
1.490544110520524712e-01
1.466060340279128904e-01
1.441751036184263091e-01
1.417620197003381100e-01
1.393671729626191069e-01
1.369909486449028546e-01
1.346337293056599771e-01
1.322958966321734486e-01
1.299778323480730580e-01
1.276799183004909966e-01
1.254025358224123421e-01
1.231460644725113351e-01
1.209108802602432697e-01
1.186973534713477718e-01
1.165058462183179294e-01
1.143367098492967110e-01
1.121902823532335003e-01
1.100668858949277323e-01
1.079668245979932412e-01
1.058903826664200354e-01
1.038378228983591750e-01
1.018093856035062750e-01
9.980528789380818666e-02
9.782572328241102844e-02
9.587086150300723475e-02
9.394084845445965781e-02
9.203580618459235307e-02
9.015583285054792895e-02
8.830100262696886915e-02
8.647136557172860338e-02
8.466694749574708856e-02
8.288774991259562075e-02
8.113375016075359547e-02
7.940490179388343117e-02
7.770113532215380814e-02
7.602235936235308966e-02
7.436846221992703121e-02
7.273931388682200461e-02
7.113476840018592706e-02
6.955466647319392959e-02
6.799883828417892240e-02
6.646710629626759181e-02
6.495928797762608176e-02
6.347519830171141630e-02
6.201465192583881930e-02
6.057746497236644878e-02
5.916345636686527049e-02
5.777244871876965893e-02
5.640426875943562596e-02
5.505874737801483981e-02
5.373571931554739500e-02
5.243502259127628962e-02
5.115649774219375306e-02
4.989998695761214270e-02
4.866533318589751772e-02
4.745237928152511858e-02
4.626096724853723946e-02
4.509093762258920002e-02
4.394212901925340087e-02
4.281437786211792634e-02
4.170751829135299626e-02
4.062138224236393896e-02
3.955579967535800129e-02
3.851059893022613922e-02
3.748560717713933510e-02
3.648065093146252852e-02
3.549555660178395355e-02
3.453015104168214583e-02
3.358426207894740084e-02
3.265771899995534994e-02
3.175035297142404095e-02
3.086199738651033281e-02
2.999248812689025642e-02
2.914166373686193426e-02
2.830936550946846694e-02
2.749543748802884754e-02
2.669972638923793010e-02
2.592208145611472198e-02
2.516235425056261021e-02
2.442039839617125146e-02
2.369606928223690068e-02
2.298922373982235229e-02
2.229971970015465904e-02
2.162741584481148172e-02
2.097217125608867583e-02
2.033384507472803596e-02
1.971229617091872777e-02
1.910738283319775993e-02
1.851896247865483097e-02
1.794689138671424350e-02
1.739102445776371381e-02
1.685121499704683723e-02
1.632731452354890117e-02
1.581917260307242820e-02
1.532663670432751930e-02
1.484955207663691233e-02
1.438776164774576392e-02
1.394110594023293369e-02
1.350942300509843513e-02
1.309254837125040788e-02
1.269031500979031328e-02
1.230255331219681433e-02
1.192909108171105736e-02
1.156975353741321669e-02
1.122436333064551900e-02
1.089274057357935040e-02
1.057470287982159238e-02
1.027006541702534491e-02
9.978640971507687224e-03
9.700240024875671566e-03
9.434670842635996604e-03
9.181739574722451447e-03
8.941250367802910937e-03
8.713005489152594527e-03
8.496805461799426459e-03
8.292449210554855149e-03
8.099734218460538648e-03
7.918456693102010613e-03
7.748411742163670117e-03
7.589393557538892492e-03
7.441195607249463662e-03
7.303610834392923121e-03
7.176431862298195130e-03
7.059451205048119550e-03
6.952461482521248709e-03
6.855255639096880654e-03
6.767627165172620390e-03
6.689370320662208630e-03
6.620280359653263856e-03
6.560153755428479311e-03
6.508788425087306227e-03
6.465983953030786900e-03
6.431541812604571993e-03
6.405265585239594897e-03
6.386961176460502487e-03
6.376437028171512422e-03
6.373504326679521430e-03
6.377977205946691076e-03
6.389672945613208283e-03
6.408412163380157976e-03
6.434019001384324102e-03
6.466321306244747144e-03
6.505150802518537209e-03
