9.823063777767595053e-03
5.678491317196301263e-02
5.006277768455819760e-02
4.766652687213054906e-02
4.873375560415675600e-02
5.246313550787667229e-02
5.831942371806198011e-02
6.593728201040302550e-02
7.506196240249260465e-02
8.551115846666329512e-02
9.715058117761808665e-02
1.098783630116733634e-01
1.236150498099827383e-01
1.382970987616934933e-01
1.538725762577480283e-01
1.702982465293974013e-01
1.875375517795325742e-01
2.055591744767188700e-01
2.243359882191358345e-01
2.438442741756203513e-01
2.640631234858488163e-01
2.849739729738898775e-01
3.065602385671184482e-01
3.288070217829588415e-01
3.517008718517202204e-01
3.752295908818393810e-01
3.993820727954955352e-01
4.241481690851371389e-01
4.495185761033209659e-01
4.754847398072340470e-01
5.020387747712392601e-01
5.291733949529949799e-01
5.568818542081471756e-01
5.851578949407761909e-01
6.139957035844190170e-01
6.433898718456828592e-01
6.733353628361090637e-01
7.038274813662035445e-01
7.348618478022344025e-01
7.664343749817067453e-01
7.985412477649397323e-01
8.311789048697868498e-01
8.643440226853947861e-01
8.980335008112969586e-01
9.322444491013559542e-01
9.669741760277236198e-01
1.002220178202805734e+00
1.037980130921235755e+00
1.074251879601049176e+00
1.111033432022840994e+00
1.148322951274026504e+00
1.186118749320026033e+00
1.224419281136200244e+00
1.263223139336007383e+00
1.302529049246941906e+00
1.342335864384728072e+00
1.382642562287000221e+00
1.423448240668371945e+00
1.464752113868124983e+00
1.506553509560026871e+00
1.548851865699291119e+00
1.591646727687417995e+00
1.634937745733842318e+00
1.678724672396283868e+00
1.723007360288578260e+00
1.767785759938828694e+00
1.813059917789434206e+00
1.858829974326667189e+00
1.905096162333876908e+00
1.951858805258514851e+00
1.999118315686961411e+00
2.046875193924471592e+00
2.095130026670437573e+00
2.143883485791850951e+00
2.193136327184606049e+00
2.242889389727473315e+00
2.293143594320647072e+00
2.343899943009057907e+00
2.395159518193015646e+00
2.446923481918208410e+00
2.499193075247735596e+00
2.551969617716775662e+00
2.605254506865879893e+00
2.659049217851922275e+00
2.713355303136197438e+00
2.768174392248905047e+00
2.823508191625163644e+00
2.879358484511185257e+00
2.935727130938351692e+00
2.992616067756881826e+00
3.050027308729131637e+00
3.107962944674245165e+00
3.166425143656044661e+00
3.225416151211035309e+00
3.284938290598253818e+00
3.344993963071294818e+00
3.405585648154470402e+00
3.466715903910456920e+00
3.528387367187166390e+00
3.590602753829507332e+00
3.653364858834856843e+00
3.716676556435599021e+00
3.780540800091821474e+00
3.844960622370281467e+00
3.909939134690331386e+00
3.975479526908533678e+00
4.041585066726265829e+00
4.108259098888059846e+00
4.175505044151070599e+00
4.243326397997799759e+00
4.311726729064531582e+00
4.380709677266981572e+00
4.450278951593247712e+00
4.520438327538936818e+00
4.591191644165925290e+00
4.662542800768498807e+00
4.734495753111256811e+00
4.807054509243659624e+00
4.880223124863118933e+00
4.954005698218078457e+00
5.028406364552191476e+00
5.103429290074334546e+00
5.179078665468772158e+00
5.255358698940105988e+00
5.332273608809170895e+00
5.409827615675562029e+00
5.488024934172609726e+00
5.566869764321375591e+00
5.646366282542758519e+00
5.726518632346875748e+00
5.807330914748003003e+00
5.888807178455470748e+00
5.970951409879217131e+00
6.053767523031581277e+00
6.137259349365715266e+00
6.221430627622814846e+00
6.306284993765786773e+00
6.391825971052996991e+00
6.478056960343311133e+00
6.564981230697038761e+00
6.652601910341202185e+00
6.740921978098530332e+00
6.829944255321879432e+00
6.919671398432178933e+00
7.010105892107921122e+00
7.101250043206676743e+00
7.193105975466795421e+00
7.285675625042824066e+00
7.378960736936733156e+00
7.472962862348891733e+00
7.567683356984143295e+00
7.663123380344615043e+00
7.759283896027361571e+00
7.856165673009005701e+00
7.953769287948802003e+00
8.052095128473329311e+00
8.151143397426158899e+00
8.250914118068902070e+00
8.351407140154826436e+00
8.452622146878136178e+00
8.554558662592290474e+00
8.657216061277683394e+00
8.760593575665273747e+00
8.864690306937863085e+00
8.969505234951578032e+00
9.075037228874306194e+00
9.181285058168903390e+00
9.288247403816940917e+00
9.395922869726071269e+00
9.504309994215791590e+00
9.613407261475312993e+00
9.723213112962415750e+00
9.833725958627507424e+00
9.944944187885045750e+00
1.005686618030176405e+01
1.016949031588255181e+01
1.028281498493739221e+01
1.039683859746506833e+01
1.051155959199177481e+01
1.062697644385251117e+01
1.074308767285749333e+01
1.085989185032644855e+01
1.097738760547743020e+01
1.109557363114151407e+01
1.121444868881532919e+01
1.133401161301278215e+01
1.145426131495550237e+01
1.157519678560189469e+01
1.169681709801329106e+01
1.181912140906581854e+01
1.194210896057698967e+01
1.206577907980071984e+01
1.219013117937280377e+01
1.231516475671719490e+01
1.244087939292981559e+01
1.256727475120111492e+01
1.269435057479292972e+01
1.282210668461394221e+01
1.295054297640547247e+01
1.307965941765555762e+01
1.320945604416013808e+01
1.333993295636909515e+01
1.347109031550293778e+01
1.360292833950000890e+01
1.373544729882245186e+01
1.386864751214947589e+01
1.400252934199831500e+01
1.413709319031241662e+01
1.427233949403232671e+01
1.440826872068291564e+01
1.454488136401127818e+01
1.468217793966330298e+01
1.482015898099143136e+01
1.495882503491607629e+01
1.509817665794926889e+01
1.523821441234027674e+01
1.537893886234231644e+01
1.552035057067825008e+01
1.566245009514393161e+01
1.580523798539136138e+01
1.594871477986474062e+01
1.609288100294876500e+01
1.623773716227282193e+01
1.638328374620334316e+01
1.652952122150322722e+01
1.667645003119112701e+01
1.682407059256731685e+01
1.697238329541837132e+01
1.712138850038447302e+01
1.727108653748912204e+01
1.742147770487381564e+01
1.757256226762492801e+01
1.772434045682615533e+01
1.787681246869944829e+01
1.802997846391729553e+01
1.818383856704513235e+01
1.833839286610179542e+01
1.849364141222970659e+01
1.864958421950877110e+01
1.880622126479692824e+01
1.896355248774413127e+01
1.912157779082053466e+01
1.928029703942134532e+01
1.943971006204107255e+01
1.959981665048768207e+01
1.976061656011827949e+01
1.992210951010092046e+01
2.008429518368778588e+01
2.024717322847618206e+01
2.041074325669682210e+01
2.057500484543541575e+01
2.073995753686144283e+01
2.090560083841522143e+01
2.107193422295311080e+01
2.123895712884974785e+01
2.140666896006585773e+01
2.157506908613763841e+01
2.174415684212094035e+01
2.191393152852641535e+01
2.208439241113639895e+01
2.225553872080568496e+01
2.242736965319969045e+01
2.259988436850650473e+01
2.277308199107904230e+01
2.294696160904883442e+01
2.312152227390293291e+01
2.329676300003516687e+01
2.347268276423859845e+01
2.364928050524740044e+01
2.382655512319863789e+01
2.400450547910613608e+01
2.418313039431964739e+01
2.436242864999367086e+01
2.454239898658566688e+01
2.472304010330359247e+01
2.490435065761620237e+01
2.508632926476255420e+01
2.526897449728010514e+01
2.545228488456133675e+01
2.563625891244626587e+01
2.582089502277356985e+01
2.600619161310241978e+01
2.619214703629051755e+01
2.637875960024519983e+01
2.656602756762367079e+01
2.675394915558406694e+01
2.694252253558296673e+01
2.713174583319683819e+01
2.732161712792622765e+01
2.751213445309484129e+01
2.770329579577628465e+01
2.789509909665648379e+01
2.808754225004378569e+01
2.828062310381340438e+01
2.847433945943164701e+01
2.866868907199527428e+01
2.886366965026427778e+01
2.905927885680493361e+01
2.925551430806472197e+01
2.945237357452210603e+01
2.964985418092357250e+01
2.984795360645707163e+01
3.004666928503552015e+01
3.024599860559855102e+01
3.044593891244247530e+01
3.064648750564169433e+01
3.084764164148040422e+01
3.104939853294115082e+01
3.125175535024609275e+01
3.145470922151675452e+01
3.165825723338567954e+01
3.186239643176034875e+01
3.206712382263632577e+01
3.227243637293111078e+01
3.247833101142987999e+01
3.268480462978385503e+01
3.289185408359121254e+01
3.309947619352031012e+01
3.330766774648110129e+01
3.351642549693609396e+01
3.372574616818074844e+01
3.393562645376519527e+01
3.414606301887710771e+01
3.435705250190485316e+01
3.456859151588473367e+01
3.478067665015254306e+01
3.499330447191517379e+01
3.520647152792934520e+01
3.542017434614220406e+01
3.563440943742443068e+01
3.584917329728119739e+01
3.606446240755780508e+01
3.628027323821425654e+01
3.649660224903941952e+01
3.671344589139620496e+01
3.693080060994168434e+01
3.714866284442013722e+01
3.736702903128735187e+01
3.758589560549792452e+01
3.780525900208768064e+01
3.802511565791601100e+01
3.824546201323445160e+01
3.846629451333996030e+01
3.868760961009630961e+01
3.890940376356541464e+01
3.913167344338529574e+01
3.935441513033659788e+01
3.957762531776156578e+01
3.980130051292207582e+01
4.002543723834627087e+01
4.025003203317582745e+01
4.047508145436851379e+01
4.070058207795446492e+01
4.092653050015570670e+01
4.115292333853304996e+01
4.137975723300402819e+01
4.160702884685825609e+01
4.183473486773418415e+01
4.206287200852586494e+01
4.229143700819069807e+01
4.252042663255178923e+01
4.274983767505398191e+01
4.297966695746502808e+01
4.320991133047512989e+01
4.344056767427292698e+01
4.367163289911321300e+01
4.390310394572654928e+01
4.413497778580055808e+01
4.436725142227235352e+01
4.459992188970821303e+01
4.483298625444218999e+01
4.506644161490093126e+01
4.530028510162284761e+01
4.553451387741008460e+01
4.576912513731535626e+01
4.600411610851254096e+01
4.623948405029521069e+01
4.647522625382325145e+01
4.671134004186163935e+01
4.694782276842916247e+01
4.718467181850376591e+01
4.742188460742617195e+01
4.765945858039269467e+01
4.789739121175175285e+01
4.813568000445363282e+01
4.837432248906956289e+01
4.861331622300311039e+01
4.885265878953992313e+01
4.909234779673618476e+01
4.933238087638783043e+01
4.957275568273784216e+01
4.981346989126312508e+01
5.005452119726685112e+01
5.029590731445092189e+01
5.053762597345654228e+01
5.077967492023365281e+01
5.102205191441349541e+01
5.126475472765106645e+01
5.150778114177504108e+01
5.175112894706520450e+01
5.199479594033230256e+01
5.223877992308401730e+01
5.248307869952090954e+01
5.272769007453966594e+01
5.297261185181515231e+01
5.321784183162463222e+01
5.346337780899488479e+01
5.370921757143837283e+01
5.395535889704447641e+01
5.420179955228726953e+01
5.444853728999012787e+01
5.469556984730860449e+01
5.494289494356672066e+01
5.519051027832176715e+01
5.543841352931784172e+01
5.568660235037236816e+01
5.593507436960818069e+01
5.618382718730551062e+01
5.643285837416711814e+01
5.668216546939086697e+01
5.693174597880754817e+01
5.718159737318977420e+01
5.743171708641995821e+01
5.768210251391411703e+01
5.793275101091109036e+01
5.818365989094499469e+01
5.843482642428796936e+01
5.868624783650033550e+01
5.893792130694431819e+01
5.918984396752873067e+01
5.944201290131077542e+01
5.969442514119266008e+01
5.994707766885740341e+01
6.019996741345001823e+01
6.045309125044684606e+01
6.070644600074526664e+01
6.096002842939348199e+01
6.121383524474019566e+01
6.146786309742447685e+01
6.172210857938608797e+01
6.197656822302822377e+01
6.223123850025641701e+01
6.248611582172060253e+01
6.274119653586183887e+01
6.299647692811793576e+01
6.325195322022858591e+01
6.350762156929215507e+01
6.376347806709831900e+01
6.401951873935654191e+01
6.427573954492152097e+01
6.453213637508345357e+01
6.478870505292502457e+01
6.504544133256200666e+01
6.530234089852625345e+01
6.555939936515969180e+01
6.581661227602603503e+01
6.607397510328588908e+01
6.633148324724216138e+01
6.658913203590509511e+01
6.684691672455103628e+01
6.710483249540716599e+01
6.736287445741493229e+01
6.762103764604171374e+01
6.787931702313521498e+01
6.813770747712734988e+01
6.839620382309801983e+01
6.865480080292303455e+01
6.891349308595299306e+01
6.917227526938106053e+01
6.943114187902791912e+01
6.969008737018938859e+01
6.994910612877581002e+01
7.020819247253682249e+01
7.046734065256710267e+01
7.072654485484882514e+01
7.098579920233406426e+01
7.124509775675528545e+01
7.150443452118011578e+01
7.176380344236876851e+01
7.202319841357321195e+01
7.228261327747661369e+01
7.254204182932370770e+01
7.280147782028753056e+01
7.306091496115695350e+01
7.332034692578854163e+01
7.357976735531126167e+01
7.383916986194959975e+01
7.409854803345601226e+01
7.435789543726754403e+01
7.461720562494754461e+01
7.487647213684446967e+01
7.513568850660861642e+01
7.539484826580252275e+01
7.565394494862461272e+01
7.591297209659370537e+01
7.617192326312280670e+01
7.643079201836029313e+01
7.668957195358261458e+01
7.694825668581923139e+01
7.720683986228370088e+01
7.746531516482038171e+01
7.772367631405167288e+01
7.798191707346926194e+01
7.824003125362786193e+01
7.849801271585627660e+01
7.875585537602653119e+01
7.901355320816480798e+01
7.927110024787738496e+01
7.952849059546851151e+01
7.978571841932919995e+01
8.004277795860826927e+01
8.029966352610421154e+01
8.055636951092196796e+01
8.081289038080227272e+01
8.106922068448795926e+01
8.132535505371417628e+01
8.158128820524306946e+01
8.183701494251037900e+01
8.209253015718638835e+01
8.234782883052606905e+01
8.260290603462119918e+01
8.285775693305117784e+01
8.311237678197574041e+01
8.336676093029554124e+01
8.362090482006298942e+01
8.387480398641046975e+01
8.412845405726613990e+01
8.438185075278461511e+01
8.463498988458552219e+01
8.488786735452499954e+01
8.514047915322447579e+01
8.539282135852566569e+01
8.564489013321700384e+01
8.589668172270616253e+01
8.614819245245526247e+01
8.639941872490619801e+01
8.665035701612612229e+01
8.690100387242900126e+01
8.715135590638658414e+01
8.740140979282291767e+01
8.765116226435068825e+01
8.790061010693216303e+01
8.814975015493591570e+01
8.839857928641401941e+01
8.864709441776679455e+01
8.889529249871198147e+01
8.914317050682923593e+01
8.939072544225946615e+01
8.963795432219423276e+01
8.988485417567869717e+01
9.013142203795736407e+01
9.037765494550052381e+01
9.062354993073319065e+01
9.086910401717338459e+01
9.111431421466852498e+01
9.135917751509663276e+01
9.160369088829496320e+01
9.184785127853255915e+01
9.209165560134196937e+01
9.233510074089204522e+01
9.257818354820960849e+01
9.282090083972245509e+01
9.306324939685434572e+01
9.330522596613924691e+01
9.354682726035365192e+01
9.378804996013576556e+01
9.402889071704016999e+01
9.426934615673313544e+01
9.450941288362686521e+01
9.474908748589453467e+01
9.498836654155044812e+01
9.522724662498266923e+01
9.546572431416828408e+01
9.570379619836469942e+01
9.594145888636552399e+01
9.617870901462920585e+01
9.641554325621575572e+01
9.665195832879213356e+01
9.688795100353225109e+01
9.712351811285903125e+01
9.735865655836917654e+01
9.759336331768500372e+01
9.782763545110908865e+01
9.806147010691105947e+01
9.829486452613393510e+01
9.852781604596206932e+01
9.876032210220745355e+01
9.899238023033292677e+01
9.922398806545054128e+01
9.945514334074383100e+01
9.968584388468119073e+01
9.991608761678941164e+01
1.001458725423054545e+02
1.003751967451918006e+02
1.006040583800791381e+02
1.008324556632361322e+02
1.010603868619877375e+02
1.012878502836747572e+02
1.015148442632737016e+02
1.017413671504675960e+02
1.019674172962478451e+02
1.021929930384950609e+02
1.024180926877436093e+02
1.026427145122162585e+02
1.028668567227600192e+02
1.030905174580784660e+02
1.033136947693970882e+02
1.035363866057834912e+02
1.037585907994780001e+02
1.039803050513644678e+02
1.042015269173315204e+02
1.044222537948008522e+02
1.046424829098763496e+02
1.048622113055589296e+02
1.050814358306052725e+02
1.053001531293722195e+02
1.055183596328432998e+02
1.057360515511844170e+02
1.059532248673569370e+02
1.061698753325090649e+02
1.063859984627878958e+02
1.066015895382878398e+02
1.068166436033437066e+02
1.070311554689315159e+02
1.072451197165393353e+02
1.074585307039557449e+02
1.076713825725024236e+02
1.078836692555582317e+02
1.080953844882871948e+02
1.083065218180163782e+02
1.085170746154234394e+02
1.087270360855438156e+02
1.089363992792987545e+02
1.091451571038462873e+02
1.093533023328371740e+02
1.095608276157849446e+02
1.097677254859992928e+02
1.099739883680688877e+02
1.101796085838909960e+02
1.103845783580664204e+02
1.105888898222847558e+02
1.107925350194379064e+02
1.109955059074342785e+02
1.111977943630416661e+02
1.113993921862521290e+02
1.116002911053440556e+02
1.118004827826242149e+02
1.119999588215184616e+02
1.121987107746668357e+02
1.123967301534620589e+02
1.125940084385349564e+02
1.127905370910303446e+02
1.129863075653155704e+02
1.131813113214645057e+02
1.133755398385556248e+02
1.135689846272515240e+02
1.137616372428286269e+02
1.139534892966442357e+02
1.141445324674456288e+02
1.143347585110795706e+02
1.145241592694375043e+02
1.147127266776291776e+02
1.149004527703590384e+02
1.150873296867024749e+02
1.152733496736626648e+02
1.154585050887534550e+02
1.156427884014794358e+02
1.158261921938022851e+02
1.160087091601438090e+02
1.161903321065016286e+02
1.163710539500407037e+02
1.165508677182888420e+02
1.167297665490788177e+02
1.169077436916692960e+02
1.170847925096306312e+02
1.172609064854410548e+02
1.174360792280238570e+02
1.176103044830736621e+02
1.177835761465223499e+02
1.179558882813327756e+02
1.181272351366891087e+02
1.182976111697905992e+02
1.184670110684214706e+02
1.186354297741900865e+02
1.188028625040120261e+02
1.189693047690573877e+02
1.191347523896087353e+02
1.192992015038760911e+02
1.194626485706542667e+02
1.196250903637058514e+02
1.197865239583318129e+02
1.199469467099156219e+02
1.201063562246267082e+02
1.202647503228500909e+02
1.204221269977790456e+02
1.205784843695408313e+02
1.207338206381480887e+02
1.208881340361134846e+02
1.210414227846575983e+02
1.211936850550753491e+02
1.213449189370889769e+02
1.214951224172708919e+02
1.216442933675488121e+02
1.217924295454342172e+02
1.219395286049329599e+02
1.220855881173358455e+02
1.222306055992911809e+02
1.223745785456573145e+02
1.225175044625678851e+02
1.226593808971901467e+02
1.228002054602027187e+02
1.229399758369081326e+02
1.230786897847658850e+02
1.232163451162444971e+02
1.233529396659802018e+02
1.234884712457610760e+02
1.236229375880900818e+02
1.237563362843936687e+02
1.238886647217388060e+02
1.240199200236809816e+02
1.241500989995649604e+02
1.242791981072341798e+02
1.244072134314593541e+02
1.245341406803768365e+02
1.246599752002972394e+02
1.247847120075137610e+02
1.249083458351079372e+02
1.250308711912038859e+02
1.251522824245846124e+02
1.252725737927591751e+02
1.253917395280286797e+02
1.255097738975161406e+02
1.256266712532503504e+02
1.257424260702424448e+02
1.258570329720874810e+02
1.259704867441954406e+02
1.260827823369070728e+02
1.261939148608504979e+02
1.263038795789327224e+02
1.264126718959511635e+02
1.265202873487375399e+02
1.266267215963793262e+02
1.267319704086197305e+02
1.268360296487762611e+02
1.269388952461117270e+02
1.270405631534503641e+02
1.271410292857333815e+02
1.272402894392261885e+02
1.273383391940878795e+02
1.274351738089563071e+02
1.275307881187444963e+02
1.276251764543826823e+02
1.277183326012563214e+02
1.278102498151589401e+02
1.279009209090233838e+02
1.279903384167701148e+02
1.280784948312673350e+02
1.281653829018510748e+02
1.282509959676931430e+02
1.283353282965090045e+02
1.284183753944848263e+02
1.285001342567702523e+02
1.285806035343206304e+02
1.286597836029680479e+02
1.287376765326347652e+02
1.288142859640846325e+02
1.288896169077719094e+02
1.289636754809700960e+02
1.290364685988104156e+02
1.291080036300834024e+02
1.291782880237305733e+02
1.292473289100563250e+02
1.293151326805915744e+02
1.293817045571686322e+02
1.294470481702620646e+02
1.295111651778965722e+02
1.295740549682450080e+02
1.296357144960238656e+02
1.296961383009501674e+02
1.297553187468683689e+02
1.298132464986173318e+02
1.298699112204589028e+02
1.299253024456799892e+02
1.299794105284887848e+02
1.300322275641462113e+02
1.300837481506655422e+02
1.301339698772886209e+02
1.301828934594581142e+02
1.302305224896368827e+02
1.302768628347905633e+02
1.303219217665682379e+02
1.303657069490786853e+02
1.304082254218745049e+02
1.304494827047620618e+02
1.304894821140743488e+02
1.305282243352855289e+02
1.305657072501876712e+02
1.306019259858555301e+02
1.306368731364045743e+02
1.306705391150665037e+02
1.307029126093154048e+02
1.307339811325852281e+02
1.307637316741508755e+02
1.307921514432992467e+02
1.308192286764773371e+02
1.308449534366800435e+02
1.308693182954609995e+02
1.308923187649819226e+02
1.309139533549533780e+02
1.309342231791501092e+02
1.309531311162139389e+02
1.309706806323152648e+02
1.309868744640906471e+02
1.310017134198110966e+02
1.310151955577638603e+02
1.310273159435646448e+02
1.310380670747829015e+02
1.310474399241968229e+02
1.310554254165226382e+02
1.310620160476933904e+02
1.310672072953246925e+02
1.310709984596383606e+02
1.310733926139295988e+02
1.310743954340518371e+02
1.310740128286306572e+02
1.310722475169525580e+02
1.310690949899588134e+02
1.310645395961693396e+02
1.310585517211851823e+02
1.310510870584209044e+02
1.310420886986817379e+02
1.310314921896903400e+02
1.310192329443057133e+02
1.310052546286535460e+02
1.309895167116353321e+02
1.309719993996567382e+02
1.309527047645666187e+02
1.309316538528026683e+02
1.309088806432618810e+02
1.308844245593570577e+02
1.308583235740348982e+02
1.308306096694696521e+02
1.308013076278450342e+02
1.307704370783785350e+02
1.307380167395267279e+02
1.307040691645354400e+02
1.306686241943549476e+02
1.306317197474166107e+02
1.305933993578673551e+02
1.305537067433150469e+02
1.305126783646712738e+02
1.304703352837767341e+02
1.304266756542688483e+02
1.303816690713041169e+02
1.303352539357771605e+02
1.302873389794654599e+02
1.302378099392267359e+02
1.301865417241970988e+02
1.301334151190525290e+02
1.300783353460628575e+02
1.300212483710168385e+02
1.299621505332087850e+02
1.299010884082427424e+02
1.298381485282154415e+02
1.297734396939966643e+02
1.297070728577198508e+02
1.296391440230431726e+02
1.295697242177152191e+02
1.294988580135477889e+02
1.294265693553299457e+02
1.293528714715729961e+02
1.292777767909135207e+02
1.292013030421097994e+02
1.291234728683487845e+02
1.290443061205587014e+02
1.289638063035132234e+02
1.288819450326483036e+02
1.287986501442667020e+02
1.287138034437625436e+02
1.286272523366898781e+02
1.285388357463159252e+02
1.284484197157858603e+02
1.283559336656617234e+02
1.282613964041399868e+02
1.281649228546338861e+02
1.280667077513313075e+02
1.279669893975300567e+02
1.278660024515283027e+02
1.277639315648074927e+02
1.276608768548949939e+02
1.275568383626347782e+02
1.274517213032684282e+02
1.273453585574029461e+02
1.272375426927449524e+02
1.271280581282656357e+02
1.270167059820410458e+02
1.269033194290037585e+02
1.267877732607827568e+02
1.266699935858115396e+02
1.265499700466871644e+02
1.264277659073661511e+02
1.263035162879718740e+02
1.261774058027363026e+02
1.260496238162239422e+02
1.259203053655717355e+02
1.257894749427676544e+02
1.256570153568132042e+02
1.255226808435155590e+02
1.253861598474885994e+02
1.252471715409646293e+02
1.251055614330301182e+02
1.249613573114131100e+02
1.248147619282202498e+02
1.246660861619933058e+02
1.245156511188673107e+02
1.243636971306757033e+02
1.242103290685273578e+02
1.240555084076743242e+02
1.238990846059811162e+02
1.237408492767624040e+02
1.235805965307280303e+02
1.234181767820911517e+02
1.232535345300008771e+02
1.230867224111618157e+02
1.229178870698981285e+02
1.227472296228734905e+02
1.225749527863097939e+02
1.224012118721116735e+02
1.222260830589599720e+02
1.220495523091448717e+02
1.218715208704766582e+02
1.216918240161943743e+02
1.215102639518497938e+02
1.213266562891009244e+02
1.211408800174153697e+02
1.209529121105284020e+02
1.207628298435005547e+02
1.205707780051575781e+02
1.203769169913498303e+02
1.201813805815582015e+02
1.199842697782337524e+02
1.197856884680006146e+02
1.195857973291419114e+02
1.193848448555750679e+02
1.191831451194244949e+02
1.189810064995041330e+02
1.187786491580038017e+02
1.185761571019874197e+02
1.183734902733259702e+02
1.181705508812388530e+02
1.179672742551100271e+02
1.177637030746120672e+02
1.175600046762279618e+02
1.173564090893626854e+02
1.171530825590198361e+02
1.169499914985632500e+02
1.167468267942158064e+02
1.165430341415057995e+02
1.163379473622053837e+02
1.161309768279729724e+02
1.159217828464522455e+02
1.157103672795080769e+02
1.154970422617442978e+02
1.152822779817028618e+02
1.150664826380461960e+02
1.148498075278248791e+02
1.146320721757988110e+02
1.144128521169151327e+02
1.141916835568726754e+02
1.139682693911808400e+02
1.137425730811443430e+02
1.135147634878964311e+02
1.132850697460377347e+02
1.130536520085006771e+02
1.128205645523173359e+02
1.125858139452665085e+02
1.123494552280078409e+02
1.121116604273021835e+02
1.118727284159640476e+02
1.116330471780539142e+02
1.113930395581152482e+02
1.111531173876769856e+02
1.109136494167520652e+02
1.106749311417545130e+02
1.104371427353900543e+02
1.102003014350297434e+02
1.099642428144842512e+02
1.097286658482043578e+02
1.094932291240987468e+02
1.092576261506444553e+02
1.090215684448891835e+02
1.087846886817027610e+02
1.085464671865424151e+02
1.083062805352954285e+02
1.080635632019388623e+02
1.078179690271221745e+02
1.075694221514468865e+02
1.073180439926398435e+02
1.070640313036840752e+02
1.068075681285483967e+02
1.065488024135583061e+02
1.062878691213615099e+02
1.060249251147245673e+02
1.057601653448951993e+02
1.054938036885620960e+02
1.052260260636372635e+02
1.049569494714702955e+02
1.046866260729946987e+02
1.044151050621420040e+02
1.041425229217608148e+02
1.038691670903717892e+02
1.035954729392364015e+02
1.033219624979231241e+02
1.030491757498761700e+02
1.027776380742307509e+02
1.025078520680161347e+02
1.022402608782114726e+02
1.019751652303669829e+02
1.017126601112579323e+02
1.014526802205503913e+02
1.011951473930883481e+02
1.009400911682250239e+02
1.006876192683955509e+02
1.004377654886718005e+02
1.001903738546906055e+02
9.994513452235035800e+01
9.970171911142611521e+01
9.945986846623041799e+01
9.921936345791627332e+01
9.897994641715484931e+01
9.874129076641553127e+01
9.850302893163055273e+01
9.826477661175549372e+01
9.802612036119504069e+01
9.778660453421396426e+01
9.754576254580916839e+01
9.730318299696868678e+01
9.705856198873252083e+01
9.681171346629328411e+01
9.656255396384827350e+01
9.631109172988861644e+01
9.605742479415482649e+01
9.580172417709381705e+01
9.554418184990643681e+01
9.528493789939955150e+01
9.502403397907410465e+01
9.476143461041536398e+01
9.449711220444021365e+01
9.423114472358069804e+01
9.396377052339016700e+01
9.369538523820662590e+01
9.342650629577298105e+01
9.315772979793464970e+01
9.288967296639373217e+01
9.262288615868610009e+01
9.235775820414997384e+01
9.209448263767676224e+01
9.183313100284489394e+01
9.157379277784802696e+01
9.131667683786420753e+01
9.106210307065435927e+01
9.081041255027849957e+01
9.056188215041903788e+01
9.031668810626638333e+01
9.007488246021104317e+01
8.983632764262331705e+01
8.960060149229025228e+01
8.936695815858986691e+01
8.913441659083569846e+01
8.890194774458289828e+01
8.866864315590622425e+01
8.843376402811344406e+01
8.819667698874300754e+01
8.795677478620547163e+01
8.771347368408673617e+01
8.746629300818815977e+01
8.721494572340007778e+01
8.695936672756830887e+01
8.669966366316057815e+01
8.643603147779769813e+01
8.616868376553129849e+01
8.589782814002059297e+01
8.562368258479865801e+01
8.534651526444309866e+01
8.506668800959947419e+01
8.478468263604148092e+01
8.450108928152904753e+01
8.421654826968003249e+01
8.393166693011433210e+01
8.364696133667995070e+01
8.336286502759820394e+01
8.307979310934014450e+01
8.279819679529065013e+01
8.251855329831258246e+01
8.224130861301338768e+01
8.196684581397889247e+01
8.169551923912281666e+01
8.142770881007672301e+01
8.116381370478035251e+01
8.090416914708755769e+01
8.064896234785595652e+01
8.039823510451248012e+01
8.015197481925011402e+01
7.991020623008100188e+01
7.967299779631535728e+01
7.944038284781746029e+01
7.921227377363710787e+01
7.898844289327087154e+01
7.876857183840850496e+01
7.855231024240978854e+01
7.833928901953302670e+01
7.812908650241857345e+01
7.792118893613707087e+01
7.771498490677294058e+01
7.750980052803387821e+01
7.730495478493446626e+01
7.709981039298445182e+01
7.689380600840462421e+01
7.668646532473223942e+01
7.647738389787154745e+01
7.626620090227743276e+01
7.605257197964692750e+01
7.583616355008555843e+01
7.561667956654270029e+01
7.539390915072139876e+01
7.516776147478510950e+01
7.493825199356464850e+01
7.470543107659240434e+01
7.446928917090416178e+01
7.422970054857616162e+01
7.398645424657922831e+01
7.373936932480914663e+01
7.348843646934744811e+01
7.323390873524978417e+01
7.297629428305985755e+01
7.271626117026856662e+01
7.245450877272359946e+01
7.219166467030868262e+01
7.192823450573449406e+01
7.166459628337408105e+01
7.140101776820921486e+01
7.113768592138529812e+01
7.087474807448651859e+01
7.061236014581012910e+01
7.035072608232333380e+01
7.009011301645425362e+01
6.983084135524849501e+01
6.957326273291280927e+01
6.931773758263575758e+01
6.906461207513152090e+01
6.881418722759966045e+01
6.856668042769325666e+01
6.832219475920287266e+01
6.808071856496225394e+01
6.784216627955829892e+01
6.760644678975417321e+01
6.737352545763459943e+01
6.714344706346142289e+01
6.691630979681599456e+01
6.669220850060260375e+01
6.647117908395543395e+01
6.625316835559097228e+01
6.603803358851408234e+01
6.582555959351699926e+01
6.561547758813179598e+01
6.540747784779277652e+01
6.520121786075732473e+01
6.499633141660477520e+01
6.479244038479515666e+01
6.458916488788717913e+01
6.438612581746146191e+01
6.418293908547539672e+01
6.397920988371237883e+01
6.377453915268495876e+01
6.356854735186538363e+01
6.336090590972268899e+01
6.315135708243055745e+01
6.293970945045740706e+01
6.272581565400929549e+01
6.250955359665904609e+01
6.229082695975665729e+01
6.206957991938300978e+01
6.184580587479592140e+01
6.161953671363544771e+01
6.139082032910666697e+01
6.115970704463861551e+01
6.092625704896735073e+01
6.069056078120797082e+01
6.045275340548139553e+01
6.021301250609801770e+01
5.997154465749684960e+01
5.972857451603483980e+01
5.948434334767728160e+01
5.923911129302730671e+01
5.899315228783265752e+01
5.874673702141425480e+01
5.850011091068089542e+01
5.825348015201613094e+01
5.800701436876509121e+01
5.776086312463982608e+01
5.751517451922935464e+01
5.727010365682042448e+01
5.702580642650212184e+01
5.678242359934186823e+01
5.654006541503952121e+01
5.629880553446631808e+01
5.605868793525267790e+01
5.581974490118668086e+01
5.558202093105921904e+01
5.534559612915428772e+01
5.511060257633905479e+01
5.487722815140590882e+01
5.464570491311211242e+01
5.441628378763405038e+01
5.418920282109179709e+01
5.396466004067494993e+01
5.374280122012753225e+01
5.352372657168826464e+01
5.330751082212429992e+01
5.309422327032427802e+01
5.288393336143207080e+01
5.267669479926451004e+01
5.247251384011020292e+01
5.227131809621195657e+01
5.207294442658112388e+01
5.187715651496714742e+01
5.168368861064364239e+01
5.149229903082666482e+01
5.130281178219704685e+01
5.111512928445487347e+01
5.092921121218301295e+01
5.074502835474537221e+01
5.056250998511504946e+01
5.038150442214811164e+01
5.020176519947985128e+01
5.002296362194847745e+01
4.984471847800177358e+01
4.966662962820868188e+01
4.948830460562140132e+01
4.930937343336693601e+01
4.912949288445856411e+01
4.894834494731831853e+01
4.876563477929722268e+01
4.858109165336839652e+01
4.839447349075779670e+01
4.820557275116629370e+01
4.801421987318833828e+01
4.782028089193395459e+01
4.762364823677836512e+01
4.742422697105010343e+01
4.722192131223901868e+01
4.701662690484396023e+01
4.680823264991020949e+01
4.659663255491273048e+01
4.638174437337846001e+01
4.616352924892148479e+01
4.594200622557537628e+01
4.571725743824436705e+01
4.548942312943948707e+01
4.525868887090186377e+01
4.502526925026205618e+01
4.478939236033652094e+01
4.455128811405259626e+01
4.431118159012570601e+01
4.406929113087116434e+01
4.382583016741362769e+01
4.358101163244765530e+01
4.333505394374809327e+01
4.308818754146807350e+01
4.284066075300765419e+01
4.259274353945504998e+01
4.234472776488427570e+01
4.209692323885558807e+01
4.184964987958371552e+01
4.160322762383610495e+01
4.135796667869074383e+01
4.111416087075055259e+01
4.087208592367884563e+01
4.063200265303795078e+01
4.039416298474483114e+01
4.015881535561023696e+01
3.992620622821257825e+01
3.969657622010044662e+01
3.947015188044857581e+01
3.924713609490580524e+01
3.902770039954130965e+01
3.881198106272962889e+01
3.860007863229654390e+01
3.839205911590899234e+01
3.818795489157198375e+01
3.798776460833786928e+01
3.779145272687339485e+01
3.759894997333270084e+01
3.741015554014335720e+01
3.722494086367861144e+01
3.704315404384952615e+01
3.686462393530817394e+01
3.668916351629232508e+01
3.651657279440696158e+01
3.634664173969791534e+01
3.617915342708884197e+01
3.601388701368145462e+01
3.585061982366667621e+01
3.568912795259641513e+01
3.552918539322910618e+01
3.537056240434802135e+01
3.521302429004205692e+01
3.505633168046814063e+01
3.490024282539758360e+01
3.474451759904039250e+01
3.458892223962045875e+01
3.443323359498998570e+01
3.427724189211060235e+01
3.412075164341050026e+01
3.396358097021975908e+01
3.380556009959996544e+01
3.364652993591325014e+01
3.348634143636427041e+01
3.332485615465068918e+01
3.316194791516314666e+01
3.299750526700179876e+01
3.283143420080556751e+01
3.266366059417521228e+01
3.249413194595589971e+01
3.232281811802754845e+01
3.214971098253732151e+01
3.197482304283055399e+01
3.179818524215098208e+01
3.161984428410426062e+01
3.143985985627799096e+01
3.125830215790826827e+01
3.107525007240401749e+01
3.089079018753577088e+01
3.070501666498501336e+01
3.051803173436800165e+01
3.032994639662386049e+01
3.014088083071575497e+01
2.995096405275829454e+01
2.976033257870746240e+01
2.956912814422201663e+01
2.937749485076786726e+01
2.918557633624149616e+01
2.899351363405148518e+01
2.880144425753409365e+01
2.860950275728842129e+01
2.841782262514524504e+01
2.822653906110181055e+01
2.803579187132566730e+01
2.784572768842877721e+01
2.765650081610807121e+01
2.746827227282047446e+01
2.728120697955402107e+01
2.709546942253357926e+01
2.691121843416915027e+01
2.672860190635315547e+01
2.654775224139582335e+01
2.636878316787460363e+01
2.619178825001744570e+01
2.601684107945867908e+01
2.584399683791620816e+01
2.567329472233449650e+01
2.550476065995442454e+01
2.533840980432982093e+01
2.517424845943238054e+01
2.501227527943375861e+01
2.485248178506299510e+01
2.469485238342356226e+01
2.453936415289922124e+01
2.438598665242491137e+01
2.423468194741172610e+01
2.408540493873969268e+01
2.393810396676963492e+01
2.379272157224136919e+01
2.364919524946196816e+01
2.350745803551878765e+01
2.336743883443300973e+01
2.322906245955861237e+01
2.309224946552494728e+01
2.295691590942488958e+01
2.282297321210159780e+01
2.269032827924727869e+01
2.255888399304035374e+01
2.242854011251059987e+01
2.229919454219406916e+01
2.217074486124233701e+01
2.204308996292760625e+01
2.191613164282563631e+01
2.178977599268859322e+01
2.166393449821977768e+01
2.153852479126133801e+01
2.141347105829536446e+01
2.128870414767775543e+01
2.116416144251399345e+01
2.103978657354028670e+01
2.091552904045401462e+01
2.079134379575107872e+01
2.066719082819237840e+01
2.054303476792984995e+01
2.041884452453497900e+01
2.029459296339826935e+01
2.017025662433615096e+01
2.004581548679012215e+01
1.992125278725696802e+01
1.979655489408448332e+01
1.967171124271617444e+01
1.954671432967598221e+01
1.942155975748821461e+01
1.929624631618403185e+01
1.917077608136882105e+01
1.904515450556711542e+01
1.891939047907944271e+01
1.879349633967979827e+01
1.866748781613376096e+01
1.854138389870211867e+01
1.841520663849271955e+01
1.828898088609819794e+01
1.816273398699899744e+01
1.803649545565257029e+01
1.791029665172262852e+01
1.778417048005295698e+01
1.765815113146402027e+01
1.753227387450026242e+01
1.740657490022633525e+01
1.728109121420895988e+01
1.715586056294683104e+01
1.703092137742702761e+01
1.690631271456234330e+01
1.678207417862114781e+01
1.665824580850852499e+01
1.653486792265220728e+01
1.641198092030656142e+01
1.628962504478529993e+01
1.616784012002255722e+01
1.604666527577019153e+01
1.592613867838733555e+01
1.580629728349646435e+01
1.568717662402624136e+01
1.556881064303545337e+01
1.545123157566511729e+01
1.533446987974619624e+01
1.521855421022870125e+01
1.510351142952749726e+01
1.498936664393331952e+01
1.487614325588642750e+01
1.476386302250725002e+01
1.465254611229998716e+01
1.454221115414558518e+01
1.443287527477317056e+01
1.432455412324759259e+01
1.421726188285232162e+01
1.411101127238892339e+01
1.400581354008184931e+01
1.390167845405212255e+01
1.379861429376648907e+01
1.369662784677231038e+01
1.359572441475924620e+01
1.349590783221776569e+01
1.339718049994335658e+01
1.329954343443996123e+01
1.320299633280490958e+01
1.310753765135696725e+01
1.301316469499485073e+01
1.291987371328813694e+01
1.282765999876822427e+01
1.273651798270357460e+01
1.264644132408121102e+01
1.255742298824374004e+01
1.246945531283844133e+01
1.238253006002180534e+01
1.229663845531937127e+01
1.221177121474386595e+01
1.212791856293297421e+01
1.204507024562963657e+01
1.196321554024999223e+01
1.188234326809727825e+01
1.180244181134777648e+01
1.172349913717904535e+01
1.164550283049395318e+01
1.156844013568995777e+01
1.149229800697751003e+01
1.141706316595180226e+01
1.134272216448047566e+01
1.126926145065529283e+01
1.119666743531868391e+01
1.112492655693684362e+01
1.105402534270054105e+01
1.098395046430061051e+01
1.091468878722791658e+01
1.084622741301386561e+01
1.077855371429509823e+01
1.071165536302647325e+01
1.064552035247105266e+01
1.058013701384975924e+01
1.051549402864497651e+01
1.045158043756224941e+01
1.038838564710910894e+01
1.032589943465208648e+01
1.026411195261640152e+01
1.020301373230643804e+01
1.014259568767829833e+01
1.008284911918586069e+01
1.002376571768196278e+01
9.965337568229072573e+00
9.907557153590939691e+00
9.850417357133256502e+00
9.793911464823253255e+00
9.738033166051904388e+00
9.682776553022863553e+00
9.628136118519016406e+00
9.574106751915483215e+00
9.520683733370438162e+00
9.467862726218863045e+00
9.415639767636772461e+00
9.364011257714533798e+00
9.312973947118724283e+00
9.262524923541118227e+00
9.212661597198264829e+00
9.163381685591549086e+00
9.114683197793414848e+00
9.066564418470258957e+00
9.019023891863493958e+00
8.972060405902206881e+00
8.925672976614395182e+00
8.879860832965645656e+00
8.834623402200238118e+00
8.789960295787047073e+00
8.745871295989823935e+00
8.702356343091594226e+00
8.659415523264376802e+00
8.617049057086232366e+00
8.575257288669638100e+00
8.534040675356489913e+00
8.493399777954808272e+00
8.453335251468601541e+00
8.413847836271713732e+00
8.374938349692881090e+00
8.336607677971407782e+00
8.298856768535408435e+00
8.261686622600288743e+00
8.225098288039504268e+00
8.189092852518653487e+00
8.153671436873677791e+00
8.118835188729919494e+00
8.084585276349274707e+00
8.050922882703062555e+00
8.017849199772395963e+00
7.985365423076358660e+00
7.953472746430981566e+00
7.922172356938723681e+00
7.891465430216265453e+00
7.861353125861185731e+00
7.831836583164169419e+00
7.802916917060123581e+00
7.774595214329791837e+00
7.746872530041120974e+00
7.719749884238313875e+00
7.693228258866696478e+00
7.667308594941649069e+00
7.641991789942282232e+00
7.617278695436143110e+00
7.593170114921945490e+00
7.569666801887836804e+00
7.546769458068788516e+00
7.524478731909829854e+00
7.502795217207554934e+00
7.481719451939433441e+00
7.461251917260345756e+00
7.441393036655463256e+00
7.422143175261586734e+00
7.403502639311247080e+00
7.385471675733278119e+00
7.368050471865871032e+00
7.351239155297268013e+00
7.335037793814668028e+00
7.319446395456006726e+00
7.304464908663791611e+00
7.290093222522701311e+00
7.276331167088453178e+00
7.263178513788139057e+00
7.250634975895093426e+00
7.238700209071371461e+00
7.227373811972075401e+00
7.216655326905054402e+00
7.206544240548679703e+00
7.197039984714836081e+00
7.188141937162205508e+00
7.179849422449545493e+00
7.172161712831353064e+00
7.165078029195987241e+00
7.158597542037242967e+00
7.152719372460586200e+00
7.147442593228690022e+00
7.142766229835742386e+00
7.138689261619098225e+00
7.135210622903268352e+00
7.132329204175017701e+00
7.130043853294944611e+00
7.128353376741540792e+00
7.127256540890343217e+00
7.126752073329267745e+00
7.126838664208500873e+00
7.127514967630913745e+00
