2.620910338198693679e-01
1.479340212475682481e+00
1.269268696253232021e+00
1.111544097104331774e+00
1.000132612482290462e+00
9.186502499561595148e-01
8.573876879510218263e-01
8.104627140546711850e-01
7.741450013405170028e-01
7.459656585323856115e-01
7.242268060507419669e-01
7.077204716905927118e-01
6.955612505909540833e-01
6.870831041188064647e-01
6.817735891557863415e-01
6.792306501035518806e-01
6.791334305004215199e-01
6.812220465077166720e-01
6.852832425331102373e-01
6.911400033475255666e-01
6.986438882911637505e-01
7.076692775671549196e-01
7.181089873903646614e-01
7.298708821954943415e-01
7.428752246258351066e-01
7.570525793215894250e-01
7.723421378617910671e-01
7.886903678133246887e-01
8.060499139247586653e-01
8.243786974378998211e-01
8.436391724968101968e-01
8.637977081725377593e-01
8.848240717195189342e-01
9.066909939974605592e-01
9.293738020314290527e-01
9.528501067737727981e-01
9.770995365178888337e-01
1.002103508269547083e+00
1.027845030842843510e+00
1.054308534595260305e+00
1.081479723633768320e+00
1.109345447057718426e+00
1.137893586392372036e+00
1.167112956844828187e+00
1.196993220406978420e+00
1.227524809141802953e+00
1.258698857257419812e+00
1.290507140784248552e+00
1.322942023853941107e+00
1.355996410724810142e+00
1.389663702827349079e+00
1.423937760202625080e+00
1.458812866801541208e+00
1.494283699181086611e+00
1.530345298203510618e+00
1.566993043392127083e+00
1.604222629650854826e+00
1.642030046084371309e+00
1.680411556700723397e+00
1.719363682800240989e+00
1.758883186880996430e+00
1.798967057914675705e+00
1.839612497863438056e+00
1.880816909330908171e+00
1.922577884241274404e+00
1.964893193470259369e+00
2.007760777346977665e+00
2.051178736966479565e+00
2.095145326254835627e+00
2.139658944734541546e+00
2.184718130949089954e+00
2.230321556509721859e+00
2.276468020724017993e+00
2.323156445783264967e+00
2.370385872475373912e+00
2.418155456401566372e+00
2.466464464673035817e+00
2.515312273064052029e+00
2.564698363606577214e+00
2.614622322600794746e+00
2.665083839025326196e+00
2.716082703327628689e+00
2.767618806576304102e+00
2.819692139952718168e+00
2.872302794563627248e+00
2.925450961554365126e+00
2.979136932496535994e+00
3.033361100032631708e+00
3.088123958744359410e+00
3.143426106228437433e+00
3.199268244343905998e+00
3.255651180606044637e+00
3.312575829695972196e+00
3.370043215055390284e+00
3.428054470528421938e+00
3.486610842020858136e+00
3.545713689141316571e+00
3.605364486780175959e+00
3.665564826605685056e+00
3.726316418414171050e+00
3.787621091318026156e+00
3.849480794725895549e+00
3.911897599067501563e+00
3.974873696241110199e+00
4.038411399730629014e+00
4.102513144367607723e+00
4.167181485698195686e+00
4.232419098921391232e+00
4.298228777367934406e+00
4.364613430494379998e+00
4.431576081364476671e+00
4.499119863589293722e+00
4.567248017717923325e+00
4.635963887056222532e+00
4.705270912900289204e+00
4.775172629183612294e+00
4.845672656526138766e+00
4.916774695698572728e+00
4.988482520496654082e+00
5.060799970045725793e+00
5.133730940545006227e+00
5.207279376480416389e+00
5.281449261330902978e+00
5.356244607791979639e+00
5.431669447570879328e+00
5.507727820775511596e+00
5.584423764965927184e+00
5.661761303900113340e+00
5.739744436050690624e+00
5.818377122934890622e+00
5.897663277339170840e+00
5.977606751502486659e+00
6.058211325321575025e+00
6.139480694671969552e+00
6.221418459904623610e+00
6.304028114614490086e+00
6.387313034742302165e+00
6.471276468115656044e+00
6.555921524485400553e+00
6.641251166154573227e+00
6.727268199272393723e+00
6.813975265863893682e+00
6.901374836682358627e+00
6.989469204924389167e+00
7.078260480900810059e+00
7.167750587690306929e+00
7.257941257851356909e+00
7.348834031200758510e+00
7.440430253720443865e+00
7.532731077588768365e+00
7.625737462367741415e+00
7.719450177330241303e+00
7.813869804932394914e+00
7.908996745401370099e+00
8.004831222407522873e+00
8.101373289778386777e+00
8.198622839209493307e+00
8.296579608892708180e+00
8.395243193009600091e+00
8.494613051996974917e+00
8.594688523486519571e+00
8.695468833861196956e+00
8.796953110281352295e+00
8.899140393107476399e+00
9.002029648607802415e+00
9.105619781840781357e+00
9.209909649598202463e+00
9.314898073316502547e+00
9.420583851845400147e+00
9.526965773971008744e+00
9.634042630615164526e+00
9.741813226596955033e+00
9.850276391903401318e+00
9.959430992384584513e+00
1.006927593979194491e+01
1.017981020113448487e+01
1.029103280728221215e+01
1.040294286078491481e+01
1.051553954288806381e+01
1.062882211970292623e+01
1.074278994753730565e+01
1.085744247738617752e+01
1.097277925857189196e+01
1.108879994155241633e+01
1.120550427992846032e+01
1.132289213164565389e+01
1.144096345945674464e+01
1.155971833066587173e+01
1.167915691615966445e+01
1.179927948882824573e+01
1.192008642137852803e+01
1.204157818360917354e+01
1.216375533915594609e+01
1.228661854181639335e+01
1.241016853146857457e+01
1.253440612961154876e+01
1.265933223463580148e+01
1.278494781679756542e+01
1.291125391302974812e+01
1.303825162153805550e+01
1.316594209631656831e+01
1.329432654153718119e+01
1.342340620594116807e+01
1.355318237718508811e+01
1.368365637622414965e+01
1.381482955177716221e+01
1.394670327484242556e+01
1.407927893333954117e+01
1.421255792691313147e+01
1.434654166186100177e+01
1.448123154627235465e+01
1.461662898533568011e+01
1.475273537690783954e+01
1.488955210726121159e+01
1.502708054709902186e+01
1.516532204782356885e+01
1.530427793806121350e+01
1.544394952046393676e+01
1.558433806876526795e+01
1.572544482516080677e+01
1.586727099793285767e+01
1.600981775939562723e+01
1.615308624412912764e+01
1.629707754750194582e+01
1.644179272452073803e+01
1.658723278892900410e+01
1.673339871266991707e+01
1.688029142559010154e+01
1.702791181547909360e+01
1.717626072838389817e+01
1.732533896919957073e+01
1.747514730257697479e+01
1.762568645406113177e+01
1.777695711152484392e+01
1.792895992683426343e+01
1.808169551777607253e+01
1.823516447018523579e+01
1.838936734030038878e+01
1.854430465729681998e+01
1.869997692601861417e+01
1.885638462983366281e+01
1.901352823365295208e+01
1.917140818702755567e+01
1.933002492735774425e+01
1.948937888312836364e+01
1.964947047723685003e+01
1.981030013025065983e+01
1.997186826369592438e+01
2.013417530330754346e+01
2.029722168215525357e+01
2.046100784365632208e+01
2.062553424450750228e+01
2.079080135737716617e+01
2.095680967342345014e+01
2.112355970453348064e+01
2.129105198534352894e+01
2.145928707489341036e+01
2.162826555795214745e+01
2.179798804595630557e+01
2.196845517752623422e+01
2.213966761854220167e+01
2.231162606170569163e+01
2.248433122556677688e+01
2.265778385303220688e+01
2.283198470925283274e+01
2.300693457886878690e+01
2.318263426267483496e+01
2.335908457352329393e+01
2.353628633163474149e+01
2.371424035912641415e+01
2.389294747382289685e+01
2.407240848240817854e+01
2.425262417277697580e+01
2.443359530569910021e+01
2.461532260574186992e+01
2.479780675154067993e+01
2.498104836536447593e+01
2.516504800202570991e+01
2.534980613724229670e+01
2.553532315536533659e+01
2.572159933666586795e+01
2.590863484413952378e+01
2.609642970996397437e+01
2.628498382158336000e+01
2.647429690769366317e+01
2.666436852395255386e+01
2.685519803880037770e+01
2.704678461917147558e+01
2.723912721653867663e+01
2.743222455309917152e+01
2.762607510842613934e+01
2.782067710652195203e+01
2.801602850354338514e+01
2.821212697617286835e+01
2.840896991083416623e+01
2.860655439377870479e+01
2.880487720222327042e+01
2.900393479646425376e+01
2.920372331330765903e+01
2.940423856059977936e+01
2.960547601312357102e+01
2.980743080983473803e+01
3.001009775248483891e+01
3.021347130564981498e+01
3.041754559815962011e+01
3.062231442608615239e+01
3.082777125697679566e+01
3.103390923573666882e+01
3.124072119172084783e+01
3.144819964727448536e+01
3.165633682756207534e+01
3.186512467173634988e+01
3.207455484516264477e+01
3.228461875292084216e+01
3.249530755435105078e+01
3.270661217847843716e+01
3.291852334050281570e+01
3.313103155898021157e+01
3.334412717379458968e+01
3.355780036474734374e+01
3.377204117070426292e+01
3.398683950918789520e+01
3.420218519623108477e+01
3.441806796668175394e+01
3.463447749443486856e+01
3.485140341285251964e+01
3.506883533509856221e+01
3.528676287433562209e+01
3.550517566365702748e+01
3.572406337574832236e+01
3.594341574201101253e+01
3.616322257128411621e+01
3.638347376788256327e+01
3.660415934893295287e+01
3.682526946105082999e+01
3.704679439597821045e+01
3.726872460553343558e+01
3.749105071544056500e+01
3.771376353815502824e+01
3.793685408469860931e+01
3.816031357533641710e+01
3.838413344914631864e+01
3.860830537245190897e+01
3.883282124615438136e+01
3.905767321187025232e+01
3.928285365705452392e+01
3.950835521893966984e+01
3.973417078759346310e+01
3.996029350780035827e+01
4.018671678030681704e+01
4.041343426191128430e+01
4.064043986503071437e+01
4.086772775646835498e+01
4.109529235569932126e+01
4.132312833249152106e+01
4.155123060444762473e+01
4.177959433390540767e+01
4.200821492493378173e+01
4.223708802012617980e+01
4.246620949747372009e+01
4.269557546730067088e+01
4.292518226934858205e+01
4.315502647036640127e+01
4.338510486169270308e+01
4.361541445764678571e+01
4.384595249406829964e+01
4.407671642753488328e+01
4.430770393500244353e+01
4.453891291408869790e+01
4.477034148383114598e+01
4.500198798595431526e+01
4.523385098671430882e+01
4.546592927914007021e+01
4.569822188568682009e+01
4.593072806121435292e+01
4.616344729625318166e+01
4.639637932037411616e+01
4.662952410571571704e+01
4.686288187035420094e+01
4.709645308158170707e+01
4.733023845889853476e+01
4.756423897661622391e+01
4.779845586586185391e+01
4.803289061600924725e+01
4.826754497533993060e+01
4.850242095061426539e+01
4.873752080603772185e+01
4.897284706071028637e+01
4.920840248510749859e+01
4.944419009621172734e+01
4.968021315126838999e+01
4.991647514014109532e+01
5.015297977624543790e+01
5.038973098591253574e+01
5.062673289631639051e+01
5.086398982177809813e+01
5.110150624881549675e+01
5.133928681944472316e+01
5.157733631329893598e+01
5.181565962835293249e+01
5.205426176026478657e+01
5.229314778078562398e+01
5.253232281490183198e+01
5.277179201723229340e+01
5.301156054752696178e+01
5.325163354557169981e+01
5.349201610569343046e+01
5.373271325097993412e+01
5.397372990727225073e+01
5.421507087748532427e+01
5.445674081614122741e+01
5.469874420445643892e+01
5.494108532621604013e+01
5.518376824454402652e+01
5.542679677996235910e+01
5.567017448990443285e+01
5.591390464968094420e+01
5.615799023558640357e+01
5.640243390974776361e+01
5.664723800735612258e+01
5.689240452623186428e+01
5.713793511896854227e+01
5.738383108761129137e+01
5.763009338118269653e+01
5.787672259587633050e+01
5.812371897823381772e+01
5.837108243094565552e+01
5.861881252155508548e+01
5.886690849380111246e+01
5.911536928151547698e+01
5.936419352496133683e+01
5.961337958930312197e+01
5.986292558519532037e+01
6.011282939083542232e+01
6.036308867567201020e+01
6.061370092499286955e+01
6.086466346525456572e+01
6.111597348972240695e+01
6.136762808414621162e+01
6.161962425178003855e+01
6.187195893760503651e+01
6.212462905114428224e+01
6.237763148766536148e+01
6.263096314715598822e+01
6.288462095090034865e+01
6.313860185502296929e+01
6.339290286125169160e+01
6.364752102368264275e+01
6.390245345241110897e+01
6.415769731290379241e+01
6.441324982156220358e+01
6.466910823712568401e+01
6.492526984804619872e+01
6.518173195571252165e+01
6.543849185380352651e+01
6.569554680397281743e+01
6.595289400780907840e+01
6.621053057589931257e+01
6.646845349395503888e+01
6.672665958658696184e+01
6.698514547932214214e+01
6.724390755926069119e+01
6.750294193510893592e+01
6.776224439711808145e+01
6.802181037760981042e+01
6.828163491271060082e+01
6.854171260597561854e+01
6.880203759440868794e+01
6.906260351781145346e+01
6.932340349150521774e+01
6.958443008340269387e+01
6.984567529545986986e+01
7.010713055010050709e+01
7.036878668179333829e+01
7.063063393399221468e+01
7.089266196143523757e+01
7.115485983782598112e+01
7.141721606876470219e+01
7.167971860982133592e+01
7.194235488927009214e+01
7.220511183536144983e+01
7.246797590753287466e+01
7.273093313124024917e+01
7.299396913566455680e+01
7.325706919423231511e+01
7.352021826675786542e+01
7.378340104317970827e+01
7.404660198843437513e+01
7.430980538732124785e+01
7.457299538974764630e+01
7.483615605512930813e+01
7.509927139620518233e+01
7.536232542127361000e+01
7.562530217522973430e+01
7.588818577845837865e+01
7.615096046370224769e+01
7.641361061069072491e+01
7.667612077838137452e+01
7.693847573446633703e+01
7.720066048260974867e+01
7.746266028695761463e+01
7.772446069414451131e+01
7.798604755310302039e+01
7.824740703269968378e+01
7.850852563770224890e+01
7.876939022295903214e+01
7.902998800666023271e+01
7.929030658290449196e+01
7.955033393369980388e+01
7.981005844118358539e+01
8.006946890021949059e+01
8.032855453149922198e+01
8.058730499564279626e+01
8.084571040804729591e+01
8.110376135472307624e+01
8.136144890900257565e+01
8.161876464836301182e+01
8.187570067203743918e+01
8.213224961779606303e+01
8.238840467834249637e+01
8.264415961654052012e+01
8.289950877870283819e+01
8.315444710577673959e+01
8.340897014207008908e+01
8.366307404065601361e+01
8.391675556602817210e+01
8.417001209286998176e+01
8.442284160159616135e+01
8.467524267074617228e+01
8.492721446592931045e+01
8.517875672608523985e+01
8.542986974725725702e+01
8.568055436453880702e+01
8.593081193233523152e+01
8.618064430393205555e+01
8.643005381016781996e+01
8.667904323817549539e+01
8.692761580974264746e+01
8.717577515954202738e+01
8.742352531305301966e+01
8.767087066323638567e+01
8.791781594539676803e+01
8.816436620945022185e+01
8.841052678814442345e+01
8.865630326014100149e+01
8.890170140748665517e+01
8.914672716577189249e+01
8.939138656686634477e+01
8.963568567417357258e+01
8.987963051049057128e+01
9.012322697938245142e+01
9.036648078174185628e+01
9.060939732922292933e+01
9.085198165705809004e+01
9.109423833889272260e+01
9.133617140638709486e+01
9.157778427665240883e+01
9.181907969013579418e+01
9.206005966149736253e+01
9.230072544476979601e+01
9.254107751535980242e+01
9.278111556821166062e+01
9.302083853291451021e+01
9.326024460492391199e+01
9.349933129094058870e+01
9.373809546710562302e+01
9.397653344645047468e+01
9.421464105377098974e+01
9.445241370387209656e+01
9.468984648093923795e+01
9.492693421545433807e+01
9.516367155755905571e+01
9.540005304384523299e+01
9.563607315774126505e+01
9.587172638275976055e+01
9.610700724851324139e+01
9.634191037140355718e+01
9.657643048980057188e+01
9.681056249562868743e+01
9.704430146221075404e+01
9.727764266904976864e+01
9.751058162280936870e+01
9.774311407284082520e+01
9.797523602038070578e+01
9.820694371843575254e+01
9.843823366124448171e+01
9.866910256140691615e+01
9.889954731461791937e+01
9.912956495266766410e+01
9.935915258746821621e+01
9.958830734959796871e+01
9.981702632705608380e+01
1.000453065098726313e+02
1.002731447469971187e+02
1.005005377205013986e+02
1.007274819413537728e+02
1.009539737683320766e+02
1.011800094493974171e+02
1.014055851818537235e+02
1.016306971852717567e+02
1.018553417802831831e+02
1.020795154639386908e+02
1.023032149743866626e+02
1.025264373371245483e+02
1.027491798878515255e+02
1.029714402684932963e+02
1.031932163954094506e+02
1.034145063997925007e+02
1.036353085424394038e+02
1.038556211052781464e+02
1.040754422629488403e+02
1.042947699383494182e+02
1.045136016470001721e+02
1.047319343372905962e+02
1.049497642351166888e+02
1.051670867037946664e+02
1.053838961327286086e+02
1.056001858692282411e+02
1.058159482072615276e+02
1.060311744462847230e+02
1.062458550270073943e+02
1.064599797461789024e+02
1.066735380431438642e+02
1.068865193417557720e+02
1.070989134234214077e+02
1.073107107975780252e+02
1.075219030340412019e+02
1.077324830193712017e+02
1.079424451059718280e+02
1.081517851297892037e+02
1.083605002878472021e+02
1.085685888792631175e+02
1.087760499295799121e+02
1.089828827298116494e+02
1.091890863300515520e+02
1.093946590300180048e+02
1.095995979074372713e+02
1.098038984196755194e+02
1.100075541038464877e+02
1.102105563939618520e+02
1.104128945625748770e+02
1.106145557888276301e+02
1.108155253484015788e+02
1.110157869150483094e+02
1.112153229584775573e+02
1.114141152151550642e+02
1.116121451998359930e+02
1.118093947168489706e+02
1.120058463221880345e+02
1.122014836849853765e+02
1.123962918020871768e+02
1.125902570335464077e+02
1.127833669499402873e+02
1.129756100100936749e+02
1.131669751189713651e+02
1.133574511381309691e+02
1.135470264355964503e+02
1.137356885595264231e+02
1.139234241023224001e+02
1.141102187911665311e+02
1.142960577999223943e+02
1.144809262338950475e+02
1.146648097023035007e+02
1.148476948652023424e+02
1.150295698322458406e+02
1.152104242987428080e+02
1.153902493352939302e+02
1.155690367967174552e+02
1.157467783843891596e+02
1.159234644699960484e+02
1.160990828646627762e+02
1.162736177682555905e+02
1.164470491497565803e+02
1.166193527713028999e+02
1.167905009737364566e+02
1.169604641998082428e+02
1.171292130747942792e+02
1.172967207263280613e+02
1.174629649532307951e+02
1.176279298680188248e+02
1.177916067499300112e+02
1.179539940233445066e+02
1.181150964786188666e+02
1.182749240171573177e+02
1.184334902848579958e+02
1.185908115262752176e+02
1.187469058619117703e+02
1.189017929968747040e+02
1.190554941761489403e+02
1.192080320693794846e+02
1.193594302411247128e+02
1.195097119505059879e+02
1.196588981980324604e+02
1.198070051472514024e+02
1.199540412383820751e+02
1.201000044385880869e+02
1.202448801278211050e+02
1.203886401064884950e+02
1.205312431383126324e+02
1.206726373070075482e+02
1.208127642428962076e+02
1.209515649606151584e+02
1.210889866684706249e+02
1.212249895511895801e+02
1.213595523293864034e+02
1.214926754721526265e+02
1.216243813355948760e+02
1.217547111356389564e+02
1.218837193657480924e+02
1.220114668160355933e+02
1.221380135700799485e+02
1.222634131984986681e+02
1.223877088992911268e+02
1.225109317245879907e+02
1.226331004612242879e+02
1.227542223585062260e+02
1.228742938018377089e+02
1.229933002425239295e+02
1.231112151628877882e+02
1.232279984749377917e+02
1.233435953565083878e+02
1.234579368939304089e+02
1.235709438122742796e+02
1.236825339090870699e+02
1.237926326413207079e+02
1.239011849749252008e+02
1.240081655877496871e+02
1.241135843166156434e+02
1.242174845786634876e+02
1.243199342194951953e+02
1.244210102897115604e+02
1.245207809562793244e+02
1.246192885566878203e+02
1.247165374991508884e+02
1.248124894583026077e+02
1.249070665314032311e+02
1.250001612194512433e+02
1.250916507795006680e+02
1.251814130082561434e+02
1.252693409284406272e+02
1.253553548038435679e+02
1.254394107282911932e+02
1.255215051332177438e+02
1.256016739331131902e+02
1.256799844175627072e+02
1.257565184882129046e+02
1.258313480662120583e+02
1.259045070666653601e+02
1.259759677832461762e+02
1.260456308693343175e+02
1.261133358145714141e+02
1.261788927776714786e+02
1.262421286736524308e+02
1.263029338113711617e+02
1.263612934369793237e+02
1.264172927395730852e+02
1.264710928654655788e+02
1.265228856226385687e+02
1.265728417369817862e+02
1.266210691511315360e+02
1.266675938782116191e+02
1.267123683293899887e+02
1.267553035708327798e+02
1.267963149549125745e+02
1.268353665314528627e+02
1.268724995661469848e+02
1.269078349581713212e+02
1.269415479115754977e+02
1.269738234193542894e+02
1.270048084915091238e+02
1.270345772900841155e+02
1.270631177420377327e+02
1.270903374140357016e+02
1.271160796420052606e+02
1.271401421397794849e+02
1.271622968150240496e+02
1.271823142583874215e+02
1.271999945112226840e+02
1.272151989707782889e+02
1.272278731887679299e+02
1.272380522465788317e+02
1.272458487871469401e+02
1.272514322849531965e+02
1.272550098200492386e+02
1.272568121354312893e+02
1.272570800862190481e+02
1.272560440924638385e+02
1.272538960218753630e+02
1.272507636975614105e+02
1.272467034763069762e+02
1.272417204078047916e+02
1.272358108905196730e+02
1.272290078383992835e+02
1.272214017086454305e+02
1.272131171471034747e+02
1.272042442799642714e+02
1.271947495540334359e+02
1.271844107842005087e+02
1.271728200932879673e+02
1.271594708734450592e+02
1.271439026379472779e+02
1.271258455222545365e+02
1.271053034203729766e+02
1.270825401163162809e+02
1.270579705710635352e+02
1.270319958610536162e+02
1.270048458710957249e+02
1.269764953250806769e+02
1.269466849852210970e+02
1.269150239281503332e+02
1.268811085788534712e+02
1.268445987136444728e+02
1.268052318447321340e+02
1.267628008883700659e+02
1.267171370960524541e+02
1.266681256902007675e+02
1.266157501167917303e+02
1.265601347756898747e+02
1.265015532645427641e+02
1.264403913984955068e+02
1.263770839473279750e+02
1.263120561050022559e+02
1.262456850877667875e+02
1.261782713306060657e+02
1.261100025978490322e+02
1.260409181392097224e+02
1.259709076853528416e+02
1.258997725852260174e+02
1.258273273639379966e+02
1.257534735342141943e+02
1.256781884464640200e+02
1.256014418224143867e+02
1.255231162098075828e+02
1.254429997126729575e+02
1.253608500830382155e+02
1.252764722854843882e+02
1.251897572092305353e+02
1.251006737818264867e+02
1.250092365645084840e+02
1.249154685712858566e+02
1.248193674079147968e+02
1.247208813124892686e+02
1.246199057378121893e+02
1.245163093511858960e+02
1.244099870059409625e+02
1.243009196222373873e+02
1.241892091224058277e+02
1.240750664327110968e+02
1.239587601199350217e+02
1.238405580066930156e+02
1.237206950695214971e+02
1.235993828837096231e+02
1.234768512387942394e+02
1.233533880760522550e+02
1.232293362058052679e+02
1.231050399147326715e+02
1.229807965831745378e+02
1.228568815160852949e+02
1.227336310115762927e+02
1.226114725936454874e+02
1.224908222882055213e+02
1.223719210670632407e+02
1.222547703259926095e+02
1.221392234805389450e+02
1.220251231074152685e+02
1.219123545365376913e+02
1.218008176633325803e+02
1.216903990267462348e+02
1.215809637121391518e+02
1.214723174022220746e+02
1.213641353530842224e+02
1.212559306328693367e+02
1.211471032096639817e+02
1.210370187490376708e+02
1.209250552905469505e+02
1.208106349802521180e+02
1.206932942294122029e+02
1.205727783306480774e+02
1.204490724447433365e+02
1.203223080164719363e+02
1.201925897406368335e+02
1.200598614931639219e+02
1.199239012196202907e+02
1.197844377871760742e+02
1.196413053900646162e+02
1.194945504796959455e+02
1.193444598215099290e+02
1.191915179672634935e+02
1.190363029674604434e+02
1.188793389333694392e+02
1.187209768749336973e+02
1.185614049151089660e+02
1.184008069009481829e+02
1.182395444387562691e+02
1.180782032611360393e+02
1.179174855579538388e+02
1.177580801884525386e+02
1.176006096726209762e+02
1.174455897893180634e+02
1.172932886667584853e+02
1.171435334989273684e+02
1.169956711528664783e+02
1.168487910506258913e+02
1.167020387924489455e+02
1.165547333365511662e+02
1.164062184260182704e+02
1.162556804481872348e+02
1.161021933553151655e+02
1.159449891132104682e+02
1.157837134040214835e+02
1.156184535440422394e+02
1.154495401446823450e+02
1.152772883956496912e+02
1.151018451127139457e+02
1.149232063881470083e+02
1.147413639397957468e+02
1.145564676105634305e+02
1.143688789636541259e+02
1.141790635084492038e+02
1.139874051610993320e+02
1.137941165097001459e+02
1.135993453131835196e+02
1.134033780408451406e+02
1.132067340102424566e+02
1.130100839295628816e+02
1.128141496683490033e+02
1.126197307560596386e+02
1.124277518684117609e+02
1.122391122009726274e+02
1.120543689592403922e+02
1.118735865159211471e+02
1.116965727103866897e+02
1.115232830956773995e+02
1.113539627515936985e+02
1.111888989044161917e+02
1.110280944407989523e+02
1.108712103721804283e+02
1.107177694233201493e+02
1.105673403910934667e+02
1.104195278243064848e+02
1.102738608733424144e+02
1.101297559002512401e+02
1.099865855967824473e+02
1.098437586286535890e+02
1.097007379969650742e+02
1.095570143729345460e+02
1.094120788411538712e+02
1.092654131561748443e+02
1.091165032211768846e+02
1.089648897508941161e+02
1.088102505477586845e+02
1.086524519132769910e+02
1.084914794911399980e+02
1.083272334326360351e+02
1.081593170661286223e+02
1.079870160307658722e+02
1.078095455355584136e+02
1.076264206339668874e+02
1.074376982675696723e+02
1.072439603149975511e+02
1.070461182065763523e+02
1.068451984298859259e+02
1.066421706698444609e+02
1.064377855642973429e+02
1.062324448648933526e+02
1.060262260258572695e+02
1.058191155292136187e+02
1.056112985351940097e+02
1.054032743165073214e+02
1.051957412524704409e+02
1.049894092913952193e+02
1.047848987400767413e+02
1.045827150979499720e+02
1.043831957364517109e+02
1.041864140164730941e+02
1.039921552487159033e+02
1.038000564023763985e+02
1.036098354677710347e+02
1.034214239841844432e+02
1.032348993647290456e+02
1.030503034807967708e+02
1.028675230665123337e+02
1.026863154492973962e+02
1.025064095579454033e+02
1.023275594087862572e+02
1.021495063934145264e+02
1.019719112999590749e+02
1.017943352162249511e+02
1.016162788706048445e+02
1.014372298701461830e+02
1.012566893761610203e+02
1.010742052997326965e+02
1.008894259639788658e+02
1.007021186543698832e+02
1.005121058665433651e+02
1.003191914003899257e+02
1.001232004853452224e+02
9.992411466538375464e+01
9.972212438104558885e+01
9.951750758709806632e+01
9.931048083003874183e+01
9.910121539684372749e+01
9.888998705632806718e+01
9.867725144783284463e+01
9.846355048928273845e+01
9.824938244415079680e+01
9.803519606446660362e+01
9.782148581721138214e+01
9.760883389493285733e+01
9.739782407938470499e+01
9.718891679062470246e+01
9.698241544571423844e+01
9.677854091313193408e+01
9.657751351727921474e+01
9.637954876037113650e+01
9.618477391757268435e+01
9.599314948158030347e+01
9.580447124221207389e+01
9.561847043066569540e+01
9.543497476986043182e+01
9.525405744564463362e+01
9.507608506013330896e+01
9.490160369600666002e+01
9.473109421085403881e+01
9.456473982970966574e+01
9.440237590826286862e+01
9.424366606981448058e+01
9.408834652077838712e+01
9.393629142664818232e+01
9.378729760523847858e+01
9.364075921641457967e+01
9.349554223791047036e+01
9.335022583260965234e+01
9.320357782431838700e+01
9.305494159280137012e+01
9.290428148460033242e+01
9.275188645389926023e+01
9.259795981733751091e+01
9.244235788821923450e+01
9.228457974976348055e+01
9.212391762601939149e+01
9.195961701963669555e+01
9.179097093390578266e+01
9.161736036682867734e+01
9.143827339196354842e+01
9.125331457539286362e+01
9.106220560307245648e+01
9.086477822923212955e+01
9.066095353969822668e+01
9.045069587409959411e+01
9.023394633921331831e+01
9.001057303428318335e+01
8.978038897939811136e+01
8.954325786374116092e+01
8.929924429554782250e+01
8.904871918073237680e+01
8.879234799647970533e+01
8.853096357373982528e+01
8.826539882367610801e+01
8.799637451193711968e+01
8.772449549473387265e+01
8.745034195517932574e+01
8.717459521264501632e+01
8.689813326181534592e+01
8.662205887048428110e+01
8.634765385402057802e+01
8.607627084740528289e+01
8.580919077946036566e+01
8.554750338304225465e+01
8.529208272489218245e+01
8.504368108608733223e+01
8.480306185493729743e+01
8.457103597196869771e+01
8.434834569177787955e+01
8.413549312416091652e+01
8.393266543426294390e+01
8.373979233255113286e+01
8.355662545658969975e+01
8.338273009858059481e+01
8.321740941572245731e+01
8.305966646330716685e+01
8.290825979150002922e+01
8.276181158083259959e+01
8.261890191044830090e+01
8.247812934596730372e+01
8.233815536360862097e+01
8.219773892389430614e+01
8.205574415270190514e+01
8.191111206867935834e+01
8.176281978081736668e+01
8.160986715695740656e+01
8.145130952967360827e+01
8.128631486096688263e+01
8.111420226667692646e+01
8.093443315155025175e+01
8.074656100663921166e+01
8.055017366176807059e+01
8.034486834445482373e+01
8.013028780313287314e+01
7.990622085804939445e+01
7.967273676627775103e+01
7.943029064700584740e+01
7.917973023331629179e+01
7.892217274520038472e+01
7.865879602358279499e+01
7.839065366357611708e+01
7.811862221182654764e+01
7.784350229507631980e+01
7.756617967289653848e+01
7.728770215144453459e+01
7.700919623796285407e+01
7.673168378544671953e+01
7.645594897323410066e+01
7.618257402329977879e+01
7.591213754341490016e+01
7.564545176735244070e+01
7.538368471377600599e+01
7.512828076326661630e+01
7.488071069631756416e+01
7.464217938217656467e+01
7.441343686781873146e+01
7.419476538624083162e+01
7.398610401516179991e+01
7.378720423813706475e+01
7.359772310051380373e+01
7.341722825853477730e+01
7.324515178263234816e+01
7.308074905873958471e+01
7.292309772139847723e+01
7.277113494270381011e+01
7.262370502603634748e+01
7.247958615179092590e+01
7.233748371456061932e+01
7.219600437015225225e+01
7.205364212361261878e+01
7.190880519865842757e+01
7.175989239850873957e+01
7.160540162098872941e+01
7.144403459105214438e+01
7.127476031969116832e+01
7.109681639894108685e+01
7.090965354469418003e+01
7.071285185643581883e+01
7.050604719026948430e+01
7.028889985884718783e+01
7.006111890738000625e+01
6.982253130314026635e+01
6.957316658057902714e+01
6.931332187491061347e+01
6.904358117040546006e+01
6.876478017981365554e+01
6.847792692401242221e+01
6.818410339935216768e+01
6.788438327901097580e+01
6.757979908575732964e+01
6.727137274827674673e+01
6.696018804859215834e+01
6.664745233723763818e+01
6.633449635221701612e+01
6.602270329898891532e+01
6.571341155382602039e+01
6.540785240290873048e+01
6.510714845336133294e+01
6.481234439444793338e+01
6.452442079321681945e+01
6.424426808942379807e+01
6.397263913914074607e+01
6.371011454486082926e+01
6.345709867185532715e+01
6.321383970439543276e+01
6.298045716533208349e+01
6.275696573381523535e+01
6.254329164696800802e+01
6.233927924958339162e+01
6.214468393223118170e+01
6.195915080169443456e+01
6.178218661552610058e+01
6.161313929526583877e+01
6.145119795709998556e+01
6.129541642417622427e+01
6.114475102512832905e+01
6.099809719296850830e+01
6.085431250411063786e+01
6.071222338123616424e+01
6.057062239381538404e+01
6.042826809524785148e+01
6.028389861862918764e+01
6.013626536394358624e+01
5.998418586149188769e+01
5.982660672787527290e+01
5.966266065463737789e+01
5.949169899452407151e+01
5.931328694535650214e+01
5.912716169459622506e+01
5.893317033783809933e+01
5.873121531505505999e+01
5.852123265786020312e+01
5.830321114611590616e+01
5.807723669353208606e+01
5.784353033071480610e+01
5.760245144723000976e+01
5.735445992194062370e+01
5.710005781405542535e+01
5.683974579825085982e+01
5.657402227748477941e+01
5.630342914960067446e+01
5.602862219891237316e+01
5.575043001331510339e+01
5.546986906055281707e+01
5.518810109997249924e+01
5.490634381279551945e+01
5.462576561444545575e+01
5.434740172522217705e+01
5.407211739659840077e+01
5.380062145222106551e+01
5.353351133119212335e+01
5.327132094112869254e+01
5.301454816189312425e+01
5.276365413458210440e+01
5.251904184183005952e+01
5.228102948085830093e+01
5.204983277586494950e+01
5.182556254920528716e+01
5.160823461554733882e+01
5.139778293642061868e+01
5.119406638177758140e+01
5.099686403902808962e+01
5.080586107432380061e+01
5.062063301555436112e+01
5.044063823402429847e+01
5.026522576393958985e+01
5.009365993729083755e+01
4.992515719214021885e+01
4.975892625301464989e+01
4.959420210152487840e+01
4.943026676205372638e+01
4.926645461798939607e+01
4.910214480331543285e+01
4.893674652221042010e+01
4.876968419205562810e+01
4.860038828970797198e+01
4.842829545328481800e+01
4.825285859269473576e+01
4.807356516831701754e+01
4.788995986641758407e+01
4.770166691356121902e+01
4.750840734399827170e+01
4.731000761135048549e+01
4.710639780741367844e+01
4.689760009545912567e+01
4.668371039132146905e+01
4.646487830171505351e+01
4.624129116426728814e+01
4.601316701357352912e+01
4.578075817714002937e+01
4.554436273647272060e+01
4.530433715873916611e+01
4.506110227392696999e+01
4.481513762159011094e+01
4.456696492152170919e+01
4.431712686017311142e+01
4.406616920052028519e+01
4.381463132068036259e+01
4.356304473271116962e+01
4.331193469408969321e+01
4.306181939686798898e+01
4.281320419092165963e+01
4.256657226656441395e+01
4.232237541517609714e+01
4.208102794088962639e+01
4.184290461753782608e+01
4.160834163245136352e+01
4.137763882775077207e+01
4.115106202701308291e+01
4.092884490204440340e+01
4.071119001329502396e+01
4.049826840375688164e+01
4.029021699428021464e+01
4.008713348587583170e+01
3.988906948929228946e+01
3.969602365358935714e+01
3.950793700990631407e+01
3.932469223730550567e+01
3.914611726398108971e+01
3.897199212700245141e+01
3.880205701597012080e+01
3.863601933926087639e+01
3.847355843959362431e+01
3.831432781755408001e+01
3.815795583633089194e+01
3.800404646303951495e+01
3.785218153469777036e+01
3.770192547006710981e+01
3.755283256521406798e+01
3.740445627808193052e+01
3.725635939965850696e+01
3.710812379459655119e+01
3.695935846285094328e+01
3.680970497900977279e+01
3.665883984047327004e+01
3.650647382537315622e+01
3.635234903614431090e+01
3.619623477592546124e+01
3.603792364977333307e+01
3.587722919399892163e+01
3.571398587297013449e+01
3.554805151667105179e+01
3.537931140980371936e+01
3.520768257590688677e+01
3.503311660347235090e+01
3.485559976479581223e+01
3.467515008706320145e+01
3.449181213907835541e+01
3.430565118373440470e+01
3.411674867308246917e+01
3.392520069255861870e+01
3.373112001859065145e+01
3.353464126285474123e+01
3.333592752864743147e+01
3.313517641842173589e+01
3.293262326359549519e+01
3.272854006983649100e+01
3.252322970331652385e+01
3.231701600787788919e+01
3.211023153156692445e+01
3.190320508518806264e+01
3.169625131077054192e+01
3.148966382541938813e+01
3.128371252694916649e+01
3.107864460590182532e+01
3.087468800944243696e+01
3.067205574510963828e+01
3.047094953577375875e+01
3.027156183203283746e+01
3.007407585379587900e+01
2.987866395838246092e+01
2.968548505477495780e+01
2.949468192490823526e+01
2.930637918155801458e+01
2.912068226915541302e+01
2.893767751685633272e+01
2.875743290791394813e+01
2.857999903296778399e+01
2.840540969272971239e+01
2.823368179304716818e+01
2.806481446424833592e+01
2.789878764005286627e+01
2.773556055650419339e+01
2.757507071568709733e+01
2.741723378894269914e+01
2.726194473908235238e+01
2.710908018288129639e+01
2.695850176400739784e+01
2.681006012405169159e+01
2.666359898162576059e+01
2.651895886300359351e+01
2.637598014917264422e+01
2.623450527189653769e+01
2.609438005950153538e+01
2.595545436345376800e+01
2.581758217116849252e+01
2.568062142682677162e+01
2.554443375440618169e+01
2.540888422560261262e+01
2.527384125864971409e+01
2.513917668639341585e+01
2.500476600059447208e+01
2.487048876336878322e+01
2.473622917193345927e+01
2.460187676129195822e+01
2.446732722608534161e+01
2.433248333213778380e+01
2.419725587242590592e+01
2.406156460348235271e+01
2.392533908444342217e+01
2.378851933662216922e+01
2.365105625147742785e+01
2.351291169951770144e+01
2.337405832832524410e+01
2.323447907971556958e+01
2.309416649447898706e+01
2.295312190232064964e+01
2.281135460646346758e+01
2.266888116478072135e+01
2.252572484229317240e+01
2.238191526782210516e+01
2.223748827962673502e+01
2.209248589976401789e+01
2.194695634574081211e+01
2.180095397701775539e+01
2.165453908602120237e+01
2.150777747557036079e+01
2.136073980922352433e+01
2.121350076726788814e+01
2.106613807869954513e+01
2.091873151958067822e+01
2.077136196797532719e+01
2.062411058713707845e+01
2.047705817720444088e+01
2.033028470175803548e+01
2.018386896559007582e+01
2.003788840144305539e+01
1.989241891738640788e+01
1.974753476171423117e+01
1.960330837463483533e+01
1.945981021086147678e+01
1.931710852991216854e+01
1.917526916010354654e+01
1.903435524661822953e+01
1.889442699562210848e+01
1.875554142633534127e+01
1.861775214259027322e+01
1.848110913561638213e+01
1.834565862932635838e+01
1.821144297830547387e+01
1.807850062513495004e+01
1.794686611821012789e+01
1.781657018393403291e+01
1.768763983946448093e+01
1.756009852608827160e+01
1.743396624007809237e+01
1.730925963897548314e+01
1.718599210646515374e+01
1.706417376771704753e+01
1.694381145777750319e+01
1.682490865559113402e+01
1.670746540461632179e+01
1.659147824505973645e+01
1.647694018263614879e+01
1.636384071422631337e+01
1.625216592299338814e+01
1.614189864588777468e+01
1.603301870696193632e+01
1.592550320198417957e+01
1.581932681470252078e+01
1.571446214352620530e+01
1.561088001876934861e+01
1.550854979487641039e+01
1.540743960780653765e+01
1.530751659401992093e+01
1.520874707330170139e+01
1.511109670206256261e+01
1.501453060658765892e+01
1.491901350639914803e+01
1.482450983730416993e+01
1.473098388141236725e+01
1.463839990870381591e+01
1.454672233147704041e+01
1.445591587007921675e+01
1.436594572584622398e+01
1.427677775552302109e+01
1.418837864068331633e+01
1.410071604564222447e+01
1.401375875819088535e+01
1.392747680883287487e+01
1.384184156585924264e+01
1.375682580539228894e+01
1.367240375719001655e+01
1.358855112845589908e+01
1.350524510890820906e+01
1.342246436097809692e+01
1.334018899923647083e+01
1.325840056297649383e+01
1.317708198532472430e+01
1.309621756172923490e+01
1.301579291973380137e+01
1.293579499126450294e+01
1.285621198784420116e+01
1.277703337858387833e+01
1.269824987025219087e+01
1.261985338841965465e+01
1.254183705856545927e+01
1.246419518590662534e+01
1.238692323289827790e+01
1.231001779349687197e+01
1.223347656350976820e+01
1.215729830663415001e+01
1.208148281610056429e+01
1.200603087196836327e+01
1.193094419447783849e+01
1.185622539388944219e+01
1.178187791744700874e+01
1.170790599412398869e+01
1.163431457783149270e+01
1.156110928977130037e+01
1.148829636054336234e+01
1.141588257259982342e+01
1.134387520354299284e+01
1.127228197069183757e+01
1.120111097728918637e+01
1.113037066068349645e+01
1.106006974272247056e+01
1.099021718256936886e+01
1.092082213212754382e+01
1.085189389418286332e+01
1.078344188338177823e+01
1.071547559004337025e+01
1.064800454685722997e+01
1.058103829834953480e+01
1.051458637306009081e+01
1.044865825825619510e+01
1.038326337696997825e+01
1.031841106711861755e+01
1.025411056243642349e+01
1.019037097493174926e+01
1.012720127854773366e+01
1.006461029378949590e+01
1.000260667300167583e+01
9.941198886153165049e+00
9.880395206912576000e+00
9.820203698934896863e+00
9.760632202316790185e+00
9.701688320235064111e+00
9.643379405852432029e+00
9.585712549601190346e+00
9.528694567028241025e+00
9.472331987372283990e+00
9.416631043100656129e+00
9.361597660570227575e+00
9.307237452060817873e+00
9.253555709281855002e+00
9.200557398559183753e+00
9.148247157732592783e+00
9.096629294877365268e+00
9.045707788818820205e+00
8.995486291444708016e+00
8.945968131704882254e+00
8.897156321222857045e+00
8.849053561361047926e+00
8.801662251585424812e+00
8.754984498938810589e+00
8.709022128442171606e+00
8.663776694225251873e+00
8.619249491191695256e+00
8.575441567040590130e+00
8.532353734463216099e+00
8.489986583375602081e+00
8.448340493036514687e+00
8.407415643937689254e+00
8.367212029381800420e+00
8.327729466655393153e+00
8.288967607759245126e+00
8.250925949647326618e+00
8.213603843968591889e+00
8.177000506285201809e+00
8.141115024795789523e+00
8.105946368562872095e+00
8.071493395276288396e+00
8.037754858574057693e+00
8.004729414959085076e+00
7.972415630336321613e+00
7.940811986205818407e+00
7.909916885538908815e+00
7.879728658376737194e+00
7.850245567155973880e+00
7.821465811803261836e+00
7.793387534607754574e+00
7.766008824889930828e+00
7.739327723478893972e+00
7.713342227001091622e+00
7.688050291999728891e+00
7.663449838878761078e+00
7.639538755676573700e+00
7.616314901677824878e+00
7.593776110849052685e+00
7.571920195116508268e+00
7.550744947469407720e+00
7.530248144898493479e+00
7.510427551167161653e+00
7.491280919414039730e+00
7.472805994585258738e+00
7.455000515707850717e+00
7.437862217998292280e+00
7.421388834805227042e+00
7.405578099404321435e+00
7.390427746635199746e+00
7.375935514396553039e+00
7.362099144994902922e+00
7.348916386360491160e+00
7.336384993137182065e+00
7.324502727647443479e+00
7.313267360745133949e+00
7.302676672559714532e+00
7.292728453144516898e+00
7.283420503030094473e+00
7.274750633698010560e+00
7.266716667975304134e+00
7.259316440364295353e+00
7.252547797307257404e+00
7.246408597405260110e+00
7.240896711585910417e+00
7.236010023233312438e+00
7.231746428291812911e+00
7.228103835340006889e+00
7.225080165646079244e+00
7.222673353218564962e+00
7.220881344843615324e+00
7.219702100126442978e+00
7.219133591539396377e+00
7.219173804477119205e+00
7.219820737330334026e+00
7.221072401579653466e+00
