2.806705303039228050e-02
1.595923130229589260e-01
1.394830614087381460e-01
1.268139552193396913e-01
1.206832536823008728e-01
1.191316142240933240e-01
1.209503975068242643e-01
1.253794210983300295e-01
1.319208934921287102e-01
1.402356806514142851e-01
1.500839020518272005e-01
1.612898832995330600e-01
1.737208732906055930e-01
1.872737449375928009e-01
2.018664428974965286e-01
2.174323245725048315e-01
2.339163094266065723e-01
2.512721877159372896e-01
2.694606918319081279e-01
2.884480820268229273e-01
3.082050875845029903e-01
3.287060992762890210e-01
3.499285432597449286e-01
3.718523885432350462e-01
3.944597545018959095e-01
4.177345945266684457e-01
4.416624384236353951e-01
4.662301807263613540e-01
4.914259052955212148e-01
5.172387388940103969e-01
5.436587281133404836e-01
5.706767352772774693e-01
5.982843498887204792e-01
6.264738128958422525e-01
6.552379516023029149e-01
6.845701234664276491e-01
7.144641673683298499e-01
7.449143611822425237e-01
7.759153846994018000e-01
8.074622871120010759e-01
8.395504584027064787e-01
8.721756040914873109e-01
9.053337228790787616e-01
9.390210868013405543e-01
9.732342235636423089e-01
1.007969900778018291e+00
1.043225111863613108e+00
1.078997063406172741e+00
1.115283163802106570e+00
1.152081013034285117e+00
1.189388393448556958e+00
1.227203261417625813e+00
1.265523739792769442e+00
1.304348111055736226e+00
1.343674811096355892e+00
1.383502423547521509e+00
1.423829674619747188e+00
1.464655428382083180e+00
1.505978682443855909e+00
1.547798563997422550e+00
1.590114326184107751e+00
1.632925344750365992e+00
1.676231114967858593e+00
1.720031248788846723e+00
1.764325472216540458e+00
1.809113622866764137e+00
1.854395647706271522e+00
1.900171600947372808e+00
1.946441642088496682e+00
1.993206034084317624e+00
2.040465141636567559e+00
2.088219429592663712e+00
2.136469461448371909e+00
2.185215897939992935e+00
2.234459495724924860e+00
2.284201106144151616e+00
2.334441674058814531e+00
2.385182236760536867e+00
2.436423922949057630e+00
2.488167951777744857e+00
2.540415631960836862e+00
2.593168360945152351e+00
2.646427624138912638e+00
2.700194994202083087e+00
2.754472130394168161e+00
2.809260777979238011e+00
2.864562767683157318e+00
2.920380015211475833e+00
2.976714520812471676e+00
3.033568368895833256e+00
3.090943727696231935e+00
3.148842848983788745e+00
3.207268067814381229e+00
3.266221802315700362e+00
3.325706553505843210e+00
3.385724905134160245e+00
3.446279523540884515e+00
3.507373157524425800e+00
3.569008638205928285e+00
3.631188878883071069e+00
3.693916874857103849e+00
3.757195703223389582e+00
3.821028522603083122e+00
3.885418572812097349e+00
3.950369174432368347e+00
4.015883728286225640e+00
4.081965714775492415e+00
4.148618693076228325e+00
4.215846300157634730e+00
4.283652249612917018e+00
4.352040330268345691e+00
4.421014404547847221e+00
4.490578406576475778e+00
4.560736339985808740e+00
4.631492275407208759e+00
4.702850347626601035e+00
4.774814752377353422e+00
4.847389742751484931e+00
4.920579625203044927e+00
4.994388755144267833e+00
5.068821532102347760e+00
5.143882394429051708e+00
5.219575813562403965e+00
5.295906287834343473e+00
5.372878335817150131e+00
5.450496489217740326e+00
5.528765285331658674e+00
5.607689259067398346e+00
5.687272934558945892e+00
5.767520816393900240e+00
5.848437380492030435e+00
5.930027064652752422e+00
6.012294258836811345e+00
6.095243295202404710e+00
6.178878437969551385e+00
6.263203873149833179e+00
6.348223698213286248e+00
6.433941911748462417e+00
6.520362403184965849e+00
6.607488942650928898e+00
6.695325171027075584e+00
6.783874590281729233e+00
6.873140554144704595e+00
6.963126259206952717e+00
7.053834736510591341e+00
7.145268843689761340e+00
7.237431257740214008e+00
7.330324468476618449e+00
7.423950772722917257e+00
7.518312269311985929e+00
7.613410854911406567e+00
7.709248220736486523e+00
7.805825850168794489e+00
7.903145017313673470e+00
8.001206786505067114e+00
8.100012012773051495e+00
8.199561343252625534e+00
8.299855219562463304e+00
8.400893881095193194e+00
8.502677369208869962e+00
8.605205532302850457e+00
8.708478031700341404e+00
8.812494348320619508e+00
8.917253790066201447e+00
9.022755499874536511e+00
9.128998464355646547e+00
9.235981522970760693e+00
9.343703377641634944e+00
9.452162602758107823e+00
9.561357655465796412e+00
9.671286886175709085e+00
9.781948549231641366e+00
9.893340813631439801e+00
1.000546177374304513e+01
1.011830945995114917e+01
1.023188184913592025e+01
1.034617687495911120e+01
1.046119243786452202e+01
1.057692641475536632e+01
1.069337666828789324e+01
1.081054105573570823e+01
1.092841743739307070e+01
1.104700368447875647e+01
1.116629768649424292e+01
1.128629735803936818e+01
1.140700064505533540e+01
1.152840553046724281e+01
1.165051003924030759e+01
1.177331224283561006e+01
1.189681026305293976e+01
1.202100227529469656e+01
1.214588651123066754e+01
1.227146126090398148e+01
1.239772487426851555e+01
1.252467576219640222e+01
1.265231239696311327e+01
1.278063331226276134e+01
1.290963710273448761e+01
1.303932242308258616e+01
1.316968798678316865e+01
1.330073256443876062e+01
1.343245498179116204e+01
1.356485411742915126e+01
1.369792890025242649e+01
1.383167830669829890e+01
1.396610135780185935e+01
1.410119711605382875e+01
1.423696468218365929e+01
1.437340319183303627e+01
1.451051181217137298e+01
1.464828973850231719e+01
1.478673619084549884e+01
1.492585041056650574e+01
1.506563165706369567e+01
1.520607920449377737e+01
1.534719233863460275e+01
1.548897035384297993e+01
1.563141255011621666e+01
1.577451823032994760e+01
1.591828669759547665e+01
1.606271725279880513e+01
1.620780919229884987e+01
1.635356180578763841e+01
1.649997437434888781e+01
1.664704616866599807e+01
1.679477644744781273e+01
1.694316445601886656e+01
1.709220942507353413e+01
1.724191056964843938e+01
1.739226708824977052e+01
1.754327816216175151e+01
1.769494295493885261e+01
1.784726061202708181e+01
1.800023026062603293e+01
1.815385100965529119e+01
1.830812194987834118e+01
1.846304215420171957e+01
1.861861067808441561e+01
1.877482656012324114e+01
1.893168882274385467e+01
1.908919647297993549e+01
1.924734850340595571e+01
1.940614389316401400e+01
1.956558160907377086e+01
1.972566060678600408e+01
1.988637983207164694e+01
2.004773822210574252e+01
2.020973470682352158e+01
2.037236821033251033e+01
2.053563765230622451e+01
2.069954194939503722e+01
2.086408001667273737e+01
2.102925076904295665e+01
2.119505312262635144e+01
2.136148599613741084e+01
2.152854831218853349e+01
2.169623899858953919e+01
2.186455698957323079e+01
2.203350122697499458e+01
2.220307066131383422e+01
2.237326425285163012e+01
2.254408097254714605e+01
2.271551980294176332e+01
2.288757973899916820e+01
2.306025978881807248e+01
2.323355897430378647e+01
2.340747633174232334e+01
2.358201091234627356e+01
2.375716178265176737e+01
2.393292802492277005e+01
2.410930873742962888e+01
2.428630303467988227e+01
2.446391004763101762e+01
2.464212892373760511e+01
2.482095882707796619e+01
2.500039893831400306e+01
2.518044845465484372e+01
2.536110658976550525e+01
2.554237257362812841e+01
2.572424565234795324e+01
2.590672508794224171e+01
2.608981015806416082e+01
2.627350015572012865e+01
2.645779438892779822e+01
2.664269218034618447e+01
2.682819286688543770e+01
2.701429579927551217e+01
2.720100034160255476e+01
2.738830587084079582e+01
2.757621177629814824e+01
2.776471745910111721e+01
2.795382233160129815e+01
2.814352581678124920e+01
2.833382734759431187e+01
2.852472636630436753e+01
2.871622232377676198e+01
2.890831467871017324e+01
2.910100289688895359e+01
2.929428645033701173e+01
2.948816481649092580e+01
2.968263747727629109e+01
2.987770391817934978e+01
3.007336362726488588e+01
3.026961609419892696e+01
3.046646080915111199e+01
3.066389726174566022e+01
3.086192493989700836e+01
3.106054332872480472e+01
3.125975190928021874e+01
3.145955015738536176e+01
3.165993754238720115e+01
3.186091352588960746e+01
3.206247756044836450e+01
3.226462908826935916e+01
3.246736753988055568e+01
3.267069233285081253e+01
3.287460287034964779e+01
3.307909853983095161e+01
3.328417871169906306e+01
3.348984273788089894e+01
3.369608995050293743e+01
3.390291966046743255e+01
3.411033115611874678e+01
3.431832370185318126e+01
3.452689653677530401e+01
3.473604887329670987e+01
3.494577989582808186e+01
3.515608875936106159e+01
3.536697458819564588e+01
3.557843647458366121e+01
3.579047347739317075e+01
3.600308462082857375e+01
3.621626889311957598e+01
3.643002524522966468e+01
3.664435258955850117e+01
3.685924979874661744e+01
3.707471570437660802e+01
3.729074909580791797e+01
3.750734871893407529e+01
3.772451327494949425e+01
3.794224141924697591e+01
3.816053176021023319e+01
3.837938285813078920e+01
3.859879322401725688e+01
3.881876131849838174e+01
3.903928555078646667e+01
3.926036427752168123e+01
3.948199580177377754e+01
3.970417837192422894e+01
3.992691018065054465e+01
4.015018936385700243e+01
4.037401399962238457e+01
4.059838210719016161e+01
4.082329164591025261e+01
4.104874051412610214e+01
4.127472654811556652e+01
4.150124752108624904e+01
4.172830114197966367e+01
4.195588505441541116e+01
4.218399683551997725e+01
4.241263399479048246e+01
4.264179397287841056e+01
4.287147414044721216e+01
4.310167179687711325e+01
4.333238416910349855e+01
4.356360841028541842e+01
4.379534159854155462e+01
4.402758073564501018e+01
4.426032274571273462e+01
4.449356447397995140e+01
4.472730268534441933e+01
4.496153406310154566e+01
4.519625520764449078e+01
4.543146263518808325e+01
4.566715277645716498e+01
4.590332197542498704e+01
4.613996648815313506e+01
4.637708248157599655e+01
4.661466603240189954e+01
4.685271312606695915e+01
4.709121965573879720e+01
4.733018142142896778e+01
4.756959412918027397e+01
4.780945339036302499e+01
4.804975472108232282e+01
4.829049354172081365e+01
4.853166517662992874e+01
4.877326485389792055e+01
4.901528770536747004e+01
4.925772876674994194e+01
4.950058297800318741e+01
4.974384518377023312e+01
4.998751013417685130e+01
5.023157248568395516e+01
5.047602680224924399e+01
5.072086755666637004e+01
5.096608913222674175e+01
5.121168582440662931e+01
5.145765184305368933e+01
5.170398131459168667e+01
5.195066828463568243e+01
5.219770672073526185e+01
5.244509051540647704e+01
5.269281348938974219e+01
5.294086939522997426e+01
5.318925192091685261e+01
5.343795469388665964e+01
5.368697128521996120e+01
5.393629521403399707e+01
5.418591995209694545e+01
5.443583892856576512e+01
5.468604553496944476e+01
5.493653313036430319e+01
5.518729504658853813e+01
5.543832459369168220e+01
5.568961506550738960e+01
5.594115974518560819e+01
5.619295191103906006e+01
5.644498484232620683e+01
5.669725182505405314e+01
5.694974615789774930e+01
5.720246115812884824e+01
5.745539016744071859e+01
5.770852655787223995e+01
5.796186373767642408e+01
5.821539515703654644e+01
5.846911431380587487e+01
5.872301475907958945e+01
5.897709010269905860e+01
5.923133401862274638e+01
5.948574025010043442e+01
5.974030261480908877e+01
5.999501500965931911e+01
6.024987141547222080e+01
6.050486590158370603e+01
6.075999262997302708e+01
6.101524585946113177e+01
6.127061994942355483e+01
6.152610936341151415e+01
6.178170867255674636e+01
6.203741255855527470e+01
6.229321581656528650e+01
6.254911335785492099e+01
6.280510021187127734e+01
6.306117152861074970e+01
6.331732258013796155e+01
6.357354876221877049e+01
6.382984559551732673e+01
6.408620872667549406e+01
6.434263392884362531e+01
6.459911710225678405e+01
6.485565427442077180e+01
6.511224159994125671e+01
6.536887536027849421e+01
6.562555196299958027e+01
6.588226794096722472e+01
6.613901995122597555e+01
6.639580477343287157e+01
6.665261930842819993e+01
6.690946057605661679e+01
6.716632571306223554e+01
6.742321197056438109e+01
6.768011671130651052e+01
6.793703740665526425e+01
6.819397163322477695e+01
6.845091706940459630e+01
6.870787149140329575e+01
6.896483276924988104e+01
6.922179886227327472e+01
6.947876781454229445e+01
6.973573774993803909e+01
6.999270686698847044e+01
7.024967343342069626e+01
7.050663578057670122e+01
7.076359229751808755e+01
7.102054142485023647e+01
7.127748164862049407e+01
7.153441149375697705e+01
7.179132951747961044e+01
7.204823430253176753e+01
7.230512445038087321e+01
7.256199857420469357e+01
7.281885529185716166e+01
7.307569321891432423e+01
7.333251096145650649e+01
7.358930710907597472e+01
7.384608022790774839e+01
7.410282885350785875e+01
7.435955148407494164e+01
7.461624657361838331e+01
7.487291252528217456e+01
7.512954768490324398e+01
7.538615033473827509e+01
7.564271868716497238e+01
7.589925087881778154e+01
7.615574496497669088e+01
7.641219891403530085e+01
7.666861060228103497e+01
7.692497780911895688e+01
7.718129821227655896e+01
7.743756938364867892e+01
7.769378878520375054e+01
7.794995376539466747e+01
7.820606155580679797e+01
7.846210926828932486e+01
7.871809389236761945e+01
7.897401229297159375e+01
7.922986120878665872e+01
7.948563725075706543e+01
7.974133690108698147e+01
7.999695651253375672e+01
8.025249230824572066e+01
8.050794038185638613e+01
8.076329669793690869e+01
8.101855709262746075e+01
8.127371727484216990e+01
8.152877282761055255e+01
8.178371920962159436e+01
8.203855175694690161e+01
8.229326568504666284e+01
8.254785609073039154e+01
8.280231795444889542e+01
8.305664614227177367e+01
8.331083540834744383e+01
8.356488039688876768e+01
8.381877564445622397e+01
8.407251558203456909e+01
8.432609453703682334e+01
8.457950673530974939e+01
8.483274630305676567e+01
8.508580726857296384e+01
8.533868356413360345e+01
8.559136902766925914e+01
8.584385740454509062e+01
8.609614234937217248e+01
8.634821742795845978e+01
8.660007611924365278e+01
8.685171181740342661e+01
8.710311783456050705e+01
8.735428740333642850e+01
8.760521367996794595e+01
8.785588974788561245e+01
8.810630862172489230e+01
8.835646325175032700e+01
8.860634652905230269e+01
8.885595129135884918e+01
8.910527032925513424e+01
8.935429639353189657e+01
8.960302220280010488e+01
8.985144045213243658e+01
9.009954382230785086e+01
9.034732498966290848e+01
9.059477663681252579e+01
9.084189146376559165e+01
9.108866219967228517e+01
9.133508161516819257e+01
9.158114253498524704e+01
9.182683785104518392e+01
9.207216053583648829e+01
9.231710365581508881e+01
9.256166038507856797e+01
9.280582401921230939e+01
9.304958798873617809e+01
9.329294587286038620e+01
9.353589141282427022e+01
9.377841852533462941e+01
9.402052131521712397e+01
9.426219408844134762e+01
9.450343136415915524e+01
9.474422788664431039e+01
9.498457863637437981e+01
9.522447884100674287e+01
9.546392398489679465e+01
9.570290981820005527e+01
9.594143236469616909e+01
9.617948792863060703e+01
9.641707309978846752e+01
9.665418475700569445e+01
9.689082007020815013e+01
9.712697649987640602e+01
9.736265179459411456e+01
9.759784398608422862e+01
9.783255138189397826e+01
9.806677255510888358e+01
9.830050633176296060e+01
9.853375177543183838e+01
9.876650816925499043e+01
9.899877499580976803e+01
9.923055191442620071e+01
9.946183873720815427e+01
9.969263540291909464e+01
9.992294195007792723e+01
1.001527584891057643e+02
1.003820851741436826e+02
1.006109221748381515e+02
1.008392696487901361e+02
1.010671277141723294e+02
1.012944964239921575e+02
1.015213757412375770e+02
1.017477655154716558e+02
1.019736654612702296e+02
1.021990751381004969e+02
1.024239939315819754e+02
1.026484210370532395e+02
1.028723554441810677e+02
1.030957959233560075e+02
1.033187410132691468e+02
1.035411890101071180e+02
1.037631379579690787e+02
1.039845856403605922e+02
1.042055295730911553e+02
1.044259669983562020e+02
1.046458948797842226e+02
1.048653098987313825e+02
1.050842084516926462e+02
1.053025866492526887e+02
1.055204403155678961e+02
1.057377649897548224e+02
1.059545559281169034e+02
1.061708081079432873e+02
1.063865162327096954e+02
1.066016747384836805e+02
1.068162778026856614e+02
1.070303193540565019e+02
1.072437930851749428e+02
1.074566924669379659e+02
1.076690107653599000e+02
1.078807410612712232e+02
1.080918762720201585e+02
1.083024091762128478e+02
1.085123324400340721e+02
1.087216386457820789e+02
1.089303203214197850e+02
1.091383699708304391e+02
1.093457801036744854e+02
1.095525432642803025e+02
1.097586520581073017e+02
1.099640991755334340e+02
1.101688774115268501e+02
1.103729796810397801e+02
1.105763990292716414e+02
1.107791286365411594e+02
1.109811618183389328e+02
1.111824920199016873e+02
1.113831128067191258e+02
1.115830178512459838e+02
1.117822009171236886e+02
1.119806558419384857e+02
1.121783765200938490e+02
1.123753568867387855e+02
1.125715909045130729e+02
1.127670725538454661e+02
1.129617958281826589e+02
1.131557547337470311e+02
1.133489432953039966e+02
1.135413555659787761e+02
1.137329856412420952e+02
1.139238276748222063e+02
1.141138758952616854e+02
1.143031246205618601e+02
1.144915682687157812e+02
1.146792013619508595e+02
1.148660185230682487e+02
1.150520144624019423e+02
1.152371839552252197e+02
1.154215218094373085e+02
1.156050228255677013e+02
1.157876817500825126e+02
1.159694932259251630e+02
1.161504517419106293e+02
1.163305515858303494e+02
1.165097868031828199e+02
1.166881511652436956e+02
1.168656381481749662e+02
1.170422409247685778e+02
1.172179523697167411e+02
1.173927650774420357e+02
1.175666713917058388e+02
1.177396634447854922e+02
1.179117332036145882e+02
1.180828725199698113e+02
1.182530731810603868e+02
1.184223269582097657e+02
1.185906256504261336e+02
1.187579611211236852e+02
1.189243253274218546e+02
1.190897103407753548e+02
1.192541083603753123e+02
1.194175117206967371e+02
1.195799128943247069e+02
1.197413044921148497e+02
1.199016792617059934e+02
1.200610300853549717e+02
1.202193499761011992e+02
1.203766320717219998e+02
1.205328696238609609e+02
1.206880559804052808e+02
1.208421845597325301e+02
1.209952488150818084e+02
1.211472421908693207e+02
1.212981580738469773e+02
1.214479897442208483e+02
1.215967303349045068e+02
1.217443728077480216e+02
1.218909099556501161e+02
1.220363344391303855e+02
1.221806388619508255e+02
1.223238158876758490e+02
1.224658583927803903e+02
1.226067596472732362e+02
1.227465135102838474e+02
1.228851146233791241e+02
1.230225585845389276e+02
1.231588420873651586e+02
1.232939630117707708e+02
1.234279204587282237e+02
1.235607147253850968e+02
1.236923472216701612e+02
1.238228203337200739e+02
1.239521372400433279e+02
1.240803016883157426e+02
1.242073177398797270e+02
1.243331894898664132e+02
1.244579207706539279e+02
1.245815148499566050e+02
1.247039741373789212e+02
1.248252999185194625e+02
1.249454921392233189e+02
1.250645492662523708e+02
1.251824682496734056e+02
1.252992446076486885e+02
1.254148726450784039e+02
1.255293458045346142e+02
1.256426571279488797e+02
1.257547997922964527e+02
1.258657676644877483e+02
1.259755558115747789e+02
1.260841609005453137e+02
1.261915814314768056e+02
1.262978177657893895e+02
1.264028719386565882e+02
1.265067472736912038e+02
1.266094478439995896e+02
1.267109778438186112e+02
1.268113409424018130e+02
1.269105396892841640e+02
1.270085750259966915e+02
1.271054459408542670e+02
1.272011492823593386e+02
1.272956797300292209e+02
1.273890299111549922e+02
1.274811906447327203e+02
1.275721512951591592e+02
1.276619002166671066e+02
1.277504252669441485e+02
1.278377143605210193e+02
1.279237560200809440e+02
1.280085398705694217e+02
1.280920570117679063e+02
1.281743002063760457e+02
1.282552638376700429e+02
1.283349436221315329e+02
1.284133361081102862e+02
1.284904380359793379e+02
1.285662456743392283e+02
1.286407542645332285e+02
1.287139576955630957e+02
1.287858484948852436e+02
1.288564181598080438e+02
1.289256577841529463e+02
1.289935588637934814e+02
1.290601141132884209e+02
1.291253180932882572e+02
1.291891674528429235e+02
1.292516606250352424e+02
1.293127968878481227e+02
1.293725748109567064e+02
1.294309902450731045e+02
1.294880341609832612e+02
1.295436907701532334e+02
1.295979364183172606e+02
1.296507396943053436e+02
1.297020630132905978e+02
1.297518656350354433e+02
1.298001077262455567e+02
1.298467547683205794e+02
1.298917814528045653e+02
1.299351742661479250e+02
1.299769322489336218e+02
1.300170658555110208e+02
1.300555943113690205e+02
1.300925422264753593e+02
1.301279363627060945e+02
1.301618033294335532e+02
1.301941686305449650e+02
1.302250570206738587e+02
1.302544936905940176e+02
1.302825055225551125e+02
1.303091216139462176e+02
1.303343724658793406e+02
1.303582875937023289e+02
1.303808917287585416e+02
1.304022001342158887e+02
1.304222137919881845e+02
1.304409153315330343e+02
1.304582665978774685e+02
1.304742087075219104e+02
1.304886652694847271e+02
1.305015490659972954e+02
1.305127718220185216e+02
1.305222558243906974e+02
1.305299453176171767e+02
1.305358151772503845e+02
1.305398746542847448e+02
1.305421650582118502e+02
1.305427518228423480e+02
1.305417129396041958e+02
1.305391266761845657e+02
1.305350614913453740e+02
1.305295701423113996e+02
1.305226885336027749e+02
1.305144383875648089e+02
1.305048317771243944e+02
1.304938751967239341e+02
1.304815711943537622e+02
1.304679165185222587e+02
1.304528970404912513e+02
1.304364810979780032e+02
1.304186140053913050e+02
1.303992168866046768e+02
1.303781923610089848e+02
1.303554378832439511e+02
1.303308650129644661e+02
1.303044203424618956e+02
1.302761022396941257e+02
1.302459677875594650e+02
1.302141265231582850e+02
1.301807211879855117e+02
1.301458994780069247e+02
1.301097834299671945e+02
1.300724437703193814e+02
1.300338851474362798e+02
1.299940451708058333e+02
1.299528064721584997e+02
1.299100176580477353e+02
1.298655171845496739e+02
1.298191546742717151e+02
1.297708068551010570e+02
1.297203885883282908e+02
1.296678610831887113e+02
1.296132379850947132e+02
1.295565864804952980e+02
1.294980177694881434e+02
1.294376621281301141e+02
1.293756291825661435e+02
1.293119620528697453e+02
1.292466009161543923e+02
1.291793731715795843e+02
1.291100211735592893e+02
1.290382651830557563e+02
1.289638837148068546e+02
1.288867833535730369e+02
1.288070314285313032e+02
1.287248382311715886e+02
1.286404948815960552e+02
1.285542893973432399e+02
1.284664298196581171e+02
1.283769978987900799e+02
1.282859439982795493e+02
1.281931201055831764e+02
1.280983380464695074e+02
1.280014355315854857e+02
1.279023323142756681e+02
1.278010612852281724e+02
1.276977650522488261e+02
1.275926581537814855e+02
1.274859669203358976e+02
1.273778679051577143e+02
1.272684456275917171e+02
1.271576798055783115e+02
1.270454578225582623e+02
1.269315999284473975e+02
1.268158872263513359e+02
1.266980905815993452e+02
1.265780026241115479e+02
1.264554708885698204e+02
1.263304228751752163e+02
1.262028721112587135e+02
1.260729022607579708e+02
1.259406395477521698e+02
1.258062319464026899e+02
1.256698482717797702e+02
1.255316930368372681e+02
1.253920165150338164e+02
1.252510984843542730e+02
1.251092018415431539e+02
1.249665162373304952e+02
1.248231239215191266e+02
1.246790111026348313e+02
1.245341244195028310e+02
1.243884476044470802e+02
1.242420595287546661e+02
1.240951371689726841e+02
1.239478874071619714e+02
1.238004263036768293e+02
1.236526593905988562e+02
1.235042295306568576e+02
1.233545749320787763e+02
1.232030868730972912e+02
1.230493046459163935e+02
1.228930653211060360e+02
1.227345463769170095e+02
1.225741828764589343e+02
1.224124864603580534e+02
1.222498315816550303e+02
1.220862969611040398e+02
1.219216370887461380e+02
1.217553974450126333e+02
1.215871060963165462e+02
1.214164321318107227e+02
1.212432328134991479e+02
1.210674914715153676e+02
1.208892163154781940e+02
1.207083817862887969e+02
1.205249497953954005e+02
1.203389460687086654e+02
1.201505310348371154e+02
1.199600159181881054e+02
1.197678182766339319e+02
1.195743908734408478e+02
1.193801645305123316e+02
1.191855195593953596e+02
1.189907684342722689e+02
1.187961252020528917e+02
1.186016627890881381e+02
1.184072931448877455e+02
1.182128071084941610e+02
1.180179652168649795e+02
1.178225739747829692e+02
1.176264788942345092e+02
1.174294771138734745e+02
1.172312353653734931e+02
1.170313029709233774e+02
1.168292228898078235e+02
1.166246560079018622e+02
1.164174335421767381e+02
1.162075271963579439e+02
1.159949890871326943e+02
1.157799094845221788e+02
1.155623984456583315e+02
1.153425724544348725e+02
1.151205336502318630e+02
1.148963456039305555e+02
1.146700196796086999e+02
1.144415273600255745e+02
1.142108438422006458e+02
1.139780086687737821e+02
1.137431748893748136e+02
1.135066223483458714e+02
1.132687301097858210e+02
1.130299256353499828e+02
1.127906425795174812e+02
1.125513122173424421e+02
1.123123794386183647e+02
1.120742980147267360e+02
1.118374720949499306e+02
1.116021811018062806e+02
1.113685752526643995e+02
1.111367720732147859e+02
1.109069607545539355e+02
1.106793854862394397e+02
1.104542038383819715e+02
1.102313667562835917e+02
1.100106514682467349e+02
1.097918066115231426e+02
1.095746522233579441e+02
1.093590532659667502e+02
1.091448377848183355e+02
1.089317613959178885e+02
1.087195197125825104e+02
1.085077449913545422e+02
1.082959770649620737e+02
1.080836679730410310e+02
1.078702510530845444e+02
1.076552240103676468e+02
1.074381817132415193e+02
1.072188027085350370e+02
1.069968457534015158e+02
1.067721836470678483e+02
1.065448358211167346e+02
1.063149420481149150e+02
1.060826696586690758e+02
1.058481126530579104e+02
1.056112569530237408e+02
1.053720366901429628e+02
1.051304383915954901e+02
1.048865849264829109e+02
1.046407649870003667e+02
1.043934210785544394e+02
1.041451155088024478e+02
1.038964654139093113e+02
1.036480352652875183e+02
1.034002278442170990e+02
1.031532608695557514e+02
1.029072720841098629e+02
1.026624796258950028e+02
1.024192639126578683e+02
1.021781135574699135e+02
1.019395093283497147e+02
1.017038528455714612e+02
1.014714486078176208e+02
1.012424525447775778e+02
1.010167392654446132e+02
1.007937746025229586e+02
1.005726392674402234e+02
1.003522371840123100e+02
1.001315460944256301e+02
9.990972553871959860e+01
9.968604231950193650e+01
9.945975017809280416e+01
9.923008465410930512e+01
9.899639760668101474e+01
9.875831428222370789e+01
9.851578336037512429e+01
9.826899127658991517e+01
9.801821230670778107e+01
9.776368790001797038e+01
9.750558763803837792e+01
9.724405348885454714e+01
9.697929466783864427e+01
9.671167915576342011e+01
9.644176217607500234e+01
9.617021890052426158e+01
9.589771187211965753e+01
9.562478406684772381e+01
9.535186145753128528e+01
9.507935589201842674e+01
9.480776133323549004e+01
9.453764883228772931e+01
9.426958807363035930e+01
9.400410955296790405e+01
9.374175346765272820e+01
9.348311082440396547e+01
9.322874266872707949e+01
9.297901148292102391e+01
9.273399419719009984e+01
9.249358617037441377e+01
9.225770546286891260e+01
9.202639825371571192e+01
9.179975345590540314e+01
9.157773072314336105e+01
9.136007488156984380e+01
9.114637550844052782e+01
9.093617912324607744e+01
9.072903413196432609e+01
9.052444661426159200e+01
9.032182038977181548e+01
9.012045384400285286e+01
8.991959759027001553e+01
8.971852717616899042e+01
8.951659083221728963e+01
8.931322326741911866e+01
8.910793450983332775e+01
8.890028504250875585e+01
8.868986171924068174e+01
8.847627556862782683e+01
8.825919712780621751e+01
8.803841755859519935e+01
8.781388946899961923e+01
8.758569390575452474e+01
8.735392225856601556e+01
8.711853436597559153e+01
8.687929738284476855e+01
8.663587370934408227e+01
8.638802555211285039e+01
8.613581695879551603e+01
8.587969431804685883e+01
8.562041212825553771e+01
8.535886852462290619e+01
8.509594705668382630e+01
8.483241676403333997e+01
8.456888272678266105e+01
8.430576696100766299e+01
8.404332830693989820e+01
8.378173918556669264e+01
8.352119840048631261e+01
8.326201799324633157e+01
8.300463589709023893e+01
8.274956497687553281e+01
8.249732831007860057e+01
8.224841316949877523e+01
8.200323362498664892e+01
8.176207900232810744e+01
8.152505613054819378e+01
8.129206865714721175e+01
8.106287045967947336e+01
8.083717833770325001e+01
8.061477726389384202e+01
8.039555065705312131e+01
8.017942270635438717e+01
7.996626213347015266e+01
7.975581497425309863e+01
7.954769963843703806e+01
7.934144715000167025e+01
7.913654536506108172e+01
7.893245992998595284e+01
7.872863533023306104e+01
7.852449685963873094e+01
7.831946674582991363e+01
7.811298760798956664e+01
7.790453703529385621e+01
7.769362938857300094e+01
7.747982117234055011e+01
7.726273783255446403e+01
7.704211410840211727e+01
7.681781413162067906e+01
7.658980790663194682e+01
7.635812486079015571e+01
7.612283260879033264e+01
7.588406037872391607e+01
7.564203019961954055e+01
7.539704440380548078e+01
7.514942754103914524e+01
7.489947610302533576e+01
7.464746308457070256e+01
7.439368460817250650e+01
7.413849411979543902e+01
7.388229108170773429e+01
7.362548414650109407e+01
7.336847089764127361e+01
7.311164827423552026e+01
7.285542816053457216e+01
7.260022631998606357e+01
7.234642311628691402e+01
7.209432625341665357e+01
7.184416659773528124e+01
7.159612916964883311e+01
7.135039165420816687e+01
7.110713865606776096e+01
7.086654182880745623e+01
7.062872248592329072e+01
7.039372381064443118e+01
7.016151133877954749e+01
6.993200425572914014e+01
6.970512728757746856e+01
6.948086612787562899e+01
6.925930630240468133e+01
6.904063672607748003e+01
6.882510899826147011e+01
6.861296274372512016e+01
6.840434811703477180e+01
6.819928424040189441e+01
6.799767599653704053e+01
6.779937602045079359e+01
6.760424606586720131e+01
6.741216799086751621e+01
6.722298768474918518e+01
6.703642532071263815e+01
6.685201631145287138e+01
6.666913484463594841e+01
6.648710285722923174e+01
6.630533458754045739e+01
6.612344409173906001e+01
6.594126256779441064e+01
6.575876047719921758e+01
6.557591793248332124e+01
6.539260863047074679e+01
6.520854707205417355e+01
6.502330860266799561e+01
6.483639446115370220e+01
6.464730128040196178e+01
6.445556721034587611e+01
6.426078913398015402e+01
6.406262111224748423e+01
6.386076795009411455e+01
6.365498342029336243e+01
6.344507546642753226e+01
6.323091376858845081e+01
6.301243084697816244e+01
6.278960904790314146e+01
6.256245292027713845e+01
6.233095620098269762e+01
6.209507897897955786e+01
6.185474909840375801e+01
6.160989216502380827e+01
6.136048091319126740e+01
6.110658431379670930e+01
6.084839583900182447e+01
6.058622972369147419e+01
6.032048853761075691e+01
6.005161684340782102e+01
5.978005881412740052e+01
5.950623262587390627e+01
5.923052562072002303e+01
5.895330661156852159e+01
5.867494788913896997e+01
5.839584919877665925e+01
5.811645735694602877e+01
5.783727669406887628e+01
5.755886681380551551e+01
5.728182608190920888e+01
5.700676284749123823e+01
5.673426152757693330e+01
5.646485502972058867e+01
5.619901470885111650e+01
5.593716168506052355e+01
5.567969124412206838e+01
5.542699277153167259e+01
5.517944916253109255e+01
5.493741284256805102e+01
5.470117149452936189e+01
5.447092275261546490e+01
5.424676844301519907e+01
5.402872320256327754e+01
5.381672324766080351e+01
5.361062560987018344e+01
5.341020043707351306e+01
5.321512697961500038e+01
5.302500128986346795e+01
5.283935463204152683e+01
5.265767511719255367e+01
5.247942587723423458e+01
5.230405836850079737e+01
5.213102315522991148e+01
5.195977978411290366e+01
5.178980417484584819e+01
5.162059042392503017e+01
5.145164607276066704e+01
5.128248412827333169e+01
5.111261794921000501e+01
5.094156409764105575e+01
5.076885383076318448e+01
5.059404890308908875e+01
5.041675490004659110e+01
5.023662676280099504e+01
5.005336533304854640e+01
4.986670805227685577e+01
4.967641918948923774e+01
4.948228451994589960e+01
4.928411310482350416e+01
4.908174611176756486e+01
4.887507045061665423e+01
4.866403368405083540e+01
4.844865615890111599e+01
4.822903658659032544e+01
4.800534853071760466e+01
4.777782750023568070e+01
4.754675124153349230e+01
4.731241844938045205e+01
4.707513223078311171e+01
4.683519330371073153e+01
4.659290412813244586e+01
4.634858031577959991e+01
4.610256203406142816e+01
4.585521778763820322e+01
4.560693651402499427e+01
4.535810988251783726e+01
4.510911210582840170e+01
4.486028664152311762e+01
4.461194672575580711e+01
4.436439086300183732e+01
4.411792788924974218e+01
4.387290187372607164e+01
4.362970662834940327e+01
4.338878299796526505e+01
4.315059802238771169e+01
4.291561129091750360e+01
4.268423806421795064e+01
4.245681943660348168e+01
4.223360676463058638e+01
4.201476217406770530e+01
4.180037152233587250e+01
4.159046289783994865e+01
4.138502354304775110e+01
4.118401048943177045e+01
4.098735372965123958e+01
4.079495385435424737e+01
4.060667772574392842e+01
4.042235569184126120e+01
4.024178244529682047e+01
4.006472163682430221e+01
3.989091258034554244e+01
3.972007648957703196e+01
3.955191995824831963e+01
3.938613467461035356e+01
3.922239408211977718e+01
3.906034914110134793e+01
3.889962594534703300e+01
3.873982750971554623e+01
3.858054077772730750e+01
3.842134828081376696e+01
3.826184246944632861e+01
3.810163997735774899e+01
3.794039317741861339e+01
3.777779723804756173e+01
3.761359214087863734e+01
3.744756032726298400e+01
3.727952144470459928e+01
3.710932591660569102e+01
3.693684882867596997e+01
3.676198512196267387e+01
3.658464654080989931e+01
3.640476036992998132e+01
3.622226976356696326e+01
3.603713537475130124e+01
3.584933794103397275e+01
3.565888140066216749e+01
3.546579598946012624e+01
3.527014066124263536e+01
3.507200416952049693e+01
3.487150431241448700e+01
3.466878518386717900e+01
3.446401272694551920e+01
3.425736933091953773e+01
3.404904851011271205e+01
3.383925073204821388e+01
3.362818116937339852e+01
3.341604958579443263e+01
3.320307188497038453e+01
3.298947228413036470e+01
3.277548484331865097e+01
3.256135330226677382e+01
3.234732878942144652e+01
3.213366573471399334e+01
3.192061692387374094e+01
3.170842883068877782e+01
3.149733809636719073e+01
3.128756945563435465e+01
3.107933482900408251e+01
3.087283297249178915e+01
3.066824910457873798e+01
3.046575422274383627e+01
3.026550417207655030e+01
3.006763874094498235e+01
2.987228105537817413e+01
2.967953738428618848e+01
2.948949728417595750e+01
2.930223392083134826e+01
2.911780443972745047e+01
2.893625036394040961e+01
2.875759808756480496e+01
2.858185953673437396e+01
2.840903298397820009e+01
2.823910387923455900e+01
2.807204547957893226e+01
2.790781907727174271e+01
2.774637374825134017e+01
2.758764572741133847e+01
2.743155768723248045e+01
2.727801828280930252e+01
2.712692229118626841e+01
2.697815152698749941e+01
2.683157650946223072e+01
2.668705866154728668e+01
2.654445270071861174e+01
2.640360886848963418e+01
2.626437473402681633e+01
2.612659645843995193e+01
2.599011956766438303e+01
2.585478940436275508e+01
2.572045148632830092e+01
2.558695198515063751e+01
2.545413847184043377e+01
2.532186098182284439e+01
2.518997335809414295e+01
2.505833475923549258e+01
2.492681118111421057e+01
2.479527683843958741e+01
2.466361528003351822e+01
2.453172015849891352e+01
2.439949562910052450e+01
2.426685640292322077e+01
2.413372751693335161e+01
2.400004390630292761e+01
2.386574987081043986e+01
2.373079852086276276e+01
2.359515127374537613e+01
2.345877744990795932e+01
2.332165399595110955e+01
2.318376533667066397e+01
2.304510333512853038e+01
2.290566731884849361e+01
2.276546411475428755e+01
2.262450802825592788e+01
2.248282070549443290e+01
2.234043083303473409e+01
2.219737365513171312e+01
2.205369032109488003e+01
2.190942710845940766e+01
2.176463459482762275e+01
2.161936686659685236e+01
2.147368085234734281e+01
2.132763585199903744e+01
2.118129330225245255e+01
2.103471677999966971e+01
2.088797220466857851e+01
2.074112816510296042e+01
2.059425627235131984e+01
2.044743143036599875e+01
2.030073192389822268e+01
2.015423924515178555e+01
2.000803761562013250e+01
1.986221320104169052e+01
1.971685305994752468e+01
1.957204390352200818e+01
1.942787077052411604e+01
1.928441573234876216e+01
1.914175673835465474e+01
1.899996669175995834e+01
1.885911281532195005e+01
1.871925632888797608e+01
1.858045242431861865e+01
1.844275049134225597e+01
1.830619452623973231e+01
1.817082364442100584e+01
1.803667261933059507e+01
1.790377238097511281e+01
1.777215042585686078e+01
1.764183111174558860e+01
1.751283583264149613e+01
1.738518308795210032e+01
1.725888847312894114e+01
1.713396462589447822e+01
1.701042116217821842e+01
1.688826463064834726e+01
1.676749850535161812e+01
1.664812322522851318e+01
1.653013627880533676e+01
1.641353232427427500e+01
1.629830333036793633e+01
1.618443872243324932e+01
1.607192552053171397e+01
1.596074846114053081e+01
1.585089010027967937e+01
1.574233090166962690e+01
1.563504931852729918e+01
1.552902188018704166e+01
1.542422329537295589e+01
1.532062658220178797e+01
1.521820323151432675e+01
1.511692340581321936e+01
1.501675617127248685e+01
1.491766975622291014e+01
1.481963182630313369e+01
1.472260976481277339e+01
1.462657094649839173e+01
1.453148299421549794e+01
1.443731400998546732e+01
1.434403277466964610e+01
1.425160891350964576e+01
1.416001302735045186e+01
1.406921679152590166e+01
1.397919302596828750e+01
1.388991574083471825e+01
1.380136016222964734e+01
1.371350274230045585e+01
1.362632115754626660e+01
1.353979429845327687e+01
1.345390225299690634e+01
1.336862628595267566e+01
1.328394881550330808e+01
1.319985338831825850e+01
1.311632465395461900e+01
1.303334833930671088e+01
1.295091122355957403e+01
1.286900111397751090e+01
1.278760682265964910e+01
1.270671814423294421e+01
1.262632583427046917e+01
1.254642158817331854e+01
1.246699802006840230e+01
1.238804864132499439e+01
1.230956783828098011e+01
1.223155084884364996e+01
1.215399373767976776e+01
1.207689336988565820e+01
1.200024738305340399e+01
1.192405415787184175e+01
1.184831278737108917e+01
1.177302304503279906e+01
1.169818535205994436e+01
1.162380074405096231e+01
1.154987083734333986e+01
1.147639779529800741e+01
1.140338429472724258e+01
1.133083349265677242e+01
1.125874899358964676e+01
1.118713481737354698e+01
1.111599536782364339e+01
1.104533540212967146e+01
1.097516000114676338e+01
1.090547454056255816e+01
1.083628466298957704e+01
1.076759625093775874e+01
1.069941540063532237e+01
1.063174839661651561e+01
1.056460168701826596e+01
1.049798185944874973e+01
1.043189561734488535e+01
1.036634975670615511e+01
1.030135114311577382e+01
1.023690668898419709e+01
1.017302333097659073e+01
1.010970800761687904e+01
1.004696763712929197e+01
9.984809095556606451e+00
9.923239195273314550e+00
9.862264664045868656e+00
9.801892124775770654e+00
9.742128076089786148e+00
9.682978873957495125e+00
9.624450714496457948e+00
9.566549618105671726e+00
9.509281415071543009e+00
9.452651732737770374e+00
9.396665984318712361e+00
9.341329359407955835e+00
9.286646816184413566e+00
9.232623075309437155e+00
9.179262615454991447e+00
9.126569670432353121e+00
9.074548227770753428e+00
9.023202028688972476e+00
8.972534569316705344e+00
8.922549103025586348e+00
8.873248643761831644e+00
8.824635970205502389e+00
8.776713630657758003e+00
8.729483948500366353e+00
8.682949028114059331e+00
8.637110761146947979e+00
8.591970833021637333e+00
8.547530729603892041e+00
8.503791743934794312e+00
8.460754982988049733e+00
8.418421374387502709e+00
8.376791673032558450e+00
8.335866467626400933e+00
8.295646187067919897e+00
8.256131106697957023e+00
8.217321354410076495e+00
8.179216916602500831e+00
8.141817643999097243e+00
8.105123257326996011e+00
8.069133352885145882e+00
8.033847407988618627e+00
7.999264786317358933e+00
7.965384743174952931e+00
7.932206430658341745e+00
7.899728902757519045e+00
7.867951120379259144e+00
7.836871956300333508e+00
7.806490200053395334e+00
7.776804562738287352e+00
7.747813681757439674e+00
7.719516125464519263e+00
7.691910397732628191e+00
7.664994942414195656e+00
7.638768147700401023e+00
7.613228350360156327e+00
7.588373839854030578e+00
7.564202862316944831e+00
7.540713624394371095e+00
7.517904296929294183e+00
7.495773018492038808e+00
7.474317898745302280e+00
7.453537021646458705e+00
7.433428448475570605e+00
7.413990220694948619e+00
7.395220362633716071e+00
7.377116884002780317e+00
7.359677782238007282e+00
7.342901044680183453e+00
7.326784650587668146e+00
7.311326572992618900e+00
7.296524780404198829e+00
7.282377238363129557e+00
7.268881910857383666e+00
7.256036761605153984e+00
7.243839755209093845e+00
7.232288858191615155e+00
7.221382039921198093e+00
7.211117273433046648e+00
7.201492536155241098e+00
7.192505810547683787e+00
7.184155084656517865e+00
7.176438352599141091e+00
7.169353614986356149e+00
7.162898879278886355e+00
7.157072160100096170e+00
7.151871479499532391e+00
7.147294867183362932e+00
7.143340360711102122e+00
7.140006005668797506e+00
7.137289855822308127e+00
7.135189973263645236e+00
7.133704428543055975e+00
7.132831300804279628e+00
7.132568677924311373e+00
7.132914656658429386e+00
7.133867342801334388e+00
7.135424851366679810e+00
