7.932885777783698104e-04
5.053942886235854304e-03
6.663452673617400839e-03
1.025674433854011081e-02
1.573400480233483681e-02
2.286742885101378936e-02
3.145107158797288277e-02
4.132038313376861643e-02
5.234893852189815427e-02
6.443991859450928783e-02
7.751810493600698460e-02
9.152377016518900565e-02
1.064083664912027632e-01
1.221315685418535718e-01
1.386592499125688105e-01
1.559620805596255710e-01
1.740145330599316975e-01
1.927941599394307759e-01
2.122810538362526755e-01
2.324574339412569801e-01
2.533073220250876556e-01
2.748162837750524612e-01
2.969712189803936919e-01
3.197601891002890828e-01
3.431722740108572589e-01
3.671974519097757628e-01
3.918264978568567480e-01
4.170508974869283070e-01
4.428627731957233693e-01
4.692548206664590715e-01
4.962202540293985109e-01
5.237527582762894207e-01
5.518464478043415555e-01
5.804958301661253817e-01
6.096957742615520814e-01
6.394414823361647127e-01
6.697284652531976246e-01
7.005525205937529476e-01
7.319097132067159395e-01
7.637963578887221328e-01
7.962090039219110738e-01
8.291444212360852273e-01
8.625995879964618585e-01
8.965716794451208393e-01
9.310580578466790547e-01
9.660562634121333536e-01
1.001564006087331871e+00
1.037579158110024213e+00
1.074099747250694348e+00
1.111123950662468385e+00
1.148650089275314867e+00
1.186676622677107273e+00
1.225202144431020601e+00
1.264225377783007476e+00
1.303745171722438201e+00
1.343760497358856609e+00
1.384270444582494930e+00
1.425274218982853114e+00
1.466771138998575807e+00
1.508760633277808294e+00
1.551242238227840353e+00
1.594215595736018676e+00
1.637680451048279417e+00
1.681636650786838993e+00
1.726084141100240332e+00
1.771022965928240156e+00
1.816453265376152704e+00
1.862375274187613394e+00
1.908789320308658333e+00
1.955695823536426126e+00
2.003095294246767466e+00
2.050988332194685793e+00
2.099375625386258548e+00
2.148257949013460788e+00
2.197636164456541863e+00
2.247511218343005712e+00
2.297884141669044755e+00
2.348756048977172828e+00
2.400128137591684307e+00
2.452001686911209788e+00
2.504378057755280107e+00
2.557258691769732195e+00
2.610645110885121412e+00
2.664538916833370852e+00
2.718941790716463469e+00
2.773855492633399145e+00
2.829281861359500105e+00
2.885222814080592446e+00
2.941680346175115535e+00
2.998656531049234797e+00
3.056153520017530045e+00
3.114173542226075231e+00
3.172718904613190283e+00
3.231791991906367567e+00
3.291395266640808615e+00
3.351531269204219843e+00
3.412202617884567246e+00
3.473412008922228900e+00
3.535162216551395620e+00
3.597456093015692691e+00
3.660296568546051343e+00
3.723686651288933724e+00
3.787629427159877160e+00
3.852128059611713784e+00
3.917185789292432219e+00
3.982805933578129398e+00
4.048991885952022862e+00
4.115747115211585871e+00
4.183075164481369512e+00
4.250979649998935628e+00
4.319464259659086203e+00
4.388532751288906297e+00
4.458188950619054403e+00
4.528436748948624135e+00
4.599280100453772668e+00
4.670723019138852017e+00
4.742769575396597936e+00
4.815423892168014142e+00
4.888690140671252848e+00
4.962572535704776300e+00
5.037075330497321701e+00
5.112202811105882816e+00
5.187959290351579433e+00
5.264349101305709766e+00
5.341376590320993323e+00
5.419046109618107288e+00
5.497362009448128362e+00
5.576328629850976881e+00
5.655950292029047866e+00
5.736231289377943021e+00
5.817175878195338434e+00
5.898788268131241352e+00
5.981072612400344823e+00
6.064032997837265349e+00
6.147673434825967398e+00
6.231997847179059136e+00
6.317010062023955541e+00
6.402713799772422831e+00
6.489112664232969507e+00
6.576210132941469944e+00
6.664009547791446941e+00
6.752514106022129425e+00
6.841726851650776098e+00
6.931650667413993716e+00
7.022288267292403852e+00
7.113642189670103200e+00
7.205714791217983084e+00
7.298508241532377205e+00
7.392024518594761062e+00
7.486265405096173886e+00
7.581232485660319931e+00
7.676927145004139419e+00
7.773350567052441207e+00
7.870503735022263747e+00
7.968387432482687771e+00
8.067002245400939131e+00
8.166348565130730819e+00
8.266426592352589253e+00
8.367236341926476584e+00
8.468777648606614861e+00
8.571050173604858102e+00
8.674053411900764843e+00
8.777786700297461664e+00
8.882249226089957261e+00
8.987440036343933514e+00
9.093358047669093835e+00
9.200002056402045270e+00
9.307370749155641221e+00
9.415462713619698221e+00
9.524276449536944966e+00
9.633810379798429580e+00
9.744062861540044196e+00
9.855032197179921738e+00
9.966716645337324820e+00
1.007911443153168563e+01
1.019222375862041829e+01
1.030604281689377544e+01
1.042056979379133352e+01
1.053580288316645763e+01
1.065174029406707668e+01
1.076838025899464313e+01
1.088572104160235732e+01
1.100376094379551262e+01
1.112249831223751606e+01
1.124193154421866048e+01
1.136205909290313620e+01
1.148287947191538017e+01
1.160439125929982040e+01
1.172659310083406403e+01
1.184948371272407286e+01
1.197306188366972712e+01
1.209732647634045577e+01
1.222227642827505179e+01
1.234791075220711143e+01
1.247422853588513902e+01
1.260122894136753580e+01
1.272891120386550057e+01
1.285727463013366112e+01
1.298631859646890696e+01
1.311604254632991484e+01
1.324644598761139491e+01
1.337752848966203345e+01
1.350928968000536834e+01
1.364172924084710914e+01
1.377484690539803402e+01
1.390864245405174238e+01
1.404311571044050666e+01
1.417826653741351173e+01
1.431409483294472729e+01
1.445060052604421585e+01
1.458778357267339665e+01
1.472564395167720264e+01
1.486418166078736114e+01
1.500339671269962771e+01
1.514328913125360643e+01
1.528385894772232767e+01
1.542510619724493459e+01
1.556703091536098427e+01
1.570963313477052203e+01
1.585291288217243633e+01
1.599687017535467071e+01
1.614150502038482315e+01
1.628681740903127562e+01
1.643280731634298419e+01
1.657947469840601329e+01
1.672681949031421311e+01
1.687484160429346858e+01
1.702354092801845908e+01
1.717291732310180308e+01
1.732297062379434394e+01
1.747370063579439048e+01
1.762510713531801443e+01
1.777718986825508907e+01
1.792994854954350004e+01
1.808338286265780681e+01
1.823749245928831897e+01
1.839227695912281391e+01
1.854773594980186502e+01
1.870386898698286160e+01
1.886067559453021047e+01
1.901815526479700935e+01
1.917630745903230505e+01
1.933513160787354579e+01
1.949462711190803432e+01
1.965479334229576835e+01
1.981562964147338235e+01
1.997713532389862578e+01
2.013930967682301443e+01
2.030215196108160569e+01
2.046566141192708699e+01
2.062983723985436413e+01
2.079467863141616846e+01
2.096018475003595327e+01
2.112635473680157361e+01
2.129318771123585918e+01
2.146068277202105179e+01
2.162883899771715335e+01
2.179765544741536232e+01
2.196713116135007482e+01
2.213726516148612333e+01
2.230805645202985943e+01
2.247950401993257685e+01
2.265160683529720131e+01
2.282436385180407967e+01
2.299777400702425822e+01
2.317183622275771171e+01
2.334654940526422351e+01
2.352191244552883376e+01
2.369792421946796424e+01
2.387458358806677339e+01
2.405188939753858435e+01
2.422984047948693487e+01
2.440843565093686252e+01
2.458767371447642702e+01
2.476755345832428290e+01
2.494807365636366825e+01
2.512923306822112934e+01
2.531103043930346175e+01
2.549346450081876014e+01
2.567653396985901182e+01
2.586023754934993235e+01
2.604457392818547490e+01
2.622954178115024604e+01
2.641513976900094818e+01
2.660136653848805466e+01
2.678822072233080220e+01
2.697570093928388602e+01
2.716380579411741181e+01
2.735253387761794386e+01
2.754188376659305604e+01
2.773185402388620702e+01
2.792244319830700405e+01
2.811364982463654982e+01
2.830547242359087790e+01
2.849790950173721882e+01
2.869095955144054244e+01
2.888462105079245745e+01
2.907889246347817647e+01
2.927377223869515888e+01
2.946925881100434808e+01
2.966535060018210856e+01
2.986204601105730916e+01
3.005934343334711656e+01
3.025724124144079141e+01
3.045573779422282357e+01
3.065483143484209450e+01
3.085452049047648160e+01
3.105480327215793324e+01
3.125567807445253621e+01
3.145714317532589632e+01
3.165919683581963895e+01
3.186183729981964063e+01
3.206506279386518088e+01
3.226887152688138372e+01
3.247326168993300399e+01
3.267823145608916491e+01
3.288377898005695954e+01
3.308990239806279021e+01
3.329659982766025905e+01
3.350386936748907374e+01
3.371170909704963492e+01
3.392011707658038944e+01
3.412909134685298795e+01
3.433862992894623289e+01
3.454873082414113838e+01
3.475939201368441189e+01
3.497061145859615294e+01
3.518238709955066668e+01
3.539471685662005029e+01
3.560759862912252061e+01
3.582103029541036676e+01
3.603500971267329334e+01
3.624953471673355665e+01
3.646460312174755813e+01
3.668021272010041400e+01
3.689636128204981702e+01
3.711304655555597520e+01
3.733026626594428166e+01
3.754801811571743997e+01
3.776629978420924516e+01
3.798510892731652433e+01
3.820444317727011452e+01
3.842430014224635215e+01
3.864467740612752067e+01
3.886557252815110530e+01
3.908698304264449774e+01
3.930890645867783206e+01
3.953134025981319155e+01
3.975428190370739401e+01
3.997772882187803134e+01
4.020167841932236286e+01
4.042612807429801336e+01
4.065107513789822491e+01
4.087651693388637142e+01
4.110245075826711059e+01
4.132887387906643539e+01
4.155578353606644981e+01
4.178317694044076092e+01
4.201105127453819676e+01
4.223940369159328867e+01
4.246823131552082486e+01
4.269753124062968652e+01
4.292730053141401925e+01
4.315753622233455644e+01
4.338823531765117281e+01
4.361939479124962560e+01
4.385101158647481157e+01
4.408308261599961497e+01
4.431560476175559415e+01
4.454857487478714262e+01
4.478198977528284530e+01
4.501584625247996740e+01
4.525014106465716424e+01
4.548487093916513402e+01
4.572003257249480157e+01
4.595562263032383044e+01
4.619163774762400720e+01
4.642807452870430041e+01
4.666492954741659815e+01
4.690219934728581563e+01
4.713988044167940217e+01
4.737796931400859535e+01
4.761646241788649547e+01
4.785535617744035619e+01
4.809464698740936939e+01
4.833433121355614759e+01
4.857440519282058489e+01
4.881486523363645347e+01
4.905570761619773634e+01
4.929692859280734751e+01
4.953852438820537429e+01
4.978049119980006054e+01
5.002282519814163919e+01
5.026552252726184378e+01
5.050857930506001026e+01
5.075199162366555328e+01
5.099575554992640036e+01
5.123986712581392311e+01
5.148432236896329073e+01
5.172911727308842700e+01
5.197424780854669280e+01
5.221970992295680958e+01
5.246549954171436525e+01
5.271161256855815935e+01
5.295804488628048290e+01
5.320479235738783075e+01
5.345185082472534788e+01
5.369921611227254488e+01
5.394688402587462406e+01
5.419485035399596029e+01
5.444311086848355075e+01
5.469166132554307325e+01
5.494049746633003650e+01
5.518961501806412429e+01
5.543900969474458407e+01
5.568867719812783434e+01
5.593861321860655522e+01
5.618881343614769719e+01
5.643927352126657127e+01
5.668998913585729582e+01
5.694095593426470714e+01
5.719216956414335584e+01
5.744362566750110943e+01
5.769531988156807500e+01
5.794724783979604865e+01
5.819940517273978742e+01
5.845178750907486886e+01
5.870439047641188779e+01
5.895720970234879843e+01
5.921024081522921989e+01
5.946347944510070249e+01
5.971692122454575724e+01
5.997056178955990191e+01
6.022439678035459565e+01
6.047842184212679939e+01
6.073263262589752287e+01
6.098702478917366676e+01
6.124159399675284732e+01
6.149633592134870952e+01
6.175124624426646847e+01
6.200632065605685028e+01
6.226155485711669257e+01
6.251694455815221119e+01
6.277248548083622381e+01
6.302817335820109435e+01
6.328400393510973032e+01
6.353997296870695521e+01
6.379607622863485261e+01
6.405230949758171732e+01
6.430866857132645009e+01
6.456514925913921843e+01
6.482174738387364243e+01
6.507845878213345259e+01
6.533527930434451036e+01
6.559220481480738840e+01
6.584923119164868410e+01
6.610635432670738965e+01
6.636357012549234469e+01
6.662087450695909752e+01
6.687826340314853724e+01
6.713573275905774551e+01
6.739327853218121334e+01
6.765089669211785406e+01
6.790858322002283387e+01
6.816633410802819526e+01
6.842414535881260917e+01
6.868201298482993877e+01
6.893993300751596109e+01
6.919790145662140901e+01
6.945591436938239838e+01
6.971396778947531914e+01
6.997205776632425511e+01
7.023018035396276559e+01
7.048833160992063540e+01
7.074650759440589809e+01
7.100470436900674542e+01
7.126291799554857676e+01
7.152114453500631441e+01
7.177938004625909230e+01
7.203762058484204545e+01
7.229586220170723720e+01
7.255410094199403659e+01
7.281233284371933223e+01
7.307055393650345820e+01
7.332876024026697337e+01
7.358694776399165960e+01
7.384511250451544129e+01
7.410325044505401593e+01
7.436135755423600813e+01
7.461942978458351661e+01
7.487746307171340732e+01
7.513545333271234483e+01
7.539339646536043915e+01
7.565128834697128468e+01
7.590912483331960914e+01
7.616690175756528447e+01
7.642461492949114188e+01
7.668226013453866585e+01
7.693983313298511462e+01
7.719732965931515878e+01
7.745474542133449347e+01
7.771207609980184827e+01
7.796931734764672228e+01
7.822646478976248829e+01
7.848351402234605700e+01
7.874046061286752263e+01
7.899730009973478673e+01
7.925402799204674409e+01
7.951063976956321255e+01
7.976713088284546416e+01
8.002349675315971922e+01
8.027973277269261132e+01
8.053583430471047677e+01
8.079179668384408330e+01
8.104761521654826595e+01
8.130328518134209048e+01
8.155880182937409018e+01
8.181416038486118225e+01
8.206935604578015386e+01
8.232438398432891802e+01
8.257923934762948193e+01
8.283391725854100685e+01
8.308841281629936759e+01
8.334272109725900179e+01
8.359683715584625929e+01
8.385075602537543205e+01
8.410447271873182729e+01
8.435798222969773974e+01
8.461127953359746812e+01
8.486435958841384775e+01
8.511721733573477877e+01
8.536984770192873384e+01
8.562224559917024180e+01
8.587440592661873495e+01
8.612632357155935381e+01
8.637799341061013081e+01
8.662941031102941736e+01
8.688056913204400189e+01
8.713146472607986937e+01
8.738209194037568750e+01
8.763244561831919555e+01
8.788252060093623186e+01
8.813231172865042140e+01
8.838181384285516629e+01
8.863102178770024864e+01
8.887993041193412580e+01
8.912853457092511178e+01
8.937682912856669759e+01
8.962480895962322336e+01
8.987246895191546514e+01
9.011980400884081632e+01
9.036680905197057712e+01
9.061347902377994501e+01
9.085980889067501209e+01
9.110579364609375830e+01
9.135142831398758290e+01
9.159670795219679462e+01
9.184162765648373750e+01
9.208618256435973137e+01
9.233036785958348958e+01
9.257417877656696703e+01
9.281761060508415540e+01
9.306065869543616031e+01
9.330331846356200742e+01
9.354558539634528813e+01
9.378745505737396115e+01
9.402892309255797443e+01
9.426998523597761448e+01
9.451063731575617055e+01
9.475087525985050263e+01
9.499069510214236800e+01
9.523009298777316189e+01
9.546906517917837220e+01
9.570760806102333618e+01
9.594571814540128685e+01
9.618339207620077502e+01
9.642062663352234608e+01
9.665741873688102714e+01
9.689376544843925387e+01
9.712966397496195725e+01
9.736511166925521366e+01
9.760010603089017422e+01
9.783464470573520089e+01
9.806872548446857252e+01
9.830234630037175236e+01
9.853550522573442549e+01
9.876820046734258085e+01
9.900043036067077651e+01
9.923219336314019756e+01
9.946348804601204563e+01
9.969431308509545886e+01
9.992466725057930432e+01
1.001545493956130173e+02
1.003839584438505170e+02
1.006128933758626403e+02
1.008413532150138820e+02
1.010693370120805952e+02
1.012968438293663098e+02
1.015238727241831498e+02
1.017504227318035106e+02
1.019764928478220156e+02
1.022020820105339141e+02
1.024271890832137046e+02
1.026518128361534394e+02
1.028759519291523645e+02
1.030996048942942451e+02
1.033227701193852681e+02
1.035454458315085589e+02
1.037676300824235085e+02
1.039893207336084942e+02
1.042105154436398351e+02
1.044312116562735611e+02
1.046514065897086567e+02
1.048710972277717133e+02
1.050902803124805729e+02
1.053089523381759420e+02
1.055271095474500385e+02
1.057447479289260031e+02
1.059618632165849590e+02
1.061784508909638305e+02
1.063945061821978442e+02
1.066100240744723351e+02
1.068249993122426957e+02
1.070394264079110229e+02
1.072532996509547161e+02
1.074666131180777739e+02
1.076793606848758316e+02
1.078915360379725996e+02
1.081031326883424839e+02
1.083141439850097072e+02
1.085245631292680173e+02
1.087343831893359436e+02
1.089435971148048594e+02
1.091521977513577326e+02
1.093601778552769019e+02
1.095675301075994810e+02
1.097742471279310195e+02
1.099803214876110360e+02
1.101857457227688286e+02
1.103905123460406941e+02
1.105946138581401925e+02
1.107980427584698759e+02
1.110007915548931692e+02
1.112028527727686793e+02
1.114042189629148112e+02
1.116048827087719673e+02
1.118048366327889909e+02
1.120040734013796566e+02
1.122025857295389244e+02
1.124003663837540756e+02
1.125974081844087351e+02
1.127937040071928863e+02
1.129892467829140941e+02
1.131840294975497585e+02
1.133780451903076880e+02
1.135712869514869823e+02
1.137637479197975949e+02
1.139554212787783172e+02
1.141463002531064603e+02
1.143363781046131606e+02
1.145256481284600056e+02
1.147141036491174191e+02
1.149017380169020299e+02
1.150885446048742153e+02
1.152745168063509453e+02
1.154596480332160979e+02
1.156439317147173398e+02
1.158273612973734572e+02
1.160099302457152817e+02
1.161916320435350087e+02
1.163724601963665748e+02
1.165524082343010122e+02
1.167314697154962033e+02
1.169096382302074204e+02
1.170869074052426555e+02
1.172632709084815161e+02
1.174387224536849317e+02
1.176132558052267711e+02
1.177868647829863278e+02
1.179595432665669676e+02
1.181312852000386187e+02
1.183020845956677078e+02
1.184719355380164529e+02
1.186408321874444027e+02
1.188087687834818382e+02
1.189757396478784273e+02
1.191417391878888736e+02
1.193067618992759407e+02
1.194708023693363685e+02
1.196338552803891275e+02
1.197959154134842095e+02
1.199569776527557536e+02
1.201170369901125383e+02
1.202760885309525776e+02
1.204341275003991143e+02
1.205911492505646407e+02
1.207471492684632324e+02
1.209021231844214128e+02
1.210560667810475195e+02
1.212089760023764740e+02
1.213608469621877077e+02
1.215116759524355530e+02
1.216614594497905415e+02
1.218101941209739749e+02
1.219578768255021544e+02
1.221045046161107450e+02
1.222500747363298643e+02
1.223945846146048098e+02
1.225380318555240109e+02
1.226804142276155858e+02
1.228217296485317576e+02
1.229619761673246643e+02
1.231011519449825897e+02
1.232392552336167029e+02
1.233762843551275381e+02
1.235122376799084236e+02
1.236471136070145178e+02
1.237809105458992747e+02
1.239136269007417610e+02
1.240452610580664441e+02
1.241758113774431962e+02
1.243052761860199098e+02
1.244336537762196286e+02
1.245609424059654629e+02
1.246871403015619819e+02
1.248122456615957105e+02
1.249362566609995753e+02
1.250591714545705031e+02
1.251809881781376959e+02
1.253017049477594043e+02
1.254213198550816060e+02
1.255398309593889365e+02
1.256572362762750146e+02
1.257735337632886967e+02
1.258887213035833241e+02
1.260027966887602986e+02
1.261157576015074113e+02
1.262276016005225898e+02
1.263383261080001034e+02
1.264479284015669975e+02
1.265564056109674453e+02
1.266637547202620766e+02
1.267699725758959630e+02
1.268750558997459592e+02
1.269790013071240082e+02
1.270818053286981808e+02
1.271834644346198218e+02
1.272839750603194631e+02
1.273833336323387755e+02
1.274815365925063873e+02
1.275785804203570990e+02
1.276744616519765287e+02
1.277691768955941569e+02
1.278627228426621656e+02
1.279550962752259124e+02
1.280462940690076152e+02
1.281363131928875987e+02
1.282251507043869196e+02
1.283128037413167988e+02
1.283992695099504999e+02
1.284845452691154435e+02
1.285686283100919809e+02
1.286515159329081257e+02
1.287332054190431734e+02
1.288136940020370957e+02
1.288929788369897267e+02
1.289710569732556280e+02
1.290479253314794903e+02
1.291235806907579899e+02
1.291980196888182775e+02
1.292712388394895981e+02
1.293432345695162269e+02
1.294140032764116484e+02
1.294835414060657968e+02
1.295518455478666908e+02
1.296189125408225777e+02
1.296847395847164535e+02
1.297493243478619434e+02
1.298126650628048537e+02
1.298747606015072336e+02
1.299356105243838897e+02
1.299952150977659642e+02
1.300535752778354208e+02
1.301106926605044407e+02
1.301665693998043025e+02
1.302212080975508570e+02
1.302746116696957586e+02
1.303267831941050758e+02
1.303777257462888599e+02
1.304274422298822742e+02
1.304759352100399212e+02
1.305232067582005300e+02
1.305692583186408626e+02
1.306140906075952159e+02
1.306577035555098973e+02
1.307000963017635797e+02
1.307412672477996978e+02
1.307812141705499869e+02
1.308199343911986432e+02
1.308574249872183373e+02
1.308936830301829559e+02
1.309287058241180262e+02
1.309624911191340288e+02
1.309950372733897552e+02
1.310263433429563520e+02
1.310564090859884061e+02
1.310852348783844832e+02
1.311128215501680643e+02
1.311391701609959455e+02
1.311642817412618172e+02
1.311881570287182512e+02
1.312107962282094036e+02
1.312321988202211287e+02
1.312523634326185515e+02
1.312712877855091733e+02
1.312889687094119040e+02
1.313054022295844447e+02
1.313205837086461258e+02
1.313345080335459159e+02
1.313471698344768868e+02
1.313585637205743524e+02
1.313686845169053754e+02
1.313775274860479669e+02
1.313850885151499597e+02
1.313913642520453777e+02
1.313963521747662355e+02
1.314000505869444453e+02
1.314024585407234156e+02
1.314035757000955016e+02
1.314034021684992410e+02
1.314019383135274097e+02
1.313991846213326085e+02
1.313951416096917342e+02
1.313898098134938266e+02
1.313831898386708588e+02
1.313752824580037384e+02
1.313660887022747659e+02
1.313556098871217159e+02
1.313438475122156888e+02
1.313308029777103911e+02
1.313164770877949081e+02
1.313008693471192316e+02
1.312839771033933403e+02
1.312657946429287392e+02
1.312463123885205505e+02
1.312255163800697062e+02
1.312033882106857448e+02
1.311799055462952310e+02
1.311550432690079901e+02
1.311287751680090139e+02
1.311010759808669661e+02
1.310719234930665209e+02
1.310413003664393443e+02
1.310091954034841706e+02
1.309756040607166199e+02
1.309405281812838666e+02
1.309039750780711984e+02
1.308659562251894499e+02
1.308264858744229002e+02
1.307855798809141277e+02
1.307432549230366590e+02
1.306995281485702094e+02
1.306544171319901864e+02
1.306079399130209993e+02
1.305601148434143681e+02
1.305109600024419478e+02
1.304604920417166625e+02
1.304087244643101542e+02
1.303556655031391927e+02
1.303013159052158585e+02
1.302456670382152595e+02
1.301886997842607627e+02
1.301303846616061151e+02
1.300706834905949165e+02
1.300095526939305444e+02
1.299469479932940317e+02
1.298828299014059553e+02
1.298171690952949859e+02
1.297499506124548247e+02
1.296811759279838157e+02
1.296108623665825803e+02
1.295390399002350250e+02
1.294657460108690259e+02
1.293910197632404788e+02
1.293148963781038105e+02
1.292374033794324930e+02
1.291585588786482504e+02
1.290783719292258525e+02
1.289968443276326866e+02
1.289139729074588843e+02
1.288297513578728228e+02
1.287441708734649239e+02
1.286572194377917810e+02
1.285688801105060008e+02
1.284791291813975818e+02
1.283879353157936407e+02
1.282952607387221349e+02
1.282010650540813117e+02
1.281053115421900657e+02
1.280079749081184559e+02
1.279090487272439844e+02
1.278085505189090583e+02
1.277065226499107382e+02
1.276030281270276703e+02
1.274981415812540320e+02
1.273919370366656665e+02
1.272844750103299276e+02
1.271757918131106777e+02
1.270658934734253904e+02
1.269547555807094028e+02
1.268423288360192629e+02
1.267285486894393500e+02
1.266133466390522813e+02
1.264966608672752670e+02
1.263784447634497781e+02
1.262586729209994303e+02
1.261373446664288593e+02
1.260144846914002983e+02
1.258901393237924680e+02
1.257643664205984635e+02
1.256372178515951816e+02
1.255087163406673625e+02
1.253788321481588781e+02
1.252474678658093836e+02
1.251144595182541934e+02
1.249795982615757168e+02
1.248426700514209671e+02
1.247035032991323362e+02
1.245620100580400447e+02
1.244182070667328048e+02
1.242722091427407207e+02
1.241241966201286999e+02
1.239743670681270089e+02
1.238228861589299186e+02
1.236698518715079302e+02
1.235152810614854957e+02
1.233591201531116610e+02
1.232012749288374778e+02
1.230416499080302088e+02
1.228801862308414030e+02
1.227168880595124563e+02
1.225518307427211226e+02
1.223851488178087550e+02
1.222170075315304842e+02
1.220475664622754408e+02
1.218769460152339406e+02
1.217052056094900934e+02
1.215323368515501130e+02
1.213582688197633388e+02
1.211828794309680291e+02
1.210060083891730187e+02
1.208274715473682903e+02
1.206470795589119973e+02
1.204646624377899968e+02
1.202800967344907974e+02
1.200933273939338193e+02
1.199043761770036554e+02
1.197133337963726092e+02
1.195203403456139029e+02
1.193255629306647307e+02
1.191291776518193473e+02
1.189313570858331701e+02
1.187322594291130287e+02
1.185320156902738375e+02
1.183307164481515485e+02
1.181284051976684992e+02
1.179250861781091686e+02
1.177207490681618509e+02
1.175154036152814570e+02
1.173091091306441882e+02
1.171019814488155646e+02
1.168941658601531515e+02
1.166857780699563847e+02
1.164768321806114955e+02
1.162671873330907459e+02
1.160565443979558040e+02
1.158445069288506346e+02
1.156306920774273834e+02
1.154148518805341439e+02
1.151969580340394828e+02
1.149772178597684587e+02
1.147560161241136001e+02
1.145338028625508997e+02
1.143109638666724948e+02
1.140877165405923108e+02
1.138640668290592117e+02
1.136398396537207134e+02
1.134147622370730346e+02
1.131885558431264371e+02
1.129609936791750613e+02
1.127319090181563013e+02
1.125011688610036771e+02
1.122686452087581586e+02
1.120342113478559440e+02
1.117977701887342761e+02
1.115592982192942486e+02
1.113188761117166763e+02
1.110766844357993506e+02
1.108329664495427096e+02
1.105879819869895186e+02
1.103419783087333457e+02
1.100951833102147077e+02
1.098478027605001586e+02
1.095999996707955120e+02
1.093518551230612985e+02
1.091033362531315447e+02
1.088543026406747316e+02
1.086045589162046667e+02
1.083539264382544332e+02
1.081022896027578071e+02
1.078495893477403627e+02
1.075957759728949554e+02
1.073407628285334425e+02
1.070844166403602031e+02
1.068265863650111100e+02
1.065671432286161462e+02
1.063060046387474387e+02
1.060431368290865208e+02
1.057785485873984470e+02
1.055122860272377778e+02
1.052444256531147033e+02
1.049750578839616537e+02
1.047042607203088096e+02
1.044320742214441680e+02
1.041584910838771521e+02
1.038834734840123133e+02
1.036069928381193250e+02
1.033290739398577642e+02
1.030498197544348642e+02
1.027694045198203270e+02
1.024880424496515730e+02
1.022059514206266755e+02
1.019233290422272376e+02
1.016403493059592336e+02
1.013571791335519805e+02
1.010740046843529285e+02
1.007910470698984682e+02
1.005085477615383240e+02
1.002267264379177760e+02
9.994574397766679397e+01
9.966570592262074513e+01
9.938670382406957060e+01
9.910884927627503771e+01
9.883225904517324523e+01
9.855700216453733731e+01
9.828306405774094401e+01
9.801036623434568185e+01
9.773882066869296636e+01
9.746836475855154447e+01
9.719895188138480080e+01
9.693052320694297919e+01
9.666299546576048840e+01
9.639626314825147801e+01
9.613018818676836474e+01
9.586457164179336132e+01
9.559913758279084561e+01
9.533355611153679376e+01
9.506749189042965043e+01
9.480063975417097311e+01
9.453273156731215465e+01
9.426353794124179331e+01
9.399289457460626807e+01
9.372074866556613415e+01
9.344718623722800999e+01
9.317240449353639065e+01
9.289663194697928361e+01
9.262003850480311939e+01
9.234268660549427921e+01
9.206454850834398940e+01
9.178557473567327918e+01
9.150577220084629460e+01
9.122525293022351889e+01
9.094423875105850641e+01
9.066303211348967750e+01
9.038197096338855374e+01
9.010137859702882679e+01
8.982151463532952107e+01
8.954254036659492044e+01
8.926451921408367696e+01
8.898746158726686417e+01
8.871139328698907889e+01
8.843640519670044853e+01
8.816265507740369856e+01
8.789033123299248018e+01
8.761961350384342495e+01
8.735065205670876765e+01
8.708354652206111268e+01
8.681829404745502643e+01
8.655470871008380129e+01
8.629236542194678350e+01
8.603063011871903143e+01
8.576878183506350695e+01
8.550615706054021814e+01
8.524222605503048555e+01
8.497656916524361748e+01
8.470880555353133445e+01
8.443855935631064824e+01
8.416550398983935111e+01
8.388945136738379915e+01
8.361041622299633502e+01
8.332860974244945851e+01
8.304436909170374292e+01
8.275806407867153780e+01
8.247002222947372729e+01
8.218049466026047867e+01
8.188966732810466453e+01
8.159770947157112175e+01
8.130483793340610532e+01
8.101136472223031149e+01
8.071769729623433420e+01
8.042428398805053291e+01
8.013153150525307922e+01
7.983974423877415916e+01
7.954912518831288537e+01
7.925983669348485705e+01
7.897207531147337534e+01
7.868610703184408806e+01
7.840224651350905560e+01
7.812081278075325486e+01
7.784210516753988429e+01
7.756640648920559045e+01
7.729397830731559793e+01
7.702501691526134664e+01
7.675958831609783317e+01
7.649760070491932140e+01
7.623885345756956156e+01
7.598313518646081377e+01
7.573029561384372244e+01
7.548023642051315107e+01
7.523283642116291503e+01
7.498787959448168294e+01
7.474504339171846823e+01
7.450394595682098497e+01
7.426420308676127036e+01
7.402544944539427263e+01
7.378732073078543863e+01
7.354942872412672727e+01
7.331135992784750499e+01
7.307270114073136824e+01
7.283307278749558122e+01
7.259215076560381874e+01
7.234967218125156307e+01
7.210543192444032456e+01
7.185927774362518505e+01
7.161110658017659603e+01
7.136086213840336256e+01
7.110853452628960270e+01
7.085416363147768948e+01
7.059784545459881144e+01
7.033973542886089092e+01
7.008003878903768680e+01
6.981898036664956919e+01
6.955675704289184580e+01
6.929349108513906685e+01
6.902921103927108959e+01
6.876387907824253887e+01
6.849746062727471951e+01
6.823000738362915740e+01
6.796171567947345693e+01
6.769293546507844894e+01
6.742413182478757960e+01
6.715582253978418237e+01
6.688851857819592794e+01
6.662268151965459140e+01
6.635869721867851467e+01
6.609686143103790812e+01
6.583737975128379105e+01
6.558038832764070492e+01
6.532599404182593616e+01
6.507431864489943507e+01
6.482552552824574832e+01
6.457981788847783378e+01
6.433741456064949205e+01
6.409851926553476176e+01
6.386329389665947076e+01
6.363183473297404902e+01
6.340414529825955725e+01
6.318010633901206319e+01
6.295945521515708521e+01
6.274179156635207733e+01
6.252661653284831544e+01
6.231339403656381393e+01
6.210160829057760878e+01
6.189079325402064313e+01
6.168052682904565387e+01
6.147040314155513130e+01
6.126000625539557376e+01
6.104890285743997680e+01
6.083665610249921940e+01
6.062284960315503213e+01
6.040710752450290499e+01
6.018910344200552487e+01
5.996856017946860362e+01
5.974524807866276177e+01
5.951898754781547751e+01
5.928965608861310699e+01
5.905719527947555747e+01
5.882161272442273514e+01
5.858297755964083109e+01
5.834141267022625499e+01
5.809708860108619177e+01
5.785022151399481771e+01
5.760107228666820589e+01
5.734994058445568754e+01
5.709715024980965126e+01
5.684302956938264373e+01
5.658789569682184606e+01
5.633205061644682843e+01
5.607578701723474524e+01
5.581939418776333639e+01
5.556315470205569085e+01
5.530733223765736284e+01
5.505216043941770465e+01
5.479784300466860714e+01
5.454456569205190419e+01
5.429251068799747770e+01
5.404186223174853154e+01
5.379280067013443301e+01
5.354549227337799522e+01
5.330008512783093977e+01
5.305671517001431425e+01
5.281551697377064869e+01
5.257662941652776567e+01
5.234019018378313604e+01
5.210632165614026690e+01
5.187511716578222121e+01
5.164663625742006303e+01
5.142091118996752641e+01
5.119795943621815582e+01
5.097779356300874554e+01
5.076042235665056523e+01
5.054584300741207414e+01
5.033402934206154811e+01
5.012492258061117667e+01
4.991842891623124956e+01
4.971442455941298988e+01
4.951276605160448696e+01
4.931330259005967775e+01
4.911588736564631574e+01
4.892038560840084926e+01
4.872667772006364117e+01
4.853465670087653905e+01
4.834422035771644488e+01
4.815526044152607454e+01
4.796765230364673016e+01
4.778124902218544889e+01
4.759588263783869166e+01
4.741137231529617679e+01
4.722753597239425005e+01
4.704419980464709283e+01
4.686120053565897337e+01
4.667837840164700225e+01
4.649556360325326665e+01
4.631256296758134283e+01
4.612915468820052922e+01
4.594509639155940306e+01
4.576014641536556837e+01
4.557409245777959939e+01
4.538677822862218392e+01
4.519811892976725431e+01
4.500810019264449124e+01
4.481676090627532005e+01
4.462416583269292403e+01
4.443037689450380867e+01
4.423543150202201701e+01
4.403933278277850860e+01
4.384205186765905182e+01
4.364353857204093146e+01
4.344373521357930912e+01
4.324258897466540219e+01
4.304006020132264609e+01
4.283612616328943545e+01
4.263078131581785613e+01
4.242403577727066732e+01
4.221591366822620728e+01
4.200645233419538016e+01
4.179570251644515366e+01
4.158372857883070139e+01
4.137060736701045727e+01
4.115642450360591198e+01
4.094126791045470526e+01
4.072521970250992496e+01
4.050834870109959951e+01
4.029070613480774199e+01
4.007232642705739067e+01
3.985323350581249713e+01
3.963345132657454428e+01
3.941301592530845710e+01
3.919198584066070623e+01
3.897044834212823616e+01
3.874852030697307015e+01
3.852634421592927083e+01
3.830408096530837270e+01
3.808190164446848769e+01
3.785998010127391922e+01
3.763848732309938327e+01
3.741758782131930161e+01
3.719743765960491544e+01
3.697818362661381286e+01
3.675996321927325994e+01
3.654290534222953823e+01
3.632713173050606770e+01
3.611275898037217047e+01
3.589990079937547307e+01
3.568866983107538005e+01
3.547917834367614631e+01
3.527153727467874234e+01
3.506585355830128492e+01
3.486222618986142407e+01
3.466074192102078655e+01
3.446147167207844575e+01
3.426446860236220004e+01
3.406976831275606798e+01
3.387739099404655008e+01
3.368734470005209403e+01
3.349962855518097626e+01
3.331423476668322792e+01
3.313114880333555590e+01
3.295034783652545940e+01
3.277179820709418578e+01
3.259545299591682976e+01
3.242125062045522554e+01
3.224911486638744407e+01
3.207895617438175861e+01
3.191067362495680015e+01
3.174415704029554774e+01
3.157928888157892189e+01
3.141594595059008910e+01
3.125400109193409293e+01
3.109332505156024951e+01
3.093378845111619668e+01
3.077526365144586862e+01
3.061762624095942797e+01
3.046075602332286891e+01
3.030453760320239098e+01
3.014886083559176555e+01
2.999362140977037328e+01
2.983872167606286752e+01
2.968407158240385257e+01
2.952958939827723128e+01
2.937520186865327076e+01
2.922084358425795969e+01
2.906645561664780786e+01
2.891198373435688751e+01
2.875737667767216266e+01
2.860258496029302577e+01
2.844756049197933478e+01
2.829225704805169883e+01
2.813663134989975134e+01
2.798064435680672091e+01
2.782426235018645500e+01
2.766745750640452073e+01
2.751020784889653115e+01
2.735249666989128414e+01
2.719431165370251691e+01
2.703564398489425358e+01
2.687648768828456269e+01
2.671683935216101347e+01
2.655669826988539128e+01
2.639606693249199054e+01
2.623495173739458153e+01
2.607336375287597718e+01
2.591131938925771294e+01
2.574884086453155518e+01
2.558595640129763993e+01
2.542270014035198145e+01
2.525911179747090074e+01
2.509523611800623044e+01
2.493112219930177531e+01
2.476682275507529951e+01
2.460239339161879712e+01
2.443789195524165692e+01
2.427337799551429143e+01
2.410891236970631368e+01
2.394455699131350812e+01
2.378037470113517315e+01
2.361642921629321634e+01
2.345278509460686323e+01
2.328950764451337463e+01
2.312666271709378663e+01
2.296431633786621163e+01
2.280253416951396161e+01
2.264138083632793652e+01
2.248091917883397883e+01
2.232120953422839449e+01
2.216230914771794502e+01
2.200427180888478418e+01
2.184714777648674655e+01
2.169098401002041854e+01
2.153582467524551802e+01
2.138171184279166681e+01
2.122868626294075156e+01
2.107678808167636220e+01
2.092605736689264617e+01
2.077653433817162210e+01
2.062825923580929555e+01
2.048127181741943303e+01
2.033561052576297712e+01
2.019131142001483070e+01
2.004840699733951226e+01
1.990692504661046414e+01
1.976688766964041122e+01
1.962831057919208178e+01
1.949120274300411282e+01
1.935556639515916544e+01
1.922139738998835767e+01
1.908868583469347513e+01
1.895741691128575468e+01
1.882757178764213890e+01
1.869912852178359586e+01
1.857206287999672867e+01
1.844634901414598005e+01
1.832195997183036695e+01
1.819886804008166692e+01
1.807704494541564699e+01
1.795646194753733838e+01
1.783708986979799249e+01
1.771889910701338522e+01
1.760185964236167067e+01
1.748594109226074167e+01
1.737111278443943974e+01
1.725734386254167418e+01
1.714460340266644423e+01
1.703286052413265494e+01
1.692208447847130870e+01
1.681224470631994450e+01
1.670331085963008988e+01
1.659525279469763248e+01
1.648804054832305255e+01
1.638164431362408280e+01
1.627603443272021622e+01
1.617118142147523230e+01
1.606705603650198100e+01
1.596362938833931899e+01
1.586087309789111188e+01
1.575875948718456243e+01
1.565726179103066151e+01
1.555635437387412523e+01
1.545601293587835556e+01
1.535621469440412845e+01
1.525693853019855872e+01
1.515816509207714269e+01
1.505987685795082065e+01
1.496205815408228723e+01
1.486469513721003644e+01
1.476777574602471965e+01
1.467128962917330348e+01
1.457522805681694500e+01
1.447958382187543691e+01
1.438435113598776027e+01
1.428952552408530252e+01
1.419510372034664059e+01
1.410108356752133218e+01
1.400746392100452553e+01
1.391424455869343824e+01
1.382142609741342199e+01
1.372900991646442570e+01
1.363699808871443864e+01
1.354539331948947378e+01
1.345419889313017237e+01
1.336341862695484295e+01
1.327305683195936581e+01
1.318311827947233006e+01
1.309360817262124499e+01
1.300453212155971983e+01
1.291589612119619268e+01
1.282770653035221109e+01
1.273997005130170024e+01
1.265269370893660295e+01
1.256588482893201864e+01
1.247955101454652294e+01
1.239370012191066373e+01
1.230834023383878950e+01
1.222347963235353063e+01
1.213912677028274523e+01
1.205529024230526147e+01
1.197197875590682514e+01
1.188920110272918684e+01
1.180696613074200663e+01
1.172528271766748098e+01
1.164415974594809633e+01
1.156360607957507014e+01
1.148363054289069929e+01
1.140424190141524896e+01
1.132544884467476720e+01
1.124725997084515861e+01
1.116968377300877968e+01
1.109272862667694071e+01
1.101640277825313952e+01
1.094071433405900962e+01
1.086567124957145225e+01
1.079128131856135298e+01
1.071755216185637316e+01
1.064449121557601075e+01
1.057210571875899419e+01
1.050040270037265522e+01
1.042938896581687480e+01
1.035907108311550218e+01
1.028945536901783164e+01
1.022054787533463838e+01
1.015235437580258449e+01
1.008488035383311221e+01
1.001813099143817887e+01
9.952111159637516025e+00
9.886825410593928609e+00
9.822277971654052919e+00
9.758472741445784138e+00
9.695413288095394932e+00
9.633102849577614535e+00
9.571544336132513209e+00
9.510740334671146101e+00
9.450693115001230993e+00
9.391404637687601920e+00
9.332876563333233122e+00
9.275110263038966352e+00
9.218106829821129722e+00
9.161867090700578586e+00
9.106391619273477289e+00
9.051680748507392238e+00
8.997734583579115153e+00
8.944553014571791749e+00
8.892135728884055013e+00
8.840482223230912595e+00
8.789591815140884279e+00
8.739463653898674522e+00
8.690096730885068510e+00
8.641489889309383443e+00
8.593641833340337044e+00
8.546551136668114168e+00
8.500216250528904283e+00
8.454635511249092517e+00
8.409807147363473234e+00
8.365729286370980233e+00
8.322399961175930727e+00
8.279817116285906664e+00
8.237978613806808070e+00
8.196882239288044047e+00
8.156525707444782114e+00
8.116906667795786845e+00
8.078022710232785286e+00
8.039871370530018879e+00
8.002450135794171970e+00
7.965756449869388689e+00
7.929787718661180485e+00
7.894541315376732094e+00
7.860014585670244358e+00
7.826204852659662592e+00
7.793109421796127201e+00
7.760725585564553164e+00
7.729050627989384026e+00
7.698081828942665794e+00
7.667816468202289570e+00
7.638251829284045336e+00
7.609385203008338650e+00
7.581213890802648514e+00
7.553735207741611113e+00
7.526946485310784141e+00
7.500845073900646476e+00
7.475428345040541878e+00
7.450693693371627901e+00
7.426638538370360365e+00
7.403260325835051781e+00
7.380556529147817457e+00
7.358524650321447425e+00
7.337162220846989769e+00
7.316466802358592147e+00
7.296435987122467992e+00
7.277067398374631679e+00
7.258358690507268562e+00
7.240307549127825482e+00
7.222911690999075596e+00
7.206168863868194663e+00
7.190076846199559668e+00
7.174633446821359506e+00
7.159836504490074915e+00
7.145683887387798805e+00
7.132173492555098804e+00
7.119303245268365110e+00
7.107071098367797823e+00
7.095475031542564537e+00
7.084513050581214166e+00
7.074183186585931260e+00
7.064483495164177285e+00
7.055412055593822451e+00
7.046966969979722606e+00
7.039146362388755129e+00
7.031948377984636345e+00
7.025371182158374417e+00
7.019412959660658480e+00
7.014071913739834407e+00
7.009346265293798339e+00
7.005234252036469655e+00
7.001734127686844111e+00
6.998844161182341317e+00
6.996562635922230378e+00
6.994887849045711370e+00
6.993818110749452366e+00
6.993351743650491947e+00
6.993487082193048820e+00
6.994222472108720723e+00
6.995556269935457649e+00
6.997486842590317835e+00
