8.743873908065706601e-05
1.075618180246773426e-03
3.269783573746163491e-03
7.206356612677609734e-03
1.289799025140829156e-02
2.017640046081545929e-02
2.886408926666198665e-02
3.881096214710064857e-02
4.989851988399704452e-02
6.203469812819215751e-02
7.514738058937468768e-02
8.917900322246523348e-02
1.040826017208522913e-01
1.198190503228135084e-01
1.363551546734132480e-01
1.536623233934002464e-01
1.717156243023278683e-01
1.904930967249030549e-01
2.099752368030010918e-01
2.301446023672014118e-01
2.509855026719586824e-01
2.724837500560262082e-01
2.946264579913185355e-01
3.174018747060582957e-01
3.407992446440826773e-01
3.648086920756295481e-01
3.894211225823979716e-01
4.146281391330753352e-01
4.404219701846621704e-01
4.667954077743604047e-01
4.937417539720795334e-01
5.212547743693637381e-01
5.493286575243926384e-01
5.779579794731193321e-01
6.071376725666837171e-01
6.368629980222334508e-01
6.671295216686685681e-01
6.979330924556212956e-01
7.292698233567793675e-01
7.611360743567304743e-01
7.935284372546559384e-01
8.264437220595046707e-01
8.598789447786165940e-01
8.938313164355351503e-01
9.282982331679651145e-01
9.632772672841705131e-01
9.987661591651532111e-01
1.034762809920328097e+00
1.071265274711103332e+00
1.108271756671952435e+00
1.145780601363454387e+00
1.183790291701639186e+00
1.222299443313598966e+00
1.261306800276283946e+00
1.300811231199839213e+00
1.340811725618395345e+00
1.381307390661000500e+00
1.422297447974732343e+00
1.463781230872519989e+00
1.505758181688736652e+00
1.548227849319693261e+00
1.591189886932966591e+00
1.634644049830620283e+00
1.678590193451609869e+00
1.723028271502717645e+00
1.767958334204929205e+00
1.813380526648856295e+00
1.859295087247934575e+00
1.905702346283479454e+00
1.952602724535988044e+00
1.999996731995538291e+00
2.047884966648966909e+00
2.096268113337843797e+00
2.145146942684897251e+00
2.194522310087553940e+00
2.244395154774502910e+00
2.294766498925729703e+00
2.345637446855000974e+00
2.397009184249532687e+00
2.448882977474520217e+00
2.501260172936571546e+00
2.554142196505126972e+00
2.607530552996069506e+00
2.661426825714657163e+00
2.715832676056707751e+00
2.770749843169475479e+00
2.826180143670464773e+00
2.882125471423061303e+00
2.938587797365575405e+00
2.995569169393391018e+00
3.053071712290830408e+00
3.111097627706231439e+00
3.169649194169738671e+00
3.228728767143259848e+00
3.288338779095566711e+00
3.348481739603625496e+00
3.409160235455843679e+00
3.470376930758746870e+00
3.532134567029515448e+00
3.594435963261286560e+00
3.657284015949680001e+00
3.720681699062029058e+00
3.784632063927461321e+00
3.849138239040094778e+00
3.914203429742984852e+00
3.979830917780518895e+00
4.046024060691860491e+00
4.112786291024502106e+00
4.180121115340645233e+00
4.248032112999213794e+00
4.316522934677255563e+00
4.385597300617382288e+00
4.455258998565414075e+00
4.525511881385604340e+00
4.596359864321042821e+00
4.667806921878042914e+00
4.739857084321074332e+00
4.812514433752094867e+00
4.885783099763080450e+00
4.959667254642617706e+00
5.034171108136803241e+00
5.109298901749490973e+00
5.185054902581172520e+00
5.261443396711176668e+00
5.338468682130738330e+00
5.416135061233648074e+00
5.494446832881775045e+00
5.573408284076829311e+00
5.653023681253072752e+00
5.733297261226639741e+00
5.814233221853855937e+00
5.895835712417450303e+00
5.978108823811876249e+00
6.061056578567011854e+00
6.144682920775382584e+00
6.228991705982583227e+00
6.313986691107412952e+00
6.399671524459890293e+00
6.486049735921782577e+00
6.573124727381356891e+00
6.660899763474062318e+00
6.749377962714934398e+00
6.838562289088948809e+00
6.928455544186215675e+00
7.019060359928870341e+00
7.110379191969401269e+00
7.202414313825686421e+00
7.295167811788900281e+00
7.388641580682023147e+00
7.482837320491722011e+00
7.577756533923165172e+00
7.673400524894873342e+00
7.769770398014308910e+00
7.866867059018947117e+00
7.964691216212559155e+00
8.063243382877317345e+00
8.162523880644494412e+00
8.262532843809204053e+00
8.363270224555604315e+00
8.464735799035295827e+00
8.566929174278410386e+00
8.669849795862488051e+00
8.773496956272865077e+00
8.877869803904310686e+00
8.982967352615666812e+00
9.088788491767946454e+00
9.195331996659522389e+00
9.302596539287154798e+00
9.410580699328180643e+00
9.519282975291378790e+00
9.628701795729968538e+00
9.738835530443674671e+00
9.849682501588191030e+00
9.961240994628095535e+00
1.007350926904959110e+01
1.018648556877058375e+01
1.030016813220238880e+01
1.041455520186236861e+01
1.052964503356409054e+01
1.064543590505769899e+01
1.076192612413576377e+01
1.087911403616604211e+01
1.099699803100585171e+01
1.111557654929122130e+01
1.123484808809266156e+01
1.135481120592405979e+01
1.147546452708138176e+01
1.159680674535713507e+01
1.171883662709064922e+01
1.184155301360645574e+01
1.196495482300766966e+01
1.208904105139149721e+01
1.221381077348674538e+01
1.233926314272557256e+01
1.246539739079369546e+01
1.259221282669742514e+01
1.271970883535426111e+01
1.284788487575713845e+01
1.297674047874445336e+01
1.310627524440716130e+01
1.323648883918520802e+01
1.336738099266551139e+01
1.349895149413969619e+01
1.363120018893586405e+01
1.376412697460784784e+01
1.389773179694368999e+01
1.403201464589895764e+01
1.416697555145036880e+01
1.430261457939627867e+01
1.443893182716065660e+01
1.457592741960715621e+01
1.471360150490556151e+01
1.485195425042905271e+01
1.499098583877369606e+01
1.513069646386656153e+01
1.527108632717792602e+01
1.541215563410936085e+01
1.555390459047141150e+01
1.569633339916648396e+01
1.583944225700517983e+01
1.598323135169479947e+01
1.612770085902615236e+01
1.627285094020110279e+01
1.641868173937426079e+01
1.656519338135709063e+01
1.671238596949736532e+01
1.686025958377765122e+01
1.700881427902766418e+01
1.715805008339862070e+01
1.730796699692081475e+01
1.745856499031814835e+01
1.760984400393444460e+01
1.776180394683350627e+01
1.791444469608115497e+01
1.806776609613975992e+01
1.822176795845378905e+01
1.837645006113398694e+01
1.853181214879265326e+01
1.868785393251917526e+01
1.884457508991680186e+01
1.900197526529073144e+01
1.916005406991008542e+01
1.931881108235431199e+01
1.947824584894409838e+01
1.963835788422037254e+01
1.979914667147740204e+01
1.996061166333363346e+01
2.012275228236001112e+01
2.028556792167781708e+01
2.044905794562463797e+01
2.061322169035544150e+01
2.077805846448941907e+01
2.094356754973523138e+01
2.110974820145763076e+01
2.127659964926766278e+01
2.144412109750765794e+01
2.161231172578434823e+01
2.178117068938481182e+01
2.195069711970258197e+01
2.212089012459576765e+01
2.229174878869628884e+01
2.246327217369175244e+01
2.263545931852703319e+01
2.280830923962883716e+01
2.298182093103002543e+01
2.315599336448148193e+01
2.333082548954434188e+01
2.350631623362531641e+01
2.368246450200095765e+01
2.385926917785814538e+01
2.403672912221079727e+01
2.421484317393390384e+01
2.439361014968455521e+01
2.457302884386231412e+01
2.475309802854980390e+01
2.493381645347512432e+01
2.511518284592592209e+01
2.529719591073472529e+01
2.547985433019769630e+01
2.566315676403199575e+01
2.584710184934839816e+01
2.603168820061241817e+01
2.621691440962954900e+01
2.640277904549867927e+01
2.658928065462783508e+01
2.677641776070515078e+01
2.696418886470866383e+01
2.715259244492475688e+01
2.734162695689100175e+01
2.753129083346266981e+01
2.772158248478660880e+01
2.791250029831625667e+01
2.810404263879847164e+01
2.829620784825355884e+01
2.848899424601095376e+01
2.868240012862904820e+01
2.887642376990140747e+01
2.907106342085338468e+01
2.926631730963303113e+01
2.946218364151939539e+01
2.965866059881085448e+01
2.985574634084383305e+01
3.005343900385660305e+01
3.025173670093116840e+01
3.045063752195448359e+01
3.065013953352505993e+01
3.085024077888079219e+01
3.105093927783489960e+01
3.125223302673409975e+01
3.145411999838907136e+01
3.165659814206475886e+01
3.185966538343640053e+01
3.206331962455742257e+01
3.226755874388778977e+01
3.247238059633615848e+01
3.267778301326696067e+01
3.288376380257561493e+01
3.309032074875327822e+01
3.329745161300054690e+01
3.350515413334553472e+01
3.371342602475160533e+01
3.392226497929790696e+01
3.413166866632096230e+01
3.434163473266544031e+01
3.455216080277152457e+01
3.476324447896094938e+01
3.497488334165274182e+01
3.518707494955613413e+01
3.539981683992794359e+01
3.561310652876438354e+01
3.582694151108982794e+01
3.604131926119091389e+01
3.625623723283234057e+01
3.647169285946610273e+01
3.668768355452613150e+01
3.690420671161901112e+01
3.712125970473083925e+01
3.733883988851212621e+01
3.755694459841517840e+01
3.777557115096616513e+01
3.799471684387773252e+01
3.821437895636796611e+01
3.843455474928026661e+01
3.865524146528351679e+01
3.887643632905946589e+01
3.909813654751602741e+01
3.932033930989106807e+01
3.954304178804274983e+01
3.976624113647320513e+01
3.998993449264333577e+01
4.021411897699469762e+01
4.043879169322616463e+01
4.066394972842702060e+01
4.088959015316240908e+01
4.111571002166594013e+01
4.134230637199944169e+01
4.156937622617085282e+01
4.179691659031532680e+01
4.202492445474474181e+01
4.225339679420389416e+01
4.248233056791474382e+01
4.271172271971725110e+01
4.294157017832576884e+01
4.317186985733386706e+01
4.340261865538795405e+01
4.363381345642648768e+01
4.386545112970028981e+01
4.409752853007596229e+01
4.433004249807946451e+01
4.456298986018069996e+01
4.479636742884849099e+01
4.503017200283324684e+01
4.526440036731817429e+01
4.549904929412260657e+01
4.573411554188007955e+01
4.596959585621993227e+01
4.620548697002850247e+01
4.644178560358235330e+01
4.667848846480974601e+01
4.691559224939000927e+01
4.715309364097491596e+01
4.739098931136628323e+01
4.762927592068977134e+01
4.786795011756106533e+01
4.810700853914188713e+01
4.834644781137413361e+01
4.858626454903438230e+01
4.882645535582785357e+01
4.906701682447776847e+01
4.930794553685876735e+01
4.954923806393940566e+01
4.979089096591596331e+01
5.003290079218186293e+01
5.027526408137163116e+01
5.051797736135083028e+01
5.076103714924070687e+01
5.100443995137794673e+01
5.124818226325751880e+01
5.149226056957351005e+01
5.173667134411145696e+01
5.198141104980221172e+01
5.222647613861390425e+01
5.247186305146905028e+01
5.271756821836984841e+01
5.296358805816387871e+01
5.320991897863532927e+01
5.345655737639398808e+01
5.370349963689726280e+01
5.395074213436477351e+01
5.419828123179152612e+01
5.444611328091597358e+01
5.469423462210315989e+01
5.494264158444049428e+01
5.519133048569084821e+01
5.544029763218882323e+01
5.568953931886720454e+01
5.593905182929099595e+01
5.618883143554609205e+01
5.643887439822168517e+01
5.668917696645663540e+01
5.693973537788139083e+01
5.719054585850410888e+01
5.744160462280279944e+01
5.769290787362960060e+01
5.794445180216894187e+01
5.819623258793865972e+01
5.844824639871248451e+01
5.870048939051458348e+01
5.895295770751532416e+01
5.920564748214933104e+01
5.945855483482379356e+01
5.971167587408397992e+01
5.996500669645030257e+01
6.021854338642203430e+01
6.047228201639041600e+01
6.072621864668869307e+01
6.098034932541138176e+01
6.123467008850168014e+01
6.148917695961140595e+01
6.174386595013285728e+01
6.199873305909375176e+01
6.225377427310287004e+01
6.250898556641770654e+01
6.276436290083491087e+01
6.301990222565535760e+01
6.327559947760446590e+01
6.353145058085523544e+01
6.378745144692884850e+01
6.404359797476591609e+01
6.429988605051087802e+01
6.455631154757450929e+01
6.481287032657968439e+01
6.506955823518565296e+01
6.532637110813266190e+01
6.558330476712208679e+01
6.584035502072217128e+01
6.609751766430176190e+01
6.635478847989523388e+01
6.661216323609302492e+01
6.686963768794848306e+01
6.712720757678005157e+01
6.738486863003808480e+01
6.764261656126031141e+01
6.790044706973114330e+01
6.815835584044917539e+01
6.841633854385980840e+01
6.867439083568150693e+01
6.893250835673016752e+01
6.919068673275920389e+01
6.944892157411447897e+01
6.970720847575479695e+01
6.996554301682935773e+01
7.022392076064718935e+01
7.048233725441180297e+01
7.074078802908326224e+01
7.099926859921139055e+01
7.125777446278254956e+01
7.151630110108264660e+01
7.177484397866214749e+01
7.203339854309288626e+01
7.229196022516561015e+01
7.255052443865859857e+01
7.280908658043897219e+01
7.306764203041885253e+01
7.332618615171729459e+01
7.358471429085547300e+01
7.384322177768503082e+01
7.410170392577587961e+01
7.436015603252732831e+01
7.461857337959001768e+01
7.487695123299498334e+01
7.513528484365045301e+01
7.539356944775300917e+01
7.565180026716279826e+01
7.590997250989677525e+01
7.616808137069200768e+01
7.642612203151412587e+01
7.668408966211360678e+01
7.694197942080626262e+01
7.719978645494856551e+01
7.745750590177057404e+01
7.771513288900155203e+01
7.797266253562796123e+01
7.823008995268139643e+01
7.848741024390487553e+01
7.874461850667630358e+01
7.900170983273149261e+01
7.925867930885928558e+01
7.951552201805743891e+01
7.977223303992502679e+01
8.002880745179885480e+01
8.028524032939940014e+01
8.054152674773429510e+01
8.079766178190013193e+01
8.105364050780781326e+01
8.130945800292748515e+01
8.156510934739203833e+01
8.182058962433109173e+01
8.207589392099608006e+01
8.233101732921106475e+01
8.258595494630851874e+01
8.284070187576242006e+01
8.309525322786642221e+01
8.334960412041758104e+01
8.360374967935780433e+01
8.385768503947650743e+01
8.411140534494028032e+01
8.436490574989224456e+01
8.461818141911588498e+01
8.487122752836438622e+01
8.512403926506614482e+01
8.537661182869639731e+01
8.562894043125839971e+01
8.588102029763641099e+01
8.613284666607037821e+01
8.638441478845332711e+01
8.663571993066553034e+01
8.688675737275573852e+01
8.713752240936952376e+01
8.738801034979731241e+01
8.763821651824868297e+01
8.788813625414410069e+01
8.813776491203437047e+01
8.838709786200513463e+01
8.863613048973734010e+01
8.888485819663355869e+01
8.913327640014962583e+01
8.938138053401755201e+01
8.962916604858826020e+01
8.987662841119301049e+01
9.012376310658451928e+01
9.037056563768037165e+01
9.061703152633242553e+01
9.086315631407039461e+01
9.110893556335361154e+01
9.135436485881079705e+01
9.159943980870983182e+01
9.184415604677414535e+01
9.208850923417449508e+01
9.233249506179879518e+01
9.257610925279252001e+01
9.281934756552047361e+01
9.306220579655825986e+01
9.330467978426025866e+01
9.354676541244741372e+01
9.378845861440581189e+01
9.402975537719024146e+01
9.427065174616548404e+01
9.451114382983796247e+01
9.475122780462945116e+01
9.499089992009882621e+01
9.523015650404661869e+01
9.546899396770291446e+01
9.570740881116712728e+01
9.594539762827756135e+01
9.618295711179506213e+01
9.642008405803954929e+01
9.665677537134841657e+01
9.689302806840252913e+01
9.712883928148305301e+01
9.736420626160948188e+01
9.759912638107468297e+01
9.783359713498887800e+01
9.806761614202113719e+01
9.830118114451701672e+01
9.853429000728135634e+01
9.876694071559634835e+01
9.899913137200879021e+01
9.923086019214909470e+01
9.946212549903528100e+01
9.969292571648827561e+01
9.992325936136244025e+01
1.001531250342932111e+02
1.003825214094205478e+02
1.006114472233324619e+02
1.008399012622438562e+02
1.010678823487113220e+02
1.012953893272759700e+02
1.015224210493764332e+02
1.017489763572502852e+02
1.019750540677176218e+02
1.022006529552303959e+02
1.024257717348579035e+02
1.026504090449478070e+02
1.028745634299521470e+02
1.030982333236101454e+02
1.033214170321238328e+02
1.035441127183118795e+02
1.037663183863176357e+02
1.039880318670246169e+02
1.042092508046928998e+02
1.044299726446429446e+02
1.046501946223255288e+02
1.048699137536145543e+02
1.050891268265216780e+02
1.053078303946876133e+02
1.055260207720978798e+02
1.057436940298106407e+02
1.059608459939681779e+02
1.061774722455561459e+02
1.063935681217319598e+02
1.066091287186681598e+02
1.068241488957233685e+02
1.070386232814855134e+02
1.072525462804650829e+02
1.074659120813734035e+02
1.076787146665216284e+02
1.078909478220877247e+02
1.081026051490942876e+02
1.083136800754069924e+02
1.085241658680876355e+02
1.087340556464749568e+02
1.089433423952900029e+02
1.091520189780487158e+02
1.093600781508269506e+02
1.095675125754976875e+02
1.097743148332146035e+02
1.099804774371785641e+02
1.101859928455591557e+02
1.103908534731283169e+02
1.105950517030279201e+02
1.107985798971028828e+02
1.110014304060100443e+02
1.112035955780932284e+02
1.114050677675182897e+02
1.116058393410610705e+02
1.118059026844253054e+02
1.120052502073507839e+02
1.122038743477192213e+02
1.124017675749712737e+02
1.125989223924685234e+02
1.127953313393030754e+02
1.129909869915539957e+02
1.131858819629048440e+02
1.133800089050147903e+02
1.135733605077805635e+02
1.137659294990200038e+02
1.139577086448244927e+02
1.141486907495917507e+02
1.143388686563935863e+02
1.145282352477066041e+02
1.147167834463305098e+02
1.149045062166847231e+02
1.150913965667640184e+02
1.152774475498932389e+02
1.154626522673378162e+02
1.156470038707343093e+02
1.158304955652694446e+02
1.160131206124625720e+02
1.161948723335460159e+02
1.163757441125238898e+02
1.165557293994531989e+02
1.167348217136612476e+02
1.169130146467096267e+02
1.170903018655258307e+02
1.172666771151295677e+02
1.174421342216560760e+02
1.176166670949157549e+02
1.177902697308968243e+02
1.179629362147639000e+02
1.181346607231791097e+02
1.183054375273645462e+02
1.184752609959756882e+02
1.186441255984359344e+02
1.188120259085288950e+02
1.189789566083833137e+02
1.191449124930487216e+02
1.193098884751516096e+02
1.194738795907128974e+02
1.196368810048245166e+02
1.197988880177361324e+02
1.199598960712644811e+02
1.201199007552609714e+02
1.202788978134292961e+02
1.204368831491053271e+02
1.205938528297920698e+02
1.207498030906604782e+02
1.209047303366786537e+02
1.210586311427941979e+02
1.212115022523602477e+02
1.213633405731579984e+02
1.215141431712607130e+02
1.216639072629053260e+02
1.218126302037936171e+02
1.219603094772370184e+02
1.221069426799365516e+02
1.222525275071451603e+02
1.223970617370711693e+02
1.225405432150994613e+02
1.226829698382300364e+02
1.228243395405961707e+02
1.229646502804622088e+02
1.231039000283924878e+02
1.232420867581354997e+02
1.233792084388576171e+02
1.235152630300970031e+02
1.236502484780417461e+02
1.237841627136022140e+02
1.239170036516091926e+02
1.240487691898296134e+02
1.241794572088411854e+02
1.243090655704020691e+02
1.244375921148454438e+02
1.245650346570437392e+02
1.246913909799751679e+02
1.248166588271627546e+02
1.249408358928830154e+02
1.250639198112961594e+02
1.251859081452635110e+02
1.253067983749412946e+02
1.254265878873505926e+02
1.255452739677467378e+02
1.256628537935788614e+02
1.257793244311743308e+02
1.258946828364651793e+02
1.260089258587678955e+02
1.261220502490700142e+02
1.262340526707564550e+02
1.263449297142879999e+02
1.264546779133500536e+02
1.265632937629302148e+02
1.266707737379443302e+02
1.267771143119713884e+02
1.268823119746092942e+02
1.269863632473402930e+02
1.270892646977747660e+02
1.271910129508391378e+02
1.272916046971829047e+02
1.273910366989851184e+02
1.274893057927303488e+02
1.275864088890294141e+02
1.276823429693529874e+02
1.277771050805482815e+02
1.278706923257330033e+02
1.279631018533056732e+02
1.280543308432842480e+02
1.281443764916503198e+02
1.282332359941419782e+02
1.283209065295552023e+02
1.284073852450603113e+02
1.284926692446841514e+02
1.285767555838294811e+02
1.286596412712437427e+02
1.287413232811790351e+02
1.288217985765106164e+02
1.289010641442785925e+02
1.289791170430603415e+02
1.290559544605544602e+02
1.291315737789237232e+02
1.292059726444117587e+02
1.292791490356794668e+02
1.293511013273840433e+02
1.294218283422329705e+02
1.294913293887073564e+02
1.295596042794498999e+02
1.296266533290250038e+02
1.296924773288359916e+02
1.297570775003338213e+02
1.298204554278217699e+02
1.298826129727998193e+02
1.299435521743930906e+02
1.300032751391592001e+02
1.300617839258475783e+02
1.301190804307654787e+02
1.301751662790560147e+02
1.302300427296188445e+02
1.302837105996102878e+02
1.303361702145489858e+02
1.303874213907165540e+02
1.304374634515756668e+02
1.304862952810074148e+02
1.305339154098729182e+02
1.305803221307822923e+02
1.306255136311476122e+02
1.306694881320518391e+02
1.307122440188430517e+02
1.307537799483881145e+02
1.307940949205808181e+02
1.308331883042188224e+02
1.308710598135849352e+02
1.309077094364963614e+02
1.309431373215734880e+02
1.309773436370071522e+02
1.310103284156524239e+02
1.310420914034888256e+02
1.310726319268125337e+02
1.311019487907715018e+02
1.311300402188474550e+02
1.311569038365656752e+02
1.311825367006564136e+02
1.312069353694872405e+02
1.312300960085584336e+02
1.312520145227225044e+02
1.312726867050741930e+02
1.312921083920228966e+02
1.313102756133306741e+02
1.313271847257172453e+02
1.313428325203269083e+02
1.313572162953225302e+02
1.313703338889033034e+02
1.313821836721137970e+02
1.313927645070886285e+02
1.314020756789074369e+02
1.314101168162530939e+02
1.314168878141953485e+02
1.314223887730702813e+02
1.314266199590912549e+02
1.314295817866696439e+02
1.314312748119059222e+02
1.314316997153531474e+02
1.314308572495532985e+02
1.314287481204277697e+02
1.314253727792399218e+02
1.314207311117607162e+02
1.314148220292936742e+02
1.314076429907006798e+02
1.313991895078135599e+02
1.313894547107014148e+02
1.313784290605936746e+02
1.313661002984797506e+02
1.313524536978288211e+02
1.313374726503888894e+02
1.313211395619574091e+02
1.313034369774937602e+02
1.312843488034975223e+02
1.312638614690709460e+02
1.312419648671827872e+02
1.312186529541829429e+02
1.311939239464637694e+02
1.311677801282528151e+02
1.311402273522879227e+02
1.311112743605781645e+02
1.310809320631071273e+02
1.310492128869888973e+02
1.310161302552817801e+02
1.309816981883240317e+02
1.309459309608652973e+02
1.309088427122567282e+02
1.308704469031602855e+02
1.308307555444824288e+02
1.307897781859736881e+02
1.307475207302270235e+02
1.307039842188424359e+02
1.306591638017183357e+02
1.306130481374765111e+02
1.305656194640436922e+02
1.305168545154843400e+02
1.304667263437901568e+02
1.304152069365435693e+02
1.303622703369036060e+02
1.303078958078621667e+02
1.302520704932698266e+02
1.301947910557567525e+02
1.301360639298987110e+02
1.300759040983963075e+02
1.300143326114190927e+02
1.299513733413258478e+02
1.298870496163079054e+02
1.298213813606772078e+02
1.297543831947587307e+02
1.296860636650611980e+02
1.296164254786655476e+02
1.295454663814657863e+02
1.294731802200858510e+02
1.293995577754967030e+02
1.293245871374508340e+02
1.292482536422621706e+02
1.291705396459834958e+02
1.290914245743441882e+02
1.290108857102304114e+02
1.289289000317940577e+02
1.288454471095004976e+02
1.287605126881846616e+02
1.286740922278995356e+02
1.285861934760568204e+02
1.284968371906609264e+02
1.284060554537897474e+02
1.283138875540593631e+02
1.282203740383946240e+02
1.281255500656459958e+02
1.280294394690648403e+02
1.279320508517512565e+02
1.278333765971251808e+02
1.277333949894099163e+02
1.276320749131356536e+02
1.275293820692596540e+02
1.274252854629018685e+02
1.273197630826353901e+02
1.272128060129720808e+02
1.271044204454312023e+02
1.269946270271100701e+02
1.268834568301318342e+02
1.267709433046157557e+02
1.266571102935930924e+02
1.265419576420355838e+02
1.264254477245453927e+02
1.263074974835773645e+02
1.261879803794576986e+02
1.260667405052701753e+02
1.259436174014046088e+02
1.258184760713338761e+02
1.256912340476321930e+02
1.255618773793393501e+02
1.254304603858168576e+02
1.252970889492310675e+02
1.251618922054748850e+02
1.250249909139408970e+02
1.248864714413533648e+02
1.247463721681190947e+02
1.246046851420416175e+02
1.244613713507612971e+02
1.243163843748148025e+02
1.241696952708219897e+02
1.240213116267551499e+02
1.238712856518295524e+02
1.237197093763167288e+02
1.235666987072375917e+02
1.234123711420292437e+02
1.232568233044759012e+02
1.231001135518603888e+02
1.229422521432071136e+02
1.227831983633122235e+02
1.226228624062358961e+02
1.224611106204580580e+02
1.222977750237202770e+02
1.221326695475471951e+02
1.219656142809457435e+02
1.217964649967220367e+02
1.216251407490092049e+02
1.214516405369410137e+02
1.212760427746026011e+02
1.210984875268390937e+02
1.209191477798767664e+02
1.207381990008806838e+02
1.205557948131739039e+02
1.203720525194866298e+02
1.201870484250638356e+02
1.200008213650474147e+02
1.198133831846410828e+02
1.196247352354475169e+02
1.194348885524064627e+02
1.192438823262875331e+02
1.190517925486444142e+02
1.188587229321731655e+02
1.186647750049121157e+02
1.184700029244724391e+02
1.182743678591238279e+02
1.180777120577570258e+02
1.178797698759107391e+02
1.176802210325849671e+02
1.174787741236521015e+02
1.172752538563264579e+02
1.170696613895442511e+02
1.168621860140094668e+02
1.166531636673421559e+02
1.164429955594516031e+02
1.162320523288378809e+02
1.160205928068669863e+02
1.158087204680492732e+02
1.155963857785276332e+02
1.153834244270294676e+02
1.151696093109494257e+02
1.149546946811580597e+02
1.147384417218208057e+02
1.145206276776353320e+02
1.143010486010105211e+02
1.140795268485731100e+02
1.138559291887242324e+02
1.136301917712015097e+02
1.134023394886779812e+02
1.131724869566046863e+02
1.129408190239226570e+02
1.127075620914506402e+02
1.124729600821024746e+02
1.122372567895371134e+02
1.120006723593589868e+02
1.117633634239361271e+02
1.115253762197476988e+02
1.112866216590152817e+02
1.110468992229294400e+02
1.108059695047871287e+02
1.105636425782731038e+02
1.103198365252697783e+02
1.100745780112433323e+02
1.098279522709072467e+02
1.095800376371135627e+02
1.093308613630191530e+02
1.090803920347138103e+02
1.088285593598964454e+02
1.085752822019960320e+02
1.083204913436965739e+02
1.080641429090148762e+02
1.078062223951872340e+02
1.075467390166014212e+02
1.072857114509158833e+02
1.070231507194448852e+02
1.067590500150279240e+02
1.064933904459208094e+02
1.062261642116698113e+02
1.059574048782795614e+02
1.056872056976427956e+02
1.054157107189395219e+02
1.051430806480577473e+02
1.048694533516202085e+02
1.045949222863248451e+02
1.043195430989822654e+02
1.040433618887274605e+02
1.037664501980311513e+02
1.034889315795743414e+02
1.032109869005548148e+02
1.029328318297277320e+02
1.026546753626021484e+02
1.023766856083349523e+02
1.020989884553574285e+02
1.018216980767627291e+02
1.015449477089796062e+02
1.012688878311192582e+02
1.009936512895234983e+02
1.007193174314574264e+02
1.004459053384304781e+02
1.001733948004108754e+02
9.990175058585406020e+01
9.963093434777361779e+01
9.936091035518123249e+01
9.909165311624788330e+01
9.882314649587884503e+01
9.855535772915284554e+01
9.828819269542917425e+01
9.802146390981666002e+01
9.775489474039099491e+01
9.748814998604113669e+01
9.722086655737584238e+01
9.695267804569091652e+01
9.668325299416692076e+01
9.641235931551665317e+01
9.613993043704988395e+01
9.586608488939660333e+01
9.559107030269539962e+01
9.531515107792108665e+01
9.503849683538335569e+01
9.476112928247700040e+01
9.448295132049017298e+01
9.420383733002313420e+01
9.392373381742710592e+01
9.364272022057689071e+01
9.336100723664333145e+01
9.307888475054009803e+01
9.279665146138790988e+01
9.251455619268585906e+01
9.223276667541843210e+01
9.195136946890274032e+01
9.167039826230259791e+01
9.138988087828600726e+01
9.110988564148519231e+01
9.083054460937209740e+01
9.055204414054382767e+01
9.027459554911983730e+01
8.999840820034285116e+01
8.972367132278712631e+01
8.945052538260868857e+01
8.917900262470486439e+01
8.890895134478218154e+01
8.863999749462800537e+01
8.837159143000899064e+01
8.810312754168175786e+01
8.783406164931453475e+01
8.756395030258670431e+01
8.729240503638892790e+01
8.701902971168584600e+01
8.674341938791715734e+01
8.646523808866503202e+01
8.618432085990181690e+01
8.590072604651861354e+01
8.561470425613565283e+01
8.532660686262610739e+01
8.503678437226773212e+01
8.474551634136142297e+01
8.445299153716850071e+01
8.415933782136296770e+01
8.386468614642396346e+01
8.356923835309308402e+01
8.327330127093509304e+01
8.297726229715314616e+01
8.268151448387348523e+01
8.238637368417519724e+01
8.209204065933263905e+01
8.179863454266613587e+01
8.150627528427754953e+01
8.121515788311266704e+01
8.092557050438588817e+01
8.063785594100446019e+01
8.035235859569644390e+01
8.006939668788022857e+01
7.978925688345481149e+01
7.951217533688202366e+01
7.923828612207151423e+01
7.896756898512099099e+01
7.869985342532747552e+01
7.843489823909432346e+01
7.817249638622830332e+01
7.791252509282550420e+01
7.765490511936675944e+01
7.739951098856737133e+01
7.714611142494986495e+01
7.689438370529678934e+01
7.664397651549808188e+01
7.639456056206029189e+01
7.614583138658232997e+01
7.589748026428911487e+01
7.564917403627745784e+01
7.540056627360685582e+01
7.515132807688922867e+01
7.490117264180446455e+01
7.464986069817500436e+01
7.439719382210104470e+01
7.414300933505637659e+01
7.388718310350488139e+01
7.362963722467671346e+01
7.337034713317358126e+01
7.310934577934803258e+01
7.284672526129010350e+01
7.258263521288256470e+01
7.231727359027198077e+01
7.205086365206595644e+01
7.178361545871764804e+01
7.151568157457388963e+01
7.124712810260693630e+01
7.097794286445649448e+01
7.070808699768514316e+01
7.043757193016381279e+01
7.016652735507237537e+01
6.989523008349945599e+01
6.962408579400123187e+01
6.935357940112936603e+01
6.908421858770874735e+01
6.881648615627905485e+01
6.855080272967069277e+01
6.828749712723899279e+01
6.802678968034733487e+01
6.776880073325907006e+01
6.751358907241221630e+01
6.726120574111180872e+01
6.701173551075525836e+01
6.676530538192584174e+01
6.652206153740409889e+01
6.628213348912244385e+01
6.604560295867351272e+01
6.581248034324667628e+01
6.558268046151056296e+01
6.535599312931600480e+01
6.513205864293746572e+01
6.491036818320873181e+01
6.469030240970351997e+01
6.447120032266835210e+01
6.425243045837137856e+01
6.403343391803900886e+01
6.381372654428002278e+01
6.359287269754662475e+01
6.337045745640724448e+01
6.314607900825338760e+01
6.291936480629186690e+01
6.268999830259535599e+01
6.245773869105475029e+01
6.222242435888517775e+01
6.198396315917522514e+01
6.174231977616249623e+01
6.149750883567855197e+01
6.124959542158947556e+01
6.099869853875262748e+01
6.074499186318267618e+01
6.048869948401188879e+01
6.023008872205031139e+01
5.996946369856086534e+01
5.970716079927286302e+01
5.944354285617156819e+01
5.917898730772600402e+01
5.891386764612087035e+01
5.864853464445823761e+01
5.838330727960450872e+01
5.811847794097796083e+01
5.785432556783049307e+01
5.759112366605255318e+01
5.732913501872402406e+01
5.706859778779479342e+01
5.680971659535541107e+01
5.655266822268882976e+01
5.629761823508909657e+01
5.604473477380464175e+01
5.579418841395679607e+01
5.554613963997502424e+01
5.530072626881955244e+01
5.505806250864045381e+01
5.481825044559561633e+01
5.458139356544405985e+01
5.434759984536843547e+01
5.411697012098824899e+01
5.388957869922407440e+01
5.366545867909033518e+01
5.344460052867023592e+01
5.322696284028417324e+01
5.301248625988599628e+01
5.280110064578575901e+01
5.259272123042445912e+01
5.238723711394465710e+01
5.218449966700596576e+01
5.198431749982306371e+01
5.178646044777386237e+01
5.159067084944582859e+01
5.139667835597711587e+01
5.120421457479017846e+01
5.101302479524987632e+01
5.082287491575549154e+01
5.063355246251845188e+01
5.044486173272394325e+01
5.025661479674224807e+01
5.006862183984502224e+01
4.988068512123052045e+01
4.969259982977121126e+01
4.950416226999600156e+01
4.931518213373293236e+01
4.912549289998913338e+01
4.893495436991123881e+01
4.874344457564821909e+01
4.855084364259761287e+01
4.835701706734346317e+01
4.816180758875584900e+01
4.796504208830469196e+01
4.776655374094267614e+01
4.756621278520656659e+01
4.736395499524449093e+01
4.715979718780933894e+01
4.695383374309817981e+01
4.674621510417663472e+01
4.653711555990677340e+01
4.632670072131502792e+01
4.611510392111622991e+01
4.590241626077866499e+01
4.568868959941724484e+01
4.547394790140599241e+01
4.525820126225931261e+01
4.504145820401139133e+01
4.482373409349136750e+01
4.460505552286806363e+01
4.438546165856774905e+01
4.416500398279699624e+01
4.394374573900831393e+01
4.372176184663000242e+01
4.349913916673757797e+01
4.327597609762018749e+01
4.305238007283297463e+01
4.282846202237997346e+01
4.260432816690080671e+01
4.238007107148743557e+01
4.215576290138129423e+01
4.193145371451347359e+01
4.170717629606479449e+01
4.148295692296414217e+01
4.125882935663221218e+01
4.103484816470145091e+01
4.081109769029292522e+01
4.058769452231536690e+01
4.036478348865347954e+01
4.014252907820819871e+01
3.992110510351644592e+01
3.970068517480680015e+01
3.948143551947485719e+01
3.926351046395986799e+01
3.904705004410824642e+01
3.883217896851486728e+01
3.861900641008308810e+01
3.840762650957363888e+01
3.819811969987632949e+01
3.799055484717055009e+01
3.778499183932488137e+01
3.758148387923108658e+01
3.738007861221629469e+01
3.718081745706066954e+01
3.698373306604322153e+01
3.678884551297806382e+01
3.659615834795854994e+01
3.640565584304066959e+01
3.621730247741388098e+01
3.603104502182137736e+01
3.584681669726981568e+01
3.566454213110626625e+01
3.548414154044725421e+01
3.530553290287120660e+01
3.512863171930013806e+01
3.495334896703704430e+01
3.477958852164421444e+01
3.460724538375908566e+01
3.443620549779328144e+01
3.426634713166473745e+01
3.409754315363818478e+01
3.392966339603466253e+01
3.376257661716547886e+01
3.359615207063384901e+01
3.343026101339689404e+01
3.326477844787375915e+01
3.309958508429429713e+01
3.293456918737147987e+01
3.276962787997771898e+01
3.260466768152634387e+01
3.243960441938307326e+01
3.227436293161212433e+01
3.210887699933164896e+01
3.194308969619860505e+01
3.177695396885386003e+01
3.161043298030873672e+01
3.144349971590091997e+01
3.127613559200466753e+01
3.110832820595592807e+01
3.094006873616402942e+01
3.077134967630275497e+01
3.060216349431771832e+01
3.043250248905954436e+01
3.026235971181889184e+01
3.009173048680233009e+01
2.992061392395799402e+01
2.974901390076569285e+01
2.957693923913518930e+01
2.940440310898937781e+01
2.923142193757088592e+01
2.905801422105836096e+01
2.888419961112204248e+01
2.870999852027977184e+01
2.853543231835431726e+01
2.836052403625366480e+01
2.818529938946351976e+01
2.800978789380449641e+01
2.783402386169250420e+01
2.765804711880943501e+01
2.748190334916246158e+01
2.730564404328518791e+01
2.712932608035909965e+01
2.695301101541329913e+01
2.677676416761837430e+01
2.660065361745236245e+01
2.642474922066565668e+01
2.624912173651994962e+01
2.607384214604572392e+01
2.589898120281596761e+01
2.572460921513560805e+01
2.555079601130850264e+01
2.537761099617226890e+01
2.520512318012016806e+01
2.503340105970189100e+01
2.486251225742168103e+01
2.469252288407659179e+01
2.452349665948872115e+01
2.435549390014490356e+01
2.418857053655252898e+01
2.402277734388662012e+01
2.385815954974629349e+01
2.369475692388957100e+01
2.353260436921719645e+01
2.337173293783522254e+01
2.321217111062037830e+01
2.305394612124011289e+01
2.289708508670321763e+01
2.274161573083972243e+01
2.258756655003973179e+01
2.243496636114801390e+01
2.228384327321840530e+01
2.213422321988910824e+01
2.198612826022337430e+01
2.183957489037493360e+01
2.169457260178428726e+01
2.155112287595457943e+01
2.140921873210879767e+01
2.126884485711529038e+01
2.112997826341433338e+01
2.099258935413273264e+01
2.085664323475176474e+01
2.072210110064133204e+01
2.058892154674381203e+01
2.045706168390251634e+01
2.032647799534138855e+01
2.019712691808109639e+01
2.006896517784132428e+01
1.994194993683413486e+01
1.981603882791183935e+01
1.969118994618466445e+01
1.956736185342226975e+01
1.944451362653309801e+01
1.932260495552988289e+01
1.920159627405520197e+01
1.908144889196230309e+01
1.896212509587531159e+01
1.884358819038534349e+01
1.872580246661574321e+01
1.860873310242128653e+01
1.849234601530725186e+01
1.837660770121990694e+01
1.826148509760297145e+01
1.814694550658678907e+01
1.803295660496987551e+01
1.791948655382721967e+01
1.780650420491240737e+01
1.769397938657182934e+01
1.758188324081407927e+01
1.747018857727731600e+01
1.735887020935172842e+01
1.724790524240158973e+01
1.713727329206092875e+01
1.702695662096290974e+01
1.691694019198761723e+01
1.680721164485152030e+01
1.669776120855282642e+01
1.658858156529501571e+01
1.647966768174395114e+01
1.637101662179285810e+01
1.626262735230926282e+01
1.615450055003114471e+01
1.604663841522362588e+01
1.593904449534341516e+01
1.583172352081035328e+01
1.572468125416867224e+01
1.561792435373820176e+01
1.551146025282085894e+01
1.540529705530338767e+01
1.529944344845765158e+01
1.519390863303070738e+01
1.508870227019028398e+01
1.498383444395603803e+01
1.487931563705141791e+01
1.477515671734128588e+01
1.467136893154670219e+01
1.456796390270229047e+01
1.446495362795056039e+01
1.436235047351737570e+01
1.426016716442336474e+01
1.415841676712245167e+01
1.405711266418218486e+01
1.395626852088877179e+01
1.385589824448205576e+01
1.375601593728701033e+01
1.365663584558229182e+01
1.355777230624976859e+01
1.345943969335699286e+01
1.336165236670762901e+01
1.326442462419472967e+01
1.316777065926595469e+01
1.307170452437662433e+01
1.297624010075850087e+01
1.288139107422649587e+01
1.278717091628747760e+01
1.269359286939355691e+01
1.260066993490263698e+01
1.250841486219346166e+01
1.241684013740911219e+01
1.232595797044427499e+01
1.223578027915519328e+01
1.214631867009648580e+01
1.205758441552869975e+01
1.196958842688621338e+01
1.188234122530162828e+01
1.179585291006826608e+01
1.171013312626231340e+01
1.162519103278821930e+01
1.154103527223460901e+01
1.145767394382234272e+01
1.137511458059675107e+01
1.129336413179515297e+01
1.121242895106110637e+01
1.113231479087721176e+01
1.105302680326400910e+01
1.097456954659167572e+01
1.089694699796972621e+01
1.082016257059698816e+01
1.074421913520911431e+01
1.066911904472222972e+01
1.059486416107901086e+01
1.052145588336425952e+01
1.044889517627911779e+01
1.037718259820694833e+01
1.030631832816598070e+01
1.023630219116162010e+01
1.016713368156156960e+01
1.009881198427968307e+01
1.003133599370905493e+01
9.964704330487721862e+00
9.898915356221278827e+00
9.833967186488424161e+00
9.769857702407790612e+00
9.706584561134786071e+00
9.644145205668264609e+00
9.582536874306686769e+00
9.521756610096316464e+00
9.461801270538472863e+00
9.402667537783671037e+00
9.344351929462593631e+00
9.286850810246708221e+00
9.230160404147785158e+00
9.174276807506707598e+00
9.119196002596680728e+00
9.064913871647890531e+00
9.011426211155662003e+00
8.958728746244108976e+00
8.906817144878587555e+00
8.855687031730033354e+00
8.805334001480819239e+00
8.755753631417631411e+00
8.706941493160075041e+00
8.658893163412972882e+00
8.611604233696093402e+00
8.565070318987476838e+00
8.519287065304778750e+00
8.474250156244048426e+00
8.429955318538482345e+00
8.386398326721600682e+00
8.343575006985126663e+00
8.301481240335190748e+00
8.260112965169895460e+00
8.219466179364543379e+00
8.179536941979389297e+00
8.140321374687392364e+00
8.101815662987123190e+00
8.064016057282843875e+00
8.026918873879328231e+00
7.990520495926207722e+00
7.954817374345303449e+00
7.919806028745261628e+00
7.885483048336338285e+00
7.851845092821897687e+00
7.818888893268472806e+00
7.786611252927377436e+00
7.755009047984534831e+00
7.724079228218642790e+00
7.693818817540658550e+00
7.664224914394246468e+00
7.635294691998415928e+00
7.607025398409062333e+00
7.579414356400590691e+00
7.552458963139836889e+00
7.526156689662095722e+00
7.500505080145102532e+00
7.475501750979510085e+00
7.451144389636436216e+00
7.427430753363716498e+00
7.404358667691312235e+00
7.381926024780264051e+00
7.360130781620850549e+00
7.338970958098469666e+00
7.318444634938947146e+00
7.298549951551636106e+00
7.279285103786846456e+00
7.260648341621339874e+00
7.242637966786752202e+00
7.225252330355931285e+00
7.208489830297535761e+00
7.192348909014001812e+00
7.176828050872063436e+00
7.161925779737966735e+00
7.147640656521986990e+00
7.133971276745648460e+00
7.120916268136371130e+00
7.108474288256638296e+00
7.096644022172217348e+00
7.085424180167682273e+00
7.074813495513454065e+00
7.064810722284020628e+00
7.055414633238042299e+00
7.046624017759309133e+00
7.038437679866423657e+00
7.030854436287937936e+00
7.023873114609738622e+00
7.017492551503292653e+00
7.011711591026311474e+00
7.006529083004116032e+00
7.001943881500828581e+00
6.997954843371020139e+00
6.994560826903143180e+00
6.991760690554328583e+00
6.989553291781713362e+00
6.987937485968870099e+00
6.986912125452019673e+00
6.986476058651941656e+00
6.986628129306036605e+00
6.987367175809566788e+00
6.988692030665902166e+00
6.990601520047480477e+00
