3.356057982947846519e-02
1.904186262512861938e-01
1.657215515718731269e-01
1.498275884738268782e-01
1.413881078705208072e-01
1.381002068597010912e-01
1.385605306847162155e-01
1.418925448786934884e-01
1.475255253147414736e-01
1.550725785102755605e-01
1.642612986264904429e-01
1.748930804598596844e-01
1.868185095334491119e-01
1.999220270799335619e-01
2.141120892713385959e-01
2.293146668940067578e-01
2.454688294724829689e-01
2.625236643702479333e-01
2.804360731824045994e-01
2.991691593055860188e-01
3.186910235675466385e-01
3.389738479504466051e-01
3.599931870021108038e-01
3.817274118543423356e-01
4.041572683263110477e-01
4.272655216537509237e-01
4.510366679164303783e-01
4.754566974709980576e-01
5.005128993939128579e-01
5.261936985952865298e-01
5.524885192043277327e-01
5.793876692586908961e-01
6.068822428054727602e-01
6.349640363329087656e-01
6.636254770781195855e-01
6.928595612321559738e-01
7.226598004464714897e-01
7.530201753339077486e-01
7.839350948966331556e-01
8.153993609974863332e-01
8.474081371414414754e-01
8.799569209593189889e-01
9.130415198797245946e-01
9.466580295586360938e-01
9.808028147040636080e-01
1.015472491984426240e+00
1.050663914758853457e+00
1.086374159402904604e+00
1.122600513035960201e+00
1.159340462484372392e+00
1.196591684335054140e+00
1.234352035954107363e+00
1.272619547364152393e+00
1.311392413881002250e+00
1.350668989430114486e+00
1.390447780468441863e+00
1.430727440447557175e+00
1.471506764760357688e+00
1.512784686123219036e+00
1.554560270346793560e+00
1.596832712457666892e+00
1.639601333135104255e+00
1.682865575432060501e+00
1.726625001750586863e+00
1.770879291049247461e+00
1.815628236260154793e+00
1.860871741892271780e+00
1.906609821808175509e+00
1.952842597155668436e+00
1.999570294439580564e+00
2.046793243724750244e+00
2.094511876954728180e+00
2.142726726380867142e+00
2.191438423090796395e+00
2.240647695629401248e+00
2.290355368707246875e+00
2.340562361989041662e+00
2.391269688959954731e+00
2.442478455863459352e+00
2.494189860711197415e+00
2.546405192356130165e+00
2.599125829634032936e+00
2.652353240565279879e+00
2.706088981619878098e+00
2.760334697040378149e+00
2.815092118226615092e+00
2.870363063170807028e+00
2.926149435955388789e+00
2.982453226301070348e+00
3.039276509163698403e+00
3.096621444385068145e+00
3.154490276384658287e+00
3.212885333893866324e+00
3.271809029727700491e+00
3.331263860590026660e+00
3.391252406897014460e+00
3.451777332623934491e+00
3.512841385158594232e+00
3.574447395153125484e+00
3.636598276364093607e+00
3.699297025468752054e+00
3.762546721840374087e+00
3.826350527276105584e+00
3.890711685647734619e+00
3.955633522474153008e+00
4.021119444380289565e+00
4.087172938435540637e+00
4.153797571342651374e+00
4.220996988458570520e+00
4.288774912622016267e+00
4.357135142767421421e+00
4.426081552294142796e+00
4.495618087177123634e+00
4.565748763782974784e+00
4.636477666379793305e+00
4.707808944304891163e+00
4.779746808774942401e+00
4.852295529318903178e+00
4.925459429810326029e+00
4.999242884082797822e+00
5.073650311113643063e+00
5.148686169766190091e+00
5.224354953081814301e+00
5.300661182113021397e+00
5.377609399301624293e+00
5.455204161402838814e+00
5.533450031966435034e+00
5.612351573387512893e+00
5.691913338537748501e+00
5.772139862017702683e+00
5.853035651041406773e+00
5.934605176001336524e+00
6.016852860743965969e+00
6.099783072606269840e+00
6.183400112267920967e+00
6.267708203453902449e+00
6.352711482580051694e+00
6.438413988364976248e+00
6.524819651508525276e+00
6.611932284485471101e+00
6.699755571528594800e+00
6.788293058879642849e+00
6.877548145372213817e+00
6.967524073422757702e+00
7.058223920501739634e+00
7.149650591148330570e+00
7.241806809602685746e+00
7.334695113108685938e+00
7.428317845949202081e+00
7.522677154270286159e+00
7.617774981739572127e+00
7.713613066062595891e+00
7.810192936414431131e+00
7.907515911799015917e+00
8.005583100349035419e+00
8.104395399588813831e+00
8.203953497637934689e+00
8.304257875376315212e+00
8.405308809523424074e+00
8.507106376635096723e+00
8.609650457964619363e+00
8.712940745154826416e+00
8.816976746709617174e+00
8.921757795205305541e+00
9.027283055162337533e+00
9.133551531528636858e+00
9.240562078686172853e+00
9.348313409936102047e+00
9.456804107367240420e+00
9.566032632036923999e+00
9.675997334377688830e+00
9.786696464789082839e+00
9.898128184283766728e+00
1.001029057516005416e+01
1.012318165159825867e+01
1.023679937014489028e+01
1.035114163997948289e+01
1.046620633293346359e+01
1.058199129319100784e+01
1.069849434663325738e+01
1.081571330975987166e+01
1.093364599815701155e+01
1.105229023448589309e+01
1.117164385593763676e+01
1.129170472116039647e+01
1.141247071659965684e+01
1.153393976228506368e+01
1.165610981699936843e+01
1.177897888288213402e+01
1.190254500941340687e+01
1.202680629682065749e+01
1.215176089890525013e+01
1.227740702529105477e+01
1.240374294312050729e+01
1.253076697821951235e+01
1.265847751574279734e+01
1.278687300031898033e+01
1.291595193577957268e+01
1.304571288439260712e+01
1.317615446573850235e+01
1.330727535520121485e+01
1.343907428212935073e+01
1.357155002770073438e+01
1.370470142250270840e+01
1.383852734391919448e+01
1.397302671329156176e+01
1.410819849292406403e+01
1.424404168299389895e+01
1.438055531833045109e+01
1.451773846515882482e+01
1.465559021781010252e+01
1.479410969542736609e+01
1.493329603869645439e+01
1.507314840661202560e+01
1.521366597334905002e+01
1.535484792519182129e+01
1.549669345758739958e+01
1.563920177231756270e+01
1.578237207481793902e+01
1.592620357163349532e+01
1.607069546803081295e+01
1.621584696578334928e+01
1.636165726114229102e+01
1.650812554294029511e+01
1.665525099091775729e+01
1.680303277420079056e+01
1.695147004998139195e+01
1.710056196236573101e+01
1.725030764139136608e+01
1.740070620224723186e+01
1.755175674465012392e+01
1.770345835242116195e+01
1.785581009317325396e+01
1.800881101822937680e+01
1.816246016265953145e+01
1.831675654549282584e+01
1.847169917005512119e+01
1.862728702447698836e+01
1.878351908229842593e+01
1.894039430325560147e+01
1.909791163409950343e+01
1.925607000962942195e+01
1.941486835372381847e+01
1.957430558054180736e+01
1.973438059574497672e+01
1.989509229781929989e+01
2.005643957944015909e+01
2.021842132888451715e+01
2.038103643146838095e+01
2.054428377102789582e+01
2.070816223139528134e+01
2.087267069786718920e+01
2.103780805869342885e+01
2.120357320648066590e+01
2.136996503966052074e+01
2.153698246380710657e+01
2.170462439302502489e+01
2.187288975116724643e+01
2.204177747307957702e+01
2.221128650571879959e+01
2.238141580924726171e+01
2.255216435799437491e+01
2.272353114139469810e+01
2.289551516481942173e+01
2.306811545032886102e+01
2.324133103735128714e+01
2.341516098323853257e+01
2.358960436381260806e+01
2.376466027382082302e+01
2.394032782723840569e+01
2.411660615759717530e+01
2.429349441816835764e+01
2.447099178214437742e+01
2.464909744271025360e+01
2.482781061305987791e+01
2.500713052636659128e+01
2.518705643569727215e+01
2.536758761388788841e+01
2.554872335333091371e+01
2.573046296574002767e+01
2.591280578188662886e+01
2.609575115129742073e+01
2.627929844184895103e+01
2.646344703941638699e+01
2.664819634742944388e+01
2.683354578639053400e+01
2.701949479342511040e+01
2.720604282169508892e+01
2.739318933988628757e+01
2.758093383161085299e+01
2.776927579476690156e+01
2.795821474090613279e+01
2.814775019454747351e+01
2.833788169244022370e+01
2.852860878281510182e+01
2.871993102462701231e+01
2.891184798670047940e+01
2.910435924681159392e+01
2.929746439089312915e+01
2.949116301199108392e+01
2.968545470928696517e+01
2.988033908711821951e+01
3.007581575383907690e+01
3.027188432073666036e+01
3.046854440084835147e+01
3.066579560779145197e+01
3.086363755449555413e+01
3.106206985192849146e+01
3.126109210781684666e+01
3.146070392525288639e+01
3.166090490136862812e+01
3.186169462589102963e+01
3.206307267973990349e+01
3.226503863360969149e+01
3.246759204642231822e+01
3.267073246395314357e+01
3.287445941724193688e+01
3.307877242115142025e+01
3.328367097283954479e+01
3.348915455024302901e+01
3.369522261054895296e+01
3.390187458875696791e+01
3.410910989608616717e+01
3.431692791850521473e+01
3.452532801526685091e+01
3.473430951739346995e+01
3.494387172622668913e+01
3.515401391198027170e+01
3.536473531228807587e+01
3.557603513079925506e+01
3.578791253576638098e+01
3.600036665869094321e+01
3.621339659294507385e+01
3.642700139248188407e+01
3.664118007046757697e+01
3.685593159804633956e+01
3.707125490308354898e+01
3.728714886893932601e+01
3.750361233326301402e+01
3.772064408682982162e+01
3.793824287240413895e+01
3.815640738361916107e+01
3.837513626390762056e+01
3.859442810546060088e+01
3.881428144812718983e+01
3.903469477846170577e+01
3.925566652869676432e+01
3.947719507577649267e+01
3.969927874042686966e+01
3.992191578612005998e+01
4.014510441822657327e+01
4.036884278296614070e+01
4.059312896650552460e+01
4.081796099401239530e+01
4.104333682856621834e+01
4.126925437028813093e+01
4.149571145523739091e+01
4.172270585438847235e+01
4.195023527249721695e+01
4.217829734700306688e+01
4.240688964684267859e+01
4.263600967128535757e+01
4.286565484860318520e+01
4.309582253479663905e+01
4.332651001226757614e+01
4.355771448839028892e+01
4.378943309404250073e+01
4.402166288215700973e+01
4.425440082618308679e+01
4.448764381848631899e+01
4.472138866879586061e+01
4.495563210255565423e+01
4.519037075929227143e+01
4.542560119098063609e+01
4.566131986033424539e+01
4.589752313917290394e+01
4.613420730681866644e+01
4.637136854846725953e+01
4.660900295366281654e+01
4.684710651471928600e+01
4.708567512532074772e+01
4.732470457916407724e+01
4.756419056865693307e+01
4.780412868376802749e+01
4.804451441100736986e+01
4.828534313247671861e+01
4.852661012519627803e+01
4.876831056046448509e+01
4.901043950351063216e+01
4.925299191322932302e+01
4.949596264226582321e+01
4.973934643725451821e+01
4.998313793927294313e+01
5.022733168458317721e+01
5.047192210563268588e+01
5.071690353225807968e+01
5.096227019330709851e+01
5.120801621839230222e+01
5.145413564003790441e+01
5.170062239609963228e+01
5.194747033241849010e+01
5.219467320587446579e+01
5.244222468762381340e+01
5.269011836668665438e+01
5.293834775392796388e+01
5.318690628609775217e+01
5.343578733028155625e+01
5.368498418869879885e+01
5.393449010350784789e+01
5.418429826214530465e+01
5.443440180265105255e+01
5.468479381936600703e+01
5.493546736872966818e+01
5.518641547534282665e+01
5.543763113812620702e+01
5.568910733666630364e+01
5.594083703763099180e+01
5.619281320134570024e+01
5.644502878843159976e+01
5.669747676648448476e+01
5.695015011674556149e+01
5.720304184103035539e+01
5.745614496821427508e+01
5.770945256112202770e+01
5.796295772310118366e+01
5.821665360459918759e+01
5.847053340964031776e+01
5.872459040225196958e+01
5.897881791255762352e+01
5.923320934299589169e+01
5.948775817407290845e+01
5.974245797013421111e+01
5.999730238485121703e+01
6.025228516645465504e+01
6.050740016279966937e+01
6.076264132607452240e+01
6.101800271743055504e+01
6.127347851107533927e+01
6.152906299835824200e+01
6.178475059144853532e+01
6.204053582666274025e+01
6.229641336765622128e+01
6.255237800810714077e+01
6.280842467441956956e+01
6.306454842768463465e+01
6.332074446578777582e+01
6.357700812491878395e+01
6.383333488093366981e+01
6.408972035028867253e+01
6.434616029093226075e+01
6.460265060250836200e+01
6.485918732668163500e+01
6.511576664685250648e+01
6.537238488783937385e+01
6.562903851498458607e+01
6.588572413330588518e+01
6.614243848603788933e+01
6.639917845315004286e+01
6.665594104940883824e+01
6.691272342217150992e+01
6.716952284902774295e+01
6.742633673492188962e+01
6.768316260918713567e+01
6.793999812204195621e+01
6.819684104117114032e+01
6.845368924750000872e+01
6.871054073114378014e+01
6.896739358666933128e+01
6.922424600840899700e+01
6.948109628513691405e+01
6.973794279462850909e+01
6.999478399799338035e+01
7.025161843356538327e+01
7.050844471052501206e+01
7.076526150247060798e+01
7.102206754061914751e+01
7.127886160662072257e+01
7.153564252538589585e+01
7.179240915766759201e+01
7.204916039257187776e+01
7.230589513971347060e+01
7.256261232144387918e+01
7.281931086500729577e+01
7.307598969456449822e+01
7.333264772331166625e+01
7.358928384557349034e+01
7.384589692888211232e+01
7.410248580630916138e+01
7.435904926870105669e+01
7.461558605725267057e+01
7.487209485605207249e+01
7.512857428506828228e+01
7.538502289308640059e+01
7.564143915108577687e+01
7.589782144565729993e+01
7.615416807305824420e+01
7.641047723316181361e+01
7.666674702386559659e+01
7.692297543596778553e+01
7.717916034826562566e+01
7.743529952277843620e+01
7.769139060082778769e+01
7.794743109908485224e+01
7.820341840622442930e+01
7.845934977991538517e+01
7.871522234413409080e+01
7.897103308712564740e+01
7.922677885961718403e+01
7.948245637361522142e+01
7.973806220142412826e+01
7.999359277530213319e+01
8.024904438738077772e+01
8.050441319021129516e+01
8.075969519736185021e+01
8.101488628468915465e+01
8.126998219180208594e+01
8.152497852375059040e+01
8.177987075297912156e+01
8.203465422166613052e+01
8.228932414400436812e+01
8.254387560863024476e+01
8.279830358113292732e+01
8.305260290658620193e+01
8.330676831203687982e+01
8.356079440887404530e+01
8.381467569524535577e+01
8.406840655810846386e+01
8.432198127538080712e+01
8.457539401768153198e+01
8.482863885013239269e+01
8.508170973403171899e+01
8.533460052810313812e+01
8.558730499015223359e+01
8.583981677819515710e+01
8.609212945184283683e+01
8.634423647365518661e+01
8.659613121062416496e+01
8.684780693591085310e+01
8.709925683064261648e+01
8.735047398624905668e+01
8.760145140706435996e+01
8.785218201348529021e+01
8.810265864565268146e+01
8.835287406778640218e+01
8.860282097314245675e+01
8.885249198996149289e+01
8.910187968791443325e+01
8.935097658563223888e+01
8.959977515916123991e+01
8.984826785091551926e+01
9.009644708000271862e+01
9.034430525316135174e+01
9.059183477648412008e+01
9.083902806805807018e+01
9.108587757101578575e+01
9.133237576748901176e+01
9.157851519282911568e+01
9.182428845037830456e+01
9.206968822647191075e+01
9.231470730540428349e+01
9.255933858513425605e+01
9.280357509209501643e+01
9.304740999648228694e+01
9.329083662725264503e+01
9.353384848689341879e+01
9.377643926566857147e+01
9.401860285575261855e+01
9.426033336489466308e+01
9.450162512945559001e+01
9.474247272719645707e+01
9.498287098928517480e+01
9.522281501170935769e+01
9.546230016581324662e+01
9.570132210811027562e+01
9.593987678885014247e+01
9.617796045943393324e+01
9.641556967818002022e+01
9.665270131470458637e+01
9.688935255193599971e+01
9.712552088634818404e+01
9.736120412521164269e+01
9.759640038160262066e+01
9.783110806630659795e+01
9.806532587679834023e+01
9.829905278307369088e+01
9.853228801024783934e+01
9.876503101858683920e+01
9.899728148029414854e+01
9.922903925390590985e+01
9.946030435667175595e+01
9.969107693487848110e+01
9.992135723311966444e+01
1.001511455625936406e+02
1.003804422693151395e+02
1.006092477024272824e+02
1.008375621834923521e+02
1.010653859764536548e+02
1.012927192599781989e+02
1.015195621008541025e+02
1.017459144298060920e+02
1.019717760194804725e+02
1.021971464645934873e+02
1.024220251641076516e+02
1.026464113056928937e+02
1.028703038520564519e+02
1.030937015290425052e+02
1.033166028151836713e+02
1.035390059330016896e+02
1.037609088413300356e+02
1.039823092289844482e+02
1.042032045093173309e+02
1.044235918161290613e+02
1.046434680001955400e+02
1.048628296270844089e+02
1.050816729758038832e+02
1.052999940385395519e+02
1.055177885211040660e+02
1.057350518448237011e+02
1.059517791490572449e+02
1.061679652948791528e+02
1.063836048700813848e+02
1.065986921952474660e+02
1.068132213314347325e+02
1.070271860892352720e+02
1.072405800404241063e+02
1.074533965314564199e+02
1.076656286997466339e+02
1.078772694929272831e+02
1.080883116914040301e+02
1.082987479337603531e+02
1.085085707455514097e+02
1.087177725708864244e+02
1.089263458058216543e+02
1.091342828331621604e+02
1.093415760578188696e+02
1.095482179407799777e+02
1.097542010313933361e+02
1.099595179957427860e+02
1.101641616406856485e+02
1.103681249319409545e+02
1.105714010057950674e+02
1.107739831739354202e+02
1.109758649211094763e+02
1.111770398957218191e+02
1.113775018949884696e+02
1.115772448438967359e+02
1.117762627708970911e+02
1.119745497815171831e+02
1.121721000311094656e+02
1.123689076992525600e+02
1.125649669679410607e+02
1.127602720048458877e+02
1.129548169533941859e+02
1.131485959309730873e+02
1.133416030352448729e+02
1.135338323587724005e+02
1.137252780103946037e+02
1.139159341420361500e+02
1.141057949775822351e+02
1.142948548412433212e+02
1.144831081818291665e+02
1.146705495890001032e+02
1.148571737987580548e+02
1.150429756860193464e+02
1.152279502421346109e+02
1.154120925383206355e+02
1.155953976753445289e+02
1.157778607229763281e+02
1.159594766515960060e+02
1.161402402617109715e+02
1.163201461155683063e+02
1.164991884756507403e+02
1.166773612548076215e+02
1.168546579811134762e+02
1.170310717808116294e+02
1.172065953794390651e+02
1.173812211216498724e+02
1.175549410084603608e+02
1.177277467484546776e+02
1.178996298200098352e+02
1.180705815395363345e+02
1.182405931315084331e+02
1.184096557954662785e+02
1.185777607654884207e+02
1.187448993595278068e+02
1.189110630165301217e+02
1.190762433205932638e+02
1.192404320138516738e+02
1.194036209997213831e+02
1.195658023402358765e+02
1.197269682504148847e+02
1.198871110929927539e+02
1.200462233747373517e+02
1.202042977451862953e+02
1.203613269949167091e+02
1.205173040514514469e+02
1.206722219668475020e+02
1.208260738933181955e+02
1.209788530427332347e+02
1.211305526288205954e+02
1.212811657944774026e+02
1.214306855298365946e+02
1.215791045918337971e+02
1.217264154388151525e+02
1.218726101954712533e+02
1.220176806635445388e+02
1.221616183892724479e+02
1.223044147950251812e+02
1.224460613715322523e+02
1.225865499218620158e+02
1.227258728379590025e+02
1.228640233854586654e+02
1.230009959693825010e+02
1.231367863551223110e+02
1.232713918236669173e+02
1.234048112470611045e+02
1.235370450797382773e+02
1.236680952686150334e+02
1.237979650901217497e+02
1.239266589269262369e+02
1.240541819936333496e+02
1.241805400224308897e+02
1.243057389141615801e+02
1.244297843611273606e+02
1.245526814496538890e+02
1.246744342541421844e+02
1.247950454445953170e+02
1.249145159367115099e+02
1.250328446236711386e+02
1.251500282310868641e+02
1.252660613371719052e+02
1.253809365889124905e+02
1.254946451258862368e+02
1.256071771994234467e+02
1.257185229424262332e+02
1.258286732158763215e+02
1.259376204359276841e+02
1.260453592736536166e+02
1.261518871277355203e+02
1.262572042946829498e+02
1.263613138022454478e+02
1.264642209197959204e+02
1.265659324067693063e+02
1.266664555972077864e+02
1.267657974347385306e+02
1.268639635709480302e+02
1.269609576160989945e+02
1.270567805995938357e+02
1.271514306604645128e+02
1.272449029597162280e+02
1.273371897883041157e+02
1.274282808422326099e+02
1.275181636411888775e+02
1.276068240775315843e+02
1.276942470839955490e+02
1.277804174019477728e+02
1.278653204079353145e+02
1.279489429251081560e+02
1.280312739153172856e+02
1.281123049305557799e+02
1.281920302128560820e+02
1.282704463746851218e+02
1.283475516631724531e+02
1.284233449015675319e+02
1.284978242825262384e+02
1.285709862417289173e+02
1.286428246496017778e+02
1.287133305118267685e+02
1.287824922773222056e+02
1.288502967343784178e+02
1.289167303508741043e+02
1.289817808134699249e+02
1.290454384555283696e+02
1.291076972424505698e+02
1.291685550126413773e+02
1.292280127465010935e+02
1.292860727705299837e+02
1.293427359929446823e+02
1.293979985086566558e+02
1.294518481653704782e+02
1.295042618783224100e+02
1.295552045286156329e+02
1.296046301007355339e+02
1.296524852903255010e+02
1.296987152117900166e+02
1.297432702225373760e+02
1.297861124535925512e+02
1.298272205741066045e+02
1.298665916844643391e+02
1.299042399511043300e+02
1.299401924580982666e+02
1.299744834922213101e+02
1.300071488568308382e+02
1.300382217111966554e+02
1.300677308789071560e+02
1.300957017473202768e+02
1.301221590363250300e+02
1.301471301234838052e+02
1.301706474414269508e+02
1.301927487535634782e+02
1.302134747473845948e+02
1.302328641301270409e+02
1.302509470328121495e+02
1.302677378698009818e+02
1.302832288646983727e+02
1.302973853743383472e+02
1.303101440606919255e+02
1.303214149015416297e+02
1.303310878199453668e+02
1.303390441018271417e+02
1.303451716303700039e+02
1.303493815283942752e+02
1.303516226429126164e+02
1.303518901207284841e+02
1.303502254845268453e+02
1.303467079060801552e+02
1.303414389640991260e+02
1.303345250464045080e+02
1.303260619817456814e+02
1.303161253741989469e+02
1.303047680035929545e+02
1.302920233761813051e+02
1.302779127925002740e+02
1.302624525221541489e+02
1.302456578757407613e+02
1.302275419984641189e+02
1.302081088875628438e+02
1.301873422037653540e+02
1.301651934887573248e+02
1.301415747803386012e+02
1.301163605936015131e+02
1.300894023023475938e+02
1.300605542327600119e+02
1.300297062738890190e+02
1.299968142263559230e+02
1.299619181951327391e+02
1.299251419128085274e+02
1.298866713013162837e+02
1.298467168720043219e+02
1.298054693771037478e+02
1.297630598128031636e+02
1.297195331453066842e+02
1.296748409221031295e+02
1.296288527170581517e+02
1.295813815573224872e+02
1.295322153525170563e+02
1.294811460695348444e+02
1.294279914693408671e+02
1.293726093427094668e+02
1.293149081099331283e+02
1.292548572732168282e+02
1.291924964165120002e+02
1.291279358409886981e+02
1.290613401950448065e+02
1.289928908147784341e+02
1.289227314602831029e+02
1.288509119933462443e+02
1.287773510103303920e+02
1.287018374158159020e+02
1.286240798571927542e+02
1.285437938216114730e+02
1.284607971451812318e+02
1.283750766542314636e+02
1.282867981079071740e+02
1.281962550454040581e+02
1.281037775297108112e+02
1.280096361224632346e+02
1.279139738788194762e+02
1.278167838018736546e+02
1.277179309884022445e+02
1.276172062093109361e+02
1.275143933316476534e+02
1.274093338113144256e+02
1.273019735728218507e+02
1.271923802386853737e+02
1.270807244472116935e+02
1.269672297364877238e+02
1.268521078539138642e+02
1.267355024091142894e+02
1.266174577993406132e+02
1.264979160424397122e+02
1.263767329706137019e+02
1.262537050564414756e+02
1.261286047235214909e+02
1.260012241691556483e+02
1.258714208412484510e+02
1.257391490220260977e+02
1.256044622862652460e+02
1.254674843410625158e+02
1.253283642141949343e+02
1.251872436488762190e+02
1.250442590724237419e+02
1.248995767653211573e+02
1.247534321877103309e+02
1.246061350558367451e+02
1.244580219762805058e+02
1.243093754894750020e+02
1.241603543455916139e+02
1.240109759120466180e+02
1.238611629780078829e+02
1.237108340744455433e+02
1.235599945310108581e+02
1.234087800988848898e+02
1.232574190278144926e+02
1.231061140165752477e+02
1.229548916162276555e+02
1.228034959350302842e+02
1.226513913773395785e+02
1.224978883192512313e+02
1.223423458562310771e+02
1.221843698375380143e+02
1.220239258586198474e+02
1.218613185158782528e+02
1.216970363143157954e+02
1.215315156798993854e+02
1.213649229114082999e+02
1.211970611065313079e+02
1.210274550058763623e+02
1.208555669196632607e+02
1.206810171214403340e+02
1.205036857006420519e+02
1.203236596062115638e+02
1.201410917752550205e+02
1.199560837195521259e+02
1.197686653869589577e+02
1.195788660806465913e+02
1.193868110288481432e+02
1.191927759358618459e+02
1.189971741261791891e+02
1.188004971789316784e+02
1.186032482809424664e+02
1.184058938147765332e+02
1.182088306664053050e+02
1.180123492506900931e+02
1.178165835463889977e+02
1.176214740336770177e+02
1.174267897743854689e+02
1.172322219770446168e+02
1.170374878411679873e+02
1.168423497758103906e+02
1.166465226759162448e+02
1.164495603871998810e+02
1.162508524181864544e+02
1.160497657459978882e+02
1.158458303814238946e+02
1.156388338120043500e+02
1.154287817208066258e+02
1.152157906898021338e+02
1.150000011660382313e+02
1.147815458622831812e+02
1.145605555189883802e+02
1.143371702448727518e+02
1.141115353050654164e+02
1.138837765869117504e+02
1.136539710677781443e+02
1.134221424585157649e+02
1.131883037874443829e+02
1.129525364873947382e+02
1.127150637658668444e+02
1.124762726380581626e+02
1.122366725614640188e+02
1.119968266084949420e+02
1.117573083329164660e+02
1.115186962946821581e+02
1.112815560162276256e+02
1.110463604026510041e+02
1.108133895156503428e+02
1.105827247872998811e+02
1.103543856221348847e+02
1.101284904886391445e+02
1.099052642965015565e+02
1.096848679816456098e+02
1.094672303502566848e+02
1.092520628377561991e+02
1.090390271907124742e+02
1.088278652277665657e+02
1.086183766525301166e+02
1.084103202234709045e+02
1.082033680238968856e+02
1.079971287198052750e+02
1.077911628732463782e+02
1.075849605064304768e+02
1.073779380503161320e+02
1.071695003851091315e+02
1.069591297963002887e+02
1.067464326854331205e+02
1.065311314795142010e+02
1.063130478234929939e+02
1.060921110803984533e+02
1.058683698447731416e+02
1.056419590690609454e+02
1.054130138208342089e+02
1.051815824428337862e+02
1.049476100848468150e+02
1.047110136156571798e+02
1.044717965309299359e+02
1.042301291576569469e+02
1.039863644485412664e+02
1.037410152722363250e+02
1.034947189083188306e+02
1.032481709270292782e+02
1.030020052622923004e+02
1.027566662555178425e+02
1.025123799271032112e+02
1.022692783048964031e+02
1.020275886711378206e+02
1.017877278106190460e+02
1.015502353668817790e+02
1.013156359072753929e+02
1.010843546153736128e+02
1.008566977557037774e+02
1.006328033959564863e+02
1.004125115284578129e+02
1.001952439130133001e+02
9.998003980568756788e+01
9.976577357772605126e+01
9.955140483603840096e+01
9.933607901761510561e+01
9.911904781043624268e+01
9.889954990318214811e+01
9.867680686899724662e+01
9.845015076421114486e+01
9.821916682320545533e+01
9.798373117803801335e+01
9.774392541640180809e+01
9.749990309427539614e+01
9.725179592195996747e+01
9.699969947349045185e+01
9.674372739011468525e+01
9.648409698198189233e+01
9.622120024585612441e+01
9.595561492551189531e+01
9.568803226916253379e+01
9.541913166100621879e+01
9.514948701804806319e+01
9.487958026407660839e+01
9.460990190922738918e+01
9.434102595777767419e+01
9.407357567461461656e+01
9.380813217270039672e+01
9.354521171066562601e+01
9.328534142733636259e+01
9.302911382616687774e+01
9.277710319087533719e+01
9.252969709313283886e+01
9.228702163636812372e+01
9.204905296367736867e+01
9.181580534331864385e+01
9.158740548937515769e+01
9.136399110417578129e+01
9.114555350869663641e+01
9.093188041310835956e+01
9.072262816200294822e+01
9.051742095925990839e+01
9.031587283173297465e+01
9.011753013853669358e+01
8.992181230380539603e+01
8.972801482032606657e+01
8.953537233645953108e+01
8.934313748595357652e+01
8.915063699211485471e+01
8.895729079879706092e+01
8.876259528983176494e+01
8.856608105623665494e+01
8.836726994726819839e+01
8.816566701304998332e+01
8.796080939366179052e+01
8.775235117552628594e+01
8.754011884342477856e+01
8.732407146781417850e+01
8.710416294817103733e+01
8.688019202087708948e+01
8.665176216582341340e+01
8.641841172167083585e+01
8.617985318627125935e+01
8.593617741739601001e+01
8.568790180124852895e+01
8.543584940687233598e+01
8.518094875967855728e+01
8.492406408120575634e+01
8.466590577169333187e+01
8.440700333210754991e+01
8.414771101329620251e+01
8.388824629844430092e+01
8.362877062202740319e+01
8.336948873483171951e+01
8.311071424235781535e+01
8.285286969135901813e+01
8.259644025746743523e+01
8.234192325220135444e+01
8.208979168090949941e+01
8.184045676753589760e+01
8.159421519163250025e+01
8.135120029028333022e+01
8.111138136001527243e+01
8.087463602247220251e+01
8.064086629826996955e+01
8.041008785644268642e+01
8.018243504770472896e+01
7.995808337493041051e+01
7.973714561969423187e+01
7.951960489608804039e+01
7.930530942036401143e+01
7.909400802532067587e+01
7.888538811060519151e+01
7.867909365969119051e+01
7.847472764260604094e+01
7.827185514554446399e+01
7.807001407457052267e+01
7.786872414983338331e+01
7.766748327418905262e+01
7.746575833980189429e+01
7.726299501787023871e+01
7.705866145118184818e+01
7.685230517517020132e+01
7.664357906883789440e+01
7.643221583187454371e+01
7.621798350952234102e+01
7.600067561634368474e+01
7.578014740138503669e+01
7.555635141632596685e+01
7.532932313636804622e+01
7.509912614921849183e+01
7.486581482533101450e+01
7.462945241180042899e+01
7.439016108448623754e+01
7.414815105936625628e+01
7.390370671717047912e+01
7.365715518518163663e+01
7.340885217014864850e+01
7.315918821153530871e+01
7.290858857389740422e+01
7.265748539294374098e+01
7.240627216523907350e+01
7.215527269579072822e+01
7.190474689297691668e+01
7.165492502295235511e+01
7.140603956414339848e+01
7.115832836337652623e+01
7.091200739463735658e+01
7.066723394093779120e+01
7.042408598702314748e+01
7.018257273649693673e+01
6.994267585990758107e+01
6.970440944177235565e+01
6.946787938509703508e+01
6.923331943771457020e+01
6.900108407814900602e+01
6.877159267787492070e+01
6.854524286222252272e+01
6.832233181836804192e+01
6.810302590309721893e+01
6.788739343756500944e+01
6.767547464683906355e+01
6.746733406840746738e+01
6.726304895558966734e+01
6.706263168596876767e+01
6.686593522167515857e+01
6.667261034607119541e+01
6.648215561147225117e+01
6.629404418968982782e+01
6.610786408379094325e+01
6.592339871972777132e+01
6.574060707746822629e+01
6.555951581000074668e+01
6.538007991075485847e+01
6.520207931924149136e+01
6.502509218124109225e+01
6.484854056004651568e+01
6.467177072493858248e+01
6.449412543868012904e+01
6.431498486265508063e+01
6.413377698822178274e+01
6.394997266213864862e+01
6.376308116640495882e+01
6.357265499554907251e+01
6.337830293766010215e+01
6.317970300147566576e+01
6.297660431991518237e+01
6.276881166608037432e+01
6.255615594318886963e+01
6.233846361324287244e+01
6.211554165866782284e+01
6.188718958508529511e+01
6.165323800558581269e+01
6.141360015423394714e+01
6.116831526189222501e+01
6.091756555265791917e+01
6.066166036865874389e+01
6.040099505006143943e+01
6.013600130288476464e+01
5.986710632775179164e+01
5.959471158102840604e+01
5.931919326248247160e+01
5.904091966384485346e+01
5.876027716774051157e+01
5.847769643712380372e+01
5.819367169703924247e+01
5.790876785320894271e+01
5.762361237168398276e+01
5.733887200539362539e+01
5.705521910405234109e+01
5.677329744624866237e+01
5.649370027864950572e+01
5.621696989324030369e+01
5.594361775432109596e+01
5.567415162259401740e+01
5.540909008734480068e+01
5.514895167040423019e+01
5.489422218288146382e+01
5.464531834360842311e+01
5.440256632091174538e+01
5.416620050346372039e+01
5.393637224948988518e+01
5.371315378122669415e+01
5.349653120633266923e+01
5.328639321108441607e+01
5.308252677689707610e+01
5.288462562853378301e+01
5.269230797474336470e+01
5.250513582727875672e+01
5.232263081329620036e+01
5.214428640452396735e+01
5.196957858509324524e+01
5.179797514490341115e+01
5.162894116614779705e+01
5.146193835313160747e+01
5.129641915420461373e+01
5.113182053768315427e+01
5.096756355157395291e+01
5.080306212351678852e+01
5.063773950473866137e+01
5.047104651342394277e+01
5.030247484301494865e+01
5.013156146782217348e+01
4.995788470664943759e+01
4.978105619041826913e+01
4.960071418873626214e+01
4.941652250676488478e+01
4.922817661651460242e+01
4.903541610304774423e+01
4.883804058600313169e+01
4.863592517962009509e+01
4.842903126864442243e+01
4.821740902112350113e+01
4.800118980012667436e+01
4.778056937492475242e+01
4.755578591730560589e+01
4.732709901765699101e+01
4.709477610287343907e+01
4.685909005516133874e+01
4.662032715513711167e+01
4.637879965763378465e+01
4.613485481678438305e+01
4.588887363166605837e+01
4.564125764787622330e+01
4.539240845813455394e+01
4.514270888239127544e+01
4.489251487582280475e+01
4.464216289271937654e+01
4.439199076980283110e+01
4.414236422086581513e+01
4.389369825365173483e+01
4.364646420415610351e+01
4.340117795119364530e+01
4.315837135441413608e+01
4.291855467952501613e+01
4.268218062194130624e+01
4.244961946109260253e+01
4.222115040144340270e+01
4.199696826439770803e+01
4.177719987209949437e+01
4.156192248843862558e+01
4.135117785531826229e+01
4.114497861932421330e+01
4.094330760255106583e+01
4.074611298821957917e+01
4.055330335496237382e+01
4.036474567685591097e+01
4.018026752981771210e+01
3.999966266561601458e+01
3.982269763718449695e+01
3.964911680165626251e+01
3.947864386349436927e+01
3.931097975113668497e+01
3.914579834451895124e+01
3.898274268602678205e+01
3.882142440382912696e+01
3.866142816921552594e+01
3.850232147328954824e+01
3.834366839488576773e+01
3.818504487488621635e+01
3.802605265284640268e+01
3.786632951444723716e+01
3.770555460212766263e+01
3.754344883431613766e+01
3.737977153507906536e+01
3.721431493206695507e+01
3.704689819468539014e+01
3.687736230399700332e+01
3.670556650123175757e+01
3.653138656242472138e+01
3.635471480666855371e+01
3.617546157204984780e+01
3.599355781417803968e+01
3.580895841204895191e+01
3.562164566141305500e+01
3.543163232099136195e+01
3.523896352633282447e+01
3.504371697812955233e+01
3.484600108263125406e+01
3.464595114069803827e+01
3.444372415227877582e+01
3.423949318864031000e+01
3.403344244920612027e+01
3.382576397137424351e+01
3.361665649919930132e+01
3.340632634781019306e+01
3.319498943604139640e+01
3.298287324139592158e+01
3.277021744485479360e+01
3.255727250037849529e+01
3.234429611950432104e+01
3.213154839802540863e+01
3.191928672357123986e+01
3.170776153088020521e+01
3.149721348856420988e+01
3.128787206644936347e+01
3.107995495319302037e+01
3.087366766266451279e+01
3.066920287464779094e+01
3.046673942438490812e+01
3.026644116031959797e+01
3.006845598872203595e+01
2.987291531718013005e+01
2.967993391207923182e+01
2.948961003546695636e+01
2.930202570096139425e+01
2.911724696980268590e+01
2.893532431348325673e+01
2.875629311502838448e+01
2.858017433170929422e+01
2.840697522939756681e+01
2.823668999587200545e+01
2.806930001697540433e+01
2.790477368479645293e+01
2.774306577571809385e+01
2.758411662124686359e+01
2.742785142004803234e+01
2.727418005168522086e+01
2.712299764312187733e+01
2.697418594482191523e+01
2.682761536269809710e+01
2.668314733557753726e+01
2.654063669117103075e+01
2.639993366799648911e+01
2.626088542567309148e+01
2.612333703241464633e+01
2.598713206255010633e+01
2.585211302174541004e+01
2.571812182941720337e+01
2.558500053727841816e+01
2.545259237330508739e+01
2.532074310140756168e+01
2.518930260299403656e+01
2.505812653362431419e+01
2.492707789182396638e+01
2.479602835530439719e+01
2.466485928208722100e+01
2.453346232898302759e+01
2.440173969460282777e+01
2.426960403905628993e+01
2.413697816213711178e+01
2.400379453479548175e+01
2.386999477680550541e+01
2.373552916073188612e+01
2.360035620272192247e+01
2.346444237646382192e+01
2.332776196166506466e+01
2.319029701278664035e+01
2.305203741061715661e+01
2.291298094090780779e+01
2.277313333337541579e+01
2.263250819455180363e+01
2.249112678040740221e+01
2.234901757865977245e+01
2.220621570329891625e+01
2.206276213914819095e+01
2.191870290528234477e+01
2.177408822627038276e+01
2.162897180480410952e+01
2.148341027632308453e+01
2.133746289803349327e+01
2.119119148589514978e+01
2.104466057030015591e+01
2.089793770243098336e+01
2.075109381429422584e+01
2.060420352162994817e+01
2.045734526174640067e+01
2.031060117813927945e+01
2.016405669682193391e+01
2.001779978143052574e+01
1.987191989866075303e+01
1.972650676603420905e+01
1.958164898444423940e+01
1.943743267320241586e+01
1.929394022431952749e+01
1.915124927524540865e+01
1.900943196921660316e+01
1.886855453488726653e+01
1.872867717791696052e+01
1.858985424298170841e+01
1.845213457951036773e+01
1.831556203090370971e+01
1.818017596602449615e+01
1.804601178130255690e+01
1.791310131976571896e+01
1.778147317549127493e+01
1.765115287496195862e+01
1.752216294695821119e+01
1.739452290744914009e+01
1.726824919425149218e+01
1.714335508727575075e+01
1.701985064546199311e+01
1.689774268226546639e+01
1.677703479040560808e+01
1.665772741546143720e+01
1.653981796892669109e+01
1.642330096591258837e+01
1.630816817097791827e+01
1.619440873765842070e+01
1.608200933217650430e+01
1.597095423797099123e+01
1.586122544433618131e+01
1.575280272737627385e+01
1.564566373506105812e+01
1.553978408878617223e+01
1.543513751236763198e+01
1.533169599604118716e+01
1.522942999832559430e+01
1.512830868380189919e+01
1.502830019022919750e+01
1.492937191504890571e+01
1.483149080932723152e+01
1.473462366675348001e+01
1.463873739636800764e+01
1.454379926982432103e+01
1.444977713685991993e+01
1.435663960567761599e+01
1.426435618782253378e+01
1.417289740936222309e+01
1.408223489196648082e+01
1.399234140828773754e+01
1.390319091632317594e+01
1.381475857728373491e+01
1.372702076092648404e+01
1.363995504162492090e+01
1.355354018778676917e+01
1.346775614669806309e+01
1.338258402627723953e+01
1.329800607496929743e+01
1.321400566066070148e+01
1.313056724933321640e+01
1.304767638393147067e+01
1.296531966378880085e+01
1.288348472474955919e+01
1.280216021992431585e+01
1.272133580094062211e+01
1.264100209932370689e+01
1.256115070764250952e+01
1.248177415998233108e+01
1.240286591132965199e+01
1.232442031555708617e+01
1.224643260169757220e+01
1.216889884845650371e+01
1.209181595682898624e+01
1.201518162101961096e+01
1.193899429776826437e+01
1.186325317432230797e+01
1.178795813537959525e+01
1.171310972920972482e+01
1.163870913330806900e+01
1.156475811980113733e+01
1.149125902084237616e+01
1.141821469421598678e+01
1.134562848930592516e+01
1.127350421358424093e+01
1.120184609972890044e+01
1.113065877348210897e+01
1.105994722232214400e+01
1.098971676497547634e+01
1.091997302182593543e+01
1.085072188616940814e+01
1.078196949631437995e+01
1.071372220843697143e+01
1.064598657011580762e+01
1.057876929442633873e+01
1.051207723450991338e+01
1.044591735848925573e+01
1.038029672463024689e+01
1.031522245673964555e+01
1.025070171967203159e+01
1.018674169505705684e+01
1.012334955722216989e+01
1.006053244941495706e+01
9.998297460476493370e+00
9.936651602068007350e+00
9.875601786673637861e+00
9.815154806522160769e+00
9.755317313639750409e+00
9.696095801193658659e+00
9.637496586296672163e+00
9.579525794404759154e+00
9.522189345418393458e+00
9.465492941558977691e+00
9.409442057072062937e+00
9.354041929765051222e+00
9.299297554333254112e+00
9.245213677464384716e+00
9.191794794593114659e+00
9.139045148231843996e+00
9.086968727754982211e+00
9.035569270481376591e+00
8.984850263941766002e+00
8.934814949151860475e+00
8.885466324766785107e+00
8.836807151959764184e+00
8.788839959893261167e+00
8.741567051646551789e+00
8.694990510494571723e+00
8.649112206414795168e+00
8.603933802751999593e+00
8.559456762943991492e+00
8.515682357261775692e+00
8.472611669497849718e+00
8.430245603579239244e+00
8.388584890068878863e+00
8.347630092541951541e+00
8.307381613832394152e+00
8.267839702137381508e+00
8.229004457000996808e+00
8.190875835165980945e+00
8.153453656322920295e+00
8.116737608749239996e+00
8.080727254869575660e+00
8.045422036734628080e+00
8.010821281428770035e+00
7.976924206428448905e+00
7.943729924894689098e+00
7.911237450918805258e+00
7.879445704719127086e+00
7.848353517773811738e+00
7.817959637902825776e+00
7.788262734276151456e+00
7.759261402351965486e+00
7.730954168722662168e+00
7.703339495868380737e+00
7.676415786799954510e+00
7.650181389580794189e+00
7.624634601720456040e+00
7.599773674421338221e+00
7.575596816678086931e+00
7.552102199209147493e+00
7.529287958226527522e+00
7.507152199027065542e+00
7.485692999406369452e+00
7.464908412886101630e+00
7.444796471761812917e+00
7.425355189960605173e+00
7.406582565721153699e+00
7.388476584088569332e+00
7.371035219228410540e+00
7.354256436572707223e+00
7.338138194792859892e+00
7.322678447614140218e+00
7.307875145467969347e+00
7.293726237002441160e+00
7.280229670444165357e+00
7.267383394832067189e+00
7.255185361122284959e+00
7.243633523174763944e+00
7.232725838632264370e+00
7.222460269695324619e+00
7.212834783805329941e+00
7.203847354240163980e+00
7.195495960629520127e+00
7.187778589406416785e+00
7.180693234186867890e+00
7.174237896099506351e+00
7.168410584063082958e+00
7.163209315024338331e+00
7.158632114154411141e+00
7.154677015026899234e+00
7.151342059760473546e+00
7.148625299154002022e+00
7.146524792803155002e+00
7.145038609221439074e+00
7.144164825951667019e+00
7.143901529683097884e+00
7.144246816386691457e+00
7.145198791456381926e+00
7.146755569873484149e+00
