9.287767803490099645e-05
8.848217136769894581e-05
8.169549393383272805e-05
7.483029499022807271e-05
6.802194426917163473e-05
6.135099392744055517e-05
5.487168867468556681e-05
4.862343784101238672e-05
4.263724532342850126e-05
3.693912626178465783e-05
3.155195049538958617e-05
2.649647016372931124e-05
2.179191852429170328e-05
1.745637864358667618e-05
1.350702470659988913e-05
9.960289706073956022e-06
6.831988112117020197e-06
4.137409152158217003e-06
1.891389607000442470e-06
1.083714447909202511e-07
-1.197552274410403203e-06
-2.012600916755056548e-06
-2.323277473953723709e-06
-2.116346153174041120e-06
-1.378815292509582885e-06
-9.792473839093291700e-08
1.738863023840301367e-06
4.143868620166439782e-06
7.129198898985097087e-06
1.070674788167957523e-05
1.488819588970370633e-05
1.968500720664074621e-05
2.510842651135447752e-05
3.116947435187367057e-05
3.787894182232960367e-05
4.524738465483423878e-05
5.328511683993082627e-05
6.200220391897218284e-05
7.140845605255091212e-05
8.151342095743616275e-05
9.232637679963502848e-05
1.038563250980328477e-04
1.161119837185936577e-04
1.291017800078232333e-04
1.428338440991963891e-04
1.573160024647127697e-04
1.725557717199659429e-04
1.885603527298412906e-04
2.053366250640923101e-04
2.228911418153796615e-04
2.412301247817737193e-04
2.603594601153765096e-04
2.802846943911873473e-04
3.010110311410255850e-04
3.225433279007583086e-04
3.448860937526403397e-04
3.680434874330403006e-04
3.920193159516347165e-04
4.168170338391068543e-04
4.424397429631959401e-04
4.688901929455780446e-04
4.961707822293167898e-04
5.242835597561940411e-04
5.532302273212367453e-04
5.830121425728058233e-04
6.136303226557742688e-04
6.450854485728208096e-04
6.773778701599193286e-04
7.105076117517919974e-04
7.444743784900634698e-04
7.792775632971616143e-04
8.149162544607499448e-04
8.513892438475965507e-04
8.886950356695395891e-04
9.268318558540412054e-04
9.657976619154016226e-04
1.005590153318873439e-03
1.046206782290170622e-03
1.087644765054048565e-03
1.129901093393018575e-03
1.172972546527796100e-03
1.216855703255279291e-03
1.261546954263136500e-03
1.307042514594392501e-03
1.353338436148195621e-03
1.400430620261808963e-03
1.448314830196580777e-03
1.496986703540032285e-03
1.546441764458039800e-03
1.596675435738200387e-03
1.647683050579298609e-03
1.699459864104903902e-03
1.752001064530569682e-03
1.805301783992368028e-03
1.859357108968613063e-03
1.914162090376803982e-03
1.969711753170825912e-03
2.026001105637027701e-03
2.083025148230412821e-03
2.140778882061530886e-03
2.199257317024957969e-03
2.258455479596283184e-03
2.318368420281147028e-03
2.378991220811814584e-03
2.440319001104140906e-03
2.502346925898737365e-03
2.565070211295880989e-03
2.628484130976492181e-03
2.692584022275344366e-03
2.757365292016842467e-03
2.822823422090529541e-03
2.888953974760847219e-03
2.955752597563303385e-03
3.023215027851832923e-03
3.091337096671732676e-03
3.160114732072683182e-03
3.229543961487954876e-03
3.299620913226781159e-03
3.370341816663681780e-03
3.441703001087167198e-03
3.513700892892343639e-03
3.586332010893338983e-03
3.659592959562166844e-03
3.733480419824305487e-03
3.807991137342853390e-03
3.883121907849293800e-03
3.958869559536001143e-03
4.035230932129343223e-03
4.112202852525543781e-03
4.189782106975971018e-03
4.267965409669063730e-03
4.346749367570862214e-03
4.426130441928584347e-03
4.506104906056762963e-03
4.586668800020734030e-03
4.667817882228513654e-03
4.749547578334884987e-03
4.831852927857451657e-03
4.914728529027269192e-03
4.998168482322018144e-03
5.082166333456564385e-03
5.166715016427651450e-03
5.251806797383219705e-03
5.337433220059995334e-03
5.423585053709911383e-03
5.510252244190351305e-03
5.597423869281392336e-03
5.685088098855985497e-03
5.773232160826813342e-03
5.861842313527252692e-03
5.950903825428248764e-03
6.040400962571200287e-03
6.130316984456100210e-03
6.220634148614952869e-03
6.311333724404542996e-03
6.402396016012430399e-03
6.493800394796306850e-03
6.585525340847465763e-03
6.677548493454501383e-03
6.769846710142500730e-03
6.862396133706569895e-03
6.955172266435057093e-03
7.048150050738678438e-03
7.141303955255410250e-03
7.234608065227175235e-03
7.328036176052651202e-03
7.421561888634317303e-03
7.515158705283975400e-03
7.608800124719148836e-03
7.702459734838843462e-03
7.796111301873766969e-03
7.889728854533567537e-03
7.983286761907770410e-03
8.076759803934605714e-03
8.170123233168055665e-03
8.263352827243282406e-03
8.356424930913354532e-03
8.449316487013285720e-03
8.542005056032956137e-03
8.634468823945421617e-03
8.726686598068024783e-03
8.818637791319298980e-03
8.910302394867708128e-03
9.001660939750133483e-03
9.092694448298436691e-03
9.183384375939429925e-03
9.273712544353319293e-03
9.363661067398668797e-03
9.453212270569527620e-03
9.542348605612465534e-03
9.631052561502720377e-03
9.719306573197420557e-03
9.807092929526237124e-03
9.894393681628844972e-03
9.981190553170656010e-03
1.006746485369716844e-02
1.015319739599993866e-02
1.023836841895269141e-02
1.032295751630830233e-02
1.040694357226992078e-02
1.049030470465244121e-02
1.057301821580427376e-02
1.065506055166239724e-02
1.073640726893365996e-02
1.081703301038551557e-02
1.089691148820473750e-02
1.097601547466608464e-02
1.105431680013129435e-02
1.113178635733860430e-02
1.120839411173947531e-02
1.128410911678741878e-02
1.135889953402920496e-02
1.143273265636597126e-02
1.150557493466711732e-02
1.157739200638718824e-02
1.164814872581887949e-02
1.171780919544513841e-02
1.178633679760705821e-02
1.185369422646227570e-02
1.191984351965104556e-02
1.198474608970628158e-02
1.204836275500883319e-02
1.211065377044767688e-02
1.217157885791907840e-02
1.223109723679689960e-02
1.228916765501934794e-02
1.234574842105638781e-02
1.240079743711968753e-02
1.245427223439891928e-02
1.250613001084452738e-02
1.255632767196218462e-02
1.260482187510793967e-02
1.265156907817350379e-02
1.269652559270657149e-02
1.273964764232990952e-02
1.278089142623329601e-02
1.282021318872889233e-02
1.285756929440756355e-02
1.289291630936975977e-02
1.292621108824283833e-02
1.295741086713068403e-02
1.298647336192463100e-02
1.301335687203232852e-02
1.303802038885606453e-02
1.306042370844481132e-02
1.308052754815802396e-02
1.309829366633774063e-02
1.311368498439237362e-02
1.312666571066574070e-02
1.313720146545361601e-02
1.314525940611336804e-02
1.315080835192984632e-02
1.315381890743352877e-02
1.315426358423340235e-02
1.315211692003151467e-02
1.314735559427387089e-02
1.313995854024376658e-02
1.312990705250689089e-02
1.311718488954129180e-02
1.310177837101674479e-02
1.308367646928156741e-02
1.306287089461396524e-02
1.303935617430966587e-02
1.301312972495538914e-02
1.298419191805601225e-02
1.295254613847886260e-02
1.291819883619413009e-02
1.288115957083553129e-02
1.284144104912465431e-02
1.279905915556878160e-02
1.275403297593990723e-02
1.270638481441013073e-02
1.265614020354166591e-02
1.260332790827926007e-02
1.254797992327056147e-02
1.249013146442928303e-02
1.242982095418076333e-02
1.236709000143672646e-02
1.230198337581448614e-02
1.223454897657124708e-02
1.216483779636218406e-02
1.209290388004529392e-02
1.201880427859979353e-02
1.194259899835387051e-02
1.186435094540666535e-02
1.178412586540642307e-02
1.170199227881394202e-02
1.161802141139353477e-02
1.153228712011785360e-02
1.144486581398695794e-02
1.135583637050430889e-02
1.126528004656157482e-02
1.117328038456295164e-02
1.107992311308728800e-02
1.098529604206965708e-02
1.088948895245738825e-02
1.079259348012597160e-02
1.069470299377461159e-02
1.059591246719977439e-02
1.049631834512798796e-02
1.039601840323248726e-02
1.029511160205206881e-02
1.019369793466209408e-02
1.009187826875565866e-02
9.989754182523295084e-03
9.887427795150355997e-03
9.785001591750958766e-03
9.682578243021999070e-03
9.580260420090152065e-03
9.478150604778646723e-03
9.376350895536955665e-03
9.274962809554927745e-03
9.174087081341129185e-03
9.073823458364462663e-03
8.974270494021600875e-03
8.875525338494401340e-03
8.777683527955822823e-03
8.680838772480823848e-03
8.585082743401714275e-03
8.490504860284811550e-03
8.397192078321116457e-03
8.305228676665955476e-03
8.214696047777613960e-03
8.125672489080588978e-03
8.038232996706740768e-03
7.952449062486266484e-03
7.868388474418262085e-03
7.786115121381942394e-03
7.705688802598498546e-03
7.627165042409946201e-03
7.550594911282060978e-03
7.476024853179239447e-03
7.403496520388469157e-03
7.333046616667115124e-03
7.264706748038243442e-03
7.198503283870586085e-03
7.134457227335881321e-03
7.072584096449532204e-03
7.012893816421417528e-03
6.955390623951186388e-03
6.900072983578043814e-03
6.846933517456525904e-03
6.795958948499698435e-03
6.747130057699035274e-03
6.700421656092636624e-03
6.655802571877932755e-03
6.613235652872161141e-03
6.572677785095528379e-03
6.534079927704727203e-03
6.497387164166291106e-03
6.462538770659541701e-03
6.429468301227061339e-03
6.398103690374539257e-03
6.368367372753069508e-03
6.340176420415752009e-03
6.313442696997228869e-03
6.288073029798935815e-03
6.263969398226341967e-03
6.241029139931327310e-03
6.219145172981989551e-03
6.198206234693788216e-03
6.178097136697875691e-03
6.158699034870704532e-03
6.139889715240499576e-03
6.121543893517632402e-03
6.103533529200210958e-03
6.085728152465595155e-03
6.067995203744489668e-03
6.050200385201272291e-03
6.032208022661096798e-03
6.013881438144736205e-03
5.995083330904784485e-03
5.975676167321598495e-03
5.955522577250235879e-03
5.934485757119437217e-03
5.912429877742627141e-03
5.889220496219345694e-03
5.864724970548660515e-03
5.838812876206413496e-03
5.811356423075669277e-03
5.782230871895339096e-03
5.751314948207980442e-03
5.718491254118470216e-03
5.683646674915087023e-03
5.646672780375123178e-03
5.607466218981102535e-03
5.565929103886289170e-03
5.521969389246605270e-03
5.475501235297215545e-03
5.426445361947526864e-03
5.374729387493011601e-03
5.320288152975923002e-03
5.263064029787920851e-03
5.203007209212618528e-03
5.140075973059090794e-03
5.074236943164679367e-03
5.005465308925958340e-03
4.933745031654025552e-03
4.859069024107173437e-03
4.781439303974935676e-03
4.700867120394077586e-03
4.617373052311153810e-03
4.530987077521758319e-03
4.441748611477470791e-03
4.349706515550879823e-03
4.254919073094396223e-03
4.157453933886379009e-03
4.057388025518584088e-03
3.954807432311742248e-03
3.849807241081617138e-03
3.742491353806560138e-03
3.632972267928543438e-03
3.521370823778166136e-03
3.407815920640102584e-03
3.292444200892197248e-03
3.175399703989718273e-03
3.056833490927406052e-03
2.936903239948082927e-03
2.815772814585104471e-03
2.693611805804074343e-03
2.570595049158025478e-03
2.446902118181402963e-03
2.322716795970731010e-03
2.198226525766510796e-03
2.073621843191747211e-03
1.949095790299264913e-03
1.824843314167635087e-03
1.701060651436173349e-03
1.577944699753050387e-03
1.455692378793650927e-03
1.334499981703397885e-03
1.214562519558258155e-03
1.096073058968692051e-03
9.792220566033561953e-04
8.641966903956291388e-04
7.511801907035314720e-04
6.403511721497117445e-04
5.318829683564224066e-04
4.259429716088202096e-04
3.226919788328703933e-04
2.222835463246391596e-04
1.248633546741125758e-04
3.056858654451773127e-05
-6.047268112905159788e-05
-1.481420677383626407e-04
-2.323314608562319829e-04
-3.129435665515805948e-04
-3.898924351804699748e-04
-4.631039616219162925e-04
-5.325163553944944547e-04
-5.980805797847212838e-04
-6.597607558675444572e-04
-7.175345292671851238e-04
-7.713933966635574610e-04
-8.213429889733492566e-04
-8.674033085721442795e-04
-9.096089173390217025e-04
-9.480090734226851237e-04
-9.826678129959116968e-04
-1.013663975611485846e-03
-1.041091169430904267e-03
-1.065057675975962818e-03
-1.085686290687193920e-03
-1.103114098948929653e-03
-1.117492186047442954e-03
-1.128985279599662751e-03
-1.137771325177421326e-03
-1.144040994187464806e-03
-1.147997124724309433e-03
-1.149854096592138435e-03
-1.149837141343600794e-03
-1.148181589573450461e-03
-1.145132057870401924e-03
-1.140941577487954942e-03
-1.135870668799152973e-03
-1.130186363938058113e-03
-1.124161182160313133e-03
-1.118072061910914449e-03
-1.112199253358518540e-03
-1.106825176509648127e-03
-1.102233248754221420e-03
-1.098706687538476313e-03
-1.096527291671290337e-03
-1.095974206950039130e-03
-1.097322680534441050e-03
-1.100842809433774877e-03
-1.106798286796589932e-03
-1.115445152780435286e-03
-1.127030553561443865e-03
-1.141791514614509716e-03
-1.159953733526103599e-03
-1.181730397992187794e-03
-1.207321035410958586e-03
-1.236910399148674101e-03
-1.270667399865660612e-03
-1.308744086745154602e-03
-1.351274687043176222e-03
-1.398374710103306422e-03
-1.450140123345576961e-03
-1.506646607222501388e-03
-1.567948895472321292e-03
-1.634080207380711773e-03
-1.705051777905989153e-03
-1.780852490312033465e-03
-1.861448616668912254e-03
-1.946783668349185564e-03
-2.036778360558350910e-03
-2.131330691096181874e-03
-2.230316134904555391e-03
-2.333587953275483105e-03
-2.440977616701600801e-03
-2.552295338288266754e-03
-2.667330716059161926e-03
-2.785853478129192082e-03
-2.907614328276051947e-03
-3.032345885670058652e-03
-3.159763713465263760e-03
-3.289567431462993990e-03
-3.421441905808180091e-03
-3.555058509861104554e-03
-3.690076451378405606e-03
-3.826144158576152282e-03
-3.962900719254442566e-03
-4.099977368681107653e-03
-4.236999018120378435e-03
-4.373585820368988165e-03
-4.509354767161586133e-03
-4.643921311139865248e-03
-4.776901010221127827e-03
-4.907911188235362238e-03
-5.036572607163979261e-03
-5.162511148277034584e-03
-5.285359495911249456e-03
-5.404758822350180097e-03
-5.520360467984812558e-03
-5.631827614208067927e-03
-5.738836944964211678e-03
-5.841080292015039116e-03
-5.938266261971718828e-03
-6.030121838238937729e-03
-6.116393953540659977e-03
-6.196851027903976621e-03
-6.271284464314839414e-03
-6.339510096080669052e-03
-6.401369575077367306e-03
-6.456731693256612115e-03
-6.505493625064312155e-03
-6.547582080020059730e-03
-6.582954351334158183e-03
-6.611599246957379147e-03
-6.633537889810700930e-03
-6.648824371224897403e-03
-6.657546244003358614e-03
-6.659824840179838848e-03
-6.655815401564184504e-03
-6.645707009711528286e-03
-6.629722306850426364e-03
-6.608116998030794977e-03
-6.581179130885241382e-03
-6.549228148629428897e-03
-6.512613717845124051e-03
-6.471714334669372015e-03
-6.426935715814406820e-03
-6.378708985893153868e-03
-6.327488673092441195e-03
-6.273750531702865577e-03
-6.217989208977233243e-03
-6.160715777533716866e-03
-6.102455156122591103e-03
-6.043743440192809145e-03
-5.985125164941059069e-03
-5.927150520205023976e-03
-5.870372536869544050e-03
-5.815344258438093043e-03
-5.762615910376297362e-03
-5.712732075921555380e-03
-5.666228880545872912e-03
-5.623631190716182893e-03
-5.585449821772650071e-03
-5.552178758484881300e-03
-5.524292383326702069e-03
-5.502242715796954765e-03
-5.486456667807304913e-03
-5.477333321398580521e-03
-5.475241247976345670e-03
-5.480515886760500138e-03
-5.493457011320399680e-03
-5.514326316240330747e-03
-5.543345161014030104e-03
-5.580692509136415264e-03
-5.626503102783221751e-03
-5.680865909100984816e-03
-5.743822871677700496e-03
-5.815367992119308688e-03
-5.895446761555278407e-03
-5.983955948596079294e-03
-6.080743746591879897e-03
-6.185610268291516847e-03
-6.298308371201754088e-03
-6.418544790042219131e-03
-6.545981547668501023e-03
-6.680237613164403260e-03
-6.820890775763965679e-03
-6.967479704679502631e-03
-7.119506167665086080e-03
-7.276437385170543212e-03
-7.437708501665658140e-03
-7.602725161235552101e-03
-7.770866177731398580e-03
-7.941486295646931620e-03
-8.113919038888747076e-03
-8.287479648433092316e-03
-8.461468109275473853e-03
-8.635172266418605913e-03
-8.807871030083151351e-03
-8.978837664412549213e-03
-9.147343155249922780e-03
-9.312659645047193652e-03
-9.474063924943513723e-03
-9.630840968358237233e-03
-9.782287493262245906e-03
-9.927715539410899778e-03
-1.006645604942181527e-02
-1.019786244703847766e-02
-1.032131420970937297e-02
-1.043622043420395357e-02
-1.054202340083078282e-02
-1.063820213849448436e-02
-1.072427599392612035e-02
-1.079980820450748141e-02
-1.086440946589930720e-02
-1.091774148039321470e-02
-1.095952045976347072e-02
-1.098952054986231108e-02
-1.100757713156903968e-02
-1.101358994937402108e-02
-1.100752600881409020e-02
-1.098942218008781835e-02
-1.095938744315689758e-02
-1.091760470399777937e-02
-1.086433211262980564e-02
-1.079990380998227181e-02
-1.072473003256255338e-02
-1.063929650352390087e-02
-1.054416304791498671e-02
-1.043996137545310371e-02
-1.032739199267809944e-02
-1.020722022848975785e-02
-1.008027138607131730e-02
-9.947425068876200940e-03
-9.809608767588146733e-03
-9.667790836042902333e-03
-9.522973018873212570e-03
-9.376182724282944650e-03
-9.228465253073738980e-03
-9.080876197104266814e-03
-8.934474207767651582e-03
-8.790314303527876905e-03
-8.649441834725404149e-03
-8.512887169161022227e-03
-8.381661087830713508e-03
-8.256750813579044612e-03
-8.139116528499818620e-03
-8.029688182350395304e-03
-7.929362357984123810e-03
-7.838998950444910074e-03
-7.759417427612271337e-03
-7.691392486053673892e-03
-7.635648983712905492e-03
-7.592856119948060423e-03
-7.563620938735020338e-03
-7.548481331636400747e-03
-7.547898816377220967e-03
-7.562251437564517474e-03
-7.591827180592957899e-03
-7.636818291337832409e-03
-7.697316861839847806e-03
-7.773311966557333932e-03
-7.864688531219710468e-03
-7.971227993750936575e-03
-8.092610689300340845e-03
-8.228419770006463810e-03
-8.378146370195620196e-03
-8.541195654489967121e-03
-8.716893350949604310e-03
-8.904492366508037424e-03
-9.103179117340010409e-03
-9.312079268225140899e-03
-9.530262661474870819e-03
-9.756747319238732313e-03
-9.990502516437722511e-03
-1.023045103285661304e-02
-1.047547080173153768e-02
-1.072439625469536612e-02
-1.097601972493093478e-02
-1.122909328701857806e-02
-1.148233138746512956e-02
-1.173441454743261170e-02
-1.198399430593820141e-02
-1.222969943275511659e-02
-1.247014329595612023e-02
-1.270393214247724986e-02
-1.292967397104000452e-02
-1.314598765356281979e-02
-1.335151200920712926e-02
-1.354491463601865259e-02
-1.372490044283892173e-02
-1.389021996194212023e-02
-1.403967762569174361e-02
-1.417214023927248698e-02
-1.428654584853649573e-02
-1.438191311699368521e-02
-1.445735118869225996e-02
-1.451206988042024262e-02
-1.454538994326963833e-02
-1.455675308314769920e-02
-1.454573145776616276e-02
-1.451203643535258804e-02
-1.445552651386305086e-02
-1.437621439583169902e-02
-1.427427327869221912e-02
-1.415004242666506248e-02
-1.400403202849314147e-02
-1.383692722178071592e-02
-1.364959100140569759e-02
-1.344306555422032125e-02
-1.321857139863843664e-02
-1.297750360651083942e-02
-1.272142436355673881e-02
-1.245205123224793139e-02
-1.217124071749676496e-02
-1.188096711842513524e-02
-1.158329713406888034e-02
-1.128036122052894843e-02
-1.097432318641222704e-02
-1.066734986710013607e-02
-1.036158286023127623e-02
-1.005911420312095156e-02
-9.761967529176129865e-03
-9.472085701360169474e-03
-9.191325263168969445e-03
-8.921457341435682503e-03
-8.664173950493406912e-03
-8.421098045688234571e-03
-8.193795206180395918e-03
-7.983784546225357326e-03
-7.792546419895490795e-03
-7.621524738307031144e-03
-7.472122281377583872e-03
-7.345688239817349530e-03
-7.243498267744128208e-03
-7.166728426618485144e-03
-7.116425375028696473e-03
-7.093475822779532133e-03
-7.098578497907507244e-03
-7.132221602539133391e-03
-7.194668007439114846e-03
-7.285949366050621136e-03
-7.405869108807060404e-03
-7.554013108536561730e-03
-7.729765892698543112e-03
-7.932329759567180102e-03
-8.160744115581016270e-03
-8.413902774611826951e-03
-8.690567749995435284e-03
-8.989379045726362399e-03
-9.308860898101765230e-03
-9.647425626211852609e-03
-1.000337655239378135e-02
-1.037491132441134035e-02
-1.076012647039721257e-02
-1.115702333557607590e-02
-1.156351491855645008e-02
-1.197743275374047595e-02
-1.239653299214917015e-02
-1.281850121442959511e-02
-1.324095610970909935e-02
-1.366145273801530266e-02
-1.407748643375382469e-02
-1.448649833963058450e-02
-1.488588310111778681e-02
-1.527299857958638353e-02
-1.564517684312484447e-02
-1.599973545226481692e-02
-1.633398834570835845e-02
-1.664525638551084610e-02
-1.693087860637534220e-02
-1.718822603794471771e-02
-1.741472027304972331e-02
-1.760785855389624191e-02
-1.776524609910649227e-02
-1.788463504422982756e-02
-1.796396816085810838e-02
-1.800142483774777244e-02
-1.799546678783006323e-02
-1.794488141172423390e-02
-1.784882132929190707e-02
-1.770683895577309167e-02
-1.751891500226937515e-02
-1.728547956797058319e-02
-1.700742438128371309e-02
-1.668610503380188806e-02
-1.632333284059780260e-02
-1.592135707484480800e-02
-1.548283936971930723e-02
-1.501082255243114082e-02
-1.450869575207172982e-02
-1.398015630536657457e-02
-1.342916723571837417e-02
-1.285990769188607302e-02
-1.227671351241922323e-02
-1.168400647178752944e-02
-1.108621358029280614e-02
-1.048768128774053149e-02
-9.892592524749421398e-03
-9.304896299159664055e-03
-8.728259533435573855e-03
-8.166048946749914980e-03
-7.621347340830895295e-03
-7.097004102511487653e-03
-6.595714618972754913e-03
-6.120118242635100292e-03
-5.672900191236026832e-03
-5.256880214133410022e-03
-4.875070822513206427e-03
-4.530690912675472935e-03
-4.227126616478207345e-03
-3.967839349838856583e-03
-3.756229750767751171e-03
-3.595473688108932753e-03
-3.488351176403929003e-03
-3.437089992825593382e-03
-3.443243109701975280e-03
-3.507613569594578672e-03
-3.630233364312371140e-03
-3.810395440067009150e-03
-4.046731075881744057e-03
-4.337319245556928160e-03
-4.679810734613666298e-03
-5.071548317937394669e-03
-5.509665809922074248e-03
-5.991153612448726212e-03
-6.512886209849031230e-03
-7.071616561445310568e-03
-7.663951154304583444e-03
-8.286324776667373937e-03
-8.934993597717998809e-03
-9.606058356443965274e-03
-1.029551811875648731e-02
-1.099934286296229066e-02
-1.171354443762246539e-02
-1.243422361336560950e-02
-1.315757705517040313e-02
-1.387986029057648035e-02
-1.459731704107155963e-02
-1.530609660518732207e-02
-1.600218527287680659e-02
-1.668137344175620387e-02
-1.733926873398231039e-02
-1.797135101301453736e-02
-1.857305269595850225e-02
-1.913984117168373439e-02
-1.966728126057476142e-02
-2.015106364188053167e-02
-2.058699700333253835e-02
-2.097097328535670047e-02
-2.129892319515334920e-02
-2.156678135996860021e-02
-2.177047757497196923e-02
-2.190596491147506902e-02
-2.196928960559567379e-02
-2.195670314210435708e-02
-2.186481350155036751e-02
-2.169076875211409239e-02
-2.143246091985861329e-02
-2.108873168556419514e-02
-2.065955587189662046e-02
-2.014617658699651911e-02
-1.955116938284710837e-02
-1.887842228672474698e-02
-1.813303246081011608e-02
-1.732113521472291445e-02
-1.644969310759282835e-02
-1.552627832546773883e-02
-1.455887852011858268e-02
-1.355574534447985709e-02
-1.252528903918123659e-02
-1.147600624753037507e-02
-1.041641665121790551e-02
-9.354980660439025236e-03
-8.299976596786374367e-03
-7.259330348318344256e-03
-6.240409835086549103e-03
-5.249815805429135403e-03
-4.293214009681205548e-03
-3.375256982210883463e-03
-2.499633906686187304e-03
-1.669264952929279486e-03
-8.866262365490786695e-04
-1.541601925275008604e-04
5.252982398058455345e-04
1.148159887963809194e-03
1.709857884485512566e-03
2.204813726336028127e-03
2.626610561748780014e-03
2.968354556496730079e-03
3.223173049624498271e-03
3.384776967273296980e-03
3.448007513841913358e-03
3.409292982580077163e-03
3.266957697498745414e-03
3.021347839401166378e-03
2.674764849516964201e-03
2.231223579036371429e-03
1.696076951908555156e-03
1.075568640699880573e-03
3.763862096244974861e-04
-3.947148560988554371e-04
-1.231163417268978013e-03
-2.126680123267334424e-03
-3.075257549766965103e-03
-4.071064257418241343e-03
-5.108340192965991552e-03
-6.181342047432614520e-03
-7.284365490385523098e-03
-8.411828614748852184e-03
-9.558364713626699150e-03
-1.071885777737556153e-02
-1.188836752097785845e-02
-1.306192801777874071e-02
-1.423425175454098163e-02
-1.539941163378354128e-02
-1.655059182310253396e-02
-1.767998701666989581e-02
-1.877889220248431246e-02
-1.983797450228131504e-02
-2.084767218675043915e-02
-2.179863769451567332e-02
-2.268213777080293342e-02
-2.349034239289598397e-02
-2.421646648347934236e-02
-2.485476363853138942e-02
-2.540039962247090180e-02
-2.584924948437306719e-02
-2.619766523459517854e-02
-2.644225490523836875e-02
-2.657970437928037014e-02
-2.660666550134040131e-02
-2.651972928808845470e-02
-2.631549952625759220e-02
-2.599077568493702098e-02
-2.554284159116015224e-02
-2.496983755730813881e-02
-2.427117233023387555e-02
-2.344791393918297523e-02
-2.250309219196707650e-02
-2.144185473625897370e-02
-2.027144339402497247e-02
-1.900099303468570991e-02
-1.764119278243107478e-02
-1.620387839598521826e-02
-1.470163617151713266e-02
-1.314748799116774447e-02
-1.155469579998829807e-02
-9.936680044102601597e-03
-8.307003314434921112e-03
-6.679341523526360382e-03
-5.067360952352102481e-03
-3.484444026031487899e-03
-1.943254648888539417e-03
-4.551926584364933588e-04
9.701605589567644135e-04
2.325473488688106251e-03
3.605845248291109778e-03
4.808648132348007989e-03
5.933012492392237755e-03
6.979014065128433426e-03
7.946694455690662962e-03
8.835088842756652280e-03
9.641440417906979241e-03
1.036074826798937323e-02
1.098573367809200889e-02
1.150723455576391045e-02
1.191496545145825925e-02
1.219852483701270446e-02
1.234849941391626474e-02
1.235750861694237882e-02
1.222104803094486991e-02
1.193802307696818429e-02
1.151090886174508873e-02
1.094552381254461013e-02
1.025045862711914529e-02
9.436251978839394622e-03
8.514442712346541667e-03
7.496646818993690613e-03
6.393799663008906814e-03
5.215667360283569691e-03
3.970670617386759700e-03
2.665992879213179532e-03
1.307881996927331156e-03
-9.797907740093461139e-05
-1.546149829500103072e-03
-3.031229969879466971e-03
-4.547784572489794314e-03
-6.090345437945792959e-03
-7.653408491469485334e-03
-9.231355901728632851e-03
-1.081827116108301234e-02
-1.240766739758868663e-02
-1.399219318760175530e-02
-1.556340072435517113e-02
-1.711165234080939609e-02
-1.862620742146607264e-02
-2.009548535249213591e-02
-2.150745752881762576e-02
-2.285009584442035738e-02
-2.411180202060696914e-02
-2.528175833907462394e-02
-2.635016701893061475e-02
-2.730837284154581310e-02
-2.814888445088689628e-02
-2.886532059200630496e-02
-2.945230856040936471e-02
-2.990535632423998308e-02
-3.022071191518613253e-02
-3.039521869217766750e-02
-3.042617612411000622e-02
-3.031122265999944623e-02
-3.004826637467708852e-02
-2.963549450556779430e-02
-2.907148918872999588e-02
-2.835546102254016265e-02
-2.748758650286740879e-02
-2.646940625202535979e-02
-2.530421721705466975e-02
-2.399738204285283005e-02
-2.255648762964015258e-02
-2.099131213859212891e-02
-1.931359966485462001e-02
-1.753668451627820452e-02
-1.567504088327564826e-02
-1.374384828620995452e-02
-1.175865257304002306e-02
-9.735167329463365743e-03
-7.689210061943628320e-03
-5.636716305594224354e-03
-3.593739677008587520e-03
-1.576339872355235960e-03
3.997119537646844946e-04
2.319426434717914310e-03
4.169237397968301659e-03
5.937681792584788808e-03
7.615973959983713022e-03
9.198330777886299867e-03
1.068194145564451206e-02
1.206654153048702764e-02
1.335362970795896803e-02
1.454544003318544027e-02
1.564383321489350859e-02
1.664928824030252608e-02
1.756015591334347814e-02
1.837228591469097436e-02
1.907907154669626418e-02
1.967188734988230270e-02
2.014083834783745447e-02
2.047570465583133104e-02
2.066695375627943670e-02
2.070670113307454541e-02
2.058952100496486137e-02
2.031303519299810373e-02
1.987823470185275804e-02
1.928951375871126861e-02
1.855442077142260837e-02
1.768315631897184048e-02
1.668787460931863212e-02
1.558186889669889094e-02
1.437873800839175112e-02
1.309163479440576122e-02
1.173268410057337618e-02
1.031262764724523093e-02
8.840710714878737692e-03
7.324780104507655487e-03
5.771526187113440107e-03
4.186784409358350854e-03
2.575818367418766103e-03
9.435343872956660199e-04
-7.053842139706988871e-04
-2.366400541211457868e-03
-4.035063690376515695e-03
-5.706924422095433630e-03
-7.377405173260800746e-03
-9.041628531964376533e-03
-1.069423134201071685e-02
-1.232920398071964477e-02
-1.393979292762526079e-02
-1.551849115289592740e-02
-1.705712039930284626e-02
-1.854698912439216307e-02
-1.997909607145088515e-02
-2.134434568761327949e-02
-2.263374753211869553e-02
-2.383858376775277454e-02
-2.495054169110035025e-02
-2.596181769239534406e-02
-2.686520280672107658e-02
-2.765415821017111822e-02
-2.832288338855376911e-02
-2.886637279168820930e-02
-2.928045116252396551e-02
-2.956177555828662373e-02
-2.970779470398424854e-02
-2.971666391486111822e-02
-2.958712512104755971e-02
-2.931837384910454536e-02
-2.890994474648915513e-02
-2.836165076602719520e-02
-2.767360598893938567e-02
-2.684634795707301763e-02
-2.588105463896870490e-02
-2.477982838147169478e-02
-2.354600016652885416e-02
-2.218439748051029975e-02
-2.070152137537759757e-02
-1.910559311754257347e-02
-1.740645530142111846e-02
-1.561534107513017598e-02
-1.374455150302760637e-02
-1.180709855273795635e-02
-9.816374942734979597e-03
-7.785900417686949376e-03
-5.729169211301489428e-03
-3.659591685820371212e-03
-1.590493105716080102e-03
4.648869743534029403e-04
2.493454025945564256e-03
4.482420643242323970e-03
6.419586117415833695e-03
8.293712595654501377e-03
1.009494455933455763e-02
1.181519744315741999e-02
1.344843675018704554e-02
1.499078188460830317e-02
1.644039614255218829e-02
1.779716005594132039e-02
1.906216232719478570e-02
2.023707371597036064e-02
2.132348865730583631e-02
2.232232380627898610e-02
2.323335191144856871e-02
2.405492623101410793e-02
2.478392023744625458e-02
2.541587575272551136e-02
2.594532568987718488e-02
2.636623939746321824e-02
2.667253101498383988e-02
2.685857360068067204e-02
2.691967148611144542e-02
2.685245672353058638e-02
2.665518906049354000e-02
2.632795001860580020e-02
2.587272930156746947e-02
2.529340632730250199e-02
2.459563260285457104e-02
2.378662360734167674e-02
2.287487298133438623e-02
2.186980731269293904e-02
2.078140579696650253e-02
1.961981398116196054e-02
1.839498296489348872e-02
1.711636356872536097e-02
1.579267866330932510e-02
1.443178669736816001e-02
1.304063706817008145e-02
1.162530563870933092e-02
1.019108891874631086e-02
8.742630280835808967e-03
7.284052126547360326e-03
5.819073787610257523e-03
4.351104340300699681e-03
2.883309706871472512e-03
1.418661606804802466e-03
-4.001988724718638993e-05
-1.490018848180482084e-03
-2.928663908299346079e-03
-4.353255655673682334e-03
-5.760986211920273922e-03
-7.148860503714063452e-03
-8.513630215366817591e-03
-9.851749875977989720e-03
-1.115936062097393211e-02
-1.243230207561494757e-02
-1.366614799873590996e-02
-1.485625808920958135e-02
-1.599783746992698361e-02
-1.708599681971514211e-02
-1.811580922418996528e-02
-1.908236341044929410e-02
-1.998081593786723772e-02
-2.080644630640310355e-02
-2.155471849879516191e-02
-2.222135043927772960e-02
-2.280238984095309465e-02
-2.329429172109793306e-02
-2.369399026934634195e-02
-2.399895637117986646e-02
-2.420723231642574885e-02
-2.431743718924132130e-02
-2.432873998107225322e-02
-2.424080216002765659e-02
-2.405369656840441323e-02
-2.376781422509332761e-02
-2.338377394575869711e-02
-2.290235083115540332e-02
-2.232443810468765638e-02
-2.165105245675046433e-02
-2.088338648709706091e-02
-2.002290405164555698e-02
-1.907146668007047435e-02
-1.803147316981930717e-02
-1.690599118497061737e-02
-1.569885990158497585e-02
-1.441474650511745739e-02
-1.305914606370728141e-02
-1.163832282162276244e-02
-1.015919979631443176e-02
-8.629211150526169133e-03
-7.056136772354264057e-03
-5.447939904598109694e-03
-3.812626239909174507e-03
-2.158137112027351881e-03
-4.922814333869086206e-04
1.177297474536524767e-03
2.843131238749520198e-03
4.497927490559297699e-03
6.134578876929174147e-03
7.746193318791542819e-03
9.326152914519804382e-03
1.086820144917417276e-02
1.236655309502873029e-02
1.381600905065242559e-02
1.521206558262308897e-02
1.655099666378812701e-02
1.782989699422275406e-02
1.904667605514123382e-02
2.020000007118753771e-02
2.128918534623139638e-02
2.231405243508339034e-02
2.327475522744882827e-02
2.417160171981854247e-02
2.500488377778128241e-02
2.577473160076963060e-02
2.648100521658385692e-02
2.712323070374606307e-02
2.770058365499366432e-02
2.821191736841477393e-02
2.865582903209717980e-02
2.903075421688847135e-02
2.933507855309167023e-02
2.956725552268826482e-02
2.972592060764668934e-02
2.980999419704524409e-02
2.981876819212459992e-02
2.975197370935285524e-02
2.960982931121370135e-02
2.939307059554676499e-02
2.910296270327381030e-02
2.874129746265236679e-02
2.831037667372048733e-02
2.781298267844903999e-02
2.725233708029899116e-02
2.663204842649543463e-02
2.595604991190643071e-02
2.522852868244746319e-02
2.445384899782102051e-02
2.363647220461174286e-02
2.278087700712696020e-02
2.189148376921053532e-02
2.097258645267486427e-02
2.002829528986301011e-02
1.906249244522852798e-02
1.807880184989989550e-02
1.708057322480680679e-02
1.607087917923713180e-02
1.505252331915979749e-02
1.402805662645584088e-02
1.299979905235830110e-02
1.196986333247659386e-02
1.094017845363295938e-02
9.912510907969058691e-03
8.888482738436348160e-03
7.869586267609009200e-03
6.857196159764052980e-03
5.852579985035235785e-03
4.856908663438873341e-03
3.871268063443816364e-03
2.896672667619532016e-03
1.934081687326724870e-03
9.844174244986922916e-04
4.858514704403392795e-05
-8.725066439332939457e-04
-1.777926869472026480e-03
-2.666704739062168879e-03
-3.537815894331338730e-03
-4.390172527177655173e-03
-5.222617726167518189e-03
-6.033923871564024141e-03
-6.822794552158848239e-03
-7.587869271164167199e-03
-8.327730171963474912e-03
-9.040910130372160208e-03
-9.725901792010329186e-03
-1.038116741727417892e-02
-1.100514965969903031e-02
-1.159628359373414061e-02
-1.215301037909130057e-02
-1.267379288885281223e-02
-1.315713344859825024e-02
-1.360159356259906666e-02
-1.400581518774759310e-02
-1.436854280117066257e-02
-1.468864524513590480e-02
-1.496513615182739829e-02
-1.519719168686849316e-02
-1.538416440833501563e-02
-1.552559222082302605e-02
-1.562120169861748280e-02
-1.567090543396737132e-02
-1.567479350441055436e-02
-1.563311960934422873e-02
-1.554628286098518400e-02
-1.541480658487077125e-02
-1.523931575613465469e-02
-1.502051483644098635e-02
-1.475916776620752116e-02
-1.445608169628623783e-02
-1.411209572766235210e-02
-1.372807548453019305e-02
-1.330491381975049299e-02
-1.284353738586252285e-02
-1.234491825846986343e-02
-1.181008932289205268e-02
-1.124016177943474790e-02
-1.063634292322031098e-02
-9.999952329079768096e-03
-9.332434724103078408e-03
-8.635368140941762638e-03
-7.910466381920791545e-03
-7.159575338799312010e-03
-6.384663256752561543e-03
-5.587805545023839804e-03
-4.771165173947072846e-03
-3.936970017362879937e-03
-3.087488672995152873e-03
-2.225006312871437818e-03
-1.351801985303958346e-03
-4.701285332643021777e-04
4.178040556135120863e-04
1.309841450574819816e-03
2.203893916186740361e-03
3.097941732831945624e-03
3.990037731158861851e-03
4.878307755741157284e-03
5.760949947828412562e-03
6.636233702523495169e-03
7.502499030099541930e-03
8.358156857172012455e-03
9.201690571642162642e-03
1.003165887526876777e-02
1.084669978734368635e-02
1.164553546477994569e-02
1.242697737969140209e-02
1.318993133496534388e-02
1.393340179745556837e-02
1.465649508109496957e-02
1.535842100681819415e-02
1.603849278853975227e-02
1.669612502945787974e-02
1.733082984875074575e-02
1.794221128262880535e-02
1.852995820761819956e-02
1.909383611339143458e-02
1.963367810345047204e-02
2.014937552477543553e-02
2.064086862410052792e-02
2.110813760157247490e-02
2.155119438624502476e-02
2.197007539714360830e-02
2.236483548320859771e-02
2.273554316021827310e-02
2.308227718814224311e-02
2.340512446160766813e-02
2.370417912407865937e-02
2.397954276457588824e-02
2.423132551796914821e-02
2.445964786493012161e-02
2.466464291789132943e-02
2.484645898186215590e-02
2.500526219405471012e-02
2.514123906971607592e-02
2.525459881252425584e-02
2.534557528217773123e-02
2.541442854790813832e-02
2.546144599004063896e-02
2.548694294331246835e-02
2.549126290089419322e-02
2.547477731795075306e-02
2.543788506733959953e-02
2.538101160704648793e-02
2.530460792138665774e-02
2.520914929468384691e-02
2.509513396994397447e-02
2.496308173626322208e-02
2.481353247748034271e-02
2.464704470451697244e-02
2.446419408230621206e-02
2.426557195320396335e-02
2.405178385032131702e-02
2.382344798874488564e-02
2.358119371846769188e-02
2.332565992199282442e-02
2.305749334037064668e-02
2.277734681491997565e-02
2.248587743672175732e-02
2.218374460252386243e-02
2.187160798270384662e-02
2.155012541468839457e-02
2.121995074213474386e-02
2.088173162626837803e-02
2.053610736120640642e-02
2.018370672795952517e-02
1.982514592346681925e-02
1.946102660069244303e-02
1.909193405355589720e-02
1.871843557677525458e-02
1.834107902550475427e-02
1.796039159401039559e-02
1.757687882553559192e-02
1.719102385923205328e-02
1.680328691296649468e-02
1.641410499507721388e-02
1.602389183221346672e-02
1.563303799604462418e-02
1.524191120794487521e-02
1.485085679811445555e-02
1.446019829410547658e-02
1.407023811314271448e-02
1.368125833331592690e-02
1.329352151941520788e-02
1.290727158198731218e-02
1.252273465001628103e-02
1.214011994089492577e-02
1.175962061462786784e-02
1.138141460254464381e-02
1.100566540364658272e-02
1.063252284533134154e-02
1.026212380758213631e-02
9.894592912075143507e-03
9.530043179446319110e-03
9.168576659543029028e-03
8.810285039575833227e-03
8.455250236168700140e-03
8.103544976259490634e-03
7.755233371911115017e-03
7.410371492647440869e-03
7.069007938119982286e-03
6.731184412548757608e-03
6.396936301210181565e-03
6.066293247830326085e-03
5.739279731002022711e-03
5.415915636292524191e-03
5.096216820605962289e-03
4.780195664379386679e-03
4.467861607054933286e-03
4.159221661321094513e-03
3.854280901649709615e-03
3.553042923009578236e-03
3.255510265945163548e-03
2.961684805186353374e-03
2.671568098912061734e-03
2.385161697310498631e-03
2.102467409038444833e-03
1.823487525206925631e-03
1.548225001381220954e-03
1.276683598087084877e-03
1.008867981381324826e-03
7.447837853827640872e-04
4.844376389035947943e-04
2.278371586561341229e-04
-2.500908804731075217e-05
-2.740916482595940782e-04
-5.194002729998895614e-04
-7.609240282097733381e-04
-9.986514243363906005e-04
-1.232570561119558910e-03
-1.462669284869255130e-03
-1.688935355309952166e-03
-1.911356619194350646e-03
-2.129921188253565412e-03
-2.344617618945522668e-03
-2.555435091857912767e-03
-2.762363588657082598e-03
-2.965394064762267700e-03
-3.164518615969217751e-03
-3.359730637722602165e-03
-3.551024975458211014e-03
-3.738398065171509663e-03
-3.921848063128757778e-03
-4.101374963893078714e-03
-4.276980706275433641e-03
-4.448669266588826249e-03
-4.616446738962399696e-03
-4.780321402620447968e-03
-4.940303776065118474e-03
-5.096406658250614979e-03
-5.248645156964782885e-03
-5.397036704725362288e-03
-5.541601062565887532e-03
-5.682360312105056224e-03
-5.819338836533260485e-03
-5.952563290929818555e-03
-6.082062562625762878e-03
-6.207867722134358980e-03
-6.330011965487870179e-03
-6.448530548363884743e-03
-6.563460712968045840e-03
-6.674841608200711950e-03
-6.782714203777144915e-03
-6.887121199100046734e-03
-6.988106927402204516e-03
-7.085717255922479446e-03
-7.179999482720679678e-03
-7.271002230745849879e-03
-7.358775339749686409e-03
-7.443369756680672140e-03
-7.524837425038077149e-03
-7.603231173799383097e-03
-7.678604606344193936e-03
-7.751011989942810376e-03
-7.820508146181560233e-03
-7.887148342815689106e-03
-7.950988187392095743e-03
-8.012083523045788677e-03
-8.070490326769930167e-03
-8.126264610518053877e-03
-8.179462325330462413e-03
-8.230139268812336137e-03
-8.278350996161006406e-03
-8.324152734874058768e-03
-8.367599303357016460e-03
-8.408745033561189006e-03
-8.447643697699626711e-03
-8.484348439197158739e-03
-8.518911707871270819e-03
-8.551385199398653728e-03
-8.581819799085630210e-03
-8.610265529918963504e-03
-8.636771504889268966e-03
-8.661385883509394729e-03
-8.684155832507201023e-03
-8.705127490572223473e-03
-8.724345937155805752e-03
-8.741855165101482597e-03
-8.757698057114770770e-03
-8.771916365893819845e-03
-8.784550697826314439e-03
-8.795640500098962644e-03
-8.805224051119197801e-03
-8.813338454108792658e-03
-8.820019633703483908e-03
-8.825302335442555823e-03
-8.829220128028780756e-03
-8.831805408171610958e-03
-8.833089407913111840e-03
-8.833102204298419122e-03
-8.831872731226944606e-03
-8.829428793379206358e-03
-8.825797082087983789e-03
-8.821003193006835344e-03
-8.815071645478202850e-03
-8.808025903453583355e-03
-8.799888397899474288e-03
-8.790680550492436726e-03
-8.780422798591289851e-03
-8.769134621315316513e-03
-8.756834566642713452e-03
-8.743540279458917111e-03
-8.729268530419654476e-03
-8.714035245584481754e-03
-8.697855536691688483e-03
-8.680743732036694596e-03
-8.662713407826320294e-03
-8.643777419988731350e-03
-8.623947936307800252e-03
-8.603236468856795618e-03
-8.581653906675007493e-03
-8.559210548539400790e-03
-8.535916135876987776e-03
-8.511779885699314804e-03
-8.486810523482900270e-03
-8.461016315984011549e-03
-8.434405103912476567e-03
0.000000000000000000e+00
