1.463997598637251096e-01
4.471770894658474819e-03
4.210531091619234764e-03
3.979088121996265937e-03
3.772914782043154235e-03
3.588256978683708465e-03
3.421994362033235239e-03
3.271525959675273230e-03
3.134676655244868649e-03
3.009620873217677597e-03
2.894820367658275558e-03
2.788973519810562362e-03
2.690973999568810251e-03
2.599877032571993717e-03
2.514871839292042235e-03
2.435259081642329130e-03
2.360432373546134110e-03
2.289863092198357510e-03
2.223087873120717112e-03
2.159698290547019429e-03
2.099332320240497509e-03
2.041667259313679518e-03
1.986413839287159110e-03
1.933311319162070527e-03
1.882123385235471864e-03
1.832634716986772123e-03
1.784648104606670338e-03
1.737982024724181365e-03
1.692468597973145750e-03
1.647951865967477343e-03
1.604286336216089598e-03
1.561335752766788640e-03
1.518972057572157489e-03
1.477074513701582235e-03
1.435528966401665441e-03
1.394227221816852699e-03
1.353066526810615088e-03
1.311949135592931602e-03
1.270781951556196158e-03
1.229476233944623402e-03
1.187947361188110632e-03
1.146114643254020522e-03
1.103901177043971511e-03
1.061233739217629785e-03
1.018042711904316999e-03
9.742620371115326416e-04
9.298291962581660408e-04
8.846852116817412182e-04
8.387746672375599385e-04
7.920457455005362052e-04
7.444502792576827496e-04
6.959438152092430746e-04
6.464856880423423130e-04
5.960391030481425323e-04
5.445712257995784580e-04
4.920532772113763581e-04
4.384606329113638346e-04
3.837729252406489600e-04
3.279741469631872533e-04
2.710527555129915028e-04
2.130017764934502567e-04
1.538189056909727501e-04
9.350660854729429816e-05
3.207221611616507123e-05
-3.047198314979834843e-05
-9.410865671674595312e-05
-1.588153469476907137e-04
-2.245643966013958354e-04
-2.913228812074369900e-04
-3.590525491223382076e-04
-4.277097695344145648e-04
-4.972454889048917234e-04
-5.676051963135518921e-04
-6.387288978142342810e-04
-7.105511001770066851e-04
-7.830008040634554162e-04
-8.560015068645020903e-04
-9.294712150017441291e-04
-1.003322465933827179e-03
-1.077462359387105530e-03
-1.151792597974838489e-03
-1.226209536658432776e-03
-1.300604240789312444e-03
-1.374862552423221015e-03
-1.448865164322796391e-03
-1.522487700985034227e-03
-1.595600806466768336e-03
-1.668070237863124826e-03
-1.739756964132745283e-03
-1.810517269186249015e-03
-1.880202858738277624e-03
-1.948660969842328471e-03
-2.015734482331828052e-03
-2.081262031410095401e-03
-2.145078120284159284e-03
-2.207013232198200628e-03
-2.266893940817784649e-03
-2.324543018277286030e-03
-2.379779539845119397e-03
-2.432418984734323157e-03
-2.482273332076469739e-03
-2.529151151419153573e-03
-2.572857687220425106e-03
-2.613194936667878783e-03
-2.649961720474144911e-03
-2.682953745866238637e-03
-2.711963662054691845e-03
-2.736781107274444298e-03
-2.757192747551199218e-03
-2.772982307193785391e-03
-2.783930590751848913e-03
-2.789815496688410196e-03
-2.790412023049651524e-03
-2.785492265290588632e-03
-2.774825406751573256e-03
-2.758177702370792281e-03
-2.735312456237891376e-03
-2.705989993805647809e-03
-2.669967629803961240e-03
-2.626999632688951231e-03
-2.576837187145729693e-03
-2.519228355836924255e-03
-2.453918042015145948e-03
-2.380647954543946981e-03
-2.299156577306111018e-03
-2.209179144785165111e-03
-2.110447625946554676e-03
-2.002690718493063335e-03
-1.885633855551295882e-03
-1.758999227392619297e-03
-1.622505819710035740e-03
-1.475869471239555503e-03
-1.318802952181390153e-03
-1.151016065571728100e-03
-9.722157730252412727e-04
-7.821063462224581153e-04
-5.803895449267050533e-04
-3.667648223219972803e-04
-1.409295573640348409e-04
9.742068605434785200e-05
3.485918744693117244e-04
6.128911962966811233e-04
8.906267318326086674e-04
1.182107104808144751e-03
1.487641119484982288e-03
1.807537387409040297e-03
2.142103949291859766e-03
2.491647897718057489e-03
2.856475006589188209e-03
3.236889374963001359e-03
3.633193091662515958e-03
4.045685928640158080e-03
4.474665070601886382e-03
4.920424888489047591e-03
5.383256764323338453e-03
5.863448974439879752e-03
6.361286637819102072e-03
6.877051735206000591e-03
7.411023204203478001e-03
7.963477113934538942e-03
8.534686922351186408e-03
9.124923817212379426e-03
9.734457140656059895e-03
1.036355489579695449e-02
1.101248433192879121e-02
1.168151260356995597e-02
1.237090749682910086e-02
1.308093821518462388e-02
1.381187621548516514e-02
1.456399608360861402e-02
1.533757643820406885e-02
1.613290085034799204e-02
1.695025876620474131e-02
1.778994641934703025e-02
1.865226771964612063e-02
1.953753510584029657e-02
2.044607034880797231e-02
2.137820529404996922e-02
2.233428253205022723e-02
2.331465598688291924e-02
2.431969141410504631e-02
2.534976680060628887e-02
2.640527266055474678e-02
2.748661222289535203e-02
2.859420150731393356e-02
2.972846928754904750e-02
3.088985694155511538e-02
3.207881819064783285e-02
3.329581872984641033e-02
3.454133575451871774e-02
3.581585738773603034e-02
3.711988201619358801e-02
3.845391754140418950e-02
3.981848055585057028e-02
4.121409545260939361e-02
4.264129347954823818e-02
4.410061174836397979e-02
4.559259220929503392e-02
4.711778060336220542e-02
4.867672540230379152e-02
5.026997674778717340e-02
5.189808539955372696e-02
5.356160170229957301e-02
5.526107457944497148e-02
5.699705056166957939e-02
5.877007285588022045e-02
6.058068045890655645e-02
6.242940732002051629e-02
6.431678155239171912e-02
6.624332469474714102e-02
6.820955102058524899e-02
7.021596689256238977e-02
7.226307015781245624e-02
7.435134957831401881e-02
7.648128429116766991e-02
7.865334329091708265e-02
8.086798492752962642e-02
8.312565641260481752e-02
8.542679332659469660e-02
8.777181912029369260e-02
9.016114460481837456e-02
9.259516742393060496e-02
9.507427150504701996e-02
9.759882648464093813e-02
1.001691871057143746e-01
1.027856925863919746e-01
1.054486659582540148e-01
1.081584133756038901e-01
1.109152233968931089e-01
1.137193662404266947e-01
1.165710930170343190e-01
1.194706349430546266e-01
1.224182025374048743e-01
1.254139848061763263e-01
1.284581484190618905e-01
1.315508368811105500e-01
1.346921697037863908e-01
1.378822415788330535e-01
1.411211215578821176e-01
1.444088522413733144e-01
1.477454489790911984e-01
1.511308990848660716e-01
1.545651610680223442e-01
1.580481638830186220e-01
1.615798062002782864e-01
1.651599556987690121e-01
1.687884483839933725e-01
1.724650879316743657e-01
1.761896450605837106e-01
1.799618569362829157e-01
1.837814266081394254e-01
1.876480224827387078e-01
1.915612778363869062e-01
1.955207903696626337e-01
1.995261218079030230e-01
2.035767975504366167e-01
2.076723063728236618e-01
2.118121001851769880e-01
2.159955938510110252e-01
2.202221650698569788e-01
2.244911543272490873e-01
2.288018649162390505e-01
2.331535630333276266e-01
2.375454779523490378e-01
2.419768022792056772e-01
2.464466922902676660e-01
2.509542683575368693e-01
2.554986154616437632e-01
2.600787837963711713e-01
2.646937894646916312e-01
2.693426152695242992e-01
2.740242115986324389e-01
2.787374974061156974e-01
2.834813612900511370e-01
2.882546626670530743e-01
2.930562330435858565e-01
2.978848773838683184e-01
3.027393755734963388e-01
3.076184839784704694e-01
3.125209370973737188e-01
3.174454493062167648e-01
3.223907166934077972e-01
3.273554189824733895e-01
3.323382215406418538e-01
3.373377774695136555e-01
3.423527297753077292e-01
3.473817136143158568e-01
3.524233586105561811e-01
3.574762912404300108e-01
3.625391372806326951e-01
3.676105243140119772e-01
3.726890842885023369e-01
3.777734561237172661e-01
3.828622883597738169e-01
3.879542418421391692e-01
3.930479924371144129e-01
3.981422337712517412e-01
4.032356799884074805e-01
4.083270685184569038e-01
4.134151628499652120e-01
4.184987553013512773e-01
4.235766697821751192e-01
4.286477645392200442e-01
4.337109348783895202e-01
4.387651158571595489e-01
4.438092849386579553e-01
4.488424646015606312e-01
4.538637248972638982e-01
4.588721859478271936e-01
4.638670203769007516e-01
4.688474556663145831e-01
4.738127764311758638e-01
4.787623266055492932e-01
4.836955115325662913e-01
4.886117999497461284e-01
4.935107258647087880e-01
4.983918903117751098e-01
5.032549629842999472e-01
5.080996837345692629e-01
5.129258639350018356e-01
5.177333876939995694e-01
5.225222129196691601e-01
5.272923722256496193e-01
5.320439736727288205e-01
5.367772013401593822e-01
5.414923157224167394e-01
5.461896539444364151e-01
5.508696297924275953e-01
5.555327335545755529e-01
5.601795316677662395e-01
5.648106661675149631e-01
5.694268539370070936e-01
5.740288857530437827e-01
5.786176251268351223e-01
5.831940069376853053e-01
5.877590358585997876e-01
5.923137845734171014e-01
5.968593917851140462e-01
6.013970600165595704e-01
6.059280532040787204e-01
6.104536940866139849e-01
6.149753613921857820e-01
6.194944868254601555e-01
6.240125518597529064e-01
6.285310843381510804e-01
6.330516548887106243e-01
6.375758731599245888e-01
6.421053838823569393e-01
6.466418627639619610e-01
6.511870122271218309e-01
6.557425569949439925e-01
6.603102395373650069e-01
6.648918153856199220e-01
6.694890483259757774e-01
6.741037054841214626e-01
6.787375523115666276e-01
6.833923474862770853e-01
6.880698377406568866e-01
6.927717526304273399e-01
6.974997992581635220e-01
7.022556569661133619e-01
7.070409720136381360e-01
7.118573522540339038e-01
7.167063618279788662e-01
7.215895158881866500e-01
7.265082753740186305e-01
7.314640418512414755e-01
7.364581524357263209e-01
7.414918748175856056e-01
7.465664024046656522e-01
7.516828496020135919e-01
7.568422472469904516e-01
7.620455382160667979e-01
7.672935732238473916e-01
7.725871068298040267e-01
7.779267936726632637e-01
7.833131849486150156e-01
7.887467251517086275e-01
7.942277490926152872e-01
7.997564792131659495e-01
8.053330232118223186e-01
8.109573719965033067e-01
8.166293979786677371e-01
8.223488537230159157e-01
8.281153709667221641e-01
8.339284600184673213e-01
8.397875095508553489e-01
8.456917867943725131e-01
8.516404381426676551e-01
8.576324901762697461e-01
8.636668511108563928e-01
8.697423126754202372e-01
8.758575524217040442e-01
8.820111364683330679e-01
8.882015226777792982e-01
8.944270642647522696e-01
9.006860138320791354e-01
9.069765278277028830e-01
9.132966714161017130e-01
9.196444237529843857e-01
9.260176836530747968e-01
9.324142756364004470e-01
9.388319563377822696e-01
9.452684212620652282e-01
9.517213118661524973e-01
9.581882229456950562e-01
9.646667103043446989e-01
9.711542986808230360e-01
9.776484899073706325e-01
9.841467712717386629e-01
9.906466240544958834e-01
9.971455322105238217e-01
1.003640991163844642e+00
1.010130516683126700e+00
1.016611653804945670e+00
1.023081985770873059e+00
1.029539142943773689e+00
1.035980811668842483e+00
1.042404743044146986e+00
1.048808761565429348e+00
1.055190773610006794e+00
1.061548775725358329e+00
1.067880862686445109e+00
1.074185235288928952e+00
1.080460207843406684e+00
1.086704215338334167e+00
1.092915820238611557e+00
1.099093718889017079e+00
1.105236747491945781e+00
1.111343887629475446e+00
1.117414271302566098e+00
1.123447185460044961e+00
1.129442075991897720e+00
1.135398551163594227e+00
1.141316384468235912e+00
1.147195516877664856e+00
1.153036058471866188e+00
1.158838289431999957e+00
1.164602660380893218e+00
1.170329792059717988e+00
1.176020474329812604e+00
1.181675664492610078e+00
1.187296484921279038e+00
1.192884220002604856e+00
1.198440312387363038e+00
1.203966358552916116e+00
1.209464103682391656e+00
1.214935435868869096e+00
1.220382379655414740e+00
1.225807088924370181e+00
1.231211839153222520e+00
1.236599019056107807e+00
1.241971121633946407e+00
1.247330734658815610e+00
1.252680530620515764e+00
1.258023256167882131e+00
1.263361721077718158e+00
1.268698786790325217e+00
1.274037354549288459e+00
1.279380353190632480e+00
1.284730726624024211e+00
1.290091421055347798e+00
1.295465371999838133e+00
1.300855491137454578e+00
1.306264653065058123e+00
1.311695682000444396e+00
1.317151338496259649e+00
1.322634306221054601e+00
1.328147178868656297e+00
1.333692447255170777e+00
1.339272486664418338e+00
1.344889544504584977e+00
1.350545728335337703e+00
1.356242994327681473e+00
1.361983136216537993e+00
1.367767774805415337e+00
1.373598348081202403e+00
1.379476101996857107e+00
1.385402081975317445e+00
1.391377125189561692e+00
1.397401853667029403e+00
1.403476668268563099e+00
1.409601743584756317e+00
1.415777023792469391e+00
1.422002219508718968e+00
1.428276805676383709e+00
1.434600020511554330e+00
1.440970865537505308e+00
1.447388106726862356e+00
1.453850276766254890e+00
1.460355678454999806e+00
1.466902389242076277e+00
1.473488266900429444e+00
1.480110956332112426e+00
1.486767897490894441e+00
1.493456334403424624e+00
1.500173325264039237e+00
1.506915753570051919e+00
1.513680340261178925e+00
1.520463656817615528e+00
1.527262139266764018e+00
1.534072103042154023e+00
1.540889758632610462e+00
1.547711227953790125e+00
1.554532561370099319e+00
1.561349755288768293e+00
1.568158770245511091e+00
1.574955549395257837e+00
1.581736037320287558e+00
1.588496199063227587e+00
1.595232039291514692e+00
1.601939621497884270e+00
1.608615087139652067e+00
1.615254674619499564e+00
1.621854738010528596e+00
1.628411765427721924e+00
1.634922396950210022e+00
1.641383441998700565e+00
1.647791896075668117e+00
1.654144956777106046e+00
1.660440038987236466e+00
1.666674789172081228e+00
1.672847098689377976e+00
1.678955116037551543e+00
1.684997257969375717e+00
1.690972219402451682e+00
1.696878982060606056e+00
1.702716821788556434e+00
1.708485314484747164e+00
1.714184340605581003e+00
1.719814088198955426e+00
1.725375054430179356e+00
1.730868045573850100e+00
1.736294175447220534e+00
1.741654862271229121e+00
1.746951823951375937e+00
1.752187071778094740e+00
1.757362902553935013e+00
1.762481889163490800e+00
1.767546869608776383e+00
1.772560934542271260e+00
1.777527413336423390e+00
1.782449858738628601e+00
1.787332030167035013e+00
1.792177875712531732e+00
1.796991512918666434e+00
1.801777208421396770e+00
1.806539356536580154e+00
1.811282456891871728e+00
1.816011091207020423e+00
1.820729899332600432e+00
1.825443554665375778e+00
1.830156739062052118e+00
1.834874117382093717e+00
1.839600311790473564e+00
1.844339875959635222e+00
1.849097269309730507e+00
1.853876831430822048e+00
1.858682756830467575e+00
1.863519070152084067e+00
1.868389602008089012e+00
1.873297965571461443e+00
1.878247534066633140e+00
1.883241419296894037e+00
1.888282451345054458e+00
1.893373159573519260e+00
1.898515755051497056e+00
1.903712114524318544e+00
1.908963766039122323e+00
1.914271876328074828e+00
1.919637240046080162e+00
1.925060270949999763e+00
1.930540995095578749e+00
1.936079046121106817e+00
1.941673662672807055e+00
1.947323688019229948e+00
1.953027571887584912e+00
1.958783374544051714e+00
1.964588773127023957e+00
1.970441070229199676e+00
1.976337204710716389e+00
1.982273764712091380e+00
1.988247002821893705e+00
1.994252853339018250e+00
2.000286951557042947e+00
2.006344654983844844e+00
2.012421066394662006e+00
2.018511058607014963e+00
2.024609300850620741e+00
2.030710286594945124e+00
2.036808362687275054e+00
2.042897759642779754e+00
2.048972622920549824e+00
2.055027045011347475e+00
2.061055098157659859e+00
2.067050867520011437e+00
2.073008484601292167e+00
2.078922160736712321e+00
2.084786220456872563e+00
2.090595134531345600e+00
2.096343552498751261e+00
2.102026334494884630e+00
2.107638582190178855e+00
2.113175668652737649e+00
2.118633266958976247e+00
2.124007377376230465e+00
2.129294352951987435e+00
2.134490923347835523e+00
2.139594216766095514e+00
2.144601779824236498e+00
2.149511595242890483e+00
2.154322097221782251e+00
2.159032184389805487e+00
2.163641230225457512e+00
2.168149090859345929e+00
2.172556110178058386e+00
2.176863122168463782e+00
2.181071450450253302e+00
2.185182904962695183e+00
2.189199775785034774e+00
2.193124824085784130e+00
2.196961270211875039e+00
2.200712778944911907e+00
2.204383441967700641e+00
2.207977757600190660e+00
2.211500607882745495e+00
2.214957233097502254e+00
2.218353203840758070e+00
2.221694390769973104e+00
2.224986932172626108e+00
2.228237199515048061e+00
2.231451761149774615e+00
2.234637344374102330e+00
2.237800796048677654e+00
2.240949041998451463e+00
2.244089045433316443e+00
2.247227764634792013e+00
2.250372110167828232e+00
2.253528901884152003e+00
2.256704825987060570e+00
2.259906392436399791e+00
2.263139892968050848e+00
2.266411360006071796e+00
2.269726526738721883e+00
2.273090788625973691e+00
2.276509166598481126e+00
2.279986272197203068e+00
2.283526274892842434e+00
2.287132871811691004e+00
2.290809260080448162e+00
2.294558111987635485e+00
2.298381553145003142e+00
2.302281143813562636e+00
2.306257863544567410e+00
2.310312099265337427e+00
2.314443636923251280e+00
2.318651656779320280e+00
2.322934732424514870e+00
2.327290833568073758e+00
2.331717332626967121e+00
2.336211015118650369e+00
2.340768093837879871e+00
2.345384226770788061e+00
2.350054538674035687e+00
2.354773646221150596e+00
2.359535686590735093e+00
2.364334349346337127e+00
2.369162911432606045e+00
2.374014275088396353e+00
2.378881008453988422e+00
2.383755388632908367e+00
2.388629446944579460e+00
2.393495016095395833e+00
2.398343778976660623e+00
2.403167318790480511e+00
2.407957170196890928e+00
2.412704871168374510e+00
2.417402015237078317e+00
2.422040303818526752e+00
2.426611598295354444e+00
2.431107971551218938e+00
2.435521758643971246e+00
2.439845606315758086e+00
2.444072521042305990e+00
2.448195915328611250e+00
2.452209651966540171e+00
2.456108085975943656e+00
2.459886103957991565e+00
2.463539160601004863e+00
2.467063312084805116e+00
2.470455246146345374e+00
2.473712308578180252e+00
2.476832525952800346e+00
2.479814624379947041e+00
2.482658044129016695e+00
2.485362949970769009e+00
2.487930237118519905e+00
2.490361532677147771e+00
2.492659192536022417e+00
2.494826293670610706e+00
2.496866621846218770e+00
2.498784654744221623e+00
2.500585540558033504e+00
2.502275072130126787e+00
2.503859656729001681e+00
2.505346281584022616e+00
2.506742475323910480e+00
2.508056265488348480e+00
2.509296132305020244e+00
2.510470958956543708e+00
2.511589978584853888e+00
2.512662718315378463e+00
2.513698940612166144e+00
2.514708582307437545e+00
2.515701691680106045e+00
2.516688363987978683e+00
2.517678675883170403e+00
2.518682619165337755e+00
2.519710034341872795e+00
2.520770544478793340e+00
2.521873489827786141e+00
2.523027863715463504e+00
2.524242250169141943e+00
2.525524763741325174e+00
2.526882991969549686e+00
2.528323940887741372e+00
2.529853983971723341e+00
2.531478814873504568e+00
2.533203404267102776e+00
2.535031961096569919e+00
2.536967898489602469e+00
2.539013804569141275e+00
2.541171418372714097e+00
2.543441611059617635e+00
2.545824372567154548e+00
2.548318803845147862e+00
2.550923114778063550e+00
2.553634627870700058e+00
2.556449787742090862e+00
2.559364176439546057e+00
2.562372534541458968e+00
2.565468787978933296e+00
2.568646080459199510e+00
2.571896811326958243e+00
2.575212678653825193e+00
2.578584727297274171e+00
2.582003401626786321e+00
2.585458602572026088e+00
2.588939748612370639e+00
2.592435840292841132e+00
2.595935527828085565e+00
2.599427181336636750e+00
2.602898963235431129e+00
2.606338902320457063e+00
2.609734969060089060e+00
2.613075151635406712e+00
2.616347532270234311e+00
2.619540363412160566e+00
2.622642143335369713e+00
2.625641690755537105e+00
2.628528218059659416e+00
2.631291402760205678e+00
2.633921456794251270e+00
2.636409193283301811e+00
2.638746090369568087e+00
2.640924351733477060e+00
2.642936963386537830e+00
2.644777746325168710e+00
2.646441404620673232e+00
2.647923568522043691e+00
2.649220832156783167e+00
2.650330785439088288e+00
2.651252039829639084e+00
2.651984247649092463e+00
2.652528114706032003e+00
2.652885406085411013e+00
2.653058945017328973e+00
2.653052604829267302e+00
2.652871294057636664e+00
2.652520934851921197e+00
2.652008434846572449e+00
2.651341652701155738e+00
2.650529357511359763e+00
2.649581182289503900e+00
2.648507571695065899e+00
2.647319724183940792e+00
2.646029528736864478e+00
2.644649496334250394e+00
2.643192686372890510e+00
2.641672628262682565e+00
2.640103238509214911e+00
2.638498733666680973e+00
2.636873539637654140e+00
2.635242197891257021e+00
2.633619269262400309e+00
2.632019236081776903e+00
2.630456403451367109e+00
2.628944800534726234e+00
2.627498082755754805e+00
2.626129435803398415e+00
2.624851482317648532e+00
2.623676192080286462e+00
2.622614796469908693e+00
2.621677707846182592e+00
2.620874444438789919e+00
2.620213561208206698e+00
2.619702587055808607e+00
2.619347968673944926e+00
2.619155021261578842e+00
2.619127886286354734e+00
2.619269496447675927e+00
2.619581547987213543e+00
2.620064480498498938e+00
2.620717464392852136e+00
2.621538396186679165e+00
2.622523901769788779e+00
2.623669347798141871e+00
2.624968861318189184e+00
2.626415357680274454e+00
2.628000576729850657e+00
2.629715127184261370e+00
2.631548539013603971e+00
2.633489323545910477e+00
2.635525040918210493e+00
2.637642374396757639e+00
2.639827210997648166e+00
2.642064727756970210e+00
2.644339482933355079e+00
2.646635511376332239e+00
2.648936423271637253e+00
2.651225505469899879e+00
2.653485824631963474e+00
2.655700331464800890e+00
2.657851965385776616e+00
2.659923759026171730e+00
2.661898942065039630e+00
2.663761043965293229e+00
2.665493995260869831e+00
2.667082227106662984e+00
2.668510768854180260e+00
2.669765343439616245e+00
2.670832460365732075e+00
2.671699506022605419e+00
2.672354831012174081e+00
2.672787834027681164e+00
2.672989041689505463e+00
2.672950183575766303e+00
2.672664261514335227e+00
2.672125612066165612e+00
2.671329961038586109e+00
2.670274468862698480e+00
2.668957765761562406e+00
2.667379975845983964e+00
2.665542729582512482e+00
2.663449164476835662e+00
2.661103914243854174e+00
2.658513087153524523e+00
2.655684234582747827e+00
2.652626311008685622e+00
2.649349626722745210e+00
2.645865794400356741e+00
2.642187670364565477e+00
2.638329290968300711e+00
2.634305804070384838e+00
2.630133395169650612e+00
2.625829207463344694e+00
2.621411254957139114e+00
2.616898327801725266e+00
2.612309889242714789e+00
2.607665963915669849e+00
2.602987017637491185e+00
2.598293829283977008e+00
2.593607355749752319e+00
2.588948591335935134e+00
2.584338423178604849e+00
2.579797484521374251e+00
2.575346007753111621e+00
2.571003679169550971e+00
2.566789497395225883e+00
2.562721637290737320e+00
2.558817320982913035e+00
2.555092697384911737e+00
2.551562731229135572e+00
2.548241102244684253e+00
2.545140114716296864e+00
2.542270617299986490e+00
2.539641932700855698e+00
2.537261796670817748e+00
2.535136305777405674e+00
2.533269873527187244e+00
2.531665194664422636e+00
2.530323217755914733e+00
2.529243126458692981e+00
2.528422330088666570e+00
2.527856464221049926e+00
2.527539402046353079e+00
2.527463277079772475e+00
2.527618517624477423e+00
2.527993893151700977e+00
2.528576572546088030e+00
2.529352193982428165e+00
2.530304946074782180e+00
2.531417659832370326e+00
2.532671910845551988e+00
2.534048130970747881e+00
2.535525728570967807e+00
2.537083216109883743e+00
2.538698343636433652e+00
2.540348236481244637e+00
2.542009535383403573e+00
2.543658537292949884e+00
2.545271335270939961e+00
2.546823956189598892e+00
2.548292495287575399e+00
2.549653246988962785e+00
2.550882831723679800e+00
2.551958318756222255e+00
2.552857345251622778e+00
2.553558231991762462e+00
2.554040096331895882e+00
2.554282963153177377e+00
2.554267874720101972e+00
2.553977000441700174e+00
2.553393747495935617e+00
2.552502873044218745e+00
2.551290598263670439e+00
2.549744723644923106e+00
2.547854743965951574e+00
2.545611960164618104e+00
2.543009584148289370e+00
2.540042831632366216e+00
2.536708997609469218e+00
2.533007509246181232e+00
2.528939952006882486e+00
2.524510066626412641e+00
2.519723717039361599e+00
2.514588832189650791e+00
2.509115327333395484e+00
2.503315012476763357e+00
2.497201496481433303e+00
2.490790094824435918e+00
2.484097746989009980e+00
2.477142946293798609e+00
2.469945681227732504e+00
2.462527383797680880e+00
2.454910877751932397e+00
2.447120318335794131e+00
2.439181115662488519e+00
2.431119835641560201e+00
2.422964075201434309e+00
2.414742311593653934e+00
2.406483728246224363e+00
2.398218021479250783e+00
2.389975193259825659e+00
2.381785335164883666e+00
2.373678408179816568e+00
2.365684022256549390e+00
2.357831219017220370e+00
2.350148260753527119e+00
2.342662428896769011e+00
2.335399835221938059e+00
2.328385248932007823e+00
2.321641942237231859e+00
2.315191555986659822e+00
2.309053985406943177e+00
2.303247284273876261e+00
2.297787584233485170e+00
2.292689024850089741e+00
2.287963689602197981e+00
2.283621543624638761e+00
2.279670370482125730e+00
2.276115707423350898e+00
2.272960781018016796e+00
2.270206447330251454e+00
2.267851142363372041e+00
2.265890849041559019e+00
2.264319086303105522e+00
2.263126924022896169e+00
2.262303024802459817e+00
2.261833710717379375e+00
2.261703050594348507e+00
2.261892961974305116e+00
2.262383322036675359e+00
2.263152083441653861e+00
2.264175393820157645e+00
2.265427720639230369e+00
2.266881985374662012e+00
2.268509711560938946e+00
2.270281190084421752e+00
2.272165662431063105e+00
2.274131519340470753e+00
2.276146509456584255e+00
2.278177950878354174e+00
2.280192938316113249e+00
2.282158539711224510e+00
2.284041978196735379e+00
2.285810797595742905e+00
2.287433011735571231e+00
2.288877239352202331e+00
2.290112827097857018e+00
2.291109963190929744e+00
2.291839783781681739e+00
2.292274473494829934e+00
2.292387361231694065e+00
2.292153012457614381e+00
2.291547319963910034e+00
2.290547596358095461e+00
2.289132672924909517e+00
2.287283010536432126e+00
2.284980828391987018e+00
2.282210255056883685e+00
2.278957503252514893e+00
2.275211065181893755e+00
2.270961919385596772e+00
2.266203734197341113e+00
2.260933048148486613e+00
2.255149405545414432e+00
2.248855427034462284e+00
2.242056800788748028e+00
2.234762189657870657e+00
2.226983061906367301e+00
2.218733465821443929e+00
2.210029778725910443e+00
2.200890466043320615e+00
2.191335884153881697e+00
2.181388151489328742e+00
2.171071097230798941e+00
2.160410279349563201e+00
2.149433047727339563e+00
2.138168617608317223e+00
2.126648116195155147e+00
2.114904571210249440e+00
2.102972822833249822e+00
2.090889356040499525e+00
2.078692064788423277e+00
2.066419969142289759e+00
2.054112909493764683e+00
2.041811238711936927e+00
2.029555525575436725e+00
2.017386274225563714e+00
2.005343657609129693e+00
1.993467259818685999e+00
1.981795823251259137e+00
1.970367000517950773e+00
1.959217116044924989e+00
1.948380946162243665e+00
1.937891527588286866e+00
1.927780002051401542e+00
1.918075499931695127e+00
1.908805059626439204e+00
1.899993573469412889e+00
1.891663746880853481e+00
1.883836055855911740e+00
1.876528689192549226e+00
1.869757465747254432e+00
1.863535722746131329e+00
1.857874177746933197e+00
1.852780773093271716e+00
1.848260516684505639e+00
1.844315336012382733e+00
1.840943963480777157e+00
1.838141869935072670e+00
1.835901259859100687e+00
1.834211135494723033e+00
1.833057428136281697e+00
1.832423183927845978e+00
1.832288780897854519e+00
1.832632147008972812e+00
1.833428948908883971e+00
1.834652729385707115e+00
1.836274986915385377e+00
1.838265208843795628e+00
1.840590884859647947e+00
1.843217534549745462e+00
1.846108780052196030e+00
1.849226483995396908e+00
1.852530958488479707e+00
1.855981237725236710e+00
1.859535397835916370e+00
1.863150903541653136e+00
1.866784960702417173e+00
1.870394855394738043e+00
1.873938262834457635e+00
1.877373513397284199e+00
1.880659808664103316e+00
1.883757387740035982e+00
1.886627651818293838e+00
1.889233260924226609e+00
1.891538218874746935e+00
1.893507959761541848e+00
1.895109442524120835e+00
1.896311251763658445e+00
1.897083695814550719e+00
1.897398889671137567e+00
1.897230811702604880e+00
1.896555328718744216e+00
1.895350192248425714e+00
1.893595017787631507e+00
1.891271266181888455e+00
1.888362250413317511e+00
1.884853190420499036e+00
1.880731332420652713e+00
1.875986137861399561e+00
1.870609532351536153e+00
1.864596189702839579e+00
1.857943814055241116e+00
1.850653376999697564e+00
1.842729268459377678e+00
1.834179330129635188e+00
1.825014757300826629e+00
1.815249876382078575e+00
1.804901827680559290e+00
1.793990201411436169e+00
1.782536684869259203e+00
1.770564776721786027e+00
1.758099609568660737e+00
1.745167896747730207e+00
1.731797989591972620e+00
1.718020004580020910e+00
1.703865963395885474e+00
1.689369887542989668e+00
1.674567803240300634e+00
1.659497637565565231e+00
1.644199015392493912e+00
1.628712989814329548e+00
1.613081749726802627e+00
1.597348344632913530e+00
1.581556451030771360e+00
1.565750183221409131e+00
1.549973931644652136e+00
1.534272200303533618e+00
1.518689414680823857e+00
1.503269682013544273e+00
1.488056502711653017e+00
1.473092449056736308e+00
1.458418839350448026e+00
1.444075438793883892e+00
1.430100212216638855e+00
1.416529141095624000e+00
1.403396102804605805e+00
1.390732798455373675e+00
1.378568710134953079e+00
1.366931069340676652e+00
1.355844824147915961e+00
1.345332600060529238e+00
1.335414655636184111e+00
1.326108837049782219e+00
1.317430535427586591e+00
1.309392648046088237e+00
1.302005541095781815e+00
1.295277009610346086e+00
1.289212230904329681e+00
1.283813712044762356e+00
1.279081238760352290e+00
1.275011840559125753e+00
1.271599791494808951e+00
1.268836664875492293e+00
1.266711451632363428e+00
1.265210737200104019e+00
1.264318914759286150e+00
1.264018399591019248e+00
1.264289805640270936e+00
1.265112053578190121e+00
1.266462397438476106e+00
1.268316378021738577e+00
1.270647728283376132e+00
1.273428263760307821e+00
1.276627789300871729e+00
1.280214045604107564e+00
1.284152710374723005e+00
1.288407462520964275e+00
1.292940114050070033e+00
1.297710811368561812e+00
1.302678303758508349e+00
1.307800271276015058e+00
1.313033697912854292e+00
1.318335269925898778e+00
1.323661775168345045e+00
1.328970478174996694e+00
1.334219448282745191e+00
1.339367824147592811e+00
1.344376006888989838e+00
1.349205784466077418e+00
1.353820400120175460e+00
1.358184585831774260e+00
1.362264585639054726e+00
1.366028191774837364e+00
1.369444808741856257e+00
1.372485548480655737e+00
1.375123347098721194e+00
1.377333084040507361e+00
1.379091680836851408e+00
1.380378159374030522e+00
1.381173647442475172e+00
1.381461329247291259e+00
1.381226347622079631e+00
1.380455671072189583e+00
1.379137942243965131e+00
1.377263325748584455e+00
1.374823373336993892e+00
1.371810923406183047e+00
1.368220049239086356e+00
1.364046065596154822e+00
1.359285596166556198e+00
1.353936695653755962e+00
1.347999011288057325e+00
1.341473960969285617e+00
1.334364900551195277e+00
1.326677252153144471e+00
1.318418569533678086e+00
1.309598525545716985e+00
1.300228819619291043e+00
1.290323017980570253e+00
1.279896352704197771e+00
1.268965514086203950e+00
1.257548471353636677e+00
1.245664348515313824e+00
1.233333366955608357e+00
1.220576848283372318e+00
1.207417255138061529e+00
1.193878238645665668e+00
1.179984661328266959e+00
1.165762572907036887e+00
1.151239130429811963e+00
1.136442468999442568e+00
1.121401540843280031e+00
1.106145945878962866e+00
1.090705775791605436e+00
1.075111487303863855e+00
1.059393811243626304e+00
1.043583694790296335e+00
1.027712266941597008e+00
1.011810812970415530e+00
9.959107427393932843e-01
9.800435398336500015e-01
9.642406827128263691e-01
9.485335343572152134e-01
9.329532020630609823e-01
9.175303732004971291e-01
9.022951353735009228e-01
8.872767904760234803e-01
8.725036719497004656e-01
8.580029736173568899e-01
8.438005972147448741e-01
8.299210243858070601e-01
8.163872174286912475e-01
8.032205513353705140e-01
7.904407775367329192e-01
7.780660173004079194e-01
7.661127802102506434e-01
7.545960010445001975e-01
7.435290871461273099e-01
7.329239683865929056e-01
7.227911431399541842e-01
7.131397160758629061e-01
7.039774265785228025e-01
6.953106695849808894e-01
6.871445129630059379e-01
6.794827166778495409e-01
6.723277585997422534e-01
6.656808699035733357e-01
6.595420800264748529e-01
6.539102678717034767e-01
6.487832133686182168e-01
6.441576425046902088e-01
6.400292600058704595e-01
6.363927667780183706e-01
6.332418632290527372e-01
6.305692434473477714e-01
6.283665877010395917e-01
6.266245610016939471e-01
6.253328233922827994e-01
6.244800537617143377e-01
6.240539845666724927e-01
6.240414412943244837e-01
6.244283790330056316e-01
6.251999096528115807e-01
6.263403164679046675e-01
6.278330577426867176e-01
6.296607645554764821e-01
6.318052411284744707e-01
6.342474761509607761e-01
6.369676720083239374e-01
6.399452958876494790e-01
6.431591533992565557e-01
6.465874824694382017e-01
6.502080633344453631e-01
6.539983396462825116e-01
6.579355458111899591e-01
6.619968363737298578e-01
6.661594141328996965e-01
6.704006544085860941e-01
6.746982232915217370e-01
6.790301877907463091e-01
6.833751156498457657e-01
6.877121624153457180e-01
6.920211433105134535e-01
6.962825877850276068e-01
7.004777754169999593e-01
7.045887531848895602e-01
7.085983358842415925e-01
7.124900933565150307e-01
7.162483297955118955e-01
7.198580612714391425e-01
7.233049974458855003e-01
7.265755321833409219e-01
7.296567456227652793e-01
7.325364177218564032e-01
7.352030509032981831e-01
7.376458977228672609e-01
7.398549887353079724e-01
7.418211559792025067e-01
7.435360484986777152e-01
7.449921377158262858e-01
7.461827118853038288e-01
7.471018600369425666e-01
7.477444466216005559e-01
7.481060785303095262e-01
7.481830663677249138e-01
7.479723819532685392e-01
7.474716141052578644e-01
7.466789248636429566e-01
7.455930083875600412e-01
7.442130547373609906e-01
7.425387205193724194e-01
7.405701078792220615e-01
7.383077525737914426e-01
7.357526209031456377e-01
7.329061142568882303e-01
7.297700790629830792e-01
7.263468191728108536e-01
7.226391072938836979e-01
7.186501920964255552e-01
7.143837981117873159e-01
7.098441164916657886e-01
7.050357860005973532e-01
6.999638650849762112e-01
6.946337972524679882e-01
6.890513730472712650e-01
6.832226924062561046e-01
6.771541310214870268e-01
6.708523135418835714e-01
6.643240951924783699e-01
6.575765519266072445e-01
6.506169778554505845e-01
6.434528876668728081e-01
6.360920212180541933e-01
6.285423474977804847e-01
6.208120656313447228e-01
6.129096013784456343e-01
6.048435984555939893e-01
5.966229048096787224e-01
5.882565545444409238e-01
5.797537464953803621e-01
5.711238204722282052e-01
5.623762320124408021e-01
5.535205262145078686e-01
5.445663109425948889e-01
5.355232294989763497e-01
5.264009327810115213e-01
5.172090509897351307e-01
5.079571651014463951e-01
4.986547785085232443e-01
4.893112894245268407e-01
4.799359647787910799e-01
4.705379163671701281e-01
4.611260799589637083e-01
4.517091978988271306e-01
4.422958055062796712e-01
4.328942213046363396e-01
4.235125408382178769e-01
4.141586335997748947e-01
4.048401424081232713e-01
3.955644844653773973e-01
3.863388532872512604e-01
3.771702207322162881e-01
3.680653384473893119e-01
3.590307381892855476e-01
3.500727306489903601e-01
3.411974026015042183e-01
3.324106123906355181e-01
3.237179839417974048e-01
3.151248996482960973e-01
3.066364925953002363e-01
2.982576386571943461e-01
2.899929490280905298e-01
2.818467637210656518e-01
2.738231465032442968e-01
2.659258816306739326e-01
2.581584726198126178e-01
2.505241431518692163e-01
2.430258400659171536e-01
2.356662382693083813e-01
2.284477472878533311e-01
2.213725191032941964e-01
2.144424568874561399e-01
2.076592242414359857e-01
2.010242545821922522e-01
1.945387603834850265e-01
1.882037420598544897e-01
1.820199963748229122e-01
1.759881243403302598e-01
1.701085386489052387e-01
1.643814707295297994e-01
1.588069775444867493e-01
1.533849482445419632e-01
1.481151107774901499e-01
1.429970385100002017e-01
1.380301568783558475e-01
1.332137500416771259e-01
1.285469674735009171e-01
1.240288304038861533e-01
1.196582380102155646e-01
1.154339732565497489e-01
1.113547082937814681e-01
1.074190093532129825e-01
1.036253410955302323e-01
9.997207040652633658e-02
9.645746966375301490e-02
9.307971952741028732e-02
8.983691133586521604e-02
8.672704920831494912e-02
8.374805197219185871e-02
8.089775504400129047e-02
7.817391239396212499e-02
7.557419872034516761e-02
7.309621194895526974e-02
7.073747615447505133e-02
6.849544497675073840e-02
6.636750557953359497e-02
6.435098316614476510e-02
6.244314603902634264e-02
6.064121115877772750e-02
5.894235013418729074e-02
5.734369555299396320e-02
5.584234755068261807e-02
5.443538050668232653e-02
5.311984975848228069e-02
5.189279823283336757e-02
5.075126290394269685e-02
4.969228100843652712e-02
4.871289596378374637e-02
4.781016295665008881e-02
4.698115418486499550e-02
4.622296375020367581e-02
4.553271220975010219e-02
4.490755080008351774e-02
4.434466535094153117e-02
4.384127990546585196e-02
4.339466006330709724e-02
4.300211606028191136e-02
4.266100559668353775e-02
4.236873642598519563e-02
4.212276871368479669e-02
4.192061717841619878e-02
4.175985302622255146e-02
4.163810569048716215e-02
4.155306438976224398e-02
4.150247951467055108e-02
4.148416385413891683e-02
4.149599366852243371e-02
4.153590961406659898e-02
4.160191752047233404e-02
4.169208901968146641e-02
4.180456202119393200e-02
4.193754102733773803e-02
4.208929727949033833e-02
4.225816872650146883e-02
4.244255980644456860e-02
4.264094103361359966e-02
4.285184838479212666e-02
4.307388248156070881e-02
4.330570756801116472e-02
4.354605028636070879e-02
4.379369825762747387e-02
4.404749847657200151e-02
4.430635553502512702e-02
4.456922969023332376e-02
4.483513479813811681e-02
4.510313613416147560e-02
4.537234812629167141e-02
4.564193202619081652e-02
4.591109354605883708e-02
4.617908048812163074e-02
4.644518039401747400e-02
4.670871823994643401e-02
4.696905420171346851e-02
4.722558151177610325e-02
4.747772442741469978e-02
4.772493632621292725e-02
4.796669794133786441e-02
4.820251574584490106e-02
4.843192049135645882e-02
4.865446590310240627e-02
4.886972752984227591e-02
4.907730174411006202e-02
4.927680488583872226e-02
4.946787253965475445e-02
4.965015893477511127e-02
4.982333645461501509e-02
4.998709524278228955e-02
5.014114289130535557e-02
5.028520419656751922e-02
5.041902096974564679e-02
5.054235188743973206e-02
5.065497237042252549e-02
5.075667447874075699e-02
5.084726681222193068e-02
5.092657440738633523e-02
5.099443862253140447e-02
5.105071700399854695e-02
5.109528312816590673e-02
5.112802641504609474e-02
5.114885190997169040e-02
5.115768003166876882e-02
5.115444628567890339e-02
5.113910094283645458e-02
5.111160868381303679e-02
5.107194821087474718e-02
5.102011182901511344e-02
5.095610499859777598e-02
5.087994586255035340e-02
5.079166475088082999e-02
5.069130366546586997e-02
5.057891574862152795e-02
5.045456473812021114e-02
5.031832441190319666e-02
5.017027802516980245e-02
5.001051774276117634e-02
4.983914406881782833e-02
4.965626527654116995e-02
4.946199683948113157e-02
4.925646086666562312e-02
4.903978554266847506e-02
4.881210457435270628e-02
4.857355664536362749e-02
4.832428487928600719e-02
4.806443631271155315e-02
4.779416137865523384e-02
4.751361340121067200e-02
4.722294810227068568e-02
4.692232312024745278e-02
4.661189754226143650e-02
4.629183144926939109e-02
4.596228547544215642e-02
4.562342038154475199e-02
4.527539664314069595e-02
4.491837405373711595e-02
4.455251134327743029e-02
4.417796581215088780e-02
4.379489298114762341e-02
4.340344625734218753e-02
4.300377661613162539e-02
4.259603229955263165e-02
4.218035853080794040e-02
4.175689724510323053e-02
4.132578683650766499e-02
4.088716192091493284e-02
4.044115311476077779e-02
3.998788682923232196e-02
3.952748507968818076e-02
3.906006530996729981e-02
3.858574023099411304e-02
3.810461767348451156e-02
3.761680045395978528e-02
3.712238625383122714e-02
3.662146751074291107e-02
3.611413132176315155e-02
3.560045935785327575e-02
3.508052778881797645e-02
3.455440721838434065e-02
3.402216262865959129e-02
3.348385333344159470e-02
3.293953293973946039e-02
3.238924931710191607e-02
3.183304457399025594e-02
3.127095504089385386e-02
3.070301125960573502e-02
3.012923797820902042e-02
2.954965415143005064e-02
2.896427294585201748e-02
2.837310174984146449e-02
2.777614218770808885e-02
2.717339013790662228e-02
2.656483575518792800e-02
2.595046349630581589e-02
2.533025214939205183e-02
2.470417486671401888e-02
2.407219920094825355e-02
2.343428714492619414e-02
2.279039517493319095e-02
2.214047429752499449e-02
2.148447010033253252e-02
2.082232280680173728e-02
2.015396733513480018e-02
1.947933336191388226e-02
1.879834539056764176e-02
1.811092282526759883e-02
1.741698005038379987e-02
1.671642651656284062e-02
1.600916683320758108e-02
0.000000000000000000e+00
