-1.885016740915942740e-03
-1.855232595790387573e-03
-1.819325658372163536e-03
-1.786185296292777669e-03
-1.755063578626263289e-03
-1.725473731816144296e-03
-1.697049760706717623e-03
-1.669500584915186575e-03
-1.642589636727333907e-03
-1.616121986148223288e-03
-1.589935446080913313e-03
-1.563894111228114961e-03
-1.537883468068496160e-03
-1.511806572148772457e-03
-1.485580988387978901e-03
-1.459136302137063182e-03
-1.432412072809419613e-03
-1.405356139917278684e-03
-1.377923214897447358e-03
-1.350073707525952134e-03
-1.321772746419656907e-03
-1.292989360931898332e-03
-1.263695797666810434e-03
-1.233866949538101922e-03
-1.203479879026653253e-03
-1.172513420355115760e-03
-1.140947847827987515e-03
-1.108764599687017639e-03
-1.075946048539842869e-03
-1.042475310928513360e-03
-1.008336089769608498e-03
-9.735125444391820506e-04
-9.379891841257209303e-04
-9.017507808035010557e-04
-8.647822987309009392e-04
-8.270688379474966856e-04
-7.885955896100881914e-04
-7.493478013770665195e-04
-7.093107513734296177e-04
-6.684697294680424888e-04
-6.268100248437620276e-04
-5.843169190053735173e-04
-5.409756834984085503e-04
-4.967715817631515596e-04
-4.516898746373118135e-04
-4.057158290713144908e-04
-3.588347297913150940e-04
-3.110318935737732679e-04
-2.622926859589908509e-04
-2.126025401907896098e-04
-1.619469782629711426e-04
-1.103116339541999349e-04
-5.768227773797723716e-05
-4.044843514685648490e-06
5.061454289751932578e-05
1.063095335490027102e-04
1.630535264866180543e-04
2.208596322225095951e-04
2.797406385631994981e-04
3.397089738541455260e-04
4.007766686091511574e-04
4.629553155589499302e-04
5.262560281838728898e-04
5.906893976375013041e-04
6.562654481830520374e-04
7.229935911103239996e-04
7.908825771882363551e-04
8.599404476712323424e-04
9.301744838802639571e-04
1.001591155458657042e-03
1.074196067314123378e-03
1.147993905291087901e-03
1.222988380749579808e-03
1.299182173991370211e-03
1.376576876799680835e-03
1.455172934039176101e-03
1.534969584592343027e-03
1.615964801672732003e-03
1.698155232761274251e-03
1.781536139304926766e-03
1.866101336378125442e-03
1.951843132550703901e-03
2.038752270252932024e-03
2.126817866810064728e-03
2.216027356551950045e-03
2.306366434248495467e-03
2.397819000253275518e-03
2.490367107740848636e-03
2.583990912379565113e-03
2.678668624946401854e-03
2.774376467298081145e-03
2.871088632147402505e-03
2.968777247189422711e-03
3.067412344084183718e-03
3.166961832834509077e-03
3.267391482016387440e-03
3.368664905657274816e-03
3.470743557027379175e-03
3.573586730188372130e-03
3.677151569703567338e-03
3.781393089080855186e-03
3.886264198596080070e-03
3.991715742880044653e-03
4.097696548890620953e-03
4.204153484562554548e-03
4.311031528699585738e-03
4.418273852361260037e-03
4.525821912041441686e-03
4.633615554831134811e-03
4.741593135733362593e-03
4.849691647138392077e-03
4.957846860371487724e-03
5.065993479148293496e-03
5.174065304682994373e-03
5.281995411974606605e-03
5.389716336786545825e-03
5.497160272643601339e-03
5.604259277039612061e-03
5.710945485893262515e-03
5.817151335291413129e-03
5.922809789193942201e-03
6.027854571972583037e-03
6.132220404140409364e-03
6.235843239955005113e-03
6.338660505116658003e-03
6.440611332964855072e-03
6.541636797311001922e-03
6.641680140178356402e-03
6.740686992499646778e-03
6.838605586035910976e-03
6.935386954551378894e-03
7.030985122535352537e-03
7.125357279613905512e-03
7.218463939092261902e-03
7.310269078860602392e-03
7.400740263516121520e-03
7.489848746037922750e-03
7.577569548184386050e-03
7.663881518477122338e-03
7.748767367076769309e-03
7.832213677054229717e-03
7.914210891610037185e-03
7.994753277323313895e-03
8.073838863533295065e-03
8.151469358283407879e-03
8.227650041413172785e-03
8.302389635734295364e-03
8.375700157524219175e-03
8.447596747479671833e-03
8.518097483814371026e-03
8.587223179278688848e-03
8.654997163888336273e-03
8.721445055489329690e-03
8.786594520469927574e-03
8.850475026616859767e-03
8.913117590745488900e-03
8.974554523410760085e-03
9.034819173057345720e-03
9.093945671973985984e-03
9.151968686677513370e-03
9.208923174551526813e-03
9.264844149324116818e-03
9.319766457133348697e-03
9.373724565264338754e-03
9.426752365179383308e-03
9.478882991350441947e-03
9.530148657247251853e-03
9.580580509567402162e-03
9.630208501529409493e-03
9.679061285848007679e-03
9.727166127723181621e-03
9.774548838078456550e-03
9.821233726743927583e-03
9.867243575407932607e-03
9.912599629562479642e-03
9.957321608863350243e-03
1.000142773479843587e-02
1.004493477441396193e-02
1.008785809902101524e-02
1.013021175618912875e-02
1.017200855369890591e-02
1.021326015352800112e-02
1.025397717453072066e-02
1.029416930178687559e-02
1.033384540101104851e-02
1.037301363636507559e-02
1.041168158979378748e-02
1.044985638037418396e-02
1.048754478235904355e-02
1.052475333995258125e-02
1.056148847782794817e-02
1.059775660614051263e-02
1.063356421858147223e-02
1.066891798293311856e-02
1.070382482277391564e-02
1.073829199005875250e-02
1.077232712734410916e-02
1.080593831973940960e-02
1.083913413577379178e-02
1.087192365702247150e-02
1.090431649618000057e-02
1.093632280361231390e-02
1.096795326225991941e-02
1.099921907094298344e-02
1.103013191605275306e-02
1.106070393220607087e-02
1.109094765168448966e-02
1.112087594316288168e-02
1.115050194029762465e-02
1.117983896031828246e-02
1.120890041343295361e-02
1.123769970362221982e-02
1.126625012143681395e-02
1.129456472964141325e-02
1.132265624273166849e-02
1.135053690111657160e-02
1.137821834110193386e-02
1.140571146184586951e-02
1.143302629036459760e-02
1.146017184621530953e-02
1.148715600681074131e-02
1.151398537483216966e-02
1.154066514947415037e-02
1.156719900235501572e-02
1.159358896000188544e-02
1.161983529388540062e-02
1.164593641945564466e-02
1.167188880525574582e-02
1.169768689330399902e-02
1.172332303146757237e-02
1.174878741879698332e-02
1.177406806431424181e-02
1.179915075984030309e-02
1.182401906688577628e-02
1.184865431787525229e-02
1.187303563155153209e-02
1.189713994211999588e-02
1.192094204192465333e-02
1.194441463671584713e-02
1.196752841310050677e-02
1.199025211714644344e-02
1.201255264289917239e-02
1.203439513019994439e-02
1.205574307045646602e-02
1.207655841920970280e-02
1.209680171432039875e-02
1.211643219880804631e-02
1.213540794690245311e-02
1.215368599241218456e-02
1.217122245853250601e-02
1.218797268767418326e-02
1.220389137086604417e-02
1.221893267572626493e-02
1.223305037211948852e-02
1.224619795532199719e-02
1.225832876580367804e-02
1.226939610534678524e-02
1.227935334884496660e-02
1.228815405220752381e-02
1.229575205556732859e-02
1.230210158197634664e-02
1.230715733158077932e-02
1.231087457144057311e-02
1.231320922101640861e-02
1.231411793336698382e-02
1.231355817291725913e-02
1.231148828946881067e-02
1.230786758902242123e-02
1.230265640199266694e-02
1.229581614907118703e-02
1.228730940481613174e-02
1.227709996019811164e-02
1.226515288357811137e-02
1.225143458108098916e-02
1.223591285665494299e-02
1.221855697191942189e-02
1.219933770624296102e-02
1.217822741722158347e-02
1.215520010181871807e-02
1.213023145821291032e-02
1.210329894833718847e-02
1.207438186120989715e-02
1.204346137703721925e-02
1.201052063185948510e-02
1.197554478254776907e-02
1.193852107196290493e-02
1.189943889416676323e-02
1.185828985906686034e-02
1.181506785634594756e-02
1.176976911812557813e-02
1.172239228022443382e-02
1.167293844148803092e-02
1.162141122041167318e-02
1.156781680923319421e-02
1.151216402462884245e-02
1.145446435463987056e-02
1.139473200151521967e-02
1.133298392011281019e-02
1.126923985142313026e-02
1.120352235062567134e-02
1.113585680999979073e-02
1.106627147555033081e-02
1.099479745791510227e-02
1.092146873661317512e-02
1.084632215823451429e-02
1.076939742751660371e-02
1.069073709186669011e-02
1.061038651928083131e-02
1.052839386886732231e-02
1.044481005499739261e-02
1.035968870425092205e-02
1.027308610540146605e-02
1.018506115276204826e-02
1.009567528280089568e-02
1.000499240367810558e-02
9.913078818364633518e-03
9.820003141230833343e-03
9.725836207874167388e-03
9.630650978458386510e-03
9.534522434836389254e-03
9.437527471057777229e-03
9.339744777677683185e-03
9.241254719718459271e-03
9.142139208357012714e-03
9.042481566392195080e-03
8.942366387738138675e-03
8.841879390682032269e-03
8.741107265192201228e-03
8.640137514679313915e-03
8.539058291419375155e-03
8.437958227123841179e-03
8.336926257622825562e-03
8.236051442767788888e-03
8.135422781530459932e-03
8.035129022501127927e-03
7.935258470286917637e-03
7.835898788229725409e-03
7.737136797596988816e-03
7.639058274525272092e-03
7.541747743969177617e-03
7.445288272343355759e-03
7.349761258726752490e-03
7.255246225542506464e-03
7.161820609243997431e-03
7.069559551474390025e-03
6.978535691500212246e-03
6.888818960605207903e-03
6.800476378934282133e-03
6.713571855433311635e-03
6.628165991832231027e-03
6.544315890970155494e-03
6.462074970204985738e-03
6.381492780844245927e-03
6.302614833733899413e-03
6.225482432245927483e-03
6.150132512724846949e-03
6.076597493427102550e-03
6.004905132628060929e-03
5.935078395818608674e-03
5.867135333926231169e-03
5.801088971597962926e-03
5.736947207305170479e-03
5.674712725357340323e-03
5.614382920393691176e-03
5.555949835127700631e-03
5.499400111495373472e-03
5.444714955773183492e-03
5.391870118577904436e-03
5.340835889492254532e-03
5.291577107101561560e-03
5.244053184916695060e-03
5.198218153045412390e-03
5.154020716204099975e-03
5.111404328225785040e-03
5.070307283298342710e-03
5.030662823751588623e-03
4.992399264914748787e-03
4.955440136699541635e-03
4.919704341887922057e-03
4.885106331422984713e-03
4.851556295556595615e-03
4.818960372213267757e-03
4.787220870561766789e-03
4.756236510720387480e-03
4.725902678620299419e-03
4.696111695461009303e-03
4.666753101786119511e-03
4.637713955202473447e-03
4.608879141052599042e-03
4.580131695341855581e-03
4.551353139863087427e-03
4.522423827493344053e-03
4.493223297982921506e-03
4.463630642546113220e-03
4.433524876744171506e-03
4.402785320229796011e-03
4.371291982957622654e-03
4.338925956007415145e-03
4.305569806615432843e-03
4.271107975264949209e-03
4.235427174985172127e-03
4.198416790068310207e-03
4.159969274148366675e-03
4.119980545598902512e-03
4.078350379310039658e-03
4.034982792887578835e-03
3.989786426451547192e-03
3.942674914368945321e-03
3.893567247344670908e-03
3.842388123372922955e-03
3.789068286312831987e-03
3.733544850266335736e-03
3.675761608798529863e-03
3.615669326383350642e-03
3.553226012002635905e-03
3.488397172666717148e-03
3.421156044864705550e-03
3.351483804162644613e-03
3.279369749914655408e-03
3.204811465001925104e-03
3.127814948511767421e-03
3.048394721272905394e-03
2.966573902117455950e-03
2.882384254653687881e-03
2.795866203656500668e-03
2.707068820417319124e-03
2.616049776004431351e-03
2.522875263017381256e-03
2.427619884720837173e-03
2.330366511736917980e-03
2.231206106755266854e-03
2.130237516938139966e-03
2.027567234076536884e-03
1.923309124394064710e-03
1.817584126836857984e-03
1.710519922016958847e-03
1.602250571981309480e-03
1.492916132004259468e-03
1.382662235873627701e-03
1.271639655019762361e-03
1.160003833814098441e-03
1.047914401561762842e-03
9.355346635206841614e-04
8.230310713601765582e-04
7.105726760246223756e-04
5.983305628122221730e-04
4.864772723560764102e-04
3.751862073924944630e-04
2.646310280398701028e-04
1.549850371406207190e-04
4.642055740318191265e-05
-6.089169826871345011e-05
-1.667832610168515708e-04
-2.710885429457287991e-04
-3.736454751445284633e-04
-4.742961448409304011e-04
-5.728874301507032567e-04
-6.692716289994325458e-04
-7.633070821664038504e-04
-8.548587875130007809e-04
-9.437990023734323369e-04
-1.030007833557467075e-03
-1.113373811486105926e-03
-1.193794446992608917e-03
-1.271176767071918517e-03
-1.345437829149803395e-03
-1.416505209216471816e-03
-1.484317462620922444e-03
-1.548824554390230415e-03
-1.609988255984166504e-03
-1.667782506900386281e-03
-1.722193736486284620e-03
-1.773221144989565881e-03
-1.820876940268386507e-03
-1.865186527131361361e-03
-1.906188647708036144e-03
-1.943935469031076065e-03
-1.978492616806276291e-03
-2.009939152276050793e-03
-2.038367490265598214e-03
-2.063883257720603402e-03
-2.086605090336124055e-03
-2.106664366106243691e-03
-2.124204876246804912e-03
-2.139382432315147659e-03
-2.152364409663240323e-03
-2.163329228159103449e-03
-2.172465770726064293e-03
-2.179972741773381073e-03
-2.186057966360944321e-03
-2.190937632998835212e-03
-2.194835482440469533e-03
-2.197981945812310309e-03
-2.200613234783176109e-03
-2.202970387736474280e-03
-2.205298275765561061e-03
-2.207844572609174091e-03
-2.210858692262966142e-03
-2.214590699940129949e-03
-2.219290199298044712e-03
-2.225205201621018990e-03
-2.232580981245103034e-03
-2.241658922560577083e-03
-2.252675362418398233e-03
-2.265860433966923777e-03
-2.281436916489691831e-03
-2.299619096501026062e-03
-2.320611645398796240e-03
-2.344608519670935819e-03
-2.371791888455619234e-03
-2.402331095119713059e-03
-2.436381659111921342e-03
-2.474084323329661314e-03
-2.515564153704828027e-03
-2.560929698417440184e-03
-2.610272210934808969e-03
-2.663664945720407417e-03
-2.721162529926522862e-03
-2.782800418601510863e-03
-2.848594438054755963e-03
-2.918540421623153341e-03
-2.992613942638102861e-03
-3.070770147213867408e-03
-3.152943689835993515e-03
-3.239048772962864736e-03
-3.328979292340009111e-03
-3.422609087001067443e-03
-3.519792293821715542e-03
-3.620363804755053101e-03
-3.724139824723654395e-03
-3.830918526588207064e-03
-3.940480800386997676e-03
-4.052591092093450406e-03
-4.166998328083922759e-03
-4.283436920035004619e-03
-4.401627845429486804e-03
-4.521279798433090052e-03
-4.642090405641883556e-03
-4.763747501578246418e-03
-4.885930458342510781e-03
-5.008311563598157393e-03
-5.130557442052248972e-03
-5.252330514586263724e-03
-5.373290490443687582e-03
-5.493095886585000649e-03
-5.611405569125609352e-03
-5.727880313130662322e-03
-5.842184374100198134e-03
-5.953987067665324727e-03
-6.062964352779896121e-03
-6.168800412785628920e-03
-6.271189231134885467e-03
-6.369836156221172531e-03
-6.464459450567712137e-03
-6.554791819954416780e-03
-6.640581917434065784e-03
-6.721595815810423903e-03
-6.797618443482209352e-03
-6.868454976924226810e-03
-6.933932182188695843e-03
-6.993899698277132766e-03
-7.048231253131854307e-03
-7.096825803008051728e-03
-7.139608585041075026e-03
-7.176532072533053572e-03
-7.207576820963339237e-03
-7.232752193159722870e-03
-7.252096952211216536e-03
-7.265679709465891131e-03
-7.273599216953368848e-03
-7.275984493181910338e-03
-7.272994771678549693e-03
-7.264819266059293137e-03
-7.251676742270045210e-03
-7.233814895630283348e-03
-7.211509528694381305e-03
-7.185063530311725302e-03
-7.154805658871591159e-03
-7.121089134736780478e-03
-7.084290050134665548e-03
-7.044805607027589123e-03
-7.003052196141161534e-03
-6.959463332503138672e-03
-6.914487464213040814e-03
-6.868585672083109619e-03
-6.822229279267915183e-03
-6.775897388267466265e-03
-6.730074363645723728e-03
-6.685247275663972616e-03
-6.641903320217466475e-03
-6.600527225429773069e-03
-6.561598656286417655e-03
-6.525589623359115236e-03
-6.492961902235468846e-03
-6.464164467078456315e-03
-6.439630942065578331e-03
-6.419777075309641111e-03
-6.404998239796361875e-03
-6.395666969161229939e-03
-6.392130539558922055e-03
-6.394708610514307327e-03
-6.403690943690436635e-03
-6.419335222354192322e-03
-6.441864994325375779e-03
-6.471467768585638554e-03
-6.508293293169413289e-03
-6.552452043593693168e-03
-6.604013947891954756e-03
-6.663007374289758346e-03
-6.729418397902607596e-03
-6.803190362238763049e-03
-6.884223740928531281e-03
-6.972376300620520412e-03
-7.067463557502958252e-03
-7.169259516032173464e-03
-7.277497670488791183e-03
-7.391872249975169756e-03
-7.512039679755616248e-03
-7.637620238104647456e-03
-7.768199881208442958e-03
-7.903332215831514879e-03
-8.042540600658881073e-03
-8.185320359537461704e-03
-8.331141096292774342e-03
-8.479449102756391951e-03
-8.629669855636594097e-03
-8.781210601335407914e-03
-8.933463027499180878e-03
-9.085806023729242620e-03
-9.237608530012941105e-03
-9.388232473136179368e-03
-9.537035786543100746e-03
-9.683375508127095230e-03
-9.826610946616900696e-03
-9.966106905799628629e-03
-1.010123695272041426e-02
-1.023138671684713751e-02
-1.035595720711614265e-02
-1.047436813343025422e-02
-1.058606122567168177e-02
-1.069050353941510337e-02
-1.078719074566234122e-02
-1.087565039884475469e-02
-1.095544518094433706e-02
-1.102617611445452783e-02
-1.108748573799436116e-02
-1.113906122959757924e-02
-1.118063746269322249e-02
-1.121199996793009399e-02
-1.123298777169439051e-02
-1.124349607601420747e-02
-1.124347873571668668e-02
-1.123295048963189602e-02
-1.121198889217067500e-02
-1.118073589264139030e-02
-1.113939900516450025e-02
-1.108825200867554622e-02
-1.102763511894887423e-02
-1.095795457306505613e-02
-1.087968157123138033e-02
-1.079335053085317235e-02
-1.069955661811740344e-02
-1.059895254059341554e-02
-1.049224460785634638e-02
-1.038018809119301000e-02
-1.026358194789361335e-02
-1.014326299941128301e-02
-1.002009968610597865e-02
-9.894985540381914801e-03
-9.768832537550531728e-03
-9.642564486240618252e-03
-9.517110614565824078e-03
-9.393399488275418555e-03
-9.272353366697556540e-03
-9.154883061078896225e-03
-9.041883314936802890e-03
-8.934228673935232928e-03
-8.832769768295467908e-03
-8.738329887745151237e-03
-8.651701699662285930e-03
-8.573643947393459405e-03
-8.504877964920901090e-03
-8.446083872121272831e-03
-8.397896348890203366e-03
-8.360899947252142805e-03
-8.335623967945956364e-03
-8.322536999646223607e-03
-8.322041291035767174e-03
-8.334467183589275643e-03
-8.360067875768780951e-03
-8.399014804370434628e-03
-8.451393918510619746e-03
-8.517203084129178550e-03
-8.596350790773825759e-03
-8.688656253611586056e-03
-8.793850908235263664e-03
-8.911581198880472870e-03
-9.041412477061975400e-03
-9.182833753223443307e-03
-9.335262993910150783e-03
-9.498052638772470566e-03
-9.670495014393556965e-03
-9.851827364159598810e-03
-1.004123627135440795e-02
-1.023786134220735014e-02
-1.044079811326995878e-02
-1.064910025588880656e-02
-1.086178124790221355e-02
-1.107781577122490639e-02
-1.129614114905020533e-02
-1.151565915606610029e-02
-1.173523851391842544e-02
-1.195371831779256516e-02
-1.216991254373111890e-02
-1.238261566344621076e-02
-1.259060927409534798e-02
-1.279266954550827007e-02
-1.298757522024707178e-02
-1.317411588463580051e-02
-1.335110025996784182e-02
-1.351736433740326898e-02
-1.367177927923468074e-02
-1.381325910414904316e-02
-1.394076825306268461e-02
-1.405332916136935520e-02
-1.415002995315754741e-02
-1.423003231463473156e-02
-1.429257952967746999e-02
-1.433700457937724625e-02
-1.436273815420748695e-02
-1.436931641351066845e-02
-1.435638834968731153e-02
-1.432372267364100116e-02
-1.427121420705479080e-02
-1.419888981694202024e-02
-1.410691394914702357e-02
-1.399559378091502597e-02
-1.386538392522640960e-02
-1.371689048956736996e-02
-1.355087413659767856e-02
-1.336825164710168067e-02
-1.317009537156453754e-02
-1.295762991035776662e-02
-1.273222540496459290e-02
-1.249538697249368176e-02
-1.224874006756755673e-02
-1.199401190187431021e-02
-1.173300944515561807e-02
-1.146759492736016024e-02
-1.119966009298207187e-02
-1.093110066843087577e-02
-1.066379255747004241e-02
-1.039957115348136459e-02
-1.014021487985551292e-02
-9.887433669955949384e-03
-9.642862627424992478e-03
-9.408060615958462394e-03
-9.184513056160919717e-03
-8.973637789777935345e-03
-8.776792544584730016e-03
-8.595282322392072336e-03
-8.430364987341155969e-03
-8.283253469516993830e-03
-8.155113351737811045e-03
-8.047055155283960176e-03
-7.960121334417705891e-03
-7.895268739936824043e-03
-7.853347998167850563e-03
-7.835081764548945671e-03
-7.841044041532669803e-03
-7.871642663271947657e-03
-7.927106650314638681e-03
-8.007479488431020961e-03
-8.112618611556654535e-03
-8.242200586093872960e-03
-8.395730843303722546e-03
-8.572556390907520169e-03
-8.771879792333472925e-03
-8.992772851494284375e-03
-9.234188800627521690e-03
-9.494972272459255638e-03
-9.773866823992692632e-03
-1.006952016238906247e-02
-1.038048744980092988e-02
-1.070523312948032206e-02
-1.104213167450226844e-02
-1.138946759003035651e-02
-1.174543499251414456e-02
-1.210813717256451968e-02
-1.247558672087467277e-02
-1.284570697437176917e-02
-1.321633562676617808e-02
-1.358523123592639617e-02
-1.395008300944641788e-02
-1.430852370049774322e-02
-1.465814482881620286e-02
-1.499651296206165607e-02
-1.532118563475558595e-02
-1.562972577544406369e-02
-1.591971421216181737e-02
-1.618876077913143988e-02
-1.643451544020617036e-02
-1.665468138427849548e-02
-1.684703200504485132e-02
-1.700943302427940576e-02
-1.713986993066698300e-02
-1.723647972248300991e-02
-1.729758504916058259e-02
-1.732172849450691263e-02
-1.730770498940483598e-02
-1.725459097996462007e-02
-1.716176969791909090e-02
-1.702895237633693035e-02
-1.685619540861307136e-02
-1.664391331947664629e-02
-1.639288721175910513e-02
-1.610426828726622961e-02
-1.577957620153206536e-02
-1.542069233279330133e-02
-1.502984830424441975e-02
-1.460961003322262461e-02
-1.416285706826793389e-02
-1.369275610497414780e-02
-1.320272675128306671e-02
-1.269639736405327526e-02
-1.217754955599318310e-02
-1.165005184610657871e-02
-1.111778553274297976e-02
-1.058456846623346062e-02
-1.005408420732091697e-02
-9.529824547693773254e-03
-9.015052394433233432e-03
-8.512789810702558677e-03
-8.025832962242303303e-03
-7.556792260894353540e-03
-7.108152502563046260e-03
-6.682344588180027037e-03
-6.281817905104153388e-03
-5.909101106820651220e-03
-5.566839369317825095e-03
-5.257798568227840807e-03
-4.984831168160272497e-03
-4.750804402444603648e-03
-4.558497491361213766e-03
-4.410479946735834829e-03
-4.308986285970375744e-03
-4.255803092548756696e-03
-4.252182292399583896e-03
-4.298790347947805367e-03
-4.395697685338000385e-03
-4.542406995845566300e-03
-4.737913870532328361e-03
-4.980789112364197163e-03
-5.269269479045526373e-03
-5.601342931504742738e-03
-5.974816011049054014e-03
-6.387354859704581431e-03
-6.836497298275236514e-03
-7.319640307519247567e-03
-7.834013603283741453e-03
-8.376653844652463821e-03
-8.944393850470650636e-03
-9.533876588808831709e-03
-1.014159573012950177e-02
-1.076395559249394146e-02
-1.139733630496594236e-02
-1.203814741415416313e-02
-1.268285601609649843e-02
-1.332798300832192459e-02
-1.397007078451723699e-02
-1.460563435089314889e-02
-1.523111245792773544e-02
-1.584283437439732919e-02
-1.643701185347034091e-02
-1.700975695482593794e-02
-1.755711788130312825e-02
-1.807511979025568441e-02
-1.855979725110611447e-02
-1.900720948970912802e-02
-1.941343701364037222e-02
-1.977456591569198147e-02
-2.008667147210745074e-02
-2.034581402131035652e-02
-2.054805770309395263e-02
-2.068951805903736230e-02
-2.076643987566615182e-02
-2.077530336219641366e-02
-2.071295479115857138e-02
-2.057675595778744176e-02
-2.036474407099261169e-02
-2.007578977741279053e-02
-1.970973710020472100e-02
-1.926750711048318479e-02
-1.875114889763359466e-02
-1.816382752067161044e-02
-1.750974822319651888e-02
-1.679402706837076695e-02
-1.602252737595732598e-02
-1.520168616546972370e-02
-1.433835356173051093e-02
-1.343966088575453653e-02
-1.251292191238515851e-02
-1.156555986969967989e-02
-1.060504383017887506e-02
-9.638814970802709811e-03
-8.674186844820741538e-03
-7.718213481918884816e-03
-6.777532426144153993e-03
-5.858203373581209565e-03
-4.965573273863796259e-03
-4.104202400734332373e-03
-3.277880961998970877e-03
-2.489752110472051236e-03
-1.742536853788011035e-03
-1.038833570516830684e-03
-3.814451067380092777e-04
2.263249809637260176e-04
7.804650708307758582e-04
1.276182247587789951e-03
1.707985859098174082e-03
2.069923213381528147e-03
2.355936854871966066e-03
2.560293671173869898e-03
2.678026791165634760e-03
2.705332221247642131e-03
2.639871554192548854e-03
2.480946915631609094e-03
2.229531858792689180e-03
1.888160292169748303e-03
1.460693512851439588e-03
9.520017218379384430e-04
3.676088604070168551e-04
-2.866448871131476589e-04
-1.004873238010638853e-03
-1.781313239370217304e-03
-2.610386494531869578e-03
-3.486673621473308608e-03
-4.404845866841977653e-03
-5.359604969305218139e-03
-6.345670257060291759e-03
-7.357824231401542681e-03
-8.390995031158109130e-03
-9.440329454347255039e-03
-1.050120405080650840e-02
-1.156913757680087460e-02
-1.263960082592608183e-02
-1.370775808447965635e-02
-1.476820438743697492e-02
-1.581477315412398166e-02
-1.684047528965759710e-02
-1.783759773618546346e-02
-1.879794795390474921e-02
-1.971319445021960104e-02
-2.057523286082454245e-02
-2.137650652481293267e-02
-2.211022761546703463e-02
-2.277047257999607888e-02
-2.335215501298294402e-02
-2.385090234779388071e-02
-2.426287535041519311e-02
-2.458457102828390251e-02
-2.481264353089175992e-02
-2.494376886942455823e-02
-2.497457187398712322e-02
-2.490162912279626772e-02
-2.472155800676722331e-02
-2.443119648173702058e-02
-2.402786782095173851e-02
-2.350970972429047151e-02
-2.287603045221063558e-02
-2.212764140629255513e-02
-2.126711117714895002e-02
-2.029889402299388940e-02
-1.922930604954165013e-02
-1.806635120860297650e-02
-1.681942969931900234e-02
-1.549898524017862336e-02
-1.411615782160570085e-02
-1.268250110106137855e-02
-1.120979954860332542e-02
-9.709985798174955787e-03
-8.195123098787870583e-03
-6.677392036054872505e-03
-5.169013448523794574e-03
-3.682054480047184004e-03
-2.228099449756226064e-03
-8.178131477957497307e-04
5.395312397182491521e-04
1.836457287656424178e-03
3.067515880373233340e-03
4.229256788813939329e-03
5.319905221186844654e-03
6.338769604433925828e-03
7.285467772286152027e-03
8.159102858723361190e-03
8.957536626010778255e-03
9.676893241580022259e-03
1.031138512577218710e-02
1.085349489287871887e-02
1.129448662236085150e-02
1.162516775941511635e-02
1.183678811569090911e-02
1.192194808432808263e-02
1.187539330677380572e-02
1.169459393166745985e-02
1.138003877469767090e-02
1.093521385675562743e-02
1.036627707616782045e-02
9.681482020761879997e-03
8.890439233276701755e-03
8.003326909381280191e-03
7.030169368263382637e-03
5.980286635072832452e-03
4.861981922256775751e-03
3.682481378601575039e-03
2.448084286334223803e-03
1.164437989777443536e-03
-1.631652523886558195e-04
-1.529556223472898881e-03
-2.929564967152973980e-03
-4.357995204845980380e-03
-5.809644089611424277e-03
-7.279298091032245996e-03
-8.761650020732375185e-03
-1.025111900073239456e-02
-1.174159914273230701e-02
-1.322619763251712058e-02
-1.469703711699508510e-02
-1.614518673517034014e-02
-1.756075512337446076e-02
-1.893313824870889936e-02
-2.025137848910649185e-02
-2.150456988233304806e-02
-2.268224225490598350e-02
-2.377467127042892647e-02
-2.477308497963465195e-02
-2.566976201069539817e-02
-2.645803578212490778e-02
-2.713222974585433739e-02
-2.768755040554021774e-02
-2.811996000860947711e-02
-2.842604337243750945e-02
-2.860287762442825094e-02
-2.864791273311629444e-02
-2.855887494520494008e-02
-2.833371202578774395e-02
-2.797060394927258081e-02
-2.746806079800909531e-02
-2.682511852854393281e-02
-2.604162385902673155e-02
-2.511857628571644019e-02
-2.405847489377718404e-02
-2.286560703728065039e-02
-2.154621973756536135e-02
-2.010853355511226306e-02
-1.856258922027457028e-02
-1.691995239675930102e-02
-1.519333264315281262e-02
-1.339619027192756606e-02
-1.154240337864632926e-02
-9.646045577126866055e-03
-7.721287575331252546e-03
-5.782392679860198434e-03
-3.843740537648097054e-03
-1.919796764825961767e-03
-2.495529752081647630e-05
1.826785654795100343e-03
3.622302935375041298e-03
5.349919235496720937e-03
6.999961071251592157e-03
8.565182862411861719e-03
1.004094826770449492e-02
1.142509928171514880e-02
1.271750153573406733e-02
1.391931770515346389e-02
1.503211549498408017e-02
1.605695011566495370e-02
1.699356650249804132e-02
1.783984373018582606e-02
1.859155965948721886e-02
1.924249878139797781e-02
1.978487266504090278e-02
2.020998048155617580e-02
2.050901261609749254e-02
2.067389416574024613e-02
2.069807372693129727e-02
2.057718061241622931e-02
2.030949493493105357e-02
1.989619620960710739e-02
1.934137614659525717e-02
1.865182086184142760e-02
1.783658782030413115e-02
1.690642322767564598e-02
1.587308412755307832e-02
1.474864238155863122e-02
1.354485088534264359e-02
1.227264285828512727e-02
1.094181253013554178e-02
9.560893205498709191e-03
8.137213086548873014e-03
6.677079001891528427e-03
5.186021490975365258e-03
3.669036247939574339e-03
2.130775748340384135e-03
5.756740774481849954e-04
-9.919829027240278842e-04
-2.568010772299750971e-03
-4.148268175387004493e-03
-5.728562817310362161e-03
-7.304517521003438263e-03
-8.871412416794871580e-03
-1.042403335652445848e-02
-1.195656030122060204e-02
-1.346252243417406583e-02
-1.493483203442930174e-02
-1.636589171971472231e-02
-1.774775497329986879e-02
-1.907231203537827074e-02
-2.033147372304738854e-02
-2.151733307413171425e-02
-2.262229538104012019e-02
-2.363917725309190587e-02
-2.456128191484521772e-02
-2.538245985204639482e-02
-2.609716165488024098e-02
-2.670048502717178168e-02
-2.718821241985424492e-02
-2.755683152303563949e-02
-2.780352947151010917e-02
-2.792615398110563640e-02
-2.792314073511003442e-02
-2.779341510770864596e-02
-2.753628566517019038e-02
-2.715135414032680480e-02
-2.663846908574336869e-02
-2.599774642493966198e-02
-2.522966943243114962e-02
-2.433526496179180126e-02
-2.331633532953351559e-02
-2.217571032401274497e-02
-2.091747526589548406e-02
-1.954713147658579744e-02
-1.807165541389307156e-02
-1.649944036786890611e-02
-1.484012635441692152e-02
-1.310434497663653941e-02
-1.130342170502396382e-02
-9.449084356061572543e-03
-7.553221552498451223e-03
-5.627719312637837271e-03
-3.684381128846100917e-03
-1.734912658575662233e-03
2.090670471469198953e-04
2.136034591572397168e-03
4.034633968615342590e-03
5.893836789320895490e-03
7.703192234919168518e-03
9.453141721428083913e-03
1.113535178271845422e-02
1.274300697864873266e-02
1.427100518959892664e-02
1.571601015623733805e-02
1.707633784189363513e-02
1.835167976694790024e-02
1.954269283264088025e-02
2.065050652256725239e-02
2.167621104226311393e-02
2.262039199338379894e-02
2.348276867701164228e-02
2.426197616790029890e-02
2.495550941066984260e-02
2.555982493933304026e-02
2.607057632460819258e-02
2.648294597830200964e-02
2.679202983953334061e-02
2.699323244524347992e-02
2.708263632015029884e-02
2.705731908378236281e-02
2.691560165707223076e-02
2.665721949016965076e-02
2.628341479903862146e-02
2.579695142296858923e-02
2.520205591728297626e-02
2.450429005484179579e-02
2.371036204639935530e-02
2.282788696874155088e-02
2.186511087775332152e-02
2.083061704847919554e-02
1.973303560812568469e-02
1.858077847043233116e-02
1.738181929901587777e-02
1.614353317445834518e-02
1.487260330294023353e-02
1.357499362642702011e-02
1.225597806109703092e-02
1.092021084496754696e-02
9.571819340410245638e-03
8.214501204273324739e-03
6.851611831011855322e-03
5.486234270192636917e-03
4.121230721136049345e-03
2.759280441650632104e-03
1.402912136950522836e-03
5.453910531601820905e-05
-1.283497023494670382e-03
-2.608872181345720485e-03
-3.919217971526472132e-03
-5.212058049564385030e-03
-6.484750584952323621e-03
-7.734444348195062234e-03
-8.958053893529667466e-03
-1.015225603575419487e-02
-1.131350625022067846e-02
-1.243807066510793820e-02
-1.352206768285232376e-02
-1.456151327173251138e-02
-1.555236543548822910e-02
-1.649056572590876929e-02
-1.737207813993258548e-02
-1.819292760859637231e-02
-1.894924106780303610e-02
-1.963729365899917478e-02
-2.025356113626550908e-02
-2.079477746108699537e-02
-2.125799436316344604e-02
-2.164063782008445597e-02
-2.194055535748590940e-02
-2.215604804685202683e-02
-2.228588217306076702e-02
-2.232927768769217905e-02
-2.228587351540682604e-02
-2.215567315660487216e-02
-2.193897731760032985e-02
-2.163631294547430778e-02
-2.124836950906057453e-02
-2.077595325620115729e-02
-2.021996831694390651e-02
-1.958143004731684872e-02
-1.886151135613599664e-02
-1.806161763274978169e-02
-1.718348113871120270e-02
-1.622926216651913306e-02
-1.520164255449361380e-02
-1.410389762484394460e-02
-1.293993524552585796e-02
-1.171429511991817218e-02
-1.043210687672394173e-02
-9.099011202248152852e-03
-7.721053205516386318e-03
-6.304560632949035917e-03
-4.856020881837094620e-03
-3.381969784658147779e-03
-1.888902034510203968e-03
-3.832084710038766422e-04
1.128859871866288436e-03
2.641206026733671809e-03
4.147888424842781363e-03
5.643119794883719870e-03
7.121273657646332370e-03
8.576905970777742166e-03
1.000479558325469143e-02
1.140000267015887393e-02
1.275794009691981479e-02
1.407444945121542369e-02
1.534587175919929943e-02
1.656910285518985171e-02
1.774162488050278971e-02
1.886150811635219082e-02
1.992738083054332310e-02
2.093836851450609979e-02
2.189400731395556993e-02
2.279413920535172666e-02
2.363879825133759910e-02
2.442809793022888282e-02
2.516212906983676667e-02
2.584087644332325184e-02
2.646415984017937845e-02
2.703160272004737422e-02
2.754262873821493318e-02
2.799648384033943602e-02
2.839227954054527464e-02
2.872905162314955824e-02
2.900582791892723430e-02
2.922169897691385271e-02
2.937588624651703284e-02
2.946780359721615922e-02
2.949710940017663888e-02
2.946374774947197600e-02
2.936797853486400670e-02
2.921039687974678195e-02
2.899194289968220345e-02
2.871390285044023855e-02
2.837790261414924881e-02
2.798589422740302424e-02
2.754013590288745955e-02
2.704316583281455438e-02
2.649777004687883797e-02
2.590694474762315902e-02
2.527385383847628730e-02
2.460178273739675736e-02
2.389408995372123770e-02
2.315415822058020448e-02
2.238534715268581526e-02
2.159094939869302468e-02
2.077415206713961737e-02
1.993800484620395636e-02
1.908539574837277153e-02
1.821903485308619744e-02
1.734144584889814322e-02
1.645496465665850783e-02
1.556174399165703541e-02
1.466376243605057271e-02
1.376283646531421996e-02
1.286063391056060934e-02
1.195868752955041650e-02
1.105840767528688644e-02
1.016109344619387997e-02
9.267942118155824902e-03
8.380057042258633876e-03
7.498454486194609629e-03
6.624070069945364736e-03
5.757765481863953011e-03
4.900336066707682708e-03
4.052519682262825315e-03
3.215006964558080396e-03
2.388452869743543355e-03
1.573489116625547291e-03
7.707369709454374961e-04
-1.918028620225388850e-05
-7.956258712254256783e-04
-1.557939576906518589e-03
-2.305429854721590278e-03
-3.037368145681900063e-03
-3.752985502757631014e-03
-4.451471363460246522e-03
-5.131974194563517291e-03
-5.793603655004298664e-03
-6.435433916366906787e-03
-7.056507835274538828e-03
-7.655841769040865746e-03
-8.232430946246671946e-03
-8.785255418016070170e-03
-9.313286703634252039e-03
-9.815495289064073495e-03
-1.029085913220104120e-02
-1.073837327281242267e-02
-1.115706054980455594e-02
-1.154598330604388219e-02
-1.190425582626409261e-02
-1.223105712902430517e-02
-1.252564362720082897e-02
-1.278736110345549473e-02
-1.301565541890989386e-02
-1.321008139275388002e-02
-1.337030935694046019e-02
-1.349612899750502956e-02
-1.358745023698090283e-02
-1.364430107968911399e-02
-1.366682252254425647e-02
-1.365526081320125699e-02
-1.360995750515629939e-02
-1.353133789984299618e-02
-1.341989856991420219e-02
-1.327619471512333366e-02
-1.310082810942607076e-02
-1.289443634977080130e-02
-1.265768401878280061e-02
-1.239125622896144335e-02
-1.209585483739687023e-02
-1.177219741884384316e-02
-1.142101887829763060e-02
-1.104307538673099734e-02
-1.063915015218543786e-02
-1.021006040678367963e-02
-9.756664906837093226e-03
-9.279871216637716747e-03
-8.780642075659275680e-03
-8.260000232426782663e-03
-7.719031255766653846e-03
-7.158883995335108170e-03
-6.580768544640768110e-03
-5.985951743578184908e-03
-5.375750431308118013e-03
-4.751522809267424985e-03
-4.114658386541247131e-03
-3.466567051665092603e-03
-2.808667839242925089e-03
-2.142377938774541173e-03
-1.469102433931084549e-03
-7.902251660597077367e-04
-1.071010017037940781e-04
5.789503424307118834e-04
1.266648888773436567e-03
1.954757487172869429e-03
2.642083581532480956e-03
3.327479901851387780e-03
4.009844367430698969e-03
4.688119497790389778e-03
5.361291611067563537e-03
6.028390051524826730e-03
6.688486633879571659e-03
7.340695428940134659e-03
7.984172950252449094e-03
8.618118738813431573e-03
9.241776290656769643e-03
9.854434230206607706e-03
1.045542760528347069e-02
1.104413916631357198e-02
1.162000049291152422e-02
1.218249284261899157e-02
1.273114761769561509e-02
1.326554637273397869e-02
1.378532031639343250e-02
1.429014929128560700e-02
1.477976024498620956e-02
1.525392523155663996e-02
1.571245900307286641e-02
1.615521626721245704e-02
1.658208869661892751e-02
1.699300178113119161e-02
1.738791161325698928e-02
1.776680169403792309e-02
1.812967983771070560e-02
1.847657524422880587e-02
1.880753579585095481e-02
1.912262562120573342e-02
1.942192295667935845e-02
1.970551832147166005e-02
1.997351301027773529e-02
2.022601789625036103e-02
2.046315252698240397e-02
2.068504448850438937e-02
2.089182900571046053e-02
2.108364874373968439e-02
2.126065377215944491e-02
2.142300165330912262e-02
2.157085761686203945e-02
2.170439478490183982e-02
2.182379441502339118e-02
2.192924613301022729e-02
2.202094813137489906e-02
2.209910731431846340e-02
2.216393937555068486e-02
2.221566879909798661e-02
2.225452877853301495e-02
2.228076105325462949e-02
2.229461566479873716e-02
2.229635063786319232e-02
2.228623159410822105e-02
2.226453130759299681e-02
2.223152921212723926e-02
2.218751087129472097e-02
2.213276742177837375e-02
2.206759500045814282e-02
2.199229416491291916e-02
2.190716931592696232e-02
2.181252812962112403e-02
2.170868100508411419e-02
2.159594053239475425e-02
2.147462098416722670e-02
2.134503783239475455e-02
2.120750729113152211e-02
2.106234588417866746e-02
2.090987003590218107e-02
2.075039568259107528e-02
2.058423790090580657e-02
2.041171054980393806e-02
2.023312592174952157e-02
2.004879439974004834e-02
1.985902411622123692e-02
1.966412061089620536e-02
1.946438648504487598e-02
1.926012105050562903e-02
1.905161997258189577e-02
1.883917490677993259e-02
1.862307313030532943e-02
1.840359717016307531e-02
1.818102443004382396e-02
1.795562681950426537e-02
1.772767038871993564e-02
1.749741497295103851e-02
1.726511385089472134e-02
1.703101342106154437e-02
1.679535290027687339e-02
1.655836404822138078e-02
1.632027092133827087e-02
1.608128965923914452e-02
1.584162830597565103e-02
1.560148666795020157e-02
1.536105620980390656e-02
1.512051998878445255e-02
1.488005262745769122e-02
1.463982032422169940e-02
1.439998090039460235e-02
1.416068388212050715e-02
1.392207061507095070e-02
1.368427440947732332e-02
1.344742071267255278e-02
1.321162730631953060e-02
1.297700452519148090e-02
1.274365549444346837e-02
1.251167638220235939e-02
1.228115666438263018e-02
1.205217939886486268e-02
1.182482150618067648e-02
1.159915405399009405e-02
1.137524254308133580e-02
1.115314719254312421e-02
1.093292322226256316e-02
1.071462113092475424e-02
1.049828696818171959e-02
1.028396259960459407e-02
1.007168596349865275e-02
9.861491318829259875e-03
9.653409483569283522e-03
9.447468063217331208e-03
9.243691669133958372e-03
9.042102126654004771e-03
8.842718673085912806e-03
8.645558145636443245e-03
8.450635159651683978e-03
8.257962277260949210e-03
8.067550167059376470e-03
7.879407754966283664e-03
7.693542366875460829e-03
7.509959863359555801e-03
7.328664767000946621e-03
7.149660382621313495e-03
6.972948910901319297e-03
6.798531555746256325e-03
6.626408625704650716e-03
6.456579629770705687e-03
6.289043367894250891e-03
6.123798016387722518e-03
5.960841208508828835e-03
5.800170110360543078e-03
5.641781492360765232e-03
5.485671796357055076e-03
5.331837198513220480e-03
5.180273668118365316e-03
5.030977022390672494e-03
4.883942977374265346e-03
4.739167194976206046e-03
4.596645326241911855e-03
4.456373050937702425e-03
4.318346113499795316e-03
4.182560355453788896e-03
4.049011744317128694e-03
3.917696399177616334e-03
3.788610612918529279e-03
3.661750871310483907e-03
3.537113868982604773e-03
3.414696522456139600e-03
3.294495980340766614e-03
3.176509630846818897e-03
3.060735106756105016e-03
2.947170287980916282e-03
2.835813301915856861e-03
2.726662521697583060e-03
2.619716562582731501e-03
2.514974276590742179e-03
2.412434745573047937e-03
2.312097272929876119e-03
2.213961374059607908e-03
2.118026765801899608e-03
2.024293354977759786e-03
1.932761226204369760e-03
1.843430629100182173e-03
1.756301965124304736e-03
1.671375774016430928e-03
1.588652720157283493e-03
1.508133578828739106e-03
1.429819222528090931e-03
1.353710607439729098e-03
1.279808760131682759e-03
1.208114764599099895e-03
1.138629749639228023e-03
1.071354876696948601e-03
1.006291328182942497e-03
9.434402963227615010e-04
8.828029725128968414e-04
8.243805372992334167e-04
7.681741508825308019e-04
7.141849442431438301e-04
6.624140107779458685e-04
6.128623985597765871e-04
5.655311031223201213e-04
5.204210607441140269e-04
4.775331422472709115e-04
4.368681472690581465e-04
3.984267989194930173e-04
3.622097388738209061e-04
3.282175227908505459e-04
2.964506160531457483e-04
2.669093897253756306e-04
2.395941168094139042e-04
2.145049685897443444e-04
1.916420111673570841e-04
1.710052020371043656e-04
1.525943867180780075e-04
1.364092953820110205e-04
0.000000000000000000e+00
