1.927297289769640265e-02
2.202693800028169072e-04
2.834406358197521375e-04
3.441344420485699038e-04
4.039145459889268222e-04
4.638828065872246248e-04
5.248049204155174827e-04
5.872022368563333677e-04
6.514188847862390289e-04
7.176708819320700219e-04
7.860820713768588638e-04
8.567104113738717094e-04
9.295671897214044521e-04
1.004631041735420428e-03
1.081858147690929143e-03
1.161189618933448301e-03
1.242556814672842770e-03
1.325885135595053586e-03
1.411096697313391195e-03
1.498112181326275404e-03
1.586852083749568185e-03
1.677237524964102829e-03
1.769190741195754858e-03
1.862635347718742326e-03
1.957496440360738735e-03
2.053700584604156200e-03
2.151175729111531095e-03
2.249851070469459889e-03
2.349656889510250927e-03
2.450524373615097992e-03
2.552385435981719807e-03
2.655172539612461833e-03
2.758818531637913067e-03
2.863256492050842567e-03
2.968419599635062009e-03
3.074241016936363029e-03
3.180653795626883253e-03
3.287590802868250138e-03
3.394984669210861401e-03
3.502767757960515912e-03
3.610872156037173413e-03
3.719229686045535596e-03
3.827771939083246706e-03
3.936430327969348171e-03
4.045136160083801641e-03
4.153820729417326794e-03
4.262415426910855926e-03
4.370851868351578393e-03
4.479062038989377499e-03
4.586978453834664529e-03
4.694534332692849171e-03
4.801663788724444548e-03
4.908302029460083482e-03
5.014385568948100981e-03
5.119852449510463831e-03
5.224642472023721153e-03
5.328697432828415764e-03
5.431961365859896106e-03
5.534380788335289611e-03
5.635904948122550696e-03
5.736486071143066974e-03
5.836079606824102345e-03
5.934644469753197482e-03
6.032143275636983083e-03
6.128542569573177529e-03
6.223813044699310140e-03
6.317929749235268351e-03
6.410872280151786069e-03
6.502624961262676480e-03
6.593177004404898733e-03
6.682522651369664571e-03
6.770661295364449779e-03
6.857597580257985756e-03
6.943341476029225162e-03
7.027908329242053137e-03
7.111318887280657954e-03
7.193599295278159736e-03
7.274781064763465553e-03
7.354901013464313492e-03
7.434001175571111446e-03
7.512128682113801935e-03
7.589335611414764309e-03
7.665678809500773259e-03
7.741219680815927644e-03
7.816023949676897953e-03
7.890161393249457006e-03
7.963705546887014583e-03
8.036733383047544102e-03
8.109324965306658611e-03
8.181563079056085666e-03
8.253532840906303847e-03
8.325321289024507562e-03
8.397016956941099480e-03
8.468709433583652968e-03
8.540488912733047722e-03
8.612445735205809250e-03
8.684669927439643208e-03
8.757250740550719115e-03
8.830276194093282863e-03
8.903832628920711062e-03
8.978004274163972273e-03
9.052872833131903746e-03
9.128517093579729957e-03
9.205012567359574516e-03
9.282431165610005586e-03
9.360840914329860568e-03
9.440305716575852005e-03
9.520885166651886500e-03
9.602634421507702522e-03
9.685604135274052812e-03
9.769840461268690032e-03
9.855385126645542504e-03
9.942275583750539644e-03
1.003054524183927786e-02
1.012022378235185455e-02
1.021133756015644642e-02
1.030391009208464145e-02
1.039796263381787683e-02
1.049351484446342520e-02
1.059058553777198451e-02
1.068919351748475258e-02
1.078935849326778315e-02
1.089110207236740693e-02
1.099444882152036083e-02
1.109942739139239964e-02
1.120607169570282668e-02
1.131442213562781039e-02
1.142452685887971817e-02
1.153644304205367170e-02
1.165023818405024579e-02
1.176599139756163634e-02
1.188379468475920728e-02
1.200375418355073207e-02
1.212599136970412758e-02
1.225064420091934517e-02
1.237786818850649014e-02
1.250783738306898707e-02
1.264074526129756876e-02
1.277680550139879620e-02
1.291625263662466230e-02
1.305934257663835495e-02
1.320635298928932860e-02
1.335758353577255406e-02
1.351335595519208982e-02
1.367401399605970569e-02
1.383992319448308639e-02
1.401147050124530551e-02
1.418906376216071477e-02
1.437313105856851889e-02
1.456411991669454356e-02
1.476249639738687162e-02
1.496874407916117151e-02
1.518336294980015579e-02
1.540686822316839934e-02
1.563978909911081100e-02
1.588266748599397385e-02
1.613605670512045787e-02
1.640052019791872484e-02
1.667663025538131116e-02
1.696496679034723010e-02
1.726611617099470947e-02
1.758067013380146953e-02
1.790922479215964133e-02
1.825237975516189742e-02
1.861073736863116945e-02
1.898490208821602271e-02
1.937547999178288252e-02
1.978307843471772964e-02
2.020830584975386035e-02
2.065177168875842462e-02
2.111408650209576493e-02
2.159586214665801251e-02
2.209771211237945843e-02
2.262025195304327371e-02
2.316409980598350959e-02
2.372987698244120522e-02
2.431820860939242976e-02
2.492972430198057976e-02
2.556505884564121145e-02
2.622485286651945330e-02
2.690975346932833120e-02
2.762041482282757976e-02
2.835749867443740357e-02
2.912167477751299860e-02
2.991362121718321027e-02
3.073402462329557702e-02
3.158358026160482113e-02
3.246299199828217574e-02
3.337297213489345826e-02
3.431424111490590650e-02
3.528752710545948051e-02
3.629356546053756627e-02
3.733309807501963840e-02
3.840687263976746979e-02
3.951564181065899545e-02
4.066016230482674687e-02
4.184119393825970479e-02
4.305949861890986247e-02
4.431583930911312669e-02
4.561097897013302593e-02
4.694567950104699960e-02
4.832070068182607592e-02
4.973679912979282747e-02
5.119472727582106975e-02
5.269523236588107007e-02
5.423905549023130823e-02
5.582693064252527981e-02
5.745958380765366080e-02
5.913773207723377334e-02
6.086208278918105175e-02
6.263333268791473896e-02
6.445216709995239823e-02
6.631925912010373791e-02
6.823526880276327422e-02
7.020084235276771722e-02
7.221661131104167852e-02
7.428319172972414064e-02
7.640118333360823577e-02
7.857116866331106952e-02
8.079371219840375540e-02
8.306935945820412281e-02
8.539863607945685775e-02
8.778204687037104159e-02
9.022007484199014160e-02
9.271318021774195561e-02
9.526179942340021189e-02
9.786634405925963287e-02
1.005271998577106501e-01
1.032447256289293624e-01
1.060192521977060126e-01
1.088510813343975675e-01
1.117404846836745902e-01
1.146877026929674637e-01
1.176929435445380201e-01
1.207563820925963843e-01
1.238781588089306884e-01
1.270583787382392194e-01
1.302971104660463897e-01
1.335943851006846095e-01
1.369501952714386184e-01
1.403644941448398964e-01
1.438371944613575371e-01
1.473681675944722158e-01
1.509572426351324381e-01
1.546042055038706065e-01
1.583087980944976325e-01
1.620707174521338056e-01
1.658896149902436279e-01
1.697650957502334912e-01
1.736967177091316428e-01
1.776839911391179250e-01
1.817263780255622962e-01
1.858232915473322922e-01
1.899740956263208658e-01
1.941781045510541925e-01
1.984345826799068790e-01
2.027427442297484173e-01
2.071017531556213487e-01
2.115107231255525799e-01
2.159687175970203821e-01
2.204747499980986847e-01
2.250277840188166234e-01
2.296267340158479886e-01
2.342704655345424491e-01
2.389577959511354766e-01
2.436874952380199133e-01
2.484582868544743528e-01
2.532688487645037290e-01
2.581178145835130167e-01
2.630037748547762733e-01
2.679252784566400480e-01
2.728808341401717796e-01
2.778689121980094101e-01
2.828879462630937702e-01
2.879363352368479734e-01
2.930124453454151512e-01
2.981146123221334876e-01
3.032411437143084920e-01
3.083903213115290476e-01
3.135604036929695027e-01
3.187496288895387275e-01
3.239562171582857641e-01
3.291783738634789791e-01
3.344142924607465539e-01
3.396621575786845648e-01
3.449201481926544854e-01
3.501864408848447963e-01
3.554592131840155766e-01
3.607366469791351560e-01
3.660169319986612546e-01
3.712982693491889696e-01
3.765788751053261718e-01
3.818569839425272061e-01
3.871308528055721343e-01
3.923987646030066556e-01
3.976590319196849355e-01
4.029100007382014348e-01
4.081500541598930276e-01
4.133776161166441421e-01
4.185911550632710476e-01
4.237891876420264436e-01
4.289702823086739558e-01
4.341330629110433659e-01
4.392762122102455979e-01
4.443984753347663408e-01
4.494986631578922198e-01
4.545756555885269168e-01
4.596284047660381678e-01
4.646559381497121777e-01
4.696573614924032247e-01
4.746318616901701315e-01
4.795787094973555376e-01
4.844972620988827194e-01
4.893869655294422194e-01
4.942473569315239401e-01
4.990780666427514500e-01
5.038788201039988701e-01
5.086494395789781242e-01
5.133898456781750275e-01
5.181000586774719974e-01
5.227801996239141991e-01
5.274304912217326891e-01
5.320512584897123531e-01
5.366429291837984117e-01
5.412060339785529361e-01
5.457412063998300367e-01
5.502491825047257645e-01
5.547308003018068812e-01
5.591869989085263004e-01
5.636188174402472217e-01
5.680273936286419634e-01
5.724139621660142563e-01
5.767798527735524816e-01
5.811264879926436588e-01
5.854553806977856878e-01
5.897681313323716035e-01
5.940664248676403858e-01
5.983520274870367528e-01
6.026267829982789870e-01
6.068926089775432686e-01
6.111514926489564070e-01
6.154054865062681401e-01
6.196567036811996276e-01
6.239073130673327139e-01
6.281595342058294840e-01
6.324156319431588624e-01
6.366779108699366363e-01
6.409487095514796451e-01
6.452303945619985992e-01
6.495253543341988900e-01
6.538359928379809949e-01
6.581647231019238653e-01
6.625139605927468089e-01
6.668861164677170050e-01
6.712835907174263816e-01
6.757087652151116952e-01
6.801639966910926205e-01
6.846516096503291182e-01
6.891738892532883742e-01
6.937330741787596233e-01
6.983313494904241914e-01
7.029708395271289101e-01
7.076536008395692967e-01
7.123816151943495045e-01
7.171567826691449543e-01
7.219809148605891291e-01
7.268557282296459476e-01
7.317828376067527785e-01
7.367637498810521990e-01
7.417998578981443991e-01
7.468924345891843064e-01
7.520426273571284570e-01
7.572514527421567720e-01
7.625197913923176252e-01
7.678483833611300380e-01
7.732378237572001822e-01
7.786885587677319087e-01
7.842008820789292400e-01
7.897749317154251214e-01
7.954106873195212479e-01
8.011079678908671342e-01
8.068664300059391614e-01
8.126855665360714909e-01
8.185647058806035936e-01
8.245030117312892592e-01
8.304994833827477052e-01
8.365529566005912576e-01
8.426621050595523021e-01
8.488254423591828912e-01
8.550413246258364852e-01
8.613079537038219602e-01
8.676233809400035746e-01
8.739855115604872049e-01
8.803921096380041833e-01
8.868408036437778197e-01
8.933290925770681623e-01
8.998543526607988285e-01
9.064138445901612773e-01
9.130047213179010024e-01
9.196240363566242637e-01
9.262687525763444452e-01
9.329357514722208533e-01
9.396218428749039120e-01
9.463237750729587283e-01
9.530382453152946853e-01
9.597619106573918035e-01
9.664913991154313599e-01
9.732233210875520513e-01
9.799542810024407524e-01
9.866808891518469293e-01
9.933997736629762709e-01
1.000107592566460202e+00
1.006801045912510739e+00
1.013476887890123912e+00
1.020131938900807667e+00
1.026763097540393854e+00
1.033367352441236786e+00
1.039941793927358304e+00
1.046483625436444242e+00
1.052990174661181610e+00
1.059458904365441434e+00
1.065887422829588038e+00
1.072273493881568340e+00
1.078615046470013050e+00
1.084910183738995171e+00
1.091157191562409423e+00
1.097354546500055150e+00
1.103500923136880862e+00
1.109595200770336687e+00
1.115636469410177467e+00
1.121624035059253455e+00
1.127557424244078677e+00
1.133436387766480369e+00
1.139260903650427093e+00
1.145031179259095255e+00
1.150747652561278755e+00
1.156410992527829640e+00
1.162022098641311674e+00
1.167582099506435878e+00
1.173092350549699958e+00
1.178554430801591391e+00
1.183970138757531654e+00
1.189341487316128765e+00
1.194670697798102754e+00
1.199960193052469259e+00
1.205212589659477640e+00
1.210430689244311964e+00
1.215617468920045185e+00
1.220776070879555641e+00
1.225909791163466656e+00
1.231022067632725259e+00
1.236116467178492107e+00
1.241196672207940610e+00
1.246266466444980070e+00
1.251329720093096842e+00
1.256390374407400090e+00
1.261452425728858406e+00
1.266519909037266522e+00
1.271596881082517783e+00
1.276687403156459011e+00
1.281795523572936135e+00
1.286925259924141418e+00
1.292080581185982791e+00
1.297265389746316222e+00
1.302483503433515821e+00
1.307738637623119260e+00
1.313034387503094091e+00
1.318374210578776129e+00
1.323761409499386144e+00
1.329199115288656419e+00
1.334690271062067168e+00
1.340237616312141888e+00
1.345843671844193956e+00
1.351510725441280147e+00
1.357240818338081523e+00
1.363035732579558568e+00
1.368896979339601749e+00
1.374825788270658489e+00
1.380823097953773448e+00
1.386889547514028598e+00
1.393025469463581523e+00
1.399230883829688743e+00
1.405505493620359037e+00
1.411848681677351447e+00
1.418259508958238602e+00
1.424736714285142813e+00
1.431278715592229300e+00
1.437883612695609381e+00
1.444549191603930138e+00
1.451272930380500092e+00
1.458052006557819968e+00
1.464883306101647520e+00
1.471763433907858909e+00
1.478688725810901827e+00
1.485655262071816196e+00
1.492658882304281676e+00
1.499695201789312815e+00
1.506759629119250876e+00
1.513847385102381704e+00
1.520953522851832052e+00
1.528072948973252743e+00
1.535200445757390897e+00
1.542330694277468384e+00
1.549458298284007274e+00
1.556577808781974159e+00
1.563683749173251369e+00
1.570770640839190824e+00
1.577833029037130963e+00
1.584865508980501492e+00
1.591862751970062329e+00
1.598819531444396702e+00
1.605730748815119124e+00
1.612591458954536705e+00
1.619396895203935260e+00
1.626142493773094611e+00
1.632823917403169567e+00
1.639437078169406981e+00
1.645978159301733079e+00
1.652443635908871444e+00
1.658830294490925006e+00
1.665135251134610694e+00
1.671355968289013338e+00
1.677490270023179741e+00
1.683536355676989338e+00
1.689492811818225082e+00
1.695358622429235407e+00
1.701133177250802042e+00
1.706816278219727590e+00
1.712408143943084493e+00
1.717909412161578775e+00
1.723321140160674281e+00
1.728644803098810856e+00
1.733882290229821432e+00
1.739035899006309727e+00
1.744108327059985530e+00
1.749102662065640690e+00
1.754022369503859924e+00
1.758871278349800171e+00
1.763653564724488199e+00
1.768373733556351857e+00
1.773036598311634515e+00
1.777647258863090052e+00
1.782211077578534475e+00
1.786733653720022463e+00
1.791220796258703896e+00
1.795678495218363535e+00
1.800112891674250370e+00
1.804530246542854766e+00
1.808936908310164737e+00
1.813339279852985708e+00
1.817743784520963191e+00
1.822156831650989073e+00
1.826584781696263260e+00
1.831033911156119576e+00
1.835510377498734691e+00
1.840020184272584292e+00
1.844569146604232657e+00
1.849162857280333139e+00
1.853806653612953603e+00
1.858505585284021322e+00
1.863264383360959453e+00
1.868087430673360805e+00
1.872978733732770351e+00
1.877941896372459674e+00
1.882980095275974985e+00
1.888096057555479934e+00
1.893292040531535658e+00
1.898569813856432642e+00
1.903930644112946657e+00
1.909375282008907604e+00
1.914903952276532539e+00
1.920516346373921213e+00
1.926211618070175158e+00
1.931988381985603187e+00
1.937844715139228846e+00
1.943778161543874283e+00
1.949785739868997503e+00
1.955863954177498032e+00
1.962008807719701320e+00
1.968215819754261853e+00
1.974480045340540668e+00
1.980796098031525343e+00
1.987158175372506275e+00
1.993560087094126576e+00
1.999995285865260097e+00
2.006456900454332448e+00
2.012937771128420206e+00
2.019430487103051508e+00
2.025927425837637408e+00
2.032420793961449146e+00
2.038902669597110417e+00
2.045365045844210528e+00
2.051799875170724263e+00
2.058199114459471346e+00
2.064554770447904808e+00
2.070858945299481668e+00
2.077103882043421557e+00
2.083282009620863739e+00
2.089385987277509571e+00
2.095408748048138037e+00
2.101343541081643007e+00
2.107183972562379992e+00
2.112924044989979322e+00
2.118558194587423671e+00
2.124081326614943421e+00
2.129488848376570154e+00
2.134776699715481563e+00
2.139941380803294546e+00
2.144979977042811736e+00
2.149890180911752768e+00
2.154670310591237481e+00
2.159319325236416898e+00
2.163836836761864113e+00
2.168223118031280094e+00
2.172479107359252204e+00
2.176606409250191554e+00
2.180607291320471486e+00
2.184484677367985572e+00
2.188242136573433250e+00
2.191883868838703897e+00
2.195414686286745187e+00
2.198839990968431302e+00
2.202165748841477200e+00
2.205398460107916847e+00
2.208545126018700344e+00
2.211613212273195295e+00
2.214610609167180666e+00
2.217545588664264322e+00
2.220426758590128724e+00
2.223263014173846308e+00
2.226063487185036216e+00
2.228837492939873322e+00
2.231594475473144268e+00
2.234343951195465472e+00
2.237095451376168498e+00
2.239858463807589573e+00
2.242642374025969332e+00
2.245456406468685273e+00
2.248309565960239897e+00
2.251210579917976240e+00
2.254167841667918282e+00
2.257189355255273089e+00
2.260282682122549236e+00
2.263454890016054932e+00
2.266712504464539091e+00
2.270061463154960713e+00
2.273507073511397358e+00
2.277053973761963057e+00
2.280706097757212891e+00
2.284466643784986761e+00
2.288338047603315939e+00
2.292321959894145778e+00
2.296419228321362027e+00
2.300629884351956811e+00
2.304953134981155394e+00
2.309387359475956636e+00
2.313930111226121245e+00
2.318578124765885207e+00
2.323327327995456493e+00
2.328172859601286948e+00
2.333109091636797139e+00
2.338129657188456445e+00
2.343227483010915435e+00
2.348394826977923788e+00
2.353623320152400833e+00
2.358904013241339914e+00
2.364227427163283046e+00
2.369583607419869953e+00
2.374962181933041983e+00
2.380352421979293531e+00
2.385743305831175221e+00
2.391123584696186466e+00
2.396481850530801871e+00
2.401806605299000807e+00
2.407086331240471555e+00
2.412309561715848982e+00
2.417464952199849915e+00
2.422541351001204823e+00
2.427527869300005303e+00
2.432413950100136280e+00
2.437189435711038410e+00
2.441844633378518203e+00
2.446370378697300119e+00
2.450758096443041545e+00
2.454999858468376317e+00
2.459088438311010094e+00
2.463017362164941382e+00
2.466780955871741732e+00
2.470374387592388032e+00
2.473793705832507683e+00
2.477035872507328929e+00
2.480098790754961424e+00
2.482981327235126656e+00
2.485683328684659799e+00
2.488205632543658119e+00
2.490550071510344132e+00
2.492719471931122310e+00
2.494717645978228759e+00
2.496549377612434562e+00
2.498220402367004933e+00
2.499737381022433258e+00
2.501107867268565599e+00
2.502340269471980072e+00
2.503443806686175499e+00
2.504428459057667311e+00
2.505304912801928019e+00
2.506084499946882538e+00
2.506779133071042942e+00
2.507401235304046239e+00
2.507963665902405381e+00
2.508479641767297430e+00
2.508962655332032110e+00
2.509426389305642324e+00
2.509884628826251518e+00
2.510351171629269906e+00
2.510839736893648588e+00
2.511363873466219587e+00
2.511936868195347117e+00
2.512571655116694558e+00
2.513280726235166185e+00
2.514076044623080541e+00
2.514968960526530850e+00
2.515970131117659658e+00
2.517089444479140070e+00
2.518335948338974006e+00
2.519717784011582751e+00
2.521242125938314427e+00
2.522915127167182359e+00
2.524741871065748988e+00
2.526726329528268700e+00
2.528871327914089306e+00
2.531178516939932344e+00
2.533648351736429660e+00
2.536280078272618255e+00
2.539071727336350559e+00
2.542020116241208605e+00
2.545120858399844366e+00
2.548368380862131133e+00
2.551755949866811868e+00
2.555275704386331448e+00
2.558918697576034518e+00
2.562674945954761530e+00
2.566533486061437497e+00
2.570482438243784529e+00
2.574509077155069381e+00
2.578599908453702572e+00
2.582740751133848711e+00
2.586916824856888564e+00
2.591112841610217821e+00
2.595313100990530142e+00
2.599501588398725360e+00
2.603662075432575662e+00
2.607778221783541017e+00
2.611833677971795886e+00
2.615812188293717977e+00
2.619697693402514460e+00
2.623474431992674383e+00
2.627127041109068806e+00
2.630640654647982579e+00
2.634000999651033403e+00
2.637194490017996884e+00
2.640208317265761995e+00
2.643030537945937120e+00
2.645650157292108950e+00
2.648057208612043745e+00
2.650242827865181283e+00
2.652199322789639879e+00
2.653920235873062694e+00
2.655400400411337181e+00
2.656635988884526789e+00
2.657624552913384619e+00
2.658365054140896078e+00
2.658857885525898190e+00
2.659104882715646490e+00
2.659109325381299627e+00
2.658875928616382112e+00
2.658410824702870823e+00
2.657721535701292215e+00
2.656816937411099477e+00
2.655707215261710274e+00
2.654403812626430437e+00
2.652919371933254666e+00
2.651267668781487341e+00
2.649463539117003386e+00
2.647522799380224612e+00
2.645462159471434482e+00
2.643299128373110651e+00
2.641051912349449360e+00
2.638739305790460676e+00
2.636380574975435209e+00
2.633995335265617133e+00
2.631603422484498633e+00
2.629224759483448803e+00
2.626879219103881447e+00
2.624586484920754970e+00
2.622365911288462303e+00
2.620236384281271036e+00
2.618216185143594998e+00
2.616322857815525094e+00
2.614573081984467251e+00
2.612982552934694613e+00
2.611565869231373682e+00
2.610336429008151882e+00
2.609306335346259331e+00
2.608486310973977318e+00
2.607885622308701468e+00
2.607512012723741890e+00
2.607371644874741712e+00
2.607469051954164563e+00
2.607807097846404965e+00
2.608386946308220988e+00
2.609208039456614170e+00
2.610268085992120568e+00
2.611563059675004794e+00
2.613087208602969280e+00
2.614833075802809770e+00
2.616791531546167615e+00
2.618951817656990144e+00
2.621301603901877719e+00
2.623827056362780574e+00
2.626512917495334776e+00
2.629342597374431989e+00
2.632298275428421874e+00
2.635361011764319805e+00
2.638510866993926118e+00
2.641727029309334007e+00
2.644987947421306274e+00
2.648271467912864274e+00
2.651554975549346160e+00
2.654815535161991757e+00
2.658030033845206752e+00
2.661175322388316999e+00
2.664228355064941489e+00
2.667166327114673052e+00
2.669966809467007707e+00
2.672607880456259188e+00
2.675068254468617290e+00
2.677327407632112521e+00
2.679365700805721673e+00
2.681164500216509872e+00
2.682706296112337796e+00
2.683974819708599302e+00
2.684955158478802062e+00
2.685633869463917467e+00
2.685999089751105462e+00
2.686040642649793586e+00
2.685750137431606177e+00
2.685121059908874841e+00
2.684148850716967516e+00
2.682830968064067179e+00
2.681166932000180303e+00
2.679158347992603328e+00
2.676808908735119452e+00
2.674124374553739969e+00
2.671112534303089703e+00
2.667783150018241400e+00
2.664147889539481007e+00
2.660220251634190625e+00
2.656015487700246425e+00
2.651550522979988056e+00
2.646843878528745364e+00
2.641915593292680331e+00
2.636787143912693310e+00
2.631481358631866385e+00
2.626022321167980511e+00
2.620435260679994549e+00
2.614746424900014077e+00
2.608982934889949590e+00
2.603172621406815157e+00
2.597343844262965717e+00
2.591525297156960228e+00
2.585745801167545377e+00
2.580034090485762377e+00
2.574418594122557025e+00
2.568927217373773164e+00
2.563587126832879370e+00
2.558424542700378446e+00
2.553464541997860771e+00
2.548730875941098706e+00
2.544245804096953556e+00
2.540029947004434074e+00
2.536102157748231889e+00
2.532479411685577109e+00
2.529176712341282496e+00
2.526207010632423700e+00
2.523581134243864099e+00
2.521307724244279402e+00
2.519393176889418662e+00
2.517841589855010831e+00
2.516654713631549356e+00
2.515831910194964216e+00
2.515370122054478852e+00
2.515263855170064566e+00
2.515505178948966858e+00
2.516083745671296334e+00
2.516986830479615467e+00
2.518199391824019528e+00
2.519704151297895045e+00
2.521481691339637177e+00
2.523510569368928813e+00
2.525767447389932752e+00
2.528227236642367259e+00
2.530863257152733414e+00
2.533647411796082327e+00
2.536550373687252780e+00
2.539541784562750593e+00
2.542590460640552941e+00
2.545664601623589540e+00
2.548731998293940482e+00
2.551760234592317822e+00
2.554716881050546728e+00
2.557569677685647580e+00
2.560286705682197628e+00
2.562836548163490491e+00
2.565188440977930640e+00
2.567312414736839798e+00
2.569179429465089814e+00
2.570761503347320343e+00
2.572031837336694604e+00
2.572964937905728000e+00
2.573536740905341791e+00
2.573724740160653113e+00
2.573508124765180316e+00
2.572867928707396779e+00
2.571787195177816621e+00
2.570251155520719255e+00
2.568247419384139363e+00
2.565766168538310410e+00
2.562800342723172697e+00
2.559345802610248022e+00
2.555401453479926754e+00
2.550969314337831584e+00
2.546054521385658020e+00
2.540665261864309521e+00
2.534812643447982516e+00
2.528510513980406493e+00
2.521775254372562447e+00
2.514625571818053018e+00
2.507082319633912704e+00
2.499168363585939190e+00
2.490908503544413399e+00
2.482329446049914345e+00
2.473459810920939805e+00
2.464330146350915296e+00
2.454972924042813087e+00
2.445422489262877086e+00
2.435714949100551863e+00
2.425887993250426700e+00
2.415980652375539606e+00
2.406033007041971317e+00
2.396085863938602678e+00
2.386180415625769324e+00
2.376357896640092005e+00
2.366659244322374178e+00
2.357124769046329060e+00
2.347793836774325626e+00
2.338704567214921592e+00
2.329893552580869276e+00
2.321395603767736127e+00
2.313243531373572193e+00
2.305467967499241322e+00
2.298097230560980808e+00
2.291157230039235326e+00
2.284671402370471061e+00
2.278660664470539388e+00
2.273143368914192219e+00
2.268135245407036038e+00
2.263649317012955020e+00
2.259695786092221326e+00
2.256281892883457818e+00
2.253411757605001675e+00
2.251086223297042999e+00
2.249302720106659770e+00
2.248055171547599151e+00
2.247333959205351395e+00
2.247125954811794557e+00
2.247414618675699582e+00
2.248180152995289394e+00
2.249399690096026028e+00
2.251047491701053005e+00
2.253095137732588515e+00
2.255511691867768675e+00
2.258263843906928248e+00
2.261316041901002105e+00
2.264630635483718901e+00
2.268168052926728073e+00
2.271887027867045106e+00
2.275744880095928568e+00
2.279697842473155767e+00
2.283701416765755887e+00
2.287710736988217697e+00
2.291680919471034805e+00
2.295567382948153323e+00
2.299326127722451485e+00
2.302913969229346325e+00
2.306288727303685171e+00
2.309409377522565254e+00
2.312236174380585041e+00
2.314730757040186049e+00
2.316856246752974080e+00
2.318577341389569835e+00
2.319860408258615170e+00
2.320673573296516690e+00
2.320986804211933485e+00
2.320771987858123442e+00
2.320003007485302415e+00
2.318655832060533939e+00
2.316708635243863057e+00
2.314141963308681937e+00
2.310938967129633426e+00
2.307085702477176703e+00
2.302571486409161317e+00
2.297389278893545050e+00
2.291536042728968603e+00
2.285013026260244828e+00
2.277825915861323214e+00
2.269984819903570816e+00
2.261504071387619330e+00
2.252401868323050227e+00
2.242699802750591775e+00
2.232422353365502321e+00
2.221596426047391493e+00
2.210251017195652867e+00
2.198417047266787883e+00
2.186127372135750591e+00
2.173416937595955112e+00
2.160323008450782289e+00
2.146885387232613684e+00
2.133146542867043305e+00
2.119151594567025843e+00
2.104948133009485911e+00
2.090585897999624354e+00
2.076116358303634613e+00
2.061592248320989196e+00
2.047067107560314181e+00
2.032594848475502314e+00
2.018229355532773717e+00
2.004024102326066092e+00
1.990031769296218389e+00
1.976303852096145786e+00
1.962890265290367919e+00
1.949838960940136756e+00
1.937195590200938566e+00
1.925003234704463662e+00
1.913302223627680210e+00
1.902130035978530698e+00
1.891521271415918859e+00
1.881507661745577265e+00
1.872118091457885880e+00
1.863378598835277344e+00
1.855312336984269450e+00
1.847939483921233750e+00
1.841277100425601887e+00
1.835338942560489350e+00
1.830135242203338120e+00
1.825672473950666008e+00
1.821953131037606921e+00
1.818975536814349425e+00
1.816733721034684113e+00
1.815217389304464080e+00
1.814412006161616908e+00
1.814298995297674022e+00
1.814856035955633828e+00
1.816057409045969795e+00
1.817874329862738225e+00
1.820275205452920542e+00
1.823225776725699188e+00
1.826689142383573383e+00
1.830625700449746596e+00
1.834993068950619755e+00
1.839746051619426837e+00
1.844836698833122846e+00
1.850214488146196823e+00
1.855826624312604256e+00
1.861618442733166345e+00
1.867533893262063094e+00
1.873516079122198974e+00
1.879507823702530889e+00
1.885452234303421681e+00
1.891293228231052170e+00
1.896975987171034994e+00
1.902447314202747375e+00
1.907655884539032343e+00
1.912552402065728074e+00
1.917089692040226945e+00
1.921222769047874035e+00
1.924908914932817350e+00
1.928107785251558237e+00
1.930781540760253545e+00
1.932894980734914947e+00
1.934415644666445111e+00
1.935313851324669709e+00
1.935562657885141702e+00
1.935137741850277981e+00
1.934017229032685359e+00
1.932181507151308208e+00
1.929613073768996934e+00
1.926296467839863524e+00
1.922218325180317766e+00
1.917367579661855448e+00
1.911735805595955906e+00
1.905317667018084915e+00
1.898111412751856797e+00
1.890119338796643289e+00
1.881348136395010195e+00
1.871809056903076529e+00
1.861517852160936570e+00
1.850494487620631068e+00
1.838762668482704088e+00
1.826349257581757479e+00
1.813283687744896344e+00
1.799597472600334314e+00
1.785323895218551726e+00
1.770497907970088880e+00
1.755156221396198646e+00
1.739337510819323640e+00
1.723082641934469139e+00
1.706434819272490744e+00
1.689439592728913864e+00
1.672144705932153697e+00
1.654599818928280008e+00
1.636856169991346199e+00
1.618966247650235335e+00
1.600983524400945601e+00
1.582962267136839296e+00
1.564957400052455316e+00
1.547024367474772344e+00
1.529218936019560715e+00
1.511596889773929808e+00
1.494213603512726696e+00
1.477123516402950809e+00
1.460379559741652455e+00
1.444032607208937780e+00
1.428131010991604777e+00
1.412720264885439114e+00
1.397842804341039580e+00
1.383537923749719845e+00
1.369841771831839861e+00
1.356787381095208911e+00
1.344404695807912997e+00
1.332720579307921760e+00
1.321758798683356773e+00
1.311539997010003011e+00
1.302081667551930444e+00
1.293398141019193481e+00
1.285500589124198179e+00
1.278397039469858054e+00
1.272092392212952117e+00
1.266588430368231322e+00
1.261883822915371045e+00
1.257974130201270579e+00
1.254851829776557404e+00
1.252506382968097576e+00
1.250924355506315200e+00
1.250089590530318429e+00
1.249983414379656432e+00
1.250584841950026727e+00
1.251870745028787368e+00
1.253815955583557296e+00
1.256393292721960098e+00
1.259573519752705373e+00
1.263325249871852796e+00
1.267614823130887247e+00
1.272406176284166968e+00
1.277660726012336490e+00
1.283337288176371604e+00
1.289392060082000135e+00
1.295778694628737737e+00
1.302448490206271625e+00
1.309350707209295805e+00
1.316433004159919040e+00
1.323641968908846112e+00
1.330923707647298171e+00
1.338224448347882234e+00
1.345491115229968448e+00
1.352671835480474316e+00
1.359716347764641231e+00
1.366576293848940526e+00
1.373205389892000916e+00
1.379559491640463431e+00
1.385596585057724983e+00
1.391276746314772605e+00
1.396562117857593766e+00
1.401416937777933303e+00
1.405807639246648089e+00
1.409703010863086359e+00
1.413074385546643441e+00
1.415895812573635393e+00
1.418144168378770109e+00
1.419799175347550513e+00
1.420843318297456914e+00
1.421261668577260995e+00
1.421041640409388629e+00
1.420172711480605310e+00
1.418646141131551852e+00
1.416454717360307480e+00
1.413592560145094712e+00
1.410055003684294039e+00
1.405838573241442013e+00
1.400941062442531138e+00
1.395361704076768739e+00
1.389101412990231488e+00
1.382163065960412496e+00
1.374551773538682520e+00
1.366275095778930471e+00
1.357343159855705750e+00
1.347768653448959464e+00
1.337566691511633099e+00
1.326754580706279496e+00
1.315351528345906962e+00
1.303378354032255881e+00
1.290857258061580470e+00
1.277811681619416273e+00
1.264266265492422381e+00
1.250246885381589568e+00
1.235780721854089936e+00
1.220896317228185257e+00
1.205623580846310272e+00
1.189993723789803060e+00
1.174039126650992193e+00
1.157793162032863865e+00
1.141290002230591627e+00
1.124564441235557544e+00
1.107651751344719937e+00
1.090587582458147686e+00
1.073407900575325424e+00
1.056148953589083117e+00
1.038847248059435735e+00
1.021539519836786480e+00
1.004262683239564025e+00
9.870537470134430613e-01
9.699496897664625639e-01
9.529872924395488276e-01
9.362029302427929967e-01
9.196323310472549473e-01
9.033103112413500835e-01
8.872705033171063294e-01
8.715450916477596177e-01
8.561645736322859301e-01
8.411575621383370338e-01
8.265506416741362772e-01
8.123682850943197975e-01
7.986328306127219445e-01
7.853645116939191873e-01
7.725815264890409928e-01
7.603001301010459123e-01
7.485347327603610879e-01
7.372979898124143450e-01
7.266008744587559853e-01
7.164527302393132180e-01
7.068613060619586275e-01
6.978327811129283464e-01
6.893717894839868077e-01
6.814814543994658358e-01
6.741634394518225548e-01
6.674180196090271355e-01
6.612441688067618450e-01
6.556396550642580312e-01
6.506011299304901296e-01
6.461241981722543049e-01
6.422034566760002061e-01
6.388324980660178287e-01
6.360038828255309973e-01
6.337090912951760524e-01
6.319384714543732073e-01
6.306811984098453783e-01
6.299252569970961169e-01
6.296574512809022250e-01
6.298634364706955369e-01
6.305277625481551240e-01
6.316339167542367461e-01
6.331643546486376284e-01
6.351005157187012973e-01
6.374228271802908630e-01
6.401107059316832881e-01
6.431425714415178740e-01
6.464958808986953631e-01
6.501471930464344240e-01
6.540722607597122540e-01
6.582461469191652759e-01
6.626433551792060284e-01
6.672379673424416735e-01
6.720037815292581040e-01
6.769144487300089441e-01
6.819436081427556751e-01
6.870650229567970557e-01
6.922527177101702733e-01
6.974811164619265647e-01
7.027251785321048105e-01
7.079605262737029836e-01
7.131635578862682845e-01
7.183115381171062408e-01
7.233826610535459833e-01
7.283560820568292238e-01
7.332119198507182078e-01
7.379312340982667751e-01
7.424959875120085151e-01
7.468890036771513863e-01
7.510939317015991046e-01
7.550952264624931631e-01
7.588781491194709350e-01
7.624287877132838176e-01
7.657340932347383999e-01
7.687819235270709761e-01
7.715610863191832980e-01
7.740613735251420380e-01
7.762735811706406031e-01
7.781895121272437432e-01
7.798019615002969029e-01
7.811046865001541883e-01
7.820923637335832623e-01
7.827605371928494371e-01
7.831055600850677090e-01
7.831245333825329613e-01
7.828152438360582721e-01
7.821761042593333713e-01
7.812060990664954074e-01
7.799047381041888105e-01
7.782720215363994054e-01
7.763084177708484690e-01
7.740148551604647542e-01
7.713927266306103148e-01
7.684439047151219171e-01
7.651707630304310781e-01
7.615761992324945329e-01
7.576636541808513536e-01
7.534371224781121201e-01
7.489011507436826864e-01
7.440608217870297025e-01
7.389217250119142211e-01
7.334899155637447654e-01
7.277718665267508547e-01
7.217744195401304408e-01
7.155047393031930270e-01
7.089702765522726269e-01
7.021787424110290665e-01
6.951380948994912989e-01
6.878565362865379784e-01
6.803425182980339381e-01
6.726047512378863225e-01
6.646522129410414870e-01
6.564941540765206751e-01
6.481400974162054851e-01
6.395998299858784986e-01
6.308833882169850860e-01
6.220010371036457375e-01
6.129632448284885182e-01
6.037806543642494361e-01
5.944640532880262063e-01
5.850243426160682825e-01
5.754725050382184515e-01
5.658195726226926681e-01
5.560765939507619215e-01
5.462546007165164363e-01
5.363645740566174158e-01
5.264174111607142770e-01
5.164238929721153282e-01
5.063946539368795463e-01
4.963401547539161296e-01
4.862706589162841264e-01
4.761962135437973753e-01
4.661266346487762946e-01
4.560714966130041681e-01
4.460401253403688537e-01
4.360415943240003034e-01
4.260847227407962845e-01
4.161780746608885195e-01
4.063299585112150059e-01
3.965484260498864377e-01
3.868412702587076812e-01
3.772160217455689524e-01
3.676799434402493461e-01
3.582400235700706759e-01
3.489029670983692100e-01
3.396751859934304396e-01
3.305627888495128452e-01
3.215715704969741018e-01
3.127070022942669558e-01
3.039742237931390423e-01
2.953780363989970126e-01
2.869228995243991998e-01
2.786129295641912584e-01
2.704519018237971917e-01
2.624432553289853809e-01
2.545901002548215386e-01
2.468952275521277273e-01
2.393611202375208746e-01
2.319899657548268324e-01
2.247836688173906472e-01
2.177438641963352906e-01
2.108719290218594722e-01
2.041689942967140070e-01
1.976359554660093998e-01
1.912734820271552727e-01
1.850820262804375449e-01
1.790618314037256409e-01
1.732129390763561538e-01
1.675351968773549638e-01
1.620282656492039730e-01
1.566916269571308196e-01
1.515245907007117254e-01
1.465263028594122885e-01
1.416957532880217530e-01
1.370317834289208059e-01
1.325330937800048015e-01
1.281982509503947765e-01
1.240256941497707432e-01
1.200137409873389821e-01
1.161605924978803828e-01
1.124643373630396792e-01
1.089229553470084655e-01
1.055343200196969256e-01
1.022962008851942967e-01
9.920626507521218551e-02
9.626207879655640509e-02
9.346110873913793249e-02
9.080072365774426169e-02
8.827819633042288672e-02
8.589070607552543035e-02
8.363534197507474510e-02
8.150910690794097024e-02
7.950892244573362633e-02
7.763163461112407293e-02
7.587402044532765011e-02
7.423279528486789736e-02
7.270462060985062591e-02
7.128611229972867114e-02
6.997384912132788293e-02
6.876438127435983982e-02
6.765423883569723906e-02
6.663993996688684363e-02
6.571799878143456952e-02
6.488493280089074888e-02
6.413726996165729222e-02
6.347155516071861792e-02
6.288435635000590163e-02
6.237227020193945870e-02
6.193192737508999846e-02
6.155999741002915471e-02
6.125319328272529895e-02
6.100827563882958021e-02
6.082205672750715109e-02
6.069140405137639360e-02
6.061324374653512259e-02
6.058456370711672034e-02
6.060241646853100489e-02
6.066392186469819758e-02
6.076626947312291360e-02
6.090672086096936277e-02
6.108261164165962320e-02
6.129135334744500313e-02
6.153043511836102375e-02
6.179742520183362925e-02
6.208997225279033749e-02
6.240580641854474170e-02
6.274274018988176826e-02
6.309866899764356163e-02
6.347157153346755232e-02
6.385950977497251158e-02
6.426062869854295978e-02
6.467315566665807203e-02
6.509539948282788702e-02
6.552574911309927419e-02
6.596267208024111928e-02
6.640471254387235456e-02
6.685048908730888140e-02
6.729869223859914762e-02
6.774808175984738112e-02
6.819748374393069801e-02
6.864578756308586938e-02
6.909194271553389943e-02
6.953495561948681847e-02
6.997388640286572592e-02
7.040784573634295551e-02
7.083599175442489848e-02
7.125752710477134544e-02
7.167169616139291988e-02
7.207778243062862300e-02
7.247510617215500994e-02
7.286302225077664896e-02
7.324091822701411791e-02
7.360821268826241159e-02
7.396435381582598667e-02
7.430881817787705901e-02
7.464110973346324562e-02
7.496075902900704857e-02
7.526732256619167449e-02
7.556038231800193961e-02
7.583954536882044073e-02
7.610444365444553327e-02
7.635473377807980300e-02
7.659009687974743796e-02
7.681023853813637170e-02
7.701488868527975318e-02
7.720380151760999898e-02
7.737675538815687315e-02
7.753355266813344304e-02
7.767401956769021121e-02
7.779800590871530086e-02
7.790538484430349631e-02
7.799605252208995088e-02
7.806992769016669886e-02
7.812695124619861708e-02
7.816708573180071451e-02
7.819031477542220943e-02
7.819664248778496196e-02
7.818609281473563877e-02
7.815870885275008617e-02
7.811455213249297869e-02
7.805370187594762310e-02
7.797625423237873610e-02
7.788232149812687743e-02
7.777203132495109916e-02
7.764552592119543240e-02
7.750296124914309026e-02
7.734450622242232398e-02
7.717034190562094276e-02
7.698066071874500038e-02
7.677566564854301778e-02
7.655556946797087425e-02
7.632059396533498463e-02
7.607096918425906851e-02
7.580693267512643441e-02
7.552872875909205641e-02
7.523660780528003411e-02
7.493082552186668133e-02
7.461164226175781566e-02
7.427932234374239051e-02
7.393413338953025438e-02
7.357634567780264867e-02
7.320623151583763311e-02
7.282406462948606829e-02
7.243011957245967802e-02
7.202467115547114829e-02
7.160799389617970856e-02
7.118036149040526950e-02
7.074204630540346928e-02
7.029331889556884871e-02
6.983444754112609620e-02
6.936569781011743541e-02
6.888733214372524949e-02
6.839960946541405462e-02
6.790278481339644123e-02
6.739710899670205146e-02
6.688282827439538669e-02
6.636018405756029248e-02
6.582941263374872398e-02
6.529074491310947470e-02
6.474440619581386946e-02
6.419061595979536072e-02
6.362958766818657685e-02
6.306152859550853695e-02
6.248663967181798673e-02
6.190511534376878788e-02
6.131714345172034619e-02
6.072290512191942657e-02
6.012257467280780060e-02
5.951631953445845474e-02
5.890430018022529968e-02
5.828667006974458387e-02
5.766357560232085455e-02
5.703515607983802860e-02
5.640154367851952372e-02
5.576286342856479755e-02
5.511923320109316654e-02
5.447076370159043696e-02
5.381755846927828435e-02
5.315971388187955976e-02
5.249731916499415091e-02
5.183045640588115205e-02
5.115920057094749951e-02
5.048361952668587588e-02
4.980377406350466885e-02
4.911971792235608758e-02
4.843149782365453737e-02
4.773915349831701210e-02
4.704271772067093738e-02
4.634221634313816229e-02
4.563766833237647980e-02
4.492908580690931075e-02
4.421647407611025565e-02
4.349983168045465365e-02
4.277915043309397231e-02
4.205441546270585057e-02
4.132560525777397020e-02
4.059269171221177586e-02
3.985564017262014508e-02
3.911440948735516593e-02
3.836895205730368741e-02
3.761921388911337871e-02
3.686513465060664574e-02
3.610664772911673787e-02
3.534368029284895574e-02
3.457615335579885402e-02
3.380398184658384847e-02
3.302707468177122629e-02
3.224533484408369927e-02
3.145865946630398147e-02
3.066693992119184226e-02
2.987006191838585331e-02
2.906790560882141841e-02
0.000000000000000000e+00
