9.578742120538365212e-02
4.775627477286699049e-03
4.525397208933865448e-03
4.299335442321367516e-03
4.093994763360443538e-03
3.906500464929186546e-03
3.734446960774098073e-03
3.575813327563401051e-03
3.428894545744335179e-03
3.292245557933984237e-03
3.164635747912487862e-03
3.045011869585233059e-03
2.932467818325145727e-03
2.826219939984048971e-03
2.725586822490575975e-03
2.629972718253090636e-03
2.538853911239120388e-03
2.451767475401412776e-03
2.368301979274291605e-03
2.288089777377031332e-03
2.210800598810055539e-03
2.136136198985711439e-03
2.063825885209977402e-03
1.993622762558556680e-03
1.925300575653279399e-03
1.858651044753661941e-03
1.793481613594173282e-03
1.729613541303519006e-03
1.666880282906778657e-03
1.605126112845110982e-03
1.544204953944842799e-03
1.483979380597056329e-03
1.424319770409205460e-03
1.365103582845767632e-03
1.306214746703841974e-03
1.247543141514404624e-03
1.188984160023611250e-03
1.130438341056484372e-03
1.071811063618538160e-03
1.013012294307758486e-03
9.539563816150439801e-04
8.945618909688909937e-04
8.347514759029367459e-04
7.744517806616314781e-04
7.135933706549791450e-04
6.521106873080785224e-04
5.899420242970552369e-04
5.270295225974757497e-04
4.633191819028653971e-04
3.987608863162536363e-04
3.333084423546520819e-04
2.669196274696127372e-04
1.995562475843627726e-04
1.311842020230687481e-04
6.177355456233896841e-05
-8.701390633585222301e-06
-8.026200951629855473e-05
-1.529252759132791392e-04
-2.267036778477379833e-04
-3.016051331329507729e-04
-3.776329052287800969e-04
-4.547855201208084869e-04
-5.330566850420470279e-04
-6.124352096215654809e-04
-6.929049302381758146e-04
-7.744446380710976949e-04
-8.570280115103787177e-04
-9.406235531420103005e-04
-1.025194532221556862e-03
-1.110698932500486791e-03
-1.197089406128719336e-03
-1.284313233747280680e-03
-1.372312291015166490e-03
-1.461023021830415609e-03
-1.550376418242146656e-03
-1.640298007304940610e-03
-1.730707844680842364e-03
-1.821520515138119745e-03
-1.912645139786326755e-03
-2.003985389802970946e-03
-2.095439506672558232e-03
-2.186900328443471507e-03
-2.278255321854806559e-03
-2.369386619914697935e-03
-2.460171064580947940e-03
-2.550480253959378635e-03
-2.640180593846148255e-03
-2.729133352638545007e-03
-2.817194719607952515e-03
-2.904215865538622467e-03
-2.990043005405328483e-03
-3.074517462531680193e-03
-3.157475733488999438e-03
-3.238749553410185701e-03
-3.318165961039487230e-03
-3.395547363137202228e-03
-3.470711597732619065e-03
-3.543471995792672573e-03
-3.613637441206075419e-03
-3.681012428365321512e-03
-3.745397117641646560e-03
-3.806587388290681023e-03
-3.864374888794515697e-03
-3.918547084689381031e-03
-3.968887304089743773e-03
-4.015174780788166586e-03
-4.057184695381577111e-03
-4.094688214844395720e-03
-4.127452530468746390e-03
-4.155240895199184027e-03
-4.177812660411573016e-03
-4.194923312810191519e-03
-4.206324512143195908e-03
-4.211764130272396822e-03
-4.210986292268953726e-03
-4.203731420326164980e-03
-4.189736281246655633e-03
-4.168734038295261388e-03
-4.140454308274822345e-03
-4.104623224654487673e-03
-4.060963507961671756e-03
-4.009194543841835059e-03
-3.949032470533233793e-03
-3.880190276076131081e-03
-3.802377906933322727e-03
-3.715302388551415189e-03
-3.618667959462444281e-03
-3.512176219542997163e-03
-3.395526293756799541e-03
-3.268415012091813870e-03
-3.130537106910092834e-03
-2.981585427991265830e-03
-2.821251176189105286e-03
-2.649224155960539992e-03
-2.465193046788062212e-03
-2.268845693502389432e-03
-2.059869414816209790e-03
-1.837951329212404727e-03
-1.602778697105755948e-03
-1.354039277077969533e-03
-1.091421694316054708e-03
-8.146158183961783872e-04
-5.233131469357769905e-04
-2.172071916587987178e-04
1.040061379344470877e-04
4.406281575925537902e-04
7.929570439089202866e-04
1.161287487760048059e-03
1.545910372057913290e-03
1.947112479925051931e-03
2.365176240113880252e-03
2.800379516145487871e-03
3.252995445845747319e-03
3.723292337776389765e-03
4.211533630506048356e-03
4.717977920420121998e-03
5.242879063045895530e-03
5.786486351773648812e-03
6.349044777662800343e-03
6.930795371666445895e-03
7.531975630620498310e-03
8.152820026368166190e-03
8.793560595555683507e-03
9.454427607249417040e-03
1.013565030293367766e-02
1.083745770250467248e-02
1.156007946823058019e-02
1.230374681772851073e-02
1.306869347524760271e-02
1.385515664972285059e-02
1.466337802793097472e-02
1.549360476915086042e-02
1.634609048894208536e-02
1.722109621849407524e-02
1.811889132671887920e-02
1.903975439263894814e-02
1.998397401638644932e-02
2.095184955757158074e-02
2.194369179197146538e-02
2.295982347716050628e-02
2.400057982079935315e-02
2.506630884490844424e-02
2.615737164273957208e-02
2.727414252470251183e-02
2.841700905240175309e-02
2.958637196057936625e-02
3.078264496832077909e-02
3.200625448222720049e-02
3.325763919524363232e-02
3.453724958591196381e-02
3.584554732416925238e-02
3.718300459026238625e-02
3.855010331432185550e-02
3.994733434565168884e-02
4.137519655947530239e-02
4.283419591221256789e-02
4.432484445421966401e-02
4.584765931058443211e-02
4.740316164100786406e-02
4.899187558802899078e-02
5.061432722512377441e-02
5.227104351368179469e-02
5.396255127830021370e-02
5.568937620892804030e-02
5.745204189727690092e-02
5.925106891370239548e-02
6.108697392935200088e-02
6.296026888753636364e-02
6.487146022574984128e-02
6.682104814903691570e-02
6.880952595387163084e-02
7.083737939945491946e-02
7.290508612296262014e-02
7.501311509390792831e-02
7.716192610080493952e-02
7.935196926450996391e-02
8.158368456999666452e-02
8.385750140999127800e-02
8.617383813216092370e-02
8.853310158368207783e-02
9.093568664556704595e-02
9.338197575176136744e-02
9.587233838679201647e-02
9.840713055914009078e-02
1.009866942460240224e-01
1.036113568084483794e-01
1.062814303753055606e-01
1.089972111965551715e-01
1.117589789667471772e-01
1.145669961208737458e-01
1.174215071046766645e-01
1.203227376235165291e-01
1.232708938724225989e-01
1.262661617520824675e-01
1.293087060740821526e-01
1.323986697601015339e-01
1.355361730384126162e-01
1.387213126417738140e-01
1.419541610099041284e-01
1.452347655003043414e-01
1.485631476093096370e-01
1.519393022071752752e-01
1.553631967884660792e-01
1.588347707406255471e-01
1.623539346321660470e-01
1.659205695225926536e-01
1.695345262959246646e-01
1.731956250192337454e-01
1.769036543287300089e-01
1.806583708448239456e-01
1.844594986188894392e-01
1.883067286138639940e-01
1.921997182211181154e-01
1.961380908172428994e-01
2.001214353626379894e-01
2.041493060462628573e-01
2.082212219790354757e-01
2.123366669401292872e-01
2.164950891790853871e-01
2.206959012778215989e-01
2.249384800758714165e-01
2.292221666623658338e-01
2.335462664383293474e-01
2.379100492521985521e-01
2.423127496119812929e-01
2.467535669766448836e-01
2.512316661293678144e-01
2.557461776351911409e-01
2.602961983849460537e-01
2.648807922273113125e-01
2.694989906907952482e-01
2.741497937965066689e-01
2.788321709630592893e-01
2.835450620043152847e-01
2.882873782198918655e-01
2.930580035795169458e-01
2.978557959999153515e-01
3.026795887149356656e-01
3.075281917373142715e-01
3.124003934112856151e-01
3.172949620548121130e-01
3.222106476895348903e-01
3.271461838564564406e-01
3.321002895147200373e-01
3.370716710216165590e-01
3.420590241895592465e-01
3.470610364175664708e-01
3.520763888935365959e-01
3.571037588628477866e-01
3.621418219592436039e-01
3.671892545939348662e-01
3.722447363972213874e-01
3.773069527081931995e-01
3.823745971074775651e-01
3.874463739863991396e-01
3.925210011484489558e-01
3.975972124355292570e-01
4.026737603744910965e-01
4.077494188364630401e-01
4.128229857034756978e-01
4.178932855354223763e-01
4.229591722312737168e-01
4.280195316772457126e-01
4.330732843756558426e-01
4.381193880472111779e-01
4.431568402004236740e-01
4.481846806601189059e-01
4.532019940492726384e-01
4.582079122160651052e-01
4.632016165994737311e-01
4.681823405263598747e-01
4.731493714329260691e-01
4.781020530028740612e-01
4.830397872163766371e-01
4.879620363010314654e-01
4.928683245798071155e-01
4.977582402072156520e-01
5.026314367880412304e-01
5.074876348714373320e-01
5.123266233135798098e-01
5.171482605029975588e-01
5.219524754412756540e-01
5.267392686741962926e-01
5.315087130666836801e-01
5.362609544157109775e-01
5.409962118965507827e-01
5.457147783369560301e-01
5.504170203138597506e-01
5.551033780696021935e-01
5.597743652423926575e-01
5.644305684078638752e-01
5.690726464288596853e-01
5.737013296100854642e-01
5.783174186559643104e-01
5.829217834295257195e-01
5.875153615112358452e-01
5.920991565570949966e-01
5.966742364556926193e-01
6.012417312848982176e-01
6.058028310688663431e-01
6.103587833369293891e-01
6.149108904870270731e-01
6.194605069561065491e-01
6.240090362004629965e-01
6.285579274914152581e-01
6.331086725296962703e-01
6.376628018844587853e-01
6.422218812630940965e-01
6.467875076181007765e-01
6.513613050986549746e-01
6.559449208545403698e-01
6.605400207013167879e-01
6.651482846555871742e-01
6.697714023506038394e-01
6.744110683424744401e-01
6.790689773181467492e-01
6.837468192163245195e-01
6.884462742749152264e-01
6.931690080157337785e-01
6.979166661820634943e-01
7.026908696409633892e-01
7.074932092663788197e-01
7.123252408159380655e-01
7.171884798189098742e-01
7.220843964891134892e-01
7.270144106794631522e-01
7.319798868951082893e-01
7.369821293806949614e-01
7.420223772989420485e-01
7.471018000191129715e-01
7.522214925294978816e-01
7.573824709948917544e-01
7.625856684734745317e-01
7.678319308125660658e-01
7.731220127392218755e-01
7.784565741639741798e-01
7.838361767137158598e-01
7.892612805117069641e-01
7.947322412198088992e-01
8.002493073603546003e-01
8.058126179320537208e-01
8.114222003360316293e-01
8.170779686254008300e-01
8.227797220927518529e-01
8.285271442085084814e-01
8.343198019209621119e-01
8.401571453311318383e-01
8.460385077499197326e-01
8.519631061485164469e-01
8.579300420082713874e-01
8.639383025766733670e-01
8.699867625346252575e-01
8.760741860778962220e-01
8.821992294145590829e-01
8.883604436794609871e-01
8.945562782624254528e-01
9.007850845495846137e-01
9.070451200697757788e-01
9.133345530419458846e-01
9.196514673128841633e-01
9.259938676757670795e-01
9.323596855567345409e-01
9.387467850553131710e-01
9.451529693222227024e-01
9.515759872573853473e-01
9.580135405073775257e-01
9.644632907420289669e-01
9.709228671862404347e-01
9.773898743830122804e-01
9.838619001614223869e-01
9.903365237822572276e-01
9.968113242324649903e-01
1.003283888639442178e+00
1.009751820773317155e+00
1.016212749606507204e+00
1.022664337898373299e+00
1.029104290771220898e+00
1.035530364245263124e+00
1.041940373698362121e+00
1.048332202216985642e+00
1.054703808804644094e+00
1.061053236413350920e+00
1.067378619766041759e+00
1.073678192934641507e+00
1.079950296643435781e+00
1.086193385263350075e+00
1.092406033467791193e+00
1.098586942517224330e+00
1.104734946144910523e+00
1.110849016013570001e+00
1.116928266715933926e+00
1.122971960293201565e+00
1.128979510245742057e+00
1.134950485013199950e+00
1.140884610901450547e+00
1.146781774436499646e+00
1.152642024126589337e+00
1.158465571616075440e+00
1.164252792215571208e+00
1.170004224797098757e+00
1.175720571042105256e+00
1.181402694035482925e+00
1.187051616198615989e+00
1.192668516558937242e+00
1.198254727353927462e+00
1.203811729972005473e+00
1.209341150234274131e+00
1.214844753023694102e+00
1.220324436271656321e+00
1.225782224314573510e+00
1.231220260635385699e+00
1.236640800007959173e+00
1.242046200066223349e+00
1.247438912320507853e+00
1.252821472649274792e+00
1.258196491294202302e+00
1.263566642392039086e+00
1.268934653078001906e+00
1.274303292197553672e+00
1.279675358668090901e+00
1.285053669532421061e+00
1.290441047749211645e+00
1.295840309768131249e+00
1.301254252938590206e+00
1.306685642804242153e+00
1.312137200335131926e+00
1.317611589153463436e+00
1.323111402807551906e+00
1.328639152152775171e+00
1.334197252895207297e+00
1.339788013358546248e+00
1.345413622531786091e+00
1.351076138457170561e+00
1.356777477016943623e+00
1.362519401177251677e+00
1.368303510746371465e+00
1.374131232703968752e+00
1.380003812155993881e+00
1.385922303969286951e+00
1.391887565136349147e+00
1.397900247920397909e+00
1.403960793826876330e+00
1.410069428445201778e+00
1.416226157202280733e+00
1.422430762064054832e+00
1.428682799219617827e+00
1.434981597777552631e+00
1.441326259499452478e+00
1.447715659592347492e+00
1.454148448575880437e+00
1.460623055235537260e+00
1.467137690667904337e+00
1.473690353418579679e+00
1.480278835708050522e+00
1.486900730733096587e+00
1.493553441029869422e+00
1.500234187872514280e+00
1.506940021680933661e+00
1.513667833402128515e+00
1.520414366823817698e+00
1.527176231774639570e+00
1.533949918157275549e+00
1.540731810758083409e+00
1.547518204768542960e+00
1.554305321951269914e+00
1.561089327377804592e+00
1.567866346660575783e+00
1.574632483598848331e+00
1.581383838154418964e+00
1.588116524669571650e+00
1.594826690238578593e+00
1.601510533141175419e+00
1.608164321245390216e+00
1.614784410286595584e+00
1.621367261928591263e+00
1.627909461514043254e+00
1.634407735410452034e+00
1.640858967860431950e+00
1.647260217246309555e+00
1.653608731680189958e+00
1.659901963834889749e+00
1.666137584931852489e+00
1.672313497806440230e+00
1.678427848975610370e+00
1.684479039634096509e+00
1.690465735512255208e+00
1.696386875532148730e+00
1.702241679202439961e+00
1.708029652700238543e+00
1.713750593590450677e+00
1.719404594142139642e+00
1.724992043204710557e+00
1.730513626614624600e+00
1.735970326110205075e+00
1.741363416736678715e+00
1.746694462733975772e+00
1.751965311903356248e+00
1.757178088459607546e+00
1.762335184380865005e+00
1.767439249276874680e+00
1.772493178803562275e+00
1.777500101661116272e+00
1.782463365218494467e+00
1.787386519817930175e+00
1.792273301817626008e+00
1.797127615443306903e+00
1.801953513521326045e+00
1.806755177179446559e+00
1.811536894604139469e+00
1.816303038953452909e+00
1.821058045529929670e+00
1.825806388323653051e+00
1.830552556043599788e+00
1.835301027758620362e+00
1.840056248274880568e+00
1.844822603380571469e+00
1.849604395092278031e+00
1.854405817038397686e+00
1.859230930119202263e+00
1.864083638580754654e+00
1.868967666642804115e+00
1.873886535817671506e+00
1.878843543056299970e+00
1.883841739855955710e+00
1.888883912457406833e+00
1.893972563259951336e+00
1.899109893573377450e+00
1.904297787822320842e+00
1.909537799312548190e+00
1.914831137659647187e+00
1.920178657975558867e+00
1.925580851896885326e+00
1.931037840533613270e+00
1.936549369403848253e+00
1.942114805412855638e+00
1.947733135922534942e+00
1.953402969946538725e+00
1.959122541495217362e+00
1.964889715081778787e+00
1.970701993388653150e+00
1.976556527080826520e+00
1.982450126738958485e+00
1.988379276871745205e+00
1.994340151955511065e+00
2.000328634432119390e+00
2.006340334586931728e+00
2.012370612212960097e+00
2.018414599956169120e+00
2.024467228224528625e+00
2.030523251532108109e+00
2.036577276139826864e+00
2.042623788843206611e+00
2.048657186750681536e+00
2.054671807887966217e+00
2.060661962456844964e+00
2.066621964572396664e+00
2.072546164297890847e+00
2.078428979795386322e+00
2.084264929405128974e+00
2.090048663469876278e+00
2.095774995718091116e+00
2.101438934022430427e+00
2.107035710352698654e+00
2.112560809744781665e+00
2.118009998111963998e+00
2.123379348730751737e+00
2.128665267235950509e+00
2.133864514971616888e+00
2.138974230546073940e+00
2.143991949450889667e+00
2.148915621611819926e+00
2.153743626747619988e+00
2.158474787424760066e+00
2.163108379706174755e+00
2.167644141303746164e+00
2.172082277156263341e+00
2.176423462368759054e+00
2.180668842460959489e+00
2.184820030888054099e+00
2.188879103809862947e+00
2.192848592101687366e+00
2.196731470611900328e+00
2.200531144690373253e+00
2.204251434025043643e+00
2.207896553839701959e+00
2.211471093524855824e+00
2.214979992785341523e+00
2.218428515409125446e+00
2.221822220774088308e+00
2.225166933228403643e+00
2.228468709495653677e+00
2.231733804269993016e+00
2.234968634184855585e+00
2.238179740350885183e+00
2.241373749673835292e+00
2.244557335175799473e+00
2.247737175554784361e+00
2.250919914226361840e+00
2.254112118101256890e+00
2.257320236357197363e+00
2.260550559467640053e+00
2.263809178753732443e+00
2.267101946721786554e+00
2.270434438450899872e+00
2.273811914286127056e+00
2.277239284089572102e+00
2.280721073290369993e+00
2.284261390967436522e+00
2.287863900184717636e+00
2.291531790787722844e+00
2.295267754855674802e+00
2.299073964988139984e+00
2.302952055591806158e+00
2.306903107313196699e+00
2.310927634749270432e+00
2.315025577547193514e+00
2.319196294988256746e+00
2.323438564128574857e+00
2.327750581550475317e+00
2.332129968755768168e+00
2.336573781210603329e+00
2.341078521025725667e+00
2.345640153236164593e+00
2.350254125613936207e+00
2.354915391928597668e+00
2.359618438539714536e+00
2.364357314185345338e+00
2.369125662803501342e+00
2.373916759202367555e+00
2.378723547372356251e+00
2.383538681214847355e+00
2.388354567441345999e+00
2.393163410386471845e+00
2.397957258457478869e+00
2.402728051940043574e+00
2.407467671865286540e+00
2.412167989641015531e+00
2.416820917143242209e+00
2.421418456967110888e+00
2.425952752529867418e+00
2.430416137727665404e+00
2.434801185845169691e+00
2.439100757424865318e+00
2.443308046806093703e+00
2.447416627050504445e+00
2.451420492976257748e+00
2.455314102030799805e+00
2.459092412738939970e+00
2.462750920472855043e+00
2.466285690298079203e+00
2.469693386664562507e+00
2.472971299720603700e+00
2.476117368047303646e+00
2.479130197625006193e+00
2.482009076866053654e+00
2.484753987568266265e+00
2.487365611669090093e+00
2.489845333704972852e+00
2.492195238908505583e+00
2.494418106901304277e+00
2.496517400968726985e+00
2.498497252930214074e+00
2.500362443641477306e+00
2.502118379194577802e+00
2.503771062900699285e+00
2.505327063169872304e+00
2.506793477419329452e+00
2.508177892172760881e+00
2.509488339530892009e+00
2.510733250224931989e+00
2.511921403488379667e+00
2.513061874012316732e+00
2.514163976277805634e+00
2.515237206589020946e+00
2.516291183158986922e+00
2.517335584628308531e+00
2.518380087421028257e+00
2.519434302365428646e+00
2.520507711021885200e+00
2.521609602175406195e+00
2.522749008953182770e+00
2.523934647029868472e+00
2.525174854374516720e+00
2.526477532983806729e+00
2.527850093024659461e+00
2.529299399790336800e+00
2.530831723846470815e+00
2.532452694716678110e+00
2.534167258427652669e+00
2.535979639204680502e+00
2.537893305580629200e+00
2.539910941153030954e+00
2.542034420198286959e+00
2.544264788326762172e+00
2.546602248337375141e+00
2.549046151404669835e+00
2.551594993706883585e+00
2.554246418572464705e+00
2.556997224195073137e+00
2.559843376930658998e+00
2.562780030155952460e+00
2.565801548626574835e+00
2.568901538231896708e+00
2.572072881000399214e+00
2.575307775163941493e+00
2.578597780046347765e+00
2.581933865498757807e+00
2.585306465564560341e+00
2.588705536019793030e+00
2.592120615405421269e+00
2.595540889140002250e+00
2.598955256282986959e+00
2.602352398504829800e+00
2.605720850813284084e+00
2.609049073582681455e+00
2.612325525438145668e+00
2.615538736553622012e+00
2.618677381933470549e+00
2.621730354260833895e+00
2.624686835907039217e+00
2.627536369711522823e+00
2.630268928146972218e+00
2.632874980494460893e+00
2.635345557653628212e+00
2.637672314211392255e+00
2.639847587388104433e+00
2.641864452473508429e+00
2.643716774353952914e+00
2.645399254735234518e+00
2.646907474655801895e+00
2.648237931904419362e+00
2.649388072968135166e+00
2.650356319174496544e+00
2.651142086734139536e+00
2.651745800449061718e+00
2.652168900916773708e+00
2.652413845136210924e+00
2.652484100487377372e+00
2.652384132132686645e+00
2.652119383935833241e+00
2.651696253046633700e+00
2.651122058322543662e+00
2.650405002774278262e+00
2.649554130223927384e+00
2.648579276356032075e+00
2.647491014337942872e+00
2.646300595177780046e+00
2.645019883001461736e+00
2.643661285446330833e+00
2.642237679412271500e+00
2.640762332461342510e+00
2.639248820230045922e+00
2.637710940294184070e+00
2.636162623010400718e+00
2.634617839944606299e+00
2.633090510569651599e+00
2.631594407984481077e+00
2.630143064454305346e+00
2.628749677601047274e+00
2.627427018084669275e+00
2.626187339598313297e+00
2.625042291966928065e+00
2.624002838079642519e+00
2.623079175316594736e+00
2.622280662043243726e+00
2.621615749659524042e+00
2.621091920602075298e+00
2.620715632620238988e+00
2.620492269580211087e+00
2.620426099002666653e+00
2.620520236506912681e+00
2.620776617317626123e+00
2.621195974983765886e+00
2.621777827459368382e+00
2.622520470696059647e+00
2.623420979889055094e+00
2.624475218503499185e+00
2.625677855176031805e+00
2.627022388541993436e+00
2.628501179980213376e+00
2.630105494195587035e+00
2.631825547479931249e+00
2.633650563402354372e+00
2.635568835594195303e+00
2.637567797198862696e+00
2.639634096477085023e+00
2.641753677975484216e+00
2.643911868607022875e+00
2.646093467940227040e+00
2.648282841965488021e+00
2.650464019600375476e+00
2.652620791206572903e+00
2.654736808425938399e+00
2.656795684690090198e+00
2.658781095821312057e+00
2.660676880208794337e+00
2.662467138116855647e+00
2.664136329747626153e+00
2.665669371740182481e+00
2.667051731833036676e+00
2.668269521442280023e+00
2.669309585910433213e+00
2.670159592150344707e+00
2.670808113349609325e+00
2.671244710310204162e+00
2.671460008874282810e+00
2.671445772754434955e+00
2.671194970942902369e+00
2.670701838758597013e+00
2.669961931505268726e+00
2.668972169704311170e+00
2.667730874931277807e+00
2.666237795446078085e+00
2.664494121058860188e+00
2.662502486996842332e+00
2.660266966902331998e+00
2.657793055454644726e+00
2.655087641417606115e+00
2.652158972125973069e+00
2.649016610500958713e+00
2.645671385612287985e+00
2.642135337593564337e+00
2.638421657401834874e+00
2.634544621543910559e+00
2.630519521539902428e+00
2.626362587615902466e+00
2.622090905962321639e+00
2.617722328887811756e+00
2.613275377336432559e+00
2.608769135497996938e+00
2.604223137580811809e+00
2.599657247192483034e+00
2.595091530140869462e+00
2.590546121790535228e+00
2.586041090378126128e+00
2.581596297882947866e+00
2.577231260181549910e+00
2.572965008274677334e+00
2.568815952370877120e+00
2.564801750538559411e+00
2.560939183489014948e+00
2.557244036837897028e+00
2.553730991905735603e+00
2.550413525792024849e+00
2.547303821109597077e+00
2.544412685445690769e+00
2.541749480351518820e+00
2.539322059494386608e+00
2.537136715555897482e+00
2.535198135521348206e+00
2.533509364162748856e+00
2.532071775744053621e+00
2.530885054200826545e+00
2.529947182250364079e+00
2.529254440002992599e+00
2.528801413674246490e+00
2.528581014925365800e+00
2.528584511215278940e+00
2.528801567362148894e+00
2.529220298322427674e+00
2.529827333027855119e+00
2.530607888984582665e+00
2.531545857224180018e+00
2.532623897082886266e+00
2.533823540142438713e+00
2.535125302487893251e+00
2.536508804217765700e+00
2.537952894922416824e+00
2.539435783652220113e+00
2.540935171789640012e+00
2.542428387233186982e+00
2.543892518421613236e+00
2.545304546940764912e+00
2.546641477743571969e+00
2.547880466321100101e+00
2.548998942455336092e+00
2.549974730443645310e+00
2.550786165897263036e+00
2.551412209396890507e+00
2.551832557450502748e+00
2.552027751346379603e+00
2.551979284623302036e+00
2.551669709956046361e+00
2.551082746229931253e+00
2.550203386395509142e+00
2.549018006299909711e+00
2.547514474063454326e+00
2.545682258725650904e+00
2.543512535892872073e+00
2.540998287119115240e+00
2.538134388901987393e+00
2.534917686688705984e+00
2.531347049330474608e+00
2.527423400136869613e+00
2.523149722082198565e+00
2.518531036712595927e+00
2.513574358648479112e+00
2.508288629909494194e+00
2.502684640183809872e+00
2.496774940198525083e+00
2.490573755235427456e+00
2.484096904488688917e+00
2.477361729550842107e+00
2.470387032266190275e+00
2.463193019098958381e+00
2.455801246645684000e+00
2.448234561481415827e+00
2.440517027416037266e+00
2.432673834402469204e+00
2.424731185437154490e+00
2.416716160326796814e+00
2.408656557599735404e+00
2.400580717703505229e+00
2.392517331708860162e+00
2.384495240061204946e+00
2.376543225686294392e+00
2.368689805261444903e+00
2.360963021990357014e+00
2.353390242940211596e+00
2.345997963926574226e+00
2.338811624957343405e+00
2.331855439168583732e+00
2.325152237814689826e+00
2.318723333095938255e+00
2.312588399430055563e+00
2.306765372345378040e+00
2.301270362744111786e+00
2.296117583150831809e+00
2.291319282000320978e+00
2.286885682204635284e+00
2.282824921213645553e+00
2.279142991403542151e+00
2.275843681621863901e+00
2.272928522692294173e+00
2.270396741233339455e+00
2.268245226917640078e+00
2.266468518086569794e+00
2.265058809414730590e+00
2.264005983306550895e+00
2.263297664307038382e+00
2.262919293577527746e+00
2.262854218990059785e+00
2.263083796055964214e+00
2.263587495855010623e+00
2.264343018113278205e+00
2.265326409966942123e+00
2.266512192963245909e+00
2.267873501755887311e+00
2.269382237422128856e+00
2.271009236472323334e+00
2.272724454050973453e+00
2.274497157313554396e+00
2.276296123234091251e+00
2.278089834549084092e+00
2.279846668182050617e+00
2.281535072011704024e+00
2.283123727771886102e+00
2.284581699731463189e+00
2.285878570235533758e+00
2.286984564005508425e+00
2.287870663288145145e+00
2.288508715672006755e+00
2.288871535935620205e+00
2.288933002977520559e+00
2.288668152964571156e+00
2.288053270432377939e+00
2.287065980104104668e+00
2.285685343375241541e+00
2.283891964334372915e+00
2.281668110393239246e+00
2.278997851646159312e+00
2.275867220721982775e+00
2.272264391109936277e+00
2.268179867107132708e+00
2.263606673386796331e+00
2.258540527785796836e+00
2.252979978437926967e+00
2.246926486862058425e+00
2.240384442658629016e+00
2.233361103018194793e+00
2.225866460429375859e+00
2.217913053131607359e+00
2.209515742709931452e+00
2.200691489357284425e+00
2.191459155785751456e+00
2.181839364757611310e+00
2.171854423518375654e+00
2.161528313396039902e+00
2.150886727911995866e+00
2.139957131479404584e+00
2.128768805865913105e+00
2.117352854125077677e+00
2.105742140767010717e+00
2.093971159941165006e+00
2.082075836820117765e+00
2.070093277801297038e+00
2.058061490325501897e+00
2.046019092523065019e+00
2.034005027752369354e+00
2.022058291785826967e+00
2.010217673582883169e+00
1.998521506352801680e+00
1.987007424860233851e+00
1.975712127293250964e+00
1.964671144088534049e+00
1.953918620059266420e+00
1.943487118338884212e+00
1.933407454128719616e+00
1.923708563042157982e+00
1.914417403844055343e+00
1.905558889918056442e+00
1.897155839210396433e+00
1.889228929741377794e+00
1.881796647601885475e+00
1.874875216714206649e+00
1.868478504099652771e+00
1.862617900149454719e+00
1.857302179415706966e+00
1.852537352698787609e+00
1.848326524981578345e+00
1.844669775627712394e+00
1.841564077095702689e+00
1.839003266092869460e+00
1.836978076385087366e+00
1.835476235263322264e+00
1.834482616387844711e+00
1.833979431871492149e+00
1.833946438573937909e+00
1.834361130619701186e+00
1.835198894227310307e+00
1.836433112068845741e+00
1.838035219924044394e+00
1.839974733703334531e+00
1.842219275054995276e+00
1.844734625594721233e+00
1.847484833284514405e+00
1.850432382571407963e+00
1.853538426904032033e+00
1.856763071873939186e+00
1.860065691212286598e+00
1.863405255954337703e+00
1.866740657922331792e+00
1.870031011073603366e+00
1.873235917749097368e+00
1.876315691597600921e+00
1.879231535016281374e+00
1.881945675685434249e+00
1.884421472664751240e+00
1.886623505722659910e+00
1.888517660846895208e+00
1.890071220315819867e+00
1.891252958816582730e+00
1.892033240281056017e+00
1.892384105709871811e+00
1.892279341705743745e+00
1.891694522873371032e+00
1.890607027664055195e+00
1.888996034988048356e+00
1.886842516151499449e+00
1.884129241662080512e+00
1.880840823693062269e+00
1.876963811474074983e+00
1.872486848414732119e+00
1.867400887409714771e+00
1.861699446835138438e+00
1.855378877304782570e+00
1.848438601339288390e+00
1.840881286853270016e+00
1.832712921618632196e+00
1.823942769069822223e+00
1.814583204149017304e+00
1.804649448381021593e+00
1.794159242120189290e+00
1.783132504619612257e+00
1.771591035522317448e+00
1.759558302644010697e+00
1.747059341448399028e+00
1.734120765429268296e+00
1.720770860071660913e+00
1.707039713127667113e+00
1.692959326150824895e+00
1.678563658797109781e+00
1.663888576386634455e+00
1.648971696862929548e+00
1.633852157797216265e+00
1.618570340216430870e+00
1.603167589504815860e+00
1.587685964522121296e+00
1.572168028504031145e+00
1.556656675789515054e+00
1.541194973496732068e+00
1.525825991449353491e+00
1.510592598111625273e+00
1.495537212787339865e+00
1.480701520199175114e+00
1.466126167335961572e+00
1.451850469764254914e+00
1.437912153497098000e+00
1.424347150021616049e+00
1.411189449589211886e+00
1.398471005754259311e+00
1.386221676104039791e+00
1.374469181905201287e+00
1.363239072440383115e+00
1.352554685871862672e+00
1.342437104748249732e+00
1.332905108548405382e+00
1.323975126940990954e+00
1.315661196033902636e+00
1.307974917053810859e+00
1.300925414335815988e+00
1.294519288844037108e+00
1.288760565715276307e+00
1.283650639533841176e+00
1.279188227899721086e+00
1.275369349856022572e+00
1.272187347846414518e+00
1.269632967648508304e+00
1.267694499686454090e+00
1.266357969555509833e+00
1.265607350327662362e+00
1.265424760021956807e+00
1.265790608803429862e+00
1.266683672599774546e+00
1.268081089089593938e+00
1.269958291662383054e+00
1.272288910366845549e+00
1.275044672671158175e+00
1.278195332192947120e+00
1.281708644706058386e+00
1.285550402251785407e+00
1.289684530388462758e+00
1.294073250153630728e+00
1.298677303428950269e+00
1.303456236647084765e+00
1.308368732847018823e+00
1.313372976671053127e+00
1.318427032184571690e+00
1.323489210668641336e+00
1.328518405812711300e+00
1.333474377508059527e+00
1.338317972413572310e+00
1.343011278613015280e+00
1.347517721501040322e+00
1.351802116747448990e+00
1.355830701861940879e+00
1.359571168830879806e+00
1.362992715713602365e+00
1.366066125767169348e+00
1.368763871087397277e+00
1.371060227303492418e+00
1.372931379640776495e+00
1.374355500261457141e+00
1.375312781805079876e+00
1.375785420372532819e+00
1.375757550053163136e+00
1.375215138235766688e+00
1.374145855444040887e+00
1.372538935609441735e+00
1.370385043385184520e+00
1.367676164817910767e+00
1.364405536240187011e+00
1.360567622987249869e+00
1.356158154052911069e+00
1.351174211327415442e+00
1.345614363632558597e+00
1.339478827858803900e+00
1.332769633614901750e+00
1.325490765161158269e+00
1.317648255840417892e+00
1.309250216113135634e+00
1.300306786320408747e+00
1.290830018189929040e+00
1.280833702521519735e+00
1.270333171300574548e+00
1.259345107542011011e+00
1.247887393437654202e+00
1.235979016927729823e+00
1.223640041118242205e+00
1.210891624301777103e+00
1.197756065440044315e+00
1.184256844435059852e+00
1.170418629605478822e+00
1.156267235071930966e+00
1.141829524753127378e+00
1.127133273105067834e+00
1.112207002014083068e+00
1.097079816450388989e+00
1.081781258693080172e+00
1.066341193796666031e+00
1.050789729924837212e+00
1.035157168607613531e+00
1.019473973653150622e+00
1.003770744289292027e+00
9.880781782355643195e-01
9.724270132930312727e-01
9.568479407148243743e-01
9.413714889263973262e-01
9.260278809646562692e-01
9.108468724909992709e-01
8.958575790460034938e-01
8.810883014914014932e-01
8.665663578032225534e-01
8.523179281030033305e-01
8.383679184838510601e-01
8.247398479769316726e-01
8.114557618308938514e-01
7.985361729252502538e-01
7.860000314224748763e-01
7.738647206863504824e-01
7.621460753030142588e-01
7.508584151691874986e-01
7.400145885334502571e-01
7.296260169193848899e-01
7.197027361076706597e-01
7.102534295861311353e-01
7.012854536435292330e-01
6.928048559860017219e-01
6.848163917908918208e-01
6.773235419765919474e-01
6.703285379120469401e-01
6.638323948859656820e-01
6.578349538813365038e-01
6.523349283226229645e-01
6.473299503904754726e-01
6.428166109570607745e-01
6.387904884885331480e-01
6.352461650884708710e-01
6.321772314029350248e-01
6.295762852668598253e-01
6.274349307230109307e-01
6.257437837746018250e-01
6.244924889609920760e-01
6.236697472363390560e-01
6.232633518304163678e-01
6.232602260333166555e-01
6.236464561272934137e-01
6.244073142644357421e-01
6.255272694722477933e-01
6.269899890575286738e-01
6.287783362083521066e-01
6.308743715738960312e-01
6.332593666325604387e-01
6.359138349702271320e-01
6.388175848390997835e-01
6.419497933606603812e-01
6.452891001507076174e-01
6.488137163858208600e-01
6.525015445257759117e-01
6.563303039124436244e-01
6.602776580168969733e-01
6.643213398664072900e-01
6.684392728800681027e-01
6.726096848050827637e-01
6.768112126474740142e-01
6.810229965031305843e-01
6.852247601732665006e-01
6.893968765525104736e-01
6.935204161845205384e-01
6.975771781976671804e-01
7.015497040924316696e-01
7.054212764323984919e-01
7.091759061262368213e-01
7.127983133008408689e-01
7.162739073862139927e-01
7.195887717137663397e-01
7.227296566471135275e-01
7.256839832572088422e-01
7.284398572541905814e-01
7.309860908010556990e-01
7.333122283955475496e-01
7.354085724411101310e-01
7.372662044224892464e-01
7.388769985377646732e-01
7.402336258895056975e-01
7.413295485873528934e-01
7.421590041425125683e-01
7.427169812457294906e-01
7.429991884376409006e-01
7.430020173933195027e-01
7.427225026678890840e-01
7.421582798549879456e-01
7.413075442237717638e-01
7.401690119696229253e-01
7.387418861673131776e-01
7.370258292659572774e-01
7.350209434731703739e-01
7.327277596484940148e-01
7.301472344308326257e-01
7.272807543695318788e-01
7.241301449405956880e-01
7.206976816428247723e-01
7.169860999962629489e-01
7.129986012987156174e-01
7.087388514773296233e-01
7.042109712766010388e-01
6.994195172543365979e-01
6.943694544363041565e-01
6.890661227758120289e-01
6.835152005336754266e-01
6.777226681473325076e-01
6.716947759847308186e-01
6.654380186283512799e-01
6.589591171447178874e-01
6.522650094267317122e-01
6.453628474075172594e-01
6.382599989842197008e-01
6.309640519933914504e-01
6.234828175938531558e-01
6.158243308574961050e-01
6.079968470977409334e-01
6.000088332916876377e-01
5.918689547001009243e-01
5.835860573352259495e-01
5.751691472066886579e-01
5.666273673057292681e-01
5.579699731290993503e-01
5.492063072875108531e-01
5.403457734861906170e-01
5.313978099769601782e-01
5.223718625043045627e-01
5.132773568095365668e-01
5.041236708897876007e-01
4.949201073916821292e-01
4.856758666993316043e-01
4.764000214070562289e-01
4.671014929152220163e-01
4.577890308350723303e-01
4.484711957463879961e-01
4.391563456332711057e-01
4.298526260667250298e-01
4.205679639399168002e-01
4.113100643249028021e-01
4.020864098333469805e-01
3.929042617436576124e-01
3.837706621078554314e-01
3.746924360702472701e-01
3.656761937122605666e-01
3.567283308651766349e-01
3.478550284997700137e-01
3.390622504837348394e-01
3.303557396887205067e-01
3.217410126058828923e-01
3.132233527831587150e-01
3.048078035161607136e-01
2.964991603001531084e-01
2.883019635784844215e-01
2.802204923068506992e-01
2.722587587914814811e-01
2.644205051677573359e-01
2.567092017672534809e-01
2.491280474910483322e-01
2.416799721747656116e-01
2.343676408090183683e-01
2.271934593746557374e-01
2.201595819776943630e-01
2.132679189251960039e-01
2.065201453763690909e-01
1.999177102277990281e-01
1.934618449466726231e-01
1.871535721390568674e-01
1.809937137235506088e-01
1.749828986622612159e-01
1.691215702712763058e-01
1.634099931831804742e-01
1.578482600616321063e-01
1.524362981722891530e-01
1.471738758973980821e-01
1.420606092497306849e-01
1.370959684037212356e-01
1.322792842206361175e-01
1.276097547115913611e-01
1.230864513572769853e-01
1.187083251905859671e-01
1.144742125484556061e-01
1.103828404088494919e-01
1.064328312497264534e-01
1.026227073905034426e-01
9.895089480674480742e-02
9.541572643699293421e-02
9.201544503014930099e-02
8.874820560527793556e-02
8.561207761786211734e-02
8.260504694109591095e-02
7.972501778093693536e-02
7.696981464634930492e-02
7.433718449369455805e-02
7.182479915413073068e-02
6.943025813762496168e-02
6.715109188691487097e-02
6.498476552970140763e-02
6.292868315066758866e-02
6.098019257649771319e-02
5.913659064036602686e-02
5.739512886741725273e-02
5.575301950326197464e-02
5.420744179205178037e-02
5.275554840366382392e-02
5.139447190711060598e-02
5.012133119297972755e-02
4.893323775739013420e-02
4.782730177539992050e-02
4.680063790745261909e-02
4.585037080143918031e-02
4.497364026802647130e-02
4.416760612206194897e-02
4.342945269290873767e-02
4.275639301443835694e-02
4.214567270939038185e-02
4.159457358335474919e-02
4.110041694423399034e-02
4.066056666053034091e-02
4.027243197065656644e-02
3.993347005423048685e-02
3.964118837538770090e-02
3.939314680850840994e-02
3.918695955766219458e-02
3.902029688034911598e-02
3.889088662827925452e-02
3.879651561622802364e-02
3.873503082974646267e-02
3.870434048047170783e-02
3.870241491562735614e-02
3.872728738510183150e-02
3.877705466706216075e-02
3.884987754926769177e-02
3.894398116207382909e-02
3.905765515611731714e-02
3.918925371707734917e-02
3.933719540977265172e-02
3.949996284415766001e-02
3.967610215683664565e-02
3.986422230425754748e-02
4.006299416561809323e-02
4.027114945662484125e-02
4.048747945848324425e-02
4.071083356932986286e-02
4.094011768918644212e-02
4.117429245173878649e-02
4.141237132027181245e-02
4.165341856629518891e-02
4.189654715314929806e-02
4.214091654681125648e-02
4.238573047896690427e-02
4.263023468691723439e-02
4.287371465523803771e-02
4.311549338395756492e-02
4.335492920601830003e-02
4.359141367623267649e-02
4.382436955073958085e-02
4.405324887402466139e-02
4.427753118774371138e-02
4.449672187196170026e-02
4.471035062658438447e-02
4.491797009768539600e-02
4.511915464953657889e-02
4.531349928118543618e-02
4.550061868276330385e-02
4.568014642496417976e-02
4.585173427290026998e-02
4.601505161382297981e-02
4.616978498699831485e-02
4.631563770359607701e-02
4.645232954329527042e-02
4.657959651484303715e-02
4.669719066771729765e-02
4.680487994257961915e-02
4.690244804863693412e-02
4.698969435763371283e-02
4.706643380398151111e-02
4.713249678300662077e-02
4.718772903908088900e-02
4.723199153765862690e-02
4.726516031585598077e-02
4.728712630704834385e-02
4.729779513706620919e-02
4.729708688935328753e-02
4.728493583827349245e-02
4.726129015017114382e-02
4.722611155270514671e-02
4.717937497344069919e-02
4.712106814966438018e-02
4.705119121088934681e-02
4.696975623713334214e-02
4.687678679520526637e-02
4.677231745577954680e-02
4.665639329420747522e-02
4.652906937816068955e-02
4.639041024416222514e-02
4.624048936659877485e-02
4.607938862101126215e-02
4.590719774443965950e-02
4.572401379481019768e-02
4.552994061134067044e-02
4.532508827790608652e-02
4.510957259058950147e-02
4.488351453127707724e-02
4.464703974806924491e-02
4.440027804397631700e-02
4.414336287450935231e-02
4.387643085526084230e-02
4.359962128007147802e-02
4.331307565033232221e-02
4.301693721634208822e-02
4.271135053080722666e-02
4.239646101521096083e-02
4.207241453953940863e-02
4.173935701547407118e-02
4.139743400369675502e-02
4.104679033545243633e-02
4.068756974871368115e-02
4.031991453918453566e-02
3.994396522635185187e-02
3.955986023476430746e-02
3.916773559060619803e-02
3.876772463367463700e-02
3.835995774484744769e-02
3.794456208882043824e-02
3.752166137226860265e-02
3.709137561704850539e-02
3.665382094852374234e-02
3.620910939844887433e-02
3.575734872245198148e-02
3.529864223152237579e-02
3.483308863725643328e-02
3.436078191042899604e-02
3.388181115236712365e-02
3.339626047877583548e-02
3.290420891535020265e-02
3.240573030480621564e-02
3.190089322469363831e-02
3.138976091550010894e-02
3.087239121842103723e-02
3.034883652240990409e-02
2.981914371975639966e-02
2.928335416993142759e-02
2.874150367085488711e-02
2.819362243749005612e-02
2.763973508699022613e-02
2.707986063006631930e-02
2.651401246826958977e-02
2.594219839666434685e-02
2.536442061162019063e-02
2.478067572350840103e-02
2.419095477390094395e-02
2.359524325715584014e-02
2.299352114621788790e-02
2.238576292243593668e-02
2.177193760944495099e-02
2.115200881088988294e-02
2.052593475222150993e-02
1.989366832649530278e-02
1.925515714418684493e-02
1.861034358752648374e-02
1.795916486906383447e-02
1.730155309522004442e-02
1.663743533476398292e-02
1.596673369272865947e-02
1.528936539016006839e-02
1.460524285015418929e-02
1.391427379060632477e-02
0.000000000000000000e+00
