-6.817611569907462699e-04
-6.749098673337089894e-04
-6.648966325595571415e-04
-6.560548420480672230e-04
-6.480042177578699885e-04
-6.405046113086874460e-04
-6.333791251790169951e-04
-6.264885235634621392e-04
-6.197195548663164341e-04
-6.129780021637756945e-04
-6.061842029645924616e-04
-5.992699872380648825e-04
-5.921764679420019094e-04
-5.848523710242869945e-04
-5.772527272015837759e-04
-5.693378206612455033e-04
-5.610723296151877079e-04
-5.524246158795956220e-04
-5.433661335810777192e-04
-5.338709349561685663e-04
-5.239152563345431243e-04
-5.134771708619846392e-04
-5.025362970847089801e-04
-4.910735544448694301e-04
-4.790709582454794990e-04
-4.665114478973728562e-04
-4.533787432237942438e-04
-4.396572244619269460e-04
-4.253318323110514979e-04
-4.103879848938102380e-04
-3.948115090501367989e-04
-3.785885837573290031e-04
-3.617056938438813641e-04
-3.441495924116942185e-04
-3.259072706649769309e-04
-3.069659340538849913e-04
-2.873129837736984799e-04
-2.669360028540950598e-04
-2.458227461803630821e-04
-2.239611338655927704e-04
-2.013392475484288360e-04
-1.779453291722633856e-04
-1.537677819798922638e-04
-1.287951733837999009e-04
-1.030162395185626892e-04
-7.641989126913096859e-05
-4.899522160591073330e-05
-2.073151411240023662e-05
8.381747442333734033e-06
3.835486858203091746e-05
6.919793269218006216e-05
1.009207888005653685e-04
1.335330386061653806e-04
1.670440228130378986e-04
2.014628068167451038e-04
2.367981657792713108e-04
2.730585691233190153e-04
3.102521645183229661e-04
3.483867613351445129e-04
3.874698136253876442e-04
4.275084026773784754e-04
4.685092191467246214e-04
5.104785447956236262e-04
5.534222338987874112e-04
5.973456943147679998e-04
6.422538682690946080e-04
6.881512128978372906e-04
7.350416805644935121e-04
7.829286989833342215e-04
8.318151512337161602e-04
8.817033556639145096e-04
9.325950457144419276e-04
9.844913497794205871e-04
1.037392771070551637e-03
1.091299167590744018e-03
1.146209732230457721e-03
1.202122973091196943e-03
1.259036694033735916e-03
1.316947975592605135e-03
1.375853156211046934e-03
1.435747814002936475e-03
1.496626748986008230e-03
1.558483965973556182e-03
1.621312658113349160e-03
1.685105191219959681e-03
1.749853089006883243e-03
1.815547019290895091e-03
1.882176781239720213e-03
1.949731293872214444e-03
2.018198585863507141e-03
2.087565786818720848e-03
2.157819120102395967e-03
2.228943897477630564e-03
2.300924515601446719e-03
2.373744454573952379e-03
2.447386278772627557e-03
2.521831640070291460e-03
2.597061283624174394e-03
2.673055056504036828e-03
2.749791919259684993e-03
2.827249960686272282e-03
2.905406415887647371e-03
2.984237687956532714e-03
3.063719373294598695e-03
3.143826290885835557e-03
3.224532515567580387e-03
3.305811415434725762e-03
3.387635693623653691e-03
3.469977434299953596e-03
3.552808153176017624e-03
3.636098852392971245e-03
3.719820079792402270e-03
3.803941992467605414e-03
3.888434424584478327e-03
3.973266959072950001e-03
4.058409003254473749e-03
4.143829867778585883e-03
4.229498848846275326e-03
4.315385313030717374e-03
4.401458784361633389e-03
4.487689033184763532e-03
4.574046166023601999e-03
4.660500716015175682e-03
4.747023733065208750e-03
4.833586873123942897e-03
4.920162485693579599e-03
5.006723698847856570e-03
5.093244501013765441e-03
5.179699818561570371e-03
5.266065588510356228e-03
5.352318825541106835e-03
5.438437682569454909e-03
5.524401504161514584e-03
5.610190872103695825e-03
5.695787642564368800e-03
5.781174974449319881e-03
5.866337348308359699e-03
5.951260575719377437e-03
6.035931798725812508e-03
6.120339479468400561e-03
6.204473379836383112e-03
6.288324531361397240e-03
6.371885195726391567e-03
6.455148816097562754e-03
6.538109960025338153e-03
6.620764254339205415e-03
6.703108312923936919e-03
6.785139658144262106e-03
6.866856636873650346e-03
6.948258332105090515e-03
7.029344471225391910e-03
7.110115331910044773e-03
7.190571647054343901e-03
7.270714509477568810e-03
7.350545277833671863e-03
7.430065484579256516e-03
7.509276747234425869e-03
7.588180683680638937e-03
7.666778832564016821e-03
7.745072579493680887e-03
7.823063089782715876e-03
7.900751248225517526e-03
7.978137606441455809e-03
8.055222337990193895e-03
8.132005201535463107e-03
8.208485512059018191e-03
8.284662120021999213e-03
8.360533398213401343e-03
8.436097236084780238e-03
8.511351040865056464e-03
8.586291745197167230e-03
8.660915820386113143e-03
8.735219294651951072e-03
8.809197775630592253e-03
8.882846476286895138e-03
8.956160243296030360e-03
9.029133587221658402e-03
9.101760713500552449e-03
9.174035553484668343e-03
9.245951794864240916e-03
9.317502910597331989e-03
9.388682185908485411e-03
9.459482742635715036e-03
9.529897560632331205e-03
9.599919495746275788e-03
9.669541294223458344e-03
9.738755603200376781e-03
9.807554977496156512e-03
9.875931882567950265e-03
9.943878693701254171e-03
1.001138769172385534e-02
1.007845105550985235e-02
1.014506085143801126e-02
1.021120902048609780e-02
1.027688736281918633e-02
1.034208752063973599e-02
1.040680095952459944e-02
1.047101894862533661e-02
1.053473253990836606e-02
1.059793254690892875e-02
1.066060952295411549e-02
1.072275373936739870e-02
1.078435516316580620e-02
1.084540343503582506e-02
1.090588784681332385e-02
1.096579731890111493e-02
1.102512037722304036e-02
1.108384512977778590e-02
1.114195924215381772e-02
1.119944991250063776e-02
1.125630384511232783e-02
1.131250722270745260e-02
1.136804567750147529e-02
1.142290426054930717e-02
1.147706740958654228e-02
1.153051891544129570e-02
1.158324188708432720e-02
1.163521871541508407e-02
1.168643103631334182e-02
1.173685969334878863e-02
1.178648470034373251e-02
1.183528520472724305e-02
1.188323945217229817e-02
1.193032475313061946e-02
1.197651745213721211e-02
1.202179290069326986e-02
1.206612543426551290e-02
1.210948835476204077e-02
1.215185391833632951e-02
1.219319333018024920e-02
1.223347674626302020e-02
1.227267328307963049e-02
1.231075103544768470e-02
1.234767710310643966e-02
1.238341762615378407e-02
1.241793782957322130e-02
1.245120207688335881e-02
1.248317393280018103e-02
1.251381623453491285e-02
1.254309117169871701e-02
1.257096037417332335e-02
1.259738500739645758e-02
1.262232587460480893e-02
1.264574352505235151e-02
1.266759836782583096e-02
1.268785078998213231e-02
1.270646127858597596e-02
1.272339054553139025e-02
1.273859965437715985e-02
1.275205014837271777e-02
1.276370417850890976e-02
1.277352463131102220e-02
1.278147525528749474e-02
1.278752078511388723e-02
1.279162706333325170e-02
1.279376115861039984e-02
1.279389148022769263e-02
1.279198788800440731e-02
1.278802179761560215e-02
1.278196628081931796e-02
1.277379616003685055e-02
1.276348809769115369e-02
1.275102067947291203e-02
1.273637449192586112e-02
1.271953219426131924e-02
1.270047858411347402e-02
1.267920065783602161e-02
1.265568766503074455e-02
1.262993115763657442e-02
1.260192503386029644e-02
1.257166557704893217e-02
1.253915148970301263e-02
1.250438392314841274e-02
1.246736650285238876e-02
1.242810534974959219e-02
1.238660909793092707e-02
1.234288890872599874e-02
1.229695848177203218e-02
1.224883406268528589e-02
1.219853444833190158e-02
1.214608098888136228e-02
1.209149758773307715e-02
1.203481069853233783e-02
1.197604931996746995e-02
1.191524498777563404e-02
1.185243176441230090e-02
1.178764622581116028e-02
1.172092744573573209e-02
1.165231697671643453e-02
1.158185882804719721e-02
1.150959944039580893e-02
1.143558765676750549e-02
1.135987468946499102e-02
1.128251408295088097e-02
1.120356167236447910e-02
1.112307553700428789e-02
1.104111594929980608e-02
1.095774531808530426e-02
1.087302812664615870e-02
1.078703086518644112e-02
1.069982195744439979e-02
1.061147168129565090e-02
1.052205208342095639e-02
1.043163688794623151e-02
1.034030139892826855e-02
1.024812239695424218e-02
1.015517802967130789e-02
1.006154769654273376e-02
9.967311927868718890e-03
9.872552258341988143e-03
9.777351095453046606e-03
9.681791582576742411e-03
9.585957457460740280e-03
9.489932906127221401e-03
9.393802412684341269e-03
9.297650604776159025e-03
9.201562095843324532e-03
9.105621324113064019e-03
9.009912388049295950e-03
8.914518879566998844e-03
8.819523714680848475e-03
8.725008962226787207e-03
8.631055670623832832e-03
8.537743693271492712e-03
8.445151513169019131e-03
8.353356066384636652e-03
8.262432565200823753e-03
8.172454321678360167e-03
8.083492571042618854e-03
7.995616296130759332e-03
7.908892052997218425e-03
7.823383798207196246e-03
7.739152717919811283e-03
7.656257060189089469e-03
7.574751969515035321e-03
7.494689325776505290e-03
7.416117586719726471e-03
7.339081635442377440e-03
7.263622632960659541e-03
7.189777876770450139e-03
7.117580665509512169e-03
7.047060170802623737e-03
6.978241316611768531e-03
6.911144666458897759e-03
6.845786319671297651e-03
6.782177816483278901e-03
6.720326053065595745e-03
6.660233206817954901e-03
6.601896672256105277e-03
6.545309008268072881e-03
6.490457896741933137e-03
6.437326113847828025e-03
6.385891513142586892e-03
6.336127021911894600e-03
6.288000650550395858e-03
6.241475515300536417e-03
6.196509874767566761e-03
6.153057180400124497e-03
6.111066141019434045e-03
6.070480801583118952e-03
6.031240636323420383e-03
5.993280656172940771e-03
5.956531530716471790e-03
5.920919724713672068e-03
5.886367648201460377e-03
5.852793821654365437e-03
5.820113054431202623e-03
5.788236637595823783e-03
5.757072549567768260e-03
5.726525675443847226e-03
5.696498038861515061e-03
5.666889046150800670e-03
5.637595742861478514e-03
5.608513080748408694e-03
5.579534196464929971e-03
5.550550699924919687e-03
5.521452972151433616e-03
5.492130472092306669e-03
5.462472051628668689e-03
5.432366277492224615e-03
5.401701759701021781e-03
5.370367485910345837e-03
5.338253160198608120e-03
5.305249545479197998e-03
5.271248809214376142e-03
5.236144870313229338e-03
5.199833747541027403e-03
5.162213907078304527e-03
5.123186609459956520e-03
5.082656253517302269e-03
5.040530717361857080e-03
4.996721694391693426e-03
4.951145024207119494e-03
4.903721015825210708e-03
4.854374763348316690e-03
4.803036452467880982e-03
4.749641656170007845e-03
4.694131619281445393e-03
4.636453529733795473e-03
4.576560776005400046e-03
4.514413189430379475e-03
4.449977269747917505e-03
4.383226393401401348e-03
4.314141003198201756e-03
4.242708777721977513e-03
4.168924779941371971e-03
4.092791584550394338e-03
4.014319381319645698e-03
3.933526055723684037e-03
3.850437244343824644e-03
3.765086365265916859e-03
3.677514622266023648e-03
3.587770982675212578e-03
3.495912128196563932e-03
3.402002378253378596e-03
3.306113586137065380e-03
3.208325007428019723e-03
3.108723140602066750e-03
3.007401540091862550e-03
2.904460602669042477e-03
2.800007326349043466e-03
2.694155043418227074e-03
2.587023127084181646e-03
2.478736673949754991e-03
2.369426161233411168e-03
2.259227081460231726e-03
2.148279554285638555e-03
2.036727917047982152e-03
1.924720295699514777e-03
1.812408155879627726e-03
1.699945837033441489e-03
1.587490069704447504e-03
1.475199478066813738e-03
1.363234068519149399e-03
1.251754706321086359e-03
1.140922581591797885e-03
1.030898665590400214e-03
9.218431595141741031e-04
8.139149373722807078e-04
7.072709836736278729e-04
6.020658285331382999e-04
4.984509810395765066e-04
3.965743630984113789e-04
2.965797448036986902e-04
1.986061840322415287e-04
1.027874705976762962e-04
9.251578046302931860e-06
-8.187987537995925456e-05
-1.704921560275688558e-04
-2.564779298073864306e-04
-3.397377639617507432e-04
-4.201806110416589270e-04
-4.977242745872196682e-04
-5.722958536946666161e-04
-6.438321648564689689e-04
-7.122801376939415664e-04
-7.775971840239112240e-04
-8.397515365034236273e-04
-8.987225552483768098e-04
-9.545009998759433796e-04
-1.007089265219711502e-03
-1.056501577370522540e-03
-1.102764148864948147e-03
-1.145915290378411375e-03
-1.186005476929939944e-03
-1.223097366526163183e-03
-1.257265770129344443e-03
-1.288597570229273572e-03
-1.317191587769257202e-03
-1.343158395527039185e-03
-1.366620077724531052e-03
-1.387709934092358141e-03
-1.406572129762358007e-03
-1.423361289685377406e-03
-1.438242038580858726e-03
-1.451388486538147081e-03
-1.462983662623386014e-03
-1.473218895770853423e-03
-1.482293147612309073e-03
-1.490412296000339027e-03
-1.497788374477553898e-03
-1.504638768456774325e-03
-1.511185372434572941e-03
-1.517653710046435594e-03
-1.524272021745097820e-03
-1.531270322578903416e-03
-1.538879434652420334e-03
-1.547329997145637176e-03
-1.556851459356515003e-03
-1.567671059561813679e-03
-1.580012794480672869e-03
-1.594096383628159546e-03
-1.610136232923513235e-03
-1.628340402040348101e-03
-1.648909580274327772e-03
-1.672036074874452133e-03
-1.697902818150938973e-03
-1.726682396855585720e-03
-1.758536109628388178e-03
-1.793613058074928872e-03
-1.832049275399493232e-03
-1.873966900205152738e-03
-1.919473398371698359e-03
-1.968660840789948196e-03
-2.021605240066718778e-03
-2.078365953253383767e-03
-2.138985154391178159e-03
-2.203487381680068261e-03
-2.271879164183304191e-03
-2.344148730501973039e-03
-2.420265804377096184e-03
-2.500181488209310410e-03
-2.583828237599753927e-03
-2.671119927714475997e-03
-2.761952012162500851e-03
-2.856201774524066029e-03
-2.953728671704809478e-03
-3.054374767349558352e-03
-3.157965254074884820e-03
-3.264309061748604454e-03
-3.373199548144343186e-03
-3.484415269295116410e-03
-3.597720825793005589e-03
-3.712867780288083182e-03
-3.829595642540593523e-03
-3.947632916640338684e-03
-4.066698207071682385e-03
-4.186501377384227625e-03
-4.306744757763688106e-03
-4.427124396107805573e-03
-4.547331348179616158e-03
-4.667053001883953063e-03
-4.785974431090573092e-03
-4.903779774307839671e-03
-5.020153633884609154e-03
-5.134782490526234276e-03
-5.247356130212497798e-03
-5.357569077788693415e-03
-5.465122033034428700e-03
-5.569723306385188435e-03
-5.671090248244864060e-03
-5.768950668489587590e-03
-5.863044241728216852e-03
-5.953123893520564230e-03
-6.038957162916407974e-03
-6.120327535520203761e-03
-6.197035742911314107e-03
-6.268901020648122435e-03
-6.335762320785765997e-03
-6.397479468877131752e-03
-6.453934260939818077e-03
-6.505031489781680151e-03
-6.550699893304707221e-03
-6.590893015275913792e-03
-6.625589968673965997e-03
-6.654796091949854130e-03
-6.678543488288146354e-03
-6.696891437548684739e-03
-6.709926671850587054e-03
-6.717763505598380730e-03
-6.720543811513372823e-03
-6.718436836330865178e-03
-6.711638849730342318e-03
-6.700372622566562117e-03
-6.684886731658686888e-03
-6.665454691706013991e-03
-6.642373914697688279e-03
-6.615964501083402421e-03
-6.586567869224202801e-03
-6.554545230275363177e-03
-6.520275918264178960e-03
-6.484155588259328529e-03
-6.446594293977711901e-03
-6.408014461107914075e-03
-6.368848768173967882e-03
-6.329537952451684893e-03
-6.290528554573642309e-03
-6.252270615083196058e-03
-6.215215336030718504e-03
-6.179812720185832650e-03
-6.146509195656845413e-03
-6.115745235793058378e-03
-6.087952981389041854e-03
-6.063553870057454206e-03
-6.042956279865364759e-03
-6.026553191792703712e-03
-6.014719877923499491e-03
-6.007811622326499415e-03
-6.006161485507940587e-03
-6.010078123530231478e-03
-6.019843676514605169e-03
-6.035711744514416291e-03
-6.057905470540675581e-03
-6.086615752045524894e-03
-6.121999604398607048e-03
-6.164178698899835766e-03
-6.213238098735793247e-03
-6.269225212588365979e-03
-6.332148982659276115e-03
-6.401979322419881074e-03
-6.478646811802397237e-03
-6.562042653548340147e-03
-6.652018890217131775e-03
-6.748388876155818165e-03
-6.850927993413543846e-03
-6.959374598533428491e-03
-7.073431183157685882e-03
-7.192765731546817316e-03
-7.317013255810763880e-03
-7.445777491475224878e-03
-7.578632736078659907e-03
-7.715125816649894171e-03
-7.854778172493392593e-03
-7.997088044860965056e-03
-8.141532763293156047e-03
-8.287571124295761704e-03
-8.434645856640696909e-03
-8.582186171427292828e-03
-8.729610391446091314e-03
-8.876328657393751584e-03
-9.021745706222886879e-03
-9.165263715394680877e-03
-9.306285204794801855e-03
-9.444215989472213094e-03
-9.578468170952463695e-03
-9.708463157969901558e-03
-9.833634705087176964e-03
-9.953431959006251578e-03
-1.006732250389265511e-02
-1.017479539750340903e-02
-1.027536419110080743e-02
-1.036856992891647955e-02
-1.045398412143879602e-02
-1.053121168690385884e-02
-1.059989385376323284e-02
-1.065971101549543880e-02
-1.071038552287540205e-02
-1.075168439698374195e-02
-1.078342193891845477e-02
-1.080546221057429590e-02
-1.081772135126035997e-02
-1.082016969590879341e-02
-1.081283365180330837e-02
-1.079579729163648513e-02
-1.076920361505358074e-02
-1.073325543223767158e-02
-1.068821581985440750e-02
-1.063440810293783158e-02
-1.057221531699882935e-02
-1.050207911208794753e-02
-1.042449806609692213e-02
-1.034002538682937504e-02
-1.024926599687251035e-02
-1.015287301402549754e-02
-1.005154365721985105e-02
-9.946014634419714229e-03
-9.837057085802410061e-03
-9.725471178735286409e-03
-9.612080464641389876e-03
-9.497726118467249637e-03
-9.383261184006706085e-03
-9.269544940383093665e-03
-9.157437492518669120e-03
-9.047794662929448811e-03
-8.941463234206546706e-03
-8.839276556041761324e-03
-8.742050495832503001e-03
-8.650579678158697855e-03
-8.565633928280273410e-03
-8.487954816410722692e-03
-8.418252188674145084e-03
-8.357200574508803770e-03
-8.305435379543389673e-03
-8.263548800097155964e-03
-8.232085441553148308e-03
-8.211537668298976578e-03
-8.202340768697576751e-03
-8.204868067697297998e-03
-8.219426160851124250e-03
-8.246250474118716617e-03
-8.285501363992527762e-03
-8.337260965794535475e-03
-8.401530968325663512e-03
-8.478231447267236404e-03
-8.567200831304558686e-03
-8.668197003257624086e-03
-8.780899471428167333e-03
-8.904912475969625762e-03
-9.039768845254512325e-03
-9.184934371604318998e-03
-9.339812463379261465e-03
-9.503748826793291180e-03
-9.676035956410686256e-03
-9.855917259146418363e-03
-1.004259069479341085e-02
-1.023521188819683132e-02
-1.043289674773558405e-02
-1.063472369614761742e-02
-1.083973568703670148e-02
-1.104694222305249371e-02
-1.125532161158269290e-02
-1.146382368728035561e-02
-1.167137318623836378e-02
-1.187687389671543761e-02
-1.207921362776532420e-02
-1.227726995258128159e-02
-1.246991660518974830e-02
-1.265603035634657592e-02
-1.283449817183783884e-02
-1.300422446680101624e-02
-1.316413831208999678e-02
-1.331320051082858849e-02
-1.345041053287610033e-02
-1.357481334877102402e-02
-1.368550624098982364e-02
-1.378164567093155199e-02
-1.386245425529493425e-02
-1.392722785557813647e-02
-1.397534273421957400e-02
-1.400626268424473575e-02
-1.401954601688770209e-02
-1.401485229455728954e-02
-1.399194872335951349e-02
-1.395071615419226155e-02
-1.389115467772791129e-02
-1.381338880928153004e-02
-1.371767224209304720e-02
-1.360439209251437798e-02
-1.347407247293568033e-02
-1.332737712360537383e-02
-1.316511072470853000e-02
-1.298821842954871360e-02
-1.279778312001761051e-02
-1.259501990883762045e-02
-1.238126751858813560e-02
-1.215797634856952136e-02
-1.192669328284049791e-02
-1.168904359487642555e-02
-1.144671059293679398e-02
-1.120141392442309744e-02
-1.095488764058618128e-02
-1.070885920492195900e-02
-1.046503058386448991e-02
-1.022506238993239197e-02
-9.990561779028262271e-03
-9.763074461159879439e-03
-9.544080805970569722e-03
-9.334995639925012731e-03
-9.137170980739524329e-03
-8.951900648849079115e-03
-8.780425482985495036e-03
-8.623937780781222584e-03
-8.483583622300904653e-03
-8.360461934236319836e-03
-8.255619509103626075e-03
-8.170041694236410829e-03
-8.104639039772272568e-03
-8.060230778069384788e-03
-8.037526496787430336e-03
-8.037107688056408655e-03
-8.059410947389459776e-03
-8.104714433417620212e-03
-8.173128816990369444e-03
-8.264593398824319689e-03
-8.378877454691895099e-03
-8.515586278031655326e-03
-8.674170914031647389e-03
-8.853940289245569584e-03
-9.054074357199463213e-03
-9.273636988008362655e-03
-9.511587584169355417e-03
-9.766790724038186197e-03
-1.003802346654200650e-02
-1.032398022146331640e-02
-1.062327530267829709e-02
-1.093444343035582245e-02
-1.125593857819603624e-02
-1.158613170406291859e-02
-1.192330806715204833e-02
-1.226566500994886490e-02
-1.261131120640512568e-02
-1.295826838349897064e-02
-1.330447634626042222e-02
-1.364780174971554766e-02
-1.398605051577188688e-02
-1.431698318322949942e-02
-1.463833197354175684e-02
-1.494781811102536759e-02
-1.524316806448171996e-02
-1.552212788840218530e-02
-1.578247563221742145e-02
-1.602203262869024078e-02
-1.623867512085986481e-02
-1.643034791707309594e-02
-1.659508147370861511e-02
-1.673101306951988235e-02
-1.683641176667592665e-02
-1.690970595919947042e-02
-1.694951175948688701e-02
-1.695466040979577704e-02
-1.692422328001028098e-02
-1.685753362716220158e-02
-1.675420489372029739e-02
-1.661414570475516772e-02
-1.643757182640977546e-02
-1.622501524047070820e-02
-1.597733031196633610e-02
-1.569569689830169895e-02
-1.538162021725287404e-02
-1.503692727460268462e-02
-1.466375952389641080e-02
-1.426456107904609458e-02
-1.384206124940926333e-02
-1.339924962238234207e-02
-1.293934173782320882e-02
-1.246573393091565153e-02
-1.198194731981020410e-02
-1.149156299256650846e-02
-1.099815270462166199e-02
-1.050521118631089074e-02
-1.001609694991485028e-02
-9.533988049460914715e-03
-9.061857692141964821e-03
-8.602472241999619892e-03
-8.158411403592425934e-03
-7.732107543879005417e-03
-7.325898473599335922e-03
-6.942085798208512057e-03
-6.582989451579588855e-03
-6.250988593471906024e-03
-5.948540023406989445e-03
-5.678167812257065884e-03
-5.442421812715944260e-03
-5.243807526284709024e-03
-5.084694582639403583e-03
-4.967214831671268489e-03
-4.893162965367106078e-03
-4.863912282053258103e-03
-4.880355816553640091e-03
-4.942879123838762878e-03
-5.051366276125015056e-03
-5.205235896030844037e-03
-5.403499949182648254e-03
-5.644835086450594036e-03
-5.927654941532774571e-03
-6.250172230279340754e-03
-6.610441891391403285e-03
-7.006380687661375312e-03
-7.435764094947523023e-03
-7.896206861698227761e-03
-8.385137942794093635e-03
-8.899782192706935657e-03
-9.437159444939176300e-03
-9.994106585471266083e-03
-1.056732124401307468e-02
-1.115341887241258316e-02
-1.174899043879551117e-02
-1.235064728580202546e-02
-1.295504321105065380e-02
-1.355887044889764192e-02
-1.415883381599919444e-02
-1.475161330311757987e-02
-1.533382786032355151e-02
-1.590201131390169692e-02
-1.645260611055237784e-02
-1.698197394813412420e-02
-1.748641676497710018e-02
-1.796219897984192154e-02
-1.840556304564350959e-02
-1.881273471423303839e-02
-1.917992015681274642e-02
-1.950330207291354687e-02
-1.977904434961940197e-02
-2.000331407020909322e-02
-2.017232643232945086e-02
-2.028241408143743874e-02
-2.033011908660097011e-02
-2.031230394577202003e-02
-2.022627706076023796e-02
-2.006992691458804254e-02
-1.984185691388087175e-02
-1.954150979959237006e-02
-1.916926800040342702e-02
-1.872651597722016850e-02
-1.821565364550038757e-02
-1.764005636139995628e-02
-1.700398545912143802e-02
-1.631246173168506355e-02
-1.557112010864817458e-02
-1.478606516198364626e-02
-1.396374329496685891e-02
-1.311083946597009151e-02
-1.223419648883114670e-02
-1.134074643605048442e-02
-1.043743920469617642e-02
-9.531154374573854587e-03
-8.628588882186077197e-03
-7.736123092178423880e-03
-6.859678955620411925e-03
-6.004593233449350906e-03
-5.175533598460514174e-03
-4.376483908179532034e-03
-3.610816344430290044e-03
-2.881453327525399996e-03
-2.191103731047712617e-03
-1.542539962211307916e-03
-9.388694198113095753e-04
-3.837494599336988346e-04
1.184988927185924926e-04
5.629074411628970896e-04
9.440143008980928646e-04
1.256137588123732926e-03
1.493732719507189508e-03
1.651784533361572247e-03
1.726182371160513282e-03
1.714031466337603490e-03
1.613865096784748970e-03
1.425736264302412352e-03
1.151183136665649351e-03
7.930779437462459700e-04
3.553836401460491474e-04
-1.571448137305340303e-04
-7.392694762503679989e-04
-1.385542664975414166e-03
-2.090506931695407678e-03
-2.848802617247403468e-03
-3.655188334934470103e-03
-4.504503306317518205e-03
-5.391614602016880226e-03
-6.311390774250224753e-03
-7.258725477021247749e-03
-8.228606637095542409e-03
-9.216199493553220434e-03
-1.021689661161945262e-02
-1.122629168813767640e-02
-1.224005631413537659e-02
-1.325373243480652830e-02
-1.426248614289697854e-02
-1.526088855006579523e-02
-1.624278896737274894e-02
-1.720132406777066802e-02
-1.812907126420918932e-02
-1.901831708050850597e-02
-1.986138353985686389e-02
-2.065094498960449304e-02
-2.138027547945531640e-02
-2.204338844522093013e-02
-2.263505827897356604e-02
-2.315073916848319965e-02
-2.358641411817455347e-02
-2.393841376966492768e-02
-2.420324196783282464e-02
-2.437743713304808477e-02
-2.445748998952211942e-02
-2.443983181602109311e-02
-2.432090298506114912e-02
-2.409730672692403375e-02
-2.376604498479600522e-02
-2.332482077619055585e-02
-2.277237633500457659e-02
-2.210882268432663028e-02
-2.133590934117073415e-02
-2.045718660473872658e-02
-1.947802851483420791e-02
-1.840550963281945007e-02
-1.724815761365556394e-02
-1.601562861771587201e-02
-1.471836673478909598e-02
-1.336730704825335458e-02
-1.197366418753054856e-02
-1.054881839410041697e-02
-9.104277326906991957e-03
-7.651663928725929015e-03
-6.202667509320861777e-03
-4.768901936704594835e-03
-3.361641197856353978e-03
-1.991442604842889267e-03
-6.677111061860984114e-04
6.017078047396693698e-04
1.810805115795311457e-03
2.955466070904739888e-03
4.033257363668704687e-03
5.042947853377097167e-03
5.983826501022720089e-03
6.854929889432937948e-03
7.654317117858955993e-03
8.378526009647566455e-03
9.022313036379868423e-03
9.578728302610601403e-03
1.003951829420109305e-02
1.039579510273673166e-02
1.063887105264139585e-02
1.076113717799565342e-02
1.075686335412063578e-02
1.062281428748062216e-02
1.035860463739855970e-02
9.966753758532667304e-03
9.452441725527536281e-03
8.823009266045926322e-03
8.087280333805426519e-03
7.254811944900645473e-03
6.335186007948386336e-03
5.337447719498704043e-03
4.269763402000545903e-03
3.139321671764117895e-03
1.952446341887441794e-03
7.148430905439223486e-04
-5.681200193131626976e-04
-1.891187333526812625e-03
-3.249095164036013526e-03
-4.636552367405609790e-03
-6.048272499034298630e-03
-7.478987164956339695e-03
-8.923380371619323709e-03
-1.037591885695689567e-02
-1.183059887648377217e-02
-1.328066881059823331e-02
-1.471840594016868287e-02
-1.613501884341283707e-02
-1.752071702084080293e-02
-1.886494714636862899e-02
-2.015675505292920805e-02
-2.138520657078944384e-02
-2.253979456240841686e-02
-2.361077223303533271e-02
-2.458937693424076074e-02
-2.546793550389979399e-02
-2.623986444828366876e-02
-2.689959168679813620e-02
-2.744243020196501792e-02
-2.786442981222967546e-02
-2.816222559091914601e-02
-2.833289491895851428e-02
-2.837383317760893559e-02
-2.828266121658226315e-02
-2.805718337096856779e-02
-2.769541832126626649e-02
-2.719572187257828649e-02
-2.655700843682357384e-02
-2.577905787161233198e-02
-2.486287121075987996e-02
-2.381101967438656319e-02
-2.262792292801654032e-02
-2.131999907927269178e-02
-1.989565048468504987e-02
-1.836508185990786551e-02
-1.673998275891260337e-02
-1.503313590304755989e-02
-1.325802750548011472e-02
-1.142853024889643743e-02
-9.558703744425708568e-03
-7.662717082053875292e-03
-5.754854594667848169e-03
-3.849532584594540872e-03
-1.961242928672754342e-03
-1.043546439895314849e-04
1.707256021440279334e-03
3.460722877477482445e-03
5.144777579441858761e-03
6.750293876517043934e-03
8.270663639065629555e-03
9.701899916580082606e-03
1.104240916167861450e-02
1.229243822756395654e-02
1.345326723320024696e-02
1.452627173814473836e-02
1.551200500740287230e-02
1.640944796253954868e-02
1.721554277176511397e-02
1.792507457613082972e-02
1.853090700057050122e-02
1.902452342676374392e-02
1.939678698740913282e-02
1.963881234615888136e-02
1.974284080759745180e-02
1.970302263835724960e-02
1.951603071194601621e-02
1.918145271630367771e-02
1.870193248991819379e-02
1.808305418966246747e-02
1.733298657848136512e-02
1.646192874667802564e-02
1.548142121970095229e-02
1.440360396276748473e-02
1.324051067307480296e-02
1.200348308166974097e-02
1.070276834754249444e-02
9.347329276628613820e-03
7.944857388744964652e-03
6.501942153712947023e-03
5.024325911318966963e-03
3.517169985027677158e-03
1.985274148090799586e-03
4.332226469453564783e-04
-1.134535979480488354e-03
-2.713643068045898301e-03
-4.299777678499200687e-03
-5.888567311139580179e-03
-7.475451985393524734e-03
-9.055516083667327840e-03
-1.062332023486896489e-02
-1.217277192737945511e-02
-1.369706739679401458e-02
-1.518872148739680919e-02
-1.663968219151678446e-02
-1.804150884582108455e-02
-1.938558262214845965e-02
-2.066331716875084365e-02
-2.186634470799442634e-02
-2.298666475535213888e-02
-2.401675436223537491e-02
-2.494964693450342844e-02
-2.577898973195807270e-02
-2.649908848451638932e-02
-2.710494278084058309e-02
-2.759227015218435747e-02
-2.795751224388050987e-02
-2.819781492232473555e-02
-2.831097666156504739e-02
-2.829536607737673237e-02
-2.814981876297269897e-02
-2.787353319227915682e-02
-2.746599235008921266e-02
-2.692693904554663981e-02
-2.625642687875725384e-02
-2.545495574834504698e-02
-2.452368294683372751e-02
-2.346468233385059360e-02
-2.228120952346824418e-02
-2.097792455668694850e-02
-1.956102742236912051e-02
-1.803827582693268497e-02
-1.641887608915211169e-02
-1.471326235275590734e-02
-1.293280094929077917e-02
-1.108947047364797732e-02
-9.195570212414792485e-03
-7.263498837188279815e-03
-5.305623798494448276e-03
-3.334234793312758523e-03
-1.361549172516062509e-03
6.002795971396567357e-04
2.539202249126871428e-03
4.443402531609578349e-03
6.301530039171185024e-03
8.103022587441402469e-03
9.838475538419669264e-03
1.149999617423002121e-02
1.308147518926578746e-02
1.457871586079794238e-02
1.598938252060095461e-02
1.731275917380300372e-02
1.854934067826444558e-02
1.970030678027201443e-02
2.076694837096970669e-02
2.175012233806303957e-02
2.264980552082127008e-02
2.346480126849893530e-02
2.419262772968758593e-02
2.482959018955693820e-02
2.537101545055581164e-02
2.581160830961139532e-02
2.614588074773236889e-02
2.636860362876854505e-02
2.647523686443139374e-02
2.646230437790408202e-02
2.632769175848129195e-02
2.607085477184877334e-02
2.569293450449028349e-02
2.519677978416402092e-02
2.458688053929545397e-02
2.386921829539223605e-02
2.305104321610344439e-02
2.214059144392004422e-02
2.114676159498962357e-02
2.007877400681754021e-02
1.894583932687213257e-02
1.775686303025685725e-02
1.652020878803131185e-02
1.524353640586046006e-02
1.393372026410909410e-02
1.259684346971912637e-02
1.123825330322396690e-02
9.862656962907457789e-03
8.474234447299992812e-03
7.076748037798918402e-03
5.673634388837872806e-03
4.268073821678445602e-03
2.863039654951689186e-03
1.461336147490461613e-03
6.563563373364138774e-05
-1.321476341151179386e-03
-2.697443577542240484e-03
-4.059670737015595721e-03
-5.405450027900856116e-03
-6.731892295371750233e-03
-8.035872214868886032e-03
-9.313995259822346190e-03
-1.056259027547990989e-02
-1.177772694385650562e-02
-1.295525338166035254e-02
-1.409084661578558634e-02
-1.518006824646978004e-02
-1.621841915078123947e-02
-1.720138991820682056e-02
-1.812450687500494553e-02
-1.898337606613542325e-02
-1.977372876447986913e-02
-2.049147174036162339e-02
-2.113274386190817228e-02
-2.169397811380845142e-02
-2.217196546862759687e-02
-2.256391483693751671e-02
-2.286750206929270834e-02
-2.308090100477028922e-02
-2.320279097798989831e-02
-2.323233790924155232e-02
-2.316914978873885894e-02
-2.301321150284418859e-02
-2.276480785811440394e-02
-2.242444660206637311e-02
-2.199279453927548492e-02
-2.147063904368837900e-02
-2.085888425010579486e-02
-2.015858627620995339e-02
-1.937102569566113985e-02
-1.849780916596597408e-02
-1.754098674329715446e-02
-1.650316800362197633e-02
-1.538761932217297748e-02
-1.419832675929902019e-02
-1.294001366265794609e-02
-1.161810856937720536e-02
-1.023866619782158767e-02
-8.808251041059702094e-03
-7.333798150911915656e-03
-5.822468249368444211e-03
-4.281513849500752540e-03
-2.718169695460278222e-03
-1.139575180646742016e-03
4.472704184006910926e-04
2.035525672863060243e-03
3.618508568395045755e-03
5.189695328155071938e-03
6.742729489901141612e-03
8.271451040247422559e-03
9.769950218212281046e-03
1.123264455701403555e-02
1.265437205381765226e-02
1.403048909460652242e-02
1.535695959199267352e-02
1.663042196495934100e-02
1.784822291507365613e-02
1.900841093749439450e-02
2.010968744545107989e-02
2.115131852890484929e-02
2.213301500279405559e-02
2.305479195121778319e-02
2.391682104852840482e-02
2.471928936304208096e-02
2.546227715907661837e-02
2.614566465474050388e-02
2.676907416650969873e-02
2.733185008395541682e-02
2.783307519924694065e-02
2.827161854990646248e-02
2.864620748885226761e-02
2.895551537512853352e-02
2.919825610588939330e-02
2.937327753676035116e-02
2.947964738909295002e-02
2.951672716681287903e-02
2.948423155855311312e-02
2.938227248899220184e-02
2.921138821973607441e-02
2.897255861790149628e-02
2.866720795111371567e-02
2.829719646213414014e-02
2.786480168706729349e-02
2.737269019489232957e-02
2.682388027086069632e-02
2.622169613426560825e-02
2.556971457946031340e-02
2.487170541011006486e-02
2.413156759580983163e-02
2.335326359924263032e-02
2.254075467875038541e-02
2.169794008294057344e-02
2.082860287609020894e-02
1.993636467642882770e-02
1.902465090096917485e-02
1.809666727792083596e-02
1.715538750518234151e-02
1.620355110305849583e-02
1.524366981904398677e-02
1.427804046791126061e-02
1.330876187177245859e-02
1.233775362434051844e-02
1.136677471682665842e-02
1.039744058110955716e-02
9.431237743132175888e-03
8.469535936842076396e-03
7.513598105550035530e-03
6.564589127791791053e-03
5.623584298748451372e-03
4.691578564726266685e-03
3.769497277922243504e-03
2.858208871051925136e-03
1.958539422017490858e-03
1.071288668499680626e-03
1.972467044579614623e-04
-6.627896058678493796e-04
-1.508001505891518046e-03
-2.337535420788886768e-03
-3.150492905049569539e-03
-3.945923834551289672e-03
-4.722822884660313539e-03
-5.480129039216529580e-03
-6.216727657479587284e-03
-6.931454520025076907e-03
-7.623101284740829188e-03
-8.290421898268006060e-03
-8.932139691478728841e-03
-9.546955094679485804e-03
-1.013355409395859386e-02
-1.069061767804217744e-02
-1.121683256585215629e-02
-1.171090345758747653e-02
-1.217156692021706399e-02
-1.259760682562131862e-02
-1.298787103581648499e-02
-1.334128880629826749e-02
-1.365688818575406735e-02
-1.393381255613588762e-02
-1.417133539364937023e-02
-1.436887235510281823e-02
-1.452598989791294322e-02
-1.464240982716891702e-02
-1.471800940859470386e-02
-1.475281697809690054e-02
-1.474700329130334761e-02
-1.470086916452083628e-02
-1.461483023783811085e-02
-1.448939991516732737e-02
-1.432517168336812884e-02
-1.412280206909047493e-02
-1.388299544743967773e-02
-1.360649176997815769e-02
-1.329405804237561786e-02
-1.294648406976505253e-02
-1.256458262708023271e-02
-1.214919383439518746e-02
-1.170119315604168167e-02
-1.122150213069447039e-02
-1.071110070654146887e-02
-1.017103992220965390e-02
-9.602453651028061699e-03
-9.006568216581646233e-03
-8.384708877915054287e-03
-7.738302457703830420e-03
-7.068875714575567626e-03
-6.378049414463422134e-03
-5.667528398449273377e-03
-4.939088248672629695e-03
-4.194559390073338695e-03
-3.435809618802828595e-03
-2.664726105058768182e-03
-1.883197882160648866e-03
-1.093099709792956335e-03
-2.962780095638932682e-04
5.054606663697089807e-04
1.310358428442327154e-03
2.116712148098377506e-03
2.922877123945040803e-03
3.727268745710391601e-03
4.528362694148381322e-03
5.324694255906630563e-03
6.114857311653814319e-03
6.897503480180595080e-03
7.671341787274996854e-03
8.435139088932702700e-03
9.187721335473119158e-03
9.927975626013893842e-03
1.065485288920990127e-02
1.136737094128547135e-02
1.206461762188492867e-02
1.274575369379193912e-02
1.341001520748893484e-02
1.405671507526716490e-02
1.468524366045138516e-02
1.529506826050904683e-02
1.588573143967876578e-02
1.645684824050545197e-02
1.700810237019196453e-02
1.753924151164213199e-02
1.805007194937660250e-02
1.854045272613540768e-02
1.901028955619777153e-02
1.945952871917524044e-02
1.988815114299057399e-02
2.029616686078523219e-02
2.068360999514578386e-02
2.105053438667094101e-02
2.139700994510818771e-02
2.172311976300567160e-02
2.202895799386411085e-02
2.231462846430425778e-02
2.258024396003320555e-02
2.282592610314542608e-02
2.305180572186485422e-02
2.325802360339244979e-02
2.344473151814638334e-02
2.361209340488732572e-02
2.376028661500177025e-02
2.388950312500595641e-02
2.399995064165043671e-02
2.409185353981335709e-02
2.416545359101487586e-02
2.422101045668164851e-02
2.425880193621690606e-02
2.427912397273531558e-02
2.428229043105276097e-02
2.426863267077071853e-02
2.423849894290699275e-02
2.419225364174067139e-02
2.413027644476579275e-02
2.405296137204878879e-02
2.396071579399841958e-02
2.385395941225716687e-02
2.373312323431671367e-02
2.359864855671295683e-02
2.345098596712315298e-02
2.329059436992058155e-02
2.311794003619117854e-02
2.293349567422143728e-02
2.273773951429020057e-02
2.253115439908628947e-02
2.231422686962748758e-02
2.208744623699068765e-02
2.185130363048916335e-02
2.160629101453117110e-02
2.135290016925333462e-02
2.109162163238576665e-02
2.082294360332425862e-02
2.054735081370718391e-02
2.026532337208875739e-02
1.997733559337164927e-02
1.968385482575573525e-02
1.938534029056238062e-02
1.908224195081579394e-02
1.877499942534378505e-02
1.846404096460722150e-02
1.814978250362927342e-02
1.783262680581950907e-02
1.751296270915118566e-02
1.719116448385219972e-02
1.686759130800533427e-02
1.654258686445855484e-02
1.621647905994836811e-02
1.588957986406653797e-02
1.556218526402068474e-02
1.523457532818298793e-02
1.490701437025986065e-02
1.457975120398326795e-02
1.425301947760551635e-02
1.392703807664411042e-02
1.360201158304769412e-02
1.327813077930880409e-02
1.295557318612837114e-02
1.263450362323584666e-02
1.231507478361859240e-02
1.199742781271285856e-02
1.168169288517372992e-02
1.136798977294667043e-02
1.105642840005508117e-02
1.074710938012452335e-02
1.044012453450443405e-02
1.013555738934927147e-02
9.833483651236818446e-03
9.533971661641606546e-03
9.237082831060786786e-03
8.942872054334454618e-03
8.651388108607372535e-03
8.362674035864447325e-03
8.076767511922405829e-03
7.793701203359728463e-03
7.513503114143509250e-03
7.236196923199307227e-03
6.961802313741531460e-03
6.690335295114939809e-03
6.421808517465283500e-03
6.156231579124272699e-03
5.893611326503257579e-03
5.633952145833160882e-03
5.377256246047704309e-03
5.123523931876200824e-03
4.872753866075259753e-03
4.624943319776383607e-03
4.380088409834119630e-03
4.138184322139033811e-03
3.899225519964046732e-03
3.663205936514412567e-03
3.430119150985904471e-03
3.199958547590350377e-03
2.972717457210794119e-03
2.748389281477178758e-03
2.526967599463408355e-03
2.308446256918145634e-03
2.092819438612390868e-03
1.880081724328656325e-03
1.670228129015138797e-03
1.463254128173929790e-03
1.259155669132402998e-03
1.057929169495126689e-03
8.595715035675010121e-04
6.640799782209137053e-04
4.714522991329411533e-04
2.816865287722251834e-04
9.478103722573654431e-05
-8.926555279627755059e-05
-2.704544257581620119e-04
-4.487866366172487266e-04
-6.242631767296622728e-04
-7.968850411175089181e-04
-9.666532963087815910e-04
-1.133569147786576449e-03
-1.297634006189256339e-03
-1.458849551569103451e-03
-1.617217795067833839e-03
-1.772741137384496995e-03
-1.925422423576403103e-03
-2.075264993724124964e-03
-2.222272729226151648e-03
-2.366450094327877517e-03
-2.507802172821808027e-03
-2.646334699682626693e-03
-2.782054087683684482e-03
-2.914967448853107539e-03
-3.045082610975178607e-03
-3.172408129123631751e-03
-3.296953292373071970e-03
-3.418728125907453518e-03
-3.537743388669228623e-03
-3.654010566827025925e-03
-3.767541863282082657e-03
-3.878350183471699665e-03
-3.986449117812386131e-03
-4.091852920906590557e-03
-4.194576488025764105e-03
-4.294635328945830416e-03
-4.392045539567106076e-03
-4.486823771533652964e-03
-4.578987200118513415e-03
-4.668553490695444112e-03
-4.755540763999991684e-03
-4.839967560431587996e-03
-4.921852803669376705e-03
-5.001215763767739853e-03
-5.078076019960769960e-03
-5.152453423371341004e-03
-5.224368059782116824e-03
-5.293840212656955591e-03
-5.360890326546987467e-03
-5.425538971017180440e-03
-5.487806805229248318e-03
-5.547714543275178781e-03
-5.605282920378065054e-03
-5.660532660046724979e-03
-5.713484442250293255e-03
-5.764158872716388868e-03
-5.812576453369271666e-03
-5.858757553982605476e-03
-5.902722385110394099e-03
-5.944490972288924042e-03
-5.984083131605482005e-03
-6.021518446588746028e-03
-6.056816246481467637e-03
-6.089995585934327924e-03
-6.121075226068442739e-03
-6.150073616973650813e-03
-6.177008881600808306e-03
-6.201898801112718657e-03
-6.224760801600295011e-03
-6.245611942257930406e-03
-6.264468904921160174e-03
-6.281347985051889508e-03
-6.296265084057256489e-03
-6.309235703023887212e-03
-6.320274937783412414e-03
-6.329397475355666783e-03
-6.336617591684355275e-03
-6.341949150693243845e-03
-6.345405604636394914e-03
-6.346999995706690580e-03
-6.346744958883024715e-03
-6.344652725995759274e-03
-6.340735130976824993e-03
-6.335003616261217045e-03
-6.327469240330084455e-03
-6.318142686324448344e-03
-6.307034271710303119e-03
0.000000000000000000e+00
