5.414721572556068473e-04
5.326261913977429433e-04
5.159163922730415760e-04
4.997322038814760656e-04
4.841042322127068120e-04
4.690285519455531416e-04
4.544934347532481457e-04
4.404837407276336668e-04
4.269847651356195660e-04
4.139839374173717918e-04
4.014713892419724539e-04
3.894399986491307256e-04
3.778852072948747382e-04
3.668047532200497882e-04
3.561983859635641761e-04
3.460675937880700157e-04
3.364153548245121220e-04
3.272459153494494915e-04
3.185645945371186685e-04
3.103776134422239655e-04
3.026919454514130203e-04
2.955151854670423238e-04
2.888554352727639297e-04
2.827212028584040037e-04
2.771213137404647791e-04
2.720648326284962363e-04
2.675609939849853233e-04
2.636191403056142250e-04
2.602486670597177715e-04
2.574589734526601826e-04
2.552594182340354881e-04
2.536592799745450042e-04
2.526677212414314179e-04
2.522937562504874763e-04
2.525462216020707635e-04
2.534337497810484029e-04
2.549647451572428693e-04
2.571473622495283845e-04
2.599894860610250545e-04
2.634987143330447864e-04
2.676823415602634063e-04
2.725473446951537045e-04
2.781003703931350917e-04
2.843477237875849948e-04
2.912953586688286954e-04
2.989488690695599670e-04
3.073134822012675528e-04
3.163940526843746106e-04
3.261950581059089088e-04
3.367205958566048219e-04
3.479743812291263101e-04
3.599597468000010443e-04
3.726796430749140668e-04
3.861366404219102500e-04
4.003329322539071430e-04
4.152703395248528127e-04
4.309503164758734877e-04
4.473739577075995727e-04
4.645420065478668209e-04
4.824548646654129992e-04
5.011126030508992113e-04
5.205149742691445513e-04
5.406614259788667699e-04
5.615511157697391500e-04
5.831829272421107987e-04
6.055554873517499104e-04
6.286671849434899558e-04
6.525161905556951499e-04
6.771004772684886515e-04
7.024178427246857096e-04
7.284659322207073925e-04
7.552422627707958353e-04
7.827442480817445314e-04
8.109692244277879117e-04
8.399144772694026916e-04
8.695772685645928321e-04
8.999548646473963347e-04
9.310445646150309566e-04
9.628437290759327746e-04
9.953498091202592647e-04
1.028560375428071855e-03
1.062473147387829782e-03
1.097086022049949912e-03
1.132397102809597905e-03
1.168404727665182290e-03
1.205107496935583795e-03
1.242504300242956976e-03
1.280594342666800233e-03
1.319377169928885032e-03
1.358852692399833018e-03
1.399021207910516786e-03
1.439883423122360158e-03
1.481440473417060645e-03
1.523693941158122149e-03
1.566645872196079656e-03
1.610298790525882410e-03
1.654655711007021589e-03
1.699720150081797084e-03
1.745496134322802907e-03
1.791988206844093504e-03
1.839201431436231085e-03
1.887141394348204430e-03
1.935814203769390578e-03
1.985226486766722941e-03
2.035385383807321660e-03
2.086298540712943489e-03
2.137974097975382098e-03
2.190420677412300079e-03
2.243647366194206991e-03
2.297663697900554323e-03
2.352479630853181094e-03
2.408105523433841204e-03
2.464552106378719264e-03
2.521830451942118356e-03
2.579951939854214886e-03
2.638928219909333819e-03
2.698771171160219660e-03
2.759492857532832178e-03
2.821105479846241267e-03
2.883621324077135627e-03
2.947052705809232592e-03
3.011411910804355409e-03
3.076711131686130953e-03
3.142962400627277025e-03
3.210177518185214178e-03
3.278367978330517206e-03
3.347544889628369276e-03
3.417718892976446404e-03
3.488900075929771659e-03
3.561097884034414296e-03
3.634321029428635563e-03
3.708577397259702792e-03
3.783873950290645317e-03
3.860216632476456272e-03
3.937610271967283138e-03
4.016058484402885292e-03
4.095563577298474631e-03
4.176126456457910155e-03
4.257746535161637848e-03
4.340421647317928983e-03
4.424147965530710741e-03
4.508919925068805533e-03
4.594730154913091030e-03
4.681569416878249811e-03
4.769426553761031175e-03
4.858288447669356983e-03
4.948139989306066591e-03
5.038964059157440174e-03
5.130741521308919070e-03
5.223451230471051580e-03
5.317070052800128982e-03
5.411572900799629243e-03
5.506932782570086830e-03
5.603120865269577838e-03
5.700106552794319791e-03
5.797857577118576897e-03
5.896340102913453715e-03
5.995518844503135852e-03
6.095357194377351052e-03
6.195817361904576784e-03
6.296860521062820973e-03
6.398446965749532769e-03
6.500536270820103657e-03
6.603087457303629532e-03
6.706059159857846036e-03
6.809409794426509593e-03
6.913097724275062660e-03
7.017081422337764253e-03
7.121319627823549311e-03
7.225771495235682948e-03
7.330396733835150072e-03
7.435155735897364462e-03
7.540009692091531948e-03
7.644920692559345303e-03
7.749851812386299166e-03
7.854767180521736794e-03
7.959632031130680838e-03
8.064412737261383857e-03
8.169076825979991810e-03
8.273592975379969253e-03
8.377930993493595130e-03
8.482061779696715986e-03
8.585957269267236944e-03
8.689590362303496740e-03
8.792934837991929833e-03
8.895965255755242107e-03
8.998656845072070323e-03
9.100985385292519048e-03
9.202927077752373619e-03
9.304458411956388966e-03
9.405556027880589143e-03
9.506196576253400643e-03
9.606356579105019070e-03
9.706012292313180578e-03
9.805139572026180805e-03
9.903713746829375872e-03
1.000170949706899806e-02
1.009910074294030277e-02
1.019586054236750784e-02
1.029196100003373568e-02
1.038737318792462561e-02
1.048206707837642283e-02
1.057601148991119816e-02
1.066917404580788181e-02
1.076152114559003267e-02
1.085301794908341555e-02
1.094362837251889459e-02
1.103331509613251701e-02
1.112203958248397101e-02
1.120976210472806808e-02
1.129644178363296836e-02
1.138203663232291094e-02
1.146650360798217444e-02
1.154979866903293670e-02
1.163187683689920204e-02
1.171269226128335804e-02
1.179219828791401407e-02
1.187034752800530946e-02
1.194709192855623880e-02
1.202238284273913702e-02
1.209617110000156016e-02
1.216840707538543315e-02
1.223904075765204144e-02
1.230802181635419143e-02
1.237529966768457883e-02
1.244082353915152046e-02
1.250454253341537481e-02
1.256640569164080290e-02
1.262636205660610730e-02
1.268436073630485605e-02
1.274035096819305969e-02
1.279428218491319644e-02
1.284610408204318703e-02
1.289576668794347597e-02
1.294322043697037836e-02
1.298841624567271570e-02
1.303130559287653256e-02
1.307184060384102529e-02
1.310997413862157943e-02
1.314565988474230770e-02
1.317885245437460523e-02
1.320950748570535842e-02
1.323758174860176565e-02
1.326303325400822637e-02
1.328582136701396584e-02
1.330590692296690358e-02
1.332325234630536356e-02
1.333782177114084533e-02
1.334958116378278867e-02
1.335849844576267320e-02
1.336454361697109877e-02
1.336768887836013546e-02
1.336790875350818072e-02
1.336518020802766535e-02
1.335948276651587920e-02
1.335079862636734394e-02
1.333911276759899844e-02
1.332441305809896684e-02
1.330669035424611804e-02
1.328593859573597505e-02
1.326215489452469559e-02
1.323533961752517210e-02
1.320549646250857370e-02
1.317263252686615670e-02
1.313675836939125555e-02
1.309788806416349941e-02
1.305603924716221623e-02
1.301123315482800163e-02
1.296349465492583307e-02
1.291285226942218839e-02
1.285933818952002781e-02
1.280298828296835487e-02
1.274384209335714495e-02
1.268194283206048809e-02
1.261733736246434430e-02
1.255007617680521659e-02
1.248021336575804059e-02
1.240780658131483347e-02
1.233291699228000228e-02
1.225560923349884243e-02
1.217595134832913720e-02
1.209401472489632194e-02
1.200987402605308181e-02
1.192360711338803086e-02
1.183529496518495247e-02
1.174502158849071928e-02
1.165287392549275471e-02
1.155894175391931379e-02
1.146331758178490215e-02
1.136609653633367800e-02
1.126737624719155104e-02
1.116725672339892624e-02
1.106584022474432424e-02
1.096323112683801441e-02
1.085953578013928132e-02
1.075486236279746266e-02
1.064932072715409767e-02
1.054302223994192135e-02
1.043607961600682976e-02
1.032860674592570374e-02
1.022071851712790837e-02
1.011253062873850375e-02
1.000415940036516668e-02
9.895721574946541449e-03
9.787334115718476432e-03
9.679113997639203493e-03
9.571177993689651553e-03
9.463642456179411494e-03
9.356623093457612853e-03
9.250234742531959070e-03
9.144591137835663547e-03
9.039804676889362511e-03
8.935986183140431569e-03
8.833244666487553159e-03
8.731687082042246389e-03
8.631418087873600833e-03
8.532539801967019277e-03
8.435151559355619222e-03
8.339349669577564642e-03
8.245227175692686900e-03
8.152873614678392972e-03
8.062374780760427420e-03
7.973812491506793859e-03
7.887264358043127865e-03
7.802803559555757280e-03
7.720498623039692004e-03
7.640413208984176731e-03
7.562605903903032306e-03
7.487130020039489860e-03
7.414033403173596500e-03
7.343358249674188792e-03
7.275140932875507997e-03
7.209411840106540528e-03
7.146195220993400814e-03
7.085509047403864939e-03
7.027364886656176785e-03
6.971767787566560820e-03
6.918716181140266951e-03
6.868201795946295846e-03
6.820209588841371316e-03
6.774717692397077586e-03
6.731697378401861089e-03
6.691113039242108096e-03
6.652922186911830113e-03
6.617075470156209144e-03
6.583516710702606335e-03
6.552182958183436386e-03
6.523004564934092343e-03
6.495905279927716158e-03
6.470802362990184242e-03
6.447606718738576291e-03
6.426223050516545812e-03
6.406550034422776700e-03
6.388480513378068555e-03
6.371901710760352611e-03
6.356695463631347603e-03
6.342738475526263006e-03
6.329902587707108771e-03
6.318055069205009283e-03
6.307058924595968299e-03
6.296773219554012424e-03
6.287053422550613335e-03
6.277751762971925040e-03
6.268717604505074509e-03
6.259797832561590086e-03
6.250837255668616026e-03
6.241679018994578457e-03
6.232165029612306111e-03
6.222136392154282644e-03
6.211433853928658398e-03
6.199898257937755050e-03
6.187371003607511528e-03
6.173694512388538252e-03
6.158712698957472843e-03
6.142271444991853624e-03
6.124219075441295762e-03
6.104406835193720328e-03
6.082689365420791347e-03
6.058925177815375866e-03
6.032977125546012086e-03
6.004712869394301065e-03
5.974005338112015930e-03
5.940733180856886883e-03
5.904781210854790664e-03
5.866040838467133714e-03
5.824410492411099226e-03
5.779796027680085893e-03
5.732111117940804496e-03
5.681277631651731122e-03
5.627225990275878248e-03
5.569895506112291020e-03
5.509234699352612286e-03
5.445201591588620313e-03
5.377763975218003388e-03
5.306899656620425038e-03
5.232596671406068711e-03
5.154853470484598368e-03
5.073679075959965090e-03
4.989093204650248137e-03
4.901126358465806958e-03
4.809819880633802759e-03
4.715225976552615654e-03
4.617407698133619079e-03
4.516438891905365759e-03
4.412404108931212987e-03
4.305398477486871434e-03
4.195527537714294208e-03
4.082907038133199058e-03
3.967662694770766364e-03
3.849929912745076333e-03
3.729853471208182704e-03
3.607587172419112614e-03
3.483293455939071373e-03
3.357142978491787187e-03
3.229314161585709712e-03
3.099992707714797555e-03
2.969371086455869536e-03
2.837647992505825355e-03
2.705027776885095790e-03
2.571719853759794287e-03
2.437938083105555594e-03
2.303900132670528428e-03
2.169826820023542258e-03
2.035941436855715544e-03
1.902469057173587861e-03
1.769635831474326111e-03
1.637668268396835032e-03
1.506792505874128248e-03
1.377233573245463310e-03
1.249214646662957350e-03
1.122956298961730846e-03
9.986757462873121962e-04
8.765860930796270673e-04
7.568955767171771029e-04
6.398068151583209771e-04
5.255160572593150885e-04
4.142124397277105810e-04
3.060772517335039189e-04
2.012832090598636221e-04
9.999374028067534517e-05
2.362287551540631983e-06
-9.146837682886188245e-05
-1.813668148243122689e-04
-2.672135649226892260e-04
-3.489017614237009852e-04
-4.263377263254272600e-04
-4.994415314425423077e-04
-5.681475277608178699e-04
-6.324048391689277449e-04
-6.921778165727286887e-04
-7.474464498640170495e-04
-7.982067332989583198e-04
-8.444709817087374653e-04
-8.862680934600022757e-04
-9.236437569976518793e-04
-9.566605970181402390e-04
-9.853982578884195632e-04
-1.009953419902448165e-03
-1.030439746677418427e-03
-1.046987760531063998e-03
-1.059744642926714739e-03
-1.068873959667875247e-03
-1.074555307648810548e-03
-1.076983883429319605e-03
-1.076369972630366201e-03
-1.072938360637256880e-03
-1.066927665120233695e-03
-1.058589591349549594e-03
-1.048188113214455850e-03
-1.035998581328386684e-03
-1.022306761962323918e-03
-1.007407809956183163e-03
-9.916051801058119956e-04
-9.752094805814427985e-04
-9.585372743054214502e-04
-9.419098322088119511e-04
-9.256518443961588884e-04
-9.100900937223006543e-04
-8.955520985688865399e-04
-8.823647282566002715e-04
-8.708527982036586360e-04
-8.613376491208501670e-04
-8.541357158472963774e-04
-8.495570909614047744e-04
-8.479040879165618532e-04
-8.494698102135174195e-04
-8.545367299681158255e-04
-8.633752839520478489e-04
-8.762424907963431864e-04
-8.933805971266949204e-04
-9.150157588962560921e-04
-9.413567654149314866e-04
-9.725938134516327709e-04
-1.008897340203647290e-03
-1.050416923087986671e-03
-1.097280255873172216e-03
-1.149592209808633636e-03
-1.207433988298434787e-03
-1.270862384018129352e-03
-1.339909146734063073e-03
-1.414580468286104472e-03
-1.494856592005697638e-03
-1.580691551134492598e-03
-1.672013040273936067e-03
-1.768722422326810808e-03
-1.870694873387244907e-03
-1.977779662539599827e-03
-2.089800568677924793e-03
-2.206556427931862397e-03
-2.327821810626629941e-03
-2.453347821304028079e-03
-2.582863016346750688e-03
-2.716074433241497110e-03
-2.852668723687273346e-03
-2.992313384839564213e-03
-3.134658079374541897e-03
-3.279336038401342319e-03
-3.425965539112011109e-03
-3.574151449677049740e-03
-3.723486834534120438e-03
-3.873554612524666811e-03
-4.023929262540470141e-03
-4.174178568259401950e-03
-4.323865398138919056e-03
-4.472549513915503178e-03
-4.619789401694948151e-03
-4.765144122678180785e-03
-4.908175176918023498e-03
-5.048448376939079427e-03
-5.185535727417005768e-03
-5.319017306967077294e-03
-5.448483149074796403e-03
-5.573535118212567460e-03
-5.693788779310079984e-03
-5.808875257045044774e-03
-5.918443081705906592e-03
-6.022160018640919030e-03
-6.119714876982383471e-03
-6.210819293390300137e-03
-6.295209485133431218e-03
-6.372647966087354593e-03
-6.442925216632049493e-03
-6.505861298439148330e-03
-6.561307401524409805e-03
-6.609147312228828841e-03
-6.649298783595021869e-03
-6.681714795013240192e-03
-6.706384680139228921e-03
-6.723335106124506307e-03
-6.732630882658645691e-03
-6.734375582744788966e-03
-6.728711955618862754e-03
-6.715822113074256319e-03
-6.695927475078954430e-03
-6.669288458954177393e-03
-6.636203902037890803e-03
-6.597010210978508475e-03
-6.552080233301929048e-03
-6.501821852499881961e-03
-6.446676312072728045e-03
-6.387116277760833405e-03
-6.323643653692859710e-03
-6.256787170742187515e-03
-6.187099771432900790e-03
-6.115155817493380871e-03
-6.041548149533367343e-03
-5.966885030894306108e-03
-5.891787006220465875e-03
-5.816883704467594625e-03
-5.742810614848664272e-03
-5.670205857999061766e-03
-5.599706970707250125e-03
-5.531947716343082674e-03
-5.467554925437951435e-03
-5.407145366112765458e-03
-5.351322638355089645e-03
-5.300674081280504907e-03
-5.255767681742492918e-03
-5.217148973431172919e-03
-5.185337917824067548e-03
-5.160825766248627010e-03
-5.144071909237083254e-03
-5.135500728733799307e-03
-5.135498482638040270e-03
-5.144410257714831548e-03
-5.162537040504427965e-03
-5.190132959659804826e-03
-5.227402759635046622e-03
-5.274499564582248341e-03
-5.331522988075719331e-03
-5.398517637059682163e-03
-5.475472046745194846e-03
-5.562318069699423440e-03
-5.658930730057262423e-03
-5.765128532885937206e-03
-5.880674212920848284e-03
-6.005275887470801731e-03
-6.138588574790463867e-03
-6.280216030853682380e-03
-6.429712856700610379e-03
-6.586586830407263095e-03
-6.750301420550020373e-03
-6.920278445519717665e-03
-7.095900850632219647e-03
-7.276515581582836470e-03
-7.461436543193985561e-03
-7.649947635760944581e-03
-7.841305870316962398e-03
-8.034744565169678332e-03
-8.229476630640279039e-03
-8.424697947319634284e-03
-8.619590841766808925e-03
-8.813327663456016828e-03
-9.005074457593104098e-03
-9.193994729181769257e-03
-9.379253284585716693e-03
-9.560020135991021198e-03
-9.735474449994672638e-03
-9.904808522736553017e-03
-1.006723176557079019e-02
-1.022197469010078033e-02
-1.036829288960925549e-02
-1.050547101807874396e-02
-1.063282677965297907e-02
-1.074971494106607972e-02
-1.085553138608922816e-02
-1.094971722471431951e-02
-1.103176296430814773e-02
-1.110121274001963504e-02
-1.115766858340414003e-02
-1.120079469886264834e-02
-1.123032169655770185e-02
-1.124605072092360603e-02
-1.124785740268767660e-02
-1.123569555352873540e-02
-1.120960051996334680e-02
-1.116969211030557907e-02
-1.111617700583386603e-02
-1.104935056771377128e-02
-1.096959794720884368e-02
-1.087739440923786959e-02
-1.077330477250096688e-02
-1.065798187888148882e-02
-1.053216400836029173e-02
-1.039667117708342053e-02
-1.025240028070454994e-02
-1.010031908723379654e-02
-9.941459132612911684e-03
-9.776907631666338638e-03
-9.607798578744069021e-03
-9.435303272118769277e-03
-9.260620544875376378e-03
-9.084967017084477278e-03
-8.909567691773093850e-03
-8.735647196292127548e-03
-8.564421922748699512e-03
-8.397093245834397549e-03
-8.234841896712176423e-03
-8.078823464130503729e-03
-7.930164877430265560e-03
-7.789961620852914846e-03
-7.659275343356461430e-03
-7.539131470663661821e-03
-7.430516408942878549e-03
-7.334373960432740217e-03
-7.251600640437397965e-03
-7.183039709277280575e-03
-7.129473876938225915e-03
-7.091616814098413921e-03
-7.070103770901932892e-03
-7.065481754973828438e-03
-7.078199835238380491e-03
-7.108600184692615009e-03
-7.156910471780397569e-03
-7.223238126265272424e-03
-7.307566873271813951e-03
-7.409755747412022538e-03
-7.529540602109372274e-03
-7.666537930798441106e-03
-7.820250646364299701e-03
-7.990075338457245865e-03
-8.175310452594241467e-03
-8.375164821916584318e-03
-8.588766018705715211e-03
-8.815168072718641834e-03
-9.053358216401040381e-03
-9.302262444004364902e-03
-9.560749808925139009e-03
-9.827635514190472682e-03
-1.010168297504713229e-02
-1.038160514445712543e-02
-1.066606548120429057e-02
-1.095367899788951896e-02
-1.124301385147577145e-02
-1.153259390562346581e-02
-1.182090261244951937e-02
-1.210638842339523819e-02
-1.238747176232210881e-02
-1.266255340737923105e-02
-1.293002395982412352e-02
-1.318827396973641999e-02
-1.343570426263347717e-02
-1.367073608813092200e-02
-1.389182086797326188e-02
-1.409744953201881243e-02
-1.428616164365486760e-02
-1.445655466749629775e-02
-1.460729379261473115e-02
-1.473712265527446670e-02
-1.484487514113443790e-02
-1.492948821049648947e-02
-1.499001545458037744e-02
-1.502564091692401571e-02
-1.503569263321147785e-02
-1.501965537696295719e-02
-1.497718222445042734e-02
-1.490810472184820462e-02
-1.481244160732345105e-02
-1.469040615665707407e-02
-1.454241227045081734e-02
-1.436907937970069264e-02
-1.417123613232537140e-02
-1.394992265443131992e-02
-1.370639097235388897e-02
-1.344210296953210308e-02
-1.315872507071248060e-02
-1.285811874287895104e-02
-1.254232593530223844e-02
-1.221354880885517150e-02
-1.187412354924905974e-02
-1.152648871468579458e-02
-1.117314933881988388e-02
-1.081663876898644218e-02
-1.045948079965841777e-02
-1.010415492728852956e-02
-9.753067427593999084e-03
-9.408530444124502817e-03
-9.072750455045497028e-03
-8.747826464206508515e-03
-8.435757169419747653e-03
-8.138455305054812308e-03
-7.857766441717824180e-03
-7.595488832666372550e-03
-7.353390542334833739e-03
-7.133220149944468312e-03
-6.936707886073612342e-03
-6.765555126855006887e-03
-6.621411679517930429e-03
-6.505842040464109022e-03
-6.420283540521402529e-03
-6.366000673130388365e-03
-6.344040681136860031e-03
-6.355195465034536167e-03
-6.399974055850020035e-03
-6.478588405320428664e-03
-6.590953333564431374e-03
-6.736699477761152327e-03
-6.915196326665458762e-03
-7.125581211979642796e-03
-7.366789641968254053e-03
-7.637582695603157071e-03
-7.936568293026784876e-03
-8.262214810575815166e-03
-8.612857404010909601e-03
-8.986699125423911610e-03
-9.381810067723522079e-03
-9.796128048954497874e-03
-1.022746366361869733e-02
-1.067351105640093958e-02
-1.113186391883598525e-02
-1.160003451186617483e-02
-1.207547247664645697e-02
-1.255558014076865909e-02
-1.303772197735933620e-02
-1.351922752351982643e-02
-1.399738888410046594e-02
-1.446945533886916969e-02
-1.493262808493310209e-02
-1.538405767281706554e-02
-1.582084547331253505e-02
-1.624004908119569546e-02
-1.663869052292014927e-02
-1.701376591000077626e-02
-1.736225585969032592e-02
-1.768113728050188169e-02
-1.796739844022374535e-02
-1.821805998490824002e-02
-1.843020438536091890e-02
-1.860101516486798931e-02
-1.872782562919595578e-02
-1.880817528846829428e-02
-1.883987124209358932e-02
-1.882105160398975935e-02
-1.875024829412450661e-02
-1.862644672726065584e-02
-1.844913973194176396e-02
-1.821837249264099748e-02
-1.793477481718996902e-02
-1.759957717728935153e-02
-1.721460810605213165e-02
-1.678227265165560533e-02
-1.630551416504811071e-02
-1.578776394018761159e-02
-1.523288426133635742e-02
-1.464510971933704123e-02
-1.402898930693692245e-02
-1.338932858119683267e-02
-1.273112834411694802e-02
-1.205951514391701528e-02
-1.137966014559091583e-02
-1.069668641856046445e-02
-1.001556943464152610e-02
-9.341040157785640563e-03
-8.677503214854439401e-03
-8.028983388829982054e-03
-7.399111741200911294e-03
-6.791158173311939716e-03
-6.208110671094436289e-03
-5.652793675422035716e-03
-5.128010163337342470e-03
-4.636685603114046317e-03
-4.181988536513142271e-03
-3.767403415699803904e-03
-3.396736997476087865e-03
-3.074049445046145475e-03
-2.803513551546050250e-03
-2.589217625121214335e-03
-2.434936953917591577e-03
-2.343903530005954534e-03
-2.318603231908423264e-03
-2.360624585403983504e-03
-2.470575041489007570e-03
-2.648071083409112621e-03
-2.891798791055456060e-03
-3.199632675371752877e-03
-3.568793383249902525e-03
-3.996020067317909361e-03
-4.477731851698543708e-03
-5.010155953253209518e-03
-5.589408062048324514e-03
-6.211522654607846798e-03
-6.872444340059020128e-03
-7.568002103489786941e-03
-8.293892316793420247e-03
-9.045691320616828027e-03
-9.818905158499459385e-03
-1.060904696643197309e-02
-1.141171792575822880e-02
-1.222266144866562994e-02
-1.303776544673758593e-02
-1.385300298114184453e-02
-1.466432220511822843e-02
-1.546751497022804712e-02
-1.625810296649617126e-02
-1.703127708743830057e-02
-1.778191077320478986e-02
-1.850464652550390388e-02
-1.919403391162043115e-02
-1.984468383712092998e-02
-2.045140144657411896e-02
-2.100926860319689282e-02
-2.151366299778939561e-02
-2.196021902768708484e-02
-2.234475017959740989e-02
-2.266316013413106900e-02
-2.291136964713163388e-02
-2.308528067389001986e-02
-2.318079167482616637e-02
-2.319387127491528630e-02
-2.312069203263996189e-02
-2.295782071811415873e-02
-2.270245446545018919e-02
-2.235268307300655038e-02
-2.190774830534642295e-02
-2.136826469358477087e-02
-2.073636647081412293e-02
-2.001575377286485963e-02
-1.921162733542760431e-02
-1.833052122893551183e-02
-1.738006251510245542e-02
-1.636869963076750811e-02
-1.530544374965506563e-02
-1.419965812057048977e-02
-1.306091165666259206e-02
-1.189889009237152587e-02
-1.072333759135721265e-02
-9.543990087206261769e-03
-8.370462853391319805e-03
-7.212069384585045873e-03
-6.077573445523649399e-03
-4.974904868280676136e-03
-3.910894328070326810e-03
-2.891095013787764543e-03
-1.919754271160619644e-03
-9.999746746142406002e-04
-1.340656516859951505e-04
6.759573954535848424e-04
1.427808211568627880e-03
2.118403482674294670e-03
2.743479988342624812e-03
3.297437069599950654e-03
3.773445995812929783e-03
4.163819240850725675e-03
4.460586686752042278e-03
4.656191564000756317e-03
4.744201977558945224e-03
4.719935225318416458e-03
4.580909240420551719e-03
4.327063912091398852e-03
3.960729967119421512e-03
3.486360143669835557e-03
2.910072456468318965e-03
2.239083950933165763e-03
1.481130273680668612e-03
6.439663341620282828e-04
-2.649771136378005661e-04
-1.238745616905121902e-03
-2.270836714299993755e-03
-3.355060124561267971e-03
-4.485369012195319742e-03
-5.655743080901381482e-03
-6.860167879831353954e-03
-8.092701778005344931e-03
-9.347574181915669148e-03
-1.061923552755137876e-02
-1.190229090402523254e-02
-1.319129065399977929e-02
-1.448040735626125730e-02
-1.576307831881921390e-02
-1.703171742624425347e-02
-1.827759026432475287e-02
-1.949090510518866962e-02
-2.066111442989446156e-02
-2.177736732572235767e-02
-2.282901931417449792e-02
-2.380610069058173434e-02
-2.469966467851003600e-02
-2.550197270062357774e-02
-2.620651339574195035e-02
-2.680788384218499992e-02
-2.730157947254438500e-02
-2.768374278762593052e-02
-2.795091454628148911e-02
-2.809982132171079047e-02
-2.812722574096302580e-02
-2.802986216311354264e-02
-2.780447851066495182e-02
-2.744799947504216950e-02
-2.695781313936569668e-02
-2.633216151990734957e-02
-2.557058975202563741e-02
-2.467438638462469969e-02
-2.364693706192244615e-02
-2.249392173737650713e-02
-2.122331231241900498e-02
-1.984516807570959468e-02
-1.837127042934066229e-02
-1.681467369635984352e-02
-1.518926414520269108e-02
-1.350940847736709430e-02
-1.178973717700741719e-02
-1.004505678951621642e-02
-8.290333885515579690e-03
-6.540659322119501094e-03
-4.811097462006082986e-03
-3.116355519239047064e-03
-1.470266496289282044e-03
1.148508141828388784e-04
1.628830469507711303e-03
3.064140344886036749e-03
4.416058241513827649e-03
5.682447386046382554e-03
6.863118294885339754e-03
7.958857456135486758e-03
8.970283175540725087e-03
9.896734439405530104e-03
1.073539865165155059e-02
1.148084006047948337e-02
1.212501522354566055e-02
1.265777396958516973e-02
1.306776333535984019e-02
1.334359238957437584e-02
1.347508471562278154e-02
1.345444247219435355e-02
1.327716669623457343e-02
1.294261681080476414e-02
1.245414281837019591e-02
1.181878185511003529e-02
1.104657154299085869e-02
1.014958881654010221e-02
9.140865421394453808e-03
8.033350197121385053e-03
6.839075914572799453e-03
5.568642847161424728e-03
4.231059277112875737e-03
2.833897386452726742e-03
1.383654752000420705e-03
-1.138208018296930739e-04
-1.652970556976129848e-03
-3.228300564808726618e-03
-4.834292604846816312e-03
-6.465388717318439754e-03
-8.115962430295177096e-03
-9.780206419502942422e-03
-1.145191323095707051e-02
-1.312418104990233092e-02
-1.478911837369981802e-02
-1.643763549239164040e-02
-1.805939369879765513e-02
-1.964294281234664138e-02
-2.117602914883361456e-02
-2.264601635603995244e-02
-2.404034239992779154e-02
-2.534694010206779702e-02
-2.655456997532203850e-02
-2.765304231769784987e-02
-2.863333089687145061e-02
-2.948759711125905139e-02
-3.020914953953607318e-02
-3.079236101872405776e-02
-3.123255792852011603e-02
-3.152588935703135031e-02
-3.166918188268384726e-02
-3.165979095931465565e-02
-3.149547075735796564e-02
-3.117429566936218144e-02
-3.069467168811344793e-02
-3.005546883611053682e-02
-2.925628499543232730e-02
-2.829782043606238889e-02
-2.718230933810266564e-02
-2.591393006514302114e-02
-2.449910886188717829e-02
-2.294664638284150265e-02
-2.126763108999705706e-02
-1.947515011243813529e-02
-1.758385455615099624e-02
-1.560946930028032399e-02
-1.356834625947884315e-02
-1.147714008923965065e-02
-9.352639968504461790e-03
-7.211732728848114886e-03
-5.071419471326063001e-03
-2.948778378020982562e-03
-8.607727131808458592e-04
1.176154243300838245e-03
3.146687715477372235e-03
5.037370563415305078e-03
6.837313331668888779e-03
8.538722103276625425e-03
1.013709884268238458e-02
1.163102479128809083e-02
1.302151860524465576e-02
1.431104815700770701e-02
1.550234760219396969e-02
1.659723252932861215e-02
1.759560695752477449e-02
1.849481807917788961e-02
1.928944879917224645e-02
1.997156093363643137e-02
2.053133080505446101e-02
2.095796735006108871e-02
2.124077722177897948e-02
2.137024071592823551e-02
2.133898006806295503e-02
2.114252891249998254e-02
2.077984091978917272e-02
2.025350292683690198e-02
1.956964312934390132e-02
1.873755015587403455e-02
1.776904557264763485e-02
1.667767949926423493e-02
1.547784233449237684e-02
1.418389893985547850e-02
1.280944918789174436e-02
1.136679756166188160e-02
9.866676277514939419e-03
8.318218442833371154e-03
6.729131549594525447e-03
5.105989757731542455e-03
3.454555183522670797e-03
1.780055627438352148e-03
8.738177594763978269e-05
-1.618792768361049022e-03
-3.333934952806001401e-03
-5.053574867173757194e-03
-6.773193027490383503e-03
-8.488061550529710231e-03
-1.019305488880957976e-02
-1.188246504412713428e-02
-1.354986222168137397e-02
-1.518803395690220166e-02
-1.678901762744100176e-02
-1.834421966657673320e-02
-1.984459695921229200e-02
-2.128086714466367879e-02
-2.264371643761722147e-02
-2.392398369198661320e-02
-2.511281281321504563e-02
-2.620177707829368652e-02
-2.718298500511805854e-02
-2.804917722373818922e-02
-2.879381864403983415e-02
-2.941118264145527531e-02
-2.989641689056603963e-02
-3.024557643813815394e-02
-3.045561047965100049e-02
-3.052429579299254653e-02
-3.045012117237352878e-02
-3.023214114381255618e-02
-2.986983010263875513e-02
-2.936297563884809197e-02
-2.871164875917915638e-02
-2.791627744867879179e-02
-2.697782982977123961e-02
-2.589808819308442311e-02
-2.467997144940211468e-02
-2.332784744431050383e-02
-2.184777287012949765e-02
-2.024760899747613321e-02
-1.853698435634130309e-02
-1.672710586878065411e-02
-1.483045074819930309e-02
-1.286039521603190086e-02
-1.083084646598491893e-02
-8.755937950658689017e-03
-6.649825800384635138e-03
-4.526591371034269229e-03
-2.400220476255612856e-03
-2.846038801101731346e-04
1.806505769068465946e-03
3.859634800713164851e-03
5.861853402940771229e-03
7.801152979694911567e-03
9.666887224497057104e-03
1.145020127829678332e-02
1.314436348682654007e-02
1.474492363946938549e-02
1.624964784523677888e-02
1.765821759094215668e-02
1.897172123625705600e-02
2.019200215324368913e-02
2.132095205985682154e-02
2.235984653326254096e-02
2.330881121691665697e-02
2.416648430667068387e-02
2.492990871800303959e-02
2.559465258137274407e-02
2.615512596165951026e-02
2.660503995580263889e-02
2.693794407844191108e-02
2.714777882807703144e-02
2.722938995800242012e-02
2.717896535268228206e-02
2.699437050247225148e-02
2.667537129015160741e-02
2.622374168697892000e-02
2.564325922009834391e-02
2.493959418317049509e-02
2.412010139703325146e-02
2.319352733537568406e-02
2.216965102488534234e-02
2.105888355824730648e-02
1.987185669410485023e-02
1.861903397356828166e-02
1.731037653958947264e-02
1.595508976328663051e-02
1.456146635339250137e-02
1.313682845561255086e-02
1.168755776759307016e-02
1.021919164646434806e-02
8.736556932913771764e-03
7.243913077670813619e-03
5.745081900491505120e-03
4.243551141356821134e-03
2.742549976102101866e-03
1.245103790701724807e-03
-2.459195261979632823e-04
-1.727759506961908369e-03
-3.197701155956805472e-03
-4.652999537226852091e-03
-6.090795884912568979e-03
-7.508034963078458364e-03
-8.901395149398867723e-03
-1.026724124564816834e-02
-1.160160597088356199e-02
-1.290020075237702582e-02
-1.415845136693636049e-02
-1.537155060069627342e-02
-1.653451920458260879e-02
-1.764226802543719316e-02
-1.868965749830101344e-02
-1.967155445174947892e-02
-2.058288913389598809e-02
-2.141871663294384054e-02
-2.217428615163864053e-02
-2.284511919555077750e-02
-2.342709436563817499e-02
-2.391653298449096521e-02
-2.431027708540858465e-02
-2.460575002230291561e-02
-2.480099051464430132e-02
-2.489465342746464277e-02
-2.488597478028393636e-02
-2.477470383503208029e-02
-2.456101082016708473e-02
-2.424538388354430599e-02
-2.382853219574304626e-02
-2.331131286272784126e-02
-2.269469696277565118e-02
-2.197978466715525686e-02
-2.116787173119802357e-02
-2.026056090448951491e-02
-1.925990358483909912e-02
-1.816855092013733991e-02
-1.698989078801357855e-02
-1.572814829743844622e-02
-1.438843253584563830e-02
-1.297672038165186351e-02
-1.149977789653987628e-02
-9.965029370400613207e-03
-8.380391776721358293e-03
-6.754096775568032771e-03
-5.094522627441779722e-03
-3.410054403891934691e-03
-1.708983495564405991e-03
5.518188742851138501e-07
1.710592086355159714e-03
3.413363012419321635e-03
5.101280138871789639e-03
6.766968725342753684e-03
8.403310924256734288e-03
1.000352486530797780e-02
1.156127182641827553e-02
1.307078006292324360e-02
1.452696858189147892e-02
1.592555206002973373e-02
1.726310940722866616e-02
1.853710273793084812e-02
1.974583985587197166e-02
2.088838067160443679e-02
2.196439512290664087e-02
2.297398614699180941e-02
2.391749530893820530e-02
2.479531037762375267e-02
2.560769335937458993e-02
2.635464449141419058e-02
2.703581298618442513e-02
2.765045964156978564e-02
2.819747061148204087e-02
2.867541645551933971e-02
2.908264668088507421e-02
2.941740773209215731e-02
2.967797186358824002e-02
2.986276535507198515e-02
2.997048669045954128e-02
3.000020809247465337e-02
2.995145664934271285e-02
2.982427374007566925e-02
2.961925327636449889e-02
2.933756032926037802e-02
2.898093207090372131e-02
2.855166282907854389e-02
2.805257468494774808e-02
2.748697469860851214e-02
2.685859971959519976e-02
2.617154993501571991e-02
2.543021282390497267e-02
2.463917991385418393e-02
2.380315951575150829e-02
2.292688924978591655e-02
2.201505250807442998e-02
2.107220292340111073e-02
2.010270039631469399e-02
1.911066132789358482e-02
1.809992451695121782e-02
1.707403286026118461e-02
1.603622970401696879e-02
1.498946758637666188e-02
1.393642632059064433e-02
1.287953697968755376e-02
1.182100839667143272e-02
1.076285326604158737e-02
9.706911732211356142e-03
8.654871343189847813e-03
7.608283260732684981e-03
6.568575481589917359e-03
5.537064406959265293e-03
4.514966320267640998e-03
3.503410199210116056e-03
2.503452856363325499e-03
1.516096788665476439e-03
5.423104488531743043e-04
-4.169499433531666417e-04
-1.360718352954982209e-03
-2.287998134334900697e-03
-3.197743916501492607e-03
-4.088847310003322980e-03
-4.960127133396644364e-03
-5.810324345973954738e-03
-6.638101391138341752e-03
-7.442045290664028867e-03
-8.220673639858375875e-03
-8.972442659569507262e-03
-9.695756636318404037e-03
-1.038897837105839765e-02
-1.105044058234701254e-02
-1.167845848933507166e-02
-1.227134397402463058e-02
-1.282742174668429283e-02
-1.334504781413299764e-02
-1.382263029277402445e-02
-1.425865226700538321e-02
-1.465169602045011607e-02
-1.500046762246871543e-02
-1.530382058662884716e-02
-1.556077717062748569e-02
-1.577054588224141227e-02
-1.593253390158275856e-02
-1.604635341672435572e-02
-1.611182127779563905e-02
-1.612895186627204963e-02
-1.609794361178433497e-02
-1.601916011781689270e-02
-1.589310732962464362e-02
-1.572040854649911848e-02
-1.550177930026904252e-02
-1.523800417075346289e-02
-1.492991746212714819e-02
-1.457838933812717619e-02
-1.418431852247849928e-02
-1.374863206290124172e-02
-1.327229198760435276e-02
-1.275630801859634934e-02
-1.220175491596623210e-02
-1.160979257078064222e-02
-1.098168669227418334e-02
-1.031882787366236211e-02
-9.622746976419209106e-03
-8.895125126006877062e-03
-8.137797126488778218e-03
-7.352747715893524771e-03
-6.542100740251495863e-03
-5.708101946390368997e-03
-4.853096625449707102e-03
-3.979503724768615469e-03
-3.089788254224044156e-03
-2.186433828778102783e-03
-1.271917022132344147e-03
-3.486848823226686329e-04
5.808634722878370247e-04
1.514390748938950360e-03
2.449630926287780369e-03
3.384394737943234935e-03
4.316572008723363468e-03
5.244131858177276603e-03
6.165121842651876197e-03
7.077667035038898158e-03
7.979969856634247863e-03
8.870311216922473554e-03
9.747053221408440507e-03
1.060864341185914148e-02
1.145362024605901981e-02
1.228061932427063768e-02
1.308837974739810589e-02
1.387574994878887011e-02
1.464169237293565934e-02
1.538528646968267098e-02
1.610572961252858953e-02
1.680233571706321594e-02
1.747453151121461379e-02
1.812185057684606582e-02
1.874392542858798263e-02
1.934047801235319608e-02
1.991130908646156217e-02
2.045628699206399753e-02
2.097533632665882913e-02
2.146842700930131492e-02
2.193556417193333330e-02
2.237677923725577347e-02
2.279212245222188987e-02
2.318165704882803671e-02
2.354545510321845100e-02
2.388359506944747954e-02
2.419616087887720840e-02
2.448324242567927883e-02
2.474493720614364539e-02
2.498135284503508191e-02
2.519261022874276501e-02
2.537884696832456294e-02
2.554022093605059357e-02
2.567691365237522588e-02
2.578913334185187894e-02
2.587711752439262811e-02
2.594113505570729353e-02
2.598148757742120910e-02
2.599851037656190217e-02
2.599257268772079549e-02
2.596407749512839869e-02
2.591346090709928385e-02
2.584119118253307493e-02
2.574776748858849038e-02
2.563371846197277926e-02
2.549960063588794026e-02
2.534599678055218103e-02
2.517351419084382091e-02
2.498278293929711777e-02
2.477445409997176134e-02
2.454919793668011371e-02
2.430770204120891870e-02
2.405066940220434990e-02
2.377881638306269044e-02
2.349287058975028583e-02
2.319356861381202672e-02
2.288165364316778125e-02
2.255787294276092453e-02
2.222297521676123641e-02
2.187770787496150574e-02
2.152281423507591829e-02
2.115903070088028318e-02
2.078708396234151337e-02
2.040768826710117126e-02
2.002154281346559331e-02
1.962932931339665329e-02
1.923170976932369811e-02
1.882932450200195534e-02
1.842279045885638136e-02
1.801269982280259002e-02
1.759961893194019258e-02
1.718408751102989268e-02
1.676661820652198751e-02
1.634769640881919214e-02
1.592778033893296752e-02
1.550730137080802602e-02
1.508666455702875261e-02
1.466624932363392100e-02
1.424641029832878977e-02
1.382747823789672384e-02
1.340976102194403781e-02
1.299354468349634383e-02
1.257909445057741292e-02
1.216665577777834018e-02
1.175645535104101295e-02
1.134870205446679436e-02
1.094358789220805164e-02
1.054128886305681113e-02
1.014196578919732833e-02
9.745765103570615609e-03
9.352819602643388380e-03
8.963249172686007377e-03
8.577161498282777699e-03
8.194652761555364096e-03
7.815808339744585373e-03
7.440703507179412951e-03
7.069404146143208265e-03
6.701967468640466358e-03
6.338442749592705303e-03
5.978872069306155092e-03
5.623291061747680633e-03
5.271729663402012316e-03
4.924212856275514763e-03
4.580761397989315149e-03
4.241392531392995657e-03
3.906120666119108995e-03
3.574958024828426249e-03
3.247915247675697316e-03
2.925001948995002363e-03
2.606227221618783677e-03
2.291600084988546556e-03
1.981129874818991429e-03
1.674826572741692967e-03
1.372701075691225899e-03
1.074765406054025785e-03
7.810328639290488231e-04
4.915181242087513901e-04
2.062372814298145222e-04
-7.479215396570548530e-05
-3.515513039659362658e-04
-6.240200117885487396e-04
-8.921769666783344434e-04
-1.155999860362204226e-03
-1.415465570752408742e-03
-1.670550368599139739e-03
-1.921230142933182550e-03
-2.167480641149418553e-03
-2.409277720237875450e-03
-2.646597605185769218e-03
-2.879417151417176541e-03
-3.107714107975976386e-03
-3.331467378652665061e-03
-3.550657278216690603e-03
-3.765265781392447119e-03
-3.975276762348028264e-03
-4.180676222655095239e-03
-4.381452506032206679e-03
-4.577596498284112504e-03
-4.769101811193700302e-03
-4.955964949196303357e-03
-5.138185458046628379e-03
-5.315766054823688538e-03
-5.488712738696059808e-03
-5.657034882283605570e-03
-5.820745303443375894e-03
-5.979860317624626290e-03
-6.134399770793664587e-03
-6.284387053540431423e-03
-6.429849096660320007e-03
-6.570816348781962669e-03
-6.707322736918798489e-03
-6.839405610425254405e-03
-6.967105669524837827e-03
-7.090466879061098349e-03
-7.209536368635001760e-03
-7.324364320052041168e-03
-7.435003843256651063e-03
-7.541510841690995948e-03
-7.643943868372289271e-03
-7.742363973759385995e-03
-7.836834546481499797e-03
-7.927421148220561292e-03
-8.014191343771433565e-03
-8.097214527412851387e-03
-8.176561746744078624e-03
-8.252305524976652137e-03
-8.324519682786475638e-03
-8.393279160631508112e-03
-8.458659842519561378e-03
-8.520738382102956837e-03
-8.579592031894883036e-03
-8.635298476385862634e-03
-8.687935669750946471e-03
-8.737581678739635149e-03
-8.784314531337145820e-03
-8.828212071702539951e-03
-8.869351821648174122e-03
-8.907810849213028404e-03
-8.943665644424458189e-03
-8.976992002551843763e-03
-9.007864914928843600e-03
-9.036358467501538760e-03
-9.062545746997330287e-03
-9.086498754858726018e-03
-9.108288328691300714e-03
-9.127984071244158587e-03
-9.145654286634753716e-03
-9.161365923725541677e-03
-9.175184526416151412e-03
-9.187174190511630117e-03
-9.197397526994072897e-03
-9.205915631380448202e-03
-9.212788058840060829e-03
-9.218072804803916984e-03
-9.221826290701833073e-03
-9.224103354583644554e-03
-9.224957246245876763e-03
-9.224439626559919475e-03
-9.222600570754841895e-03
-9.219488575283152354e-03
-9.215150568008093762e-03
-9.209631921456792186e-03
-9.202976468841699703e-03
-9.195226522604044161e-03
-9.186422895262585930e-03
-9.176604922279738355e-03
-9.165810486807122320e-03
-9.154076046036685455e-03
-9.141436659039065687e-03
-9.127926015847147995e-03
-9.113576467655325891e-03
-9.098419058008086133e-03
-9.082483554797515790e-03
-9.065798482949277703e-03
-9.048391157710134261e-03
-9.030287718404561223e-03
-9.011513162559072615e-03
-8.992091380342334683e-03
-8.972045189166718421e-03
-8.951396368484519292e-03
-8.930165694604594653e-03
-8.908372975546682837e-03
-8.886037085822664355e-03
-8.863176001161494899e-03
-8.839806833040385337e-03
-8.815945863077686087e-03
-8.791608577186308532e-03
-8.766809699475831830e-03
-8.741563225875891713e-03
-8.715882457437198680e-03
-8.689780033305442852e-03
-8.663267963338123351e-03
-8.636357660319423160e-03
-8.609059971805088293e-03
-8.581385211514646477e-03
-8.553343190306312085e-03
-8.524943246698458640e-03
-8.496194276925373573e-03
-8.467104764493537522e-03
-8.437682809261300501e-03
-8.407936156006689740e-03
-8.377872222470106323e-03
-8.347498126860929818e-03
0.000000000000000000e+00
