3.288081439039586967e-02
2.080526153787364864e-03
2.024349511003586607e-03
1.974761774709756640e-03
1.931535808229892584e-03
1.894375819472405957e-03
1.862949731909415048e-03
1.836910838753803149e-03
1.815911992779505220e-03
1.799614623348290247e-03
1.787694192103082402e-03
1.779843218532326053e-03
1.775772667716541894e-03
1.775212253679958954e-03
1.777910042866748079e-03
1.783631623939237881e-03
1.792159026175765314e-03
1.803289510539541219e-03
1.816834316153395808e-03
1.832617416605646608e-03
1.850474320600557342e-03
1.870250937750219875e-03
1.891802521189415564e-03
1.914992692258353415e-03
1.939692548500984888e-03
1.965779853431348558e-03
1.993138305088444293e-03
2.021656879208186437e-03
2.051229242548853731e-03
2.081753231796892867e-03
2.113130393249121157e-03
2.145265579003067212e-03
2.178066595366415226e-03
2.211443899548695517e-03
2.245310341132652002e-03
2.279580944782389276e-03
2.314172731348782507e-03
2.349004574400976458e-03
2.383997089716468308e-03
2.419072555239097297e-03
2.454154859491694887e-03
2.489169476230048729e-03
2.524043463594735637e-03
2.558705485827946977e-03
2.593085856045789124e-03
2.627116598299884982e-03
2.660731527412787435e-03
2.693866345120981762e-03
2.726458751061127533e-03
2.758448567023864643e-03
2.789777873173698505e-03
2.820391154765853128e-03
2.850235457874912906e-03
2.879260552816737505e-03
2.907419103681243774e-03
2.934666842733090614e-03
2.960962748063109863e-03
2.986269223108090759e-03
3.010552276755504471e-03
3.033781702275035151e-03
3.055931253989796655e-03
3.076978820053428987e-03
3.096906590058421359e-03
3.115701216115261338e-03
3.133353965946257189e-03
3.149860866941377180e-03
3.165222839746784783e-03
3.179445820283162936e-03
3.192540869155365522e-03
3.204524267175472979e-03
3.215417596447675032e-03
3.225247805601649288e-03
3.234047258910684002e-03
3.241853768165174968e-03
3.248710606926466689e-03
3.254666506695628840e-03
3.259775634385292040e-03
3.264097551007199595e-03
3.267697151296666130e-03
3.270644584279537581e-03
3.273015154756420998e-03
3.274889205926675463e-03
3.276351983519379049e-03
3.277493481626449906e-03
3.278408271090681170e-03
3.279195310856059149e-03
3.279957743358473746e-03
3.280802674578780186e-03
3.281840940206910001e-03
3.283186858907298153e-03
3.284957974149498722e-03
3.287274786278075386e-03
3.290260476132246190e-03
3.294040622593193829e-03
3.298742915588412719e-03
3.304496867010502104e-03
3.311433521625008723e-03
3.319685170665603348e-03
3.329385070419267449e-03
3.340667168737440108e-03
3.353665842062004791e-03
3.368515646243060678e-03
3.385351083477366498e-03
3.404306389206833601e-03
3.425515341332935511e-03
3.449111095219629421e-03
3.475226047219373039e-03
3.503991729815383177e-03
3.535538741173899560e-03
3.569996711651961079e-03
3.607494309789166693e-03
3.648159289919988835e-03
3.692118583545128327e-03
3.739498435612995282e-03
3.790424587432348127e-03
3.845022506405058535e-03
3.903417663486279977e-03
3.965735857576050717e-03
4.032103586453245764e-03
4.102648462783234883e-03
4.177499673158131983e-03
4.256788477687459098e-03
4.340648746819827236e-03
4.429217531564328195e-03
4.522635662551682464e-03
4.621048372691434133e-03
4.724605937905029460e-03
4.833464329319532571e-03
4.947785870282588733e-03
5.067739891019013704e-03
5.193503372887724526e-03
5.325261575085463162e-03
5.463208634825938992e-03
5.607548133786726882e-03
5.758493622133147027e-03
5.916269092772303770e-03
6.081109398113748038e-03
6.253260602629732642e-03
6.432980264790486014e-03
6.620537643107554313e-03
6.816213821525521008e-03
7.020301751089813233e-03
7.233106205382540399e-03
7.454943649081507626e-03
7.686142019884094345e-03
7.927040426276479174e-03
8.177988763985316600e-03
8.439347256667109262e-03
8.711485927168751212e-03
8.994784007049470842e-03
9.289629294070116117e-03
9.596417467655294145e-03
9.915551374240607133e-03
1.024744029468078327e-02
1.059249920670632568e-02
1.095114805604481024e-02
1.132381104961025994e-02
1.171091598407342747e-02
1.211289362309532144e-02
1.253017713513028542e-02
1.296320160323793415e-02
1.341240361693927033e-02
1.387822095453216872e-02
1.436109236249686130e-02
1.486145743738749754e-02
1.537975661226954720e-02
1.591643124907186208e-02
1.647192383501245097e-02
1.704667827942491637e-02
1.764114030506559044e-02
1.825575792613769177e-02
1.889098200292784607e-02
1.954726686155313503e-02
2.022507096572196197e-02
2.092485762584998452e-02
2.164709573042832014e-02
2.239226048334782768e-02
2.316083413101296951e-02
2.395330666242541373e-02
2.477017646678877916e-02
2.561195093274512558e-02
2.647914697520668131e-02
2.737229147671949026e-02
2.829192163191667983e-02
2.923858518556731942e-02
3.021284055694506421e-02
3.121525684474723422e-02
3.224641371044546095e-02
3.330690113867626478e-02
3.439731907710594228e-02
3.551827695965372594e-02
3.667039311892170139e-02
3.785429409672108614e-02
3.907061386175824519e-02
4.031999294608252377e-02
4.160307751261149017e-02
4.292051836652321928e-02
4.427296992379526480e-02
4.566108915047917272e-02
4.708553448510803541e-02
4.854696475677480749e-02
5.004603810967531152e-02
5.158341094425585721e-02
5.315973688273722964e-02
5.477566576646776542e-02
5.643184268899462119e-02
5.812890706918025230e-02
5.986749176472414002e-02
6.164822222676730190e-02
6.347171569313955763e-02
6.533858041774016912e-02
6.724941493166516904e-02
6.920480733077549740e-02
7.120533458457165010e-02
7.325156185953976551e-02
7.534404185129064957e-02
7.748331411882901365e-02
7.966990441546054069e-02
8.190432401045885658e-02
8.418706899696190571e-02
8.651861958216128246e-02
8.889943935622443560e-02
9.132997453791855125e-02
9.381065319543342718e-02
9.634188444220383174e-02
9.892405760757327915e-02
1.015575413837264268e-01
1.042426829509544711e-01
1.069798070828667652e-01
1.097692152352081063e-01
1.126111846205589406e-01
1.155059672728409870e-01
1.184537891048943192e-01
1.214548489616245480e-01
1.245093176737450402e-01
1.276173371132146572e-01
1.307790192548455022e-01
1.339944452459692348e-01
1.372636644869644762e-01
1.405866937252888971e-01
1.439635161645147210e-01
1.473940805915995855e-01
1.508783005237685493e-01
1.544160533774187882e-01
1.580071796617504298e-01
1.616514821991619222e-01
1.653487253752249364e-01
1.690986344215422155e-01
1.729008947339981117e-01
1.767551512306285433e-01
1.806610077522703417e-01
1.846180265102044249e-01
1.886257275851014881e-01
1.926835884812249933e-01
1.967910437410251845e-01
2.009474846242007284e-01
2.051522588559061278e-01
2.094046704489998523e-01
2.137039796044724049e-01
2.180494026946198927e-01
2.224401123330450869e-01
2.268752375353272621e-01
2.313538639745039982e-01
2.358750343338807398e-01
2.404377487613348907e-01
2.450409654269695148e-01
2.496836011869669192e-01
2.543645323557918725e-01
2.590825955882835596e-01
2.638365888728950726e-01
2.686252726379623756e-01
2.734473709703953981e-01
2.783015729484593082e-01
2.831865340880792004e-01
2.881008779020552968e-01
2.930431975725567573e-01
2.980120577346352939e-01
3.030059963706039361e-01
3.080235268126030879e-01
3.130631398518518016e-01
3.181233059518960848e-01
3.232024775630245594e-01
3.282990915346695182e-01
3.334115716220270587e-01
3.385383310830734072e-01
3.436777753617044073e-01
3.488283048516354068e-01
3.539883177367561529e-01
3.591562129019590932e-01
3.643303929089569682e-01
3.695092670305133442e-01
3.746912543372544757e-01
3.798747868301533548e-01
3.850583126115054711e-01
3.902402990876497890e-01
3.954192361954845247e-01
4.005936396460863524e-01
4.057620541762922972e-01
4.109230568017459007e-01
4.160752600621951958e-01
4.212173152517427743e-01
4.263479156247018675e-01
4.314657995700126314e-01
4.365697537443218867e-01
4.416586161565741464e-01
4.467312791943618411e-01
4.517866925846850124e-01
4.568238662794639193e-01
4.618418732580623076e-01
4.668398522379323956e-01
4.718170102849562619e-01
4.767726253152748672e-01
4.817060484797286435e-01
4.866167064230976225e-01
4.915041034096901962e-01
4.963678233073573476e-01
5.012075314213094712e-01
5.060229761708511242e-01
5.108139906004600661e-01
5.155804937180015202e-01
5.203224916529108901e-01
5.250400786270241760e-01
5.297334377311514464e-01
5.344028415012638256e-01
5.390486522875467257e-01
5.436713224112725840e-01
5.482713941028394267e-01
5.528494992174295408e-01
5.574063587227200411e-01
5.619427819546782832e-01
5.664596656388072304e-01
5.709579926726660037e-01
5.754388306684214971e-01
5.799033302527806244e-01
5.843527231241725239e-01
5.887883198657039019e-01
5.932115075151879191e-01
5.976237468924294749e-01
6.020265696859973259e-01
6.064215753013725285e-01
6.108104274744728945e-01
6.151948506537321393e-01
6.195766261553961041e-01
6.239575880989318701e-01
6.283396191263063146e-01
6.327246459149078461e-01
6.371146344897988811e-01
6.415115853452819650e-01
6.459175283842641946e-01
6.503345176861630161e-01
6.547646261141026880e-01
6.592099397726625121e-01
6.636725523292688056e-01
6.681545592117890120e-01
6.726580516965654510e-01
6.771851109009956460e-01
6.817378016960734533e-01
6.863181665551152388e-01
6.909282193542440886e-01
6.955699391425507194e-01
7.002452638991953915e-01
7.049560842954616380e-01
7.097042374807244203e-01
7.144915009115462290e-01
7.193195862428511944e-01
7.241901333017818354e-01
7.291047041642193527e-01
7.340647773543786947e-01
7.390717421887332828e-01
7.441268932844197215e-01
7.492314252542369157e-01
7.543864276084012443e-01
7.595928798849194141e-01
7.648516470290636082e-01
7.701634750433222765e-01
7.755289869281606352e-01
7.809486789339837864e-01
7.864229171443268829e-01
7.919519344100143243e-01
7.975358276522727108e-01
8.031745555540856785e-01
8.088679366566303708e-01
8.146156478771587883e-01
8.204172234644246942e-01
8.262720544055058847e-01
8.321793882976389334e-01
8.381383296967495067e-01
8.441478409529884486e-01
8.502067435424984776e-01
8.563137199022115009e-01
8.624673157729698669e-01
8.686659430551173511e-01
8.749078831772739706e-01
8.811912909779127112e-01
8.875141990973569595e-01
8.938745228747219107e-01
9.002700657424400621e-01
9.066985251088883757e-01
9.131574987173738389e-01
9.196444914659436254e-01
9.261569226724155612e-01
9.326921337644228371e-01
9.392473963734102593e-01
9.458199208086531806e-01
9.524068648849317587e-01
9.590053430763259001e-01
9.656124359653682765e-01
9.722251999559616831e-01
9.788406772164465197e-01
9.854559058171509234e-01
9.920679300262271738e-01
9.986738107258674724e-01
1.005270635909849553e+00
1.011855531222720650e+00
1.018425670500761493e+00
1.024978286272808736e+00
1.031510680181136008e+00
1.038020233279771887e+00
1.044504416169969918e+00
1.050960798931277917e+00
1.057387060807451595e+00
1.063780999607357725e+00
1.070140540780614602e+00
1.076463746129819876e+00
1.082748822120527032e+00
1.088994127752612506e+00
1.095198181956924977e+00
1.101359670482036979e+00
1.107477452238282423e+00
1.113550565066845799e+00
1.119578230903519156e+00
1.125559860307496551e+00
1.131495056330682036e+00
1.137383617698348059e+00
1.143225541282200997e+00
1.149021023841859002e+00
1.154770463017313675e+00
1.160474457555642269e+00
1.166133806758272939e+00
1.171749509136539080e+00
1.177322760268877166e+00
1.182854949851176452e+00
1.188347657940198587e+00
1.193802650387926878e+00
1.199221873471573385e+00
1.204607447725067004e+00
1.209961660981730969e+00
1.215286960641557279e+00
1.220585945178732423e+00
1.225861354910480872e+00
1.231116062048668969e+00
1.236353060062653553e+00
1.241575452382521760e+00
1.246786440476199687e+00
1.251989311338196131e+00
1.257187424429585754e+00
1.262384198113531975e+00
1.267583095632734302e+00
1.272787610679186443e+00
1.278001252609570315e+00
1.283227531361328833e+00
1.288469942129360168e+00
1.293731949863423658e+00
1.299016973649941953e+00
1.304328371044601642e+00
1.309669422421791740e+00
1.315043315410604929e+00
1.320453129487658028e+00
1.325901820797055652e+00
1.331392207269791683e+00
1.336926954114671995e+00
1.342508559751784514e+00
1.348139342261471807e+00
1.353821426418019280e+00
1.359556731379224503e+00
1.365346959099196456e+00
1.371193583531288951e+00
1.377097840685765462e+00
1.383060719604250810e+00
1.389082954309480034e+00
1.395165016788003864e+00
1.401307111057110699e+00
1.407509168365543850e+00
1.413770843573329605e+00
1.420091512749784846e+00
1.426470272026458597e+00
1.432905937734523683e+00
1.439397047851898925e+00
1.445941864778336194e+00
1.452538379452327888e+00
1.459184316814332583e+00
1.465877142617284079e+00
1.472614071575477634e+00
1.479392076837490855e+00
1.486207900759658473e+00
1.493058066951093998e+00
1.499938893551037822e+00
1.506846507694152848e+00
1.513776861109532579e+00
1.520725746793128996e+00
1.527688816685884188e+00
1.534661600282348770e+00
1.541639524087939250e+00
1.548617931838128126e+00
1.555592105385383395e+00
1.562557286156041503e+00
1.569508697073946690e+00
1.576441564844593968e+00
1.583351142489959784e+00
1.590232732021074291e+00
1.597081707135981521e+00
1.603893535825749783e+00
1.610663802775504916e+00
1.617388231442944857e+00
1.624062705701856624e+00
1.630683290936130625e+00
1.637246254474353346e+00
1.643748085255675173e+00
1.650185512621542783e+00
1.656555524131706925e+00
1.662855382304502694e+00
1.669082640189076816e+00
1.675235155678301169e+00
1.681311104478466545e+00
1.687308991655830148e+00
1.693227661686394381e+00
1.699066306940586024e+00
1.704824474541781987e+00
1.710502071542882030e+00
1.716099368373445344e+00
1.721617000516412865e+00
1.727055968380570850e+00
1.732417635343872275e+00
1.737703723951020240e+00
1.742916310253501688e+00
1.748057816295677913e+00
1.753131000752177648e+00
1.758138947736019864e+00
1.763085053803087332e+00
1.767973013190248022e+00
1.772806801331819226e+00
1.777590656710615225e+00
1.782329061107974510e+00
1.787026718328459385e+00
1.791688531482995561e+00
1.796319578925265059e+00
1.800925088945254604e+00
1.805510413332235942e+00
1.810080999930090861e+00
1.814642364314743572e+00
1.819200060732528934e+00
1.823759652444980617e+00
1.828326681632538531e+00
1.832906639015705608e+00
1.837504933355606607e+00
1.842126861001753380e+00
1.846777575656356474e+00
1.851462058525800813e+00
1.856185089031467728e+00
1.860951216251803819e+00
1.865764731263288123e+00
1.870629640548902461e+00
1.875549640635853610e+00
1.880528094120821780e+00
1.885568007235800536e+00
1.890672009099710671e+00
1.895842332794855256e+00
1.901080798398750993e+00
1.906388798093159309e+00
1.911767283462716627e+00
1.917216755085315638e+00
1.922737254505742843e+00
1.928328358673166099e+00
1.933989176908915919e+00
1.939718350461279606e+00
1.945514054687121908e+00
1.951374003888677766e+00
1.957295458817215339e+00
1.963275236840038795e+00
1.969309724752135615e+00
1.975394894196128570e+00
1.981526319638168276e+00
1.987699198829863789e+00
1.993908375669831923e+00
2.000148365361656744e+00
2.006413381747742974e+00
2.012697366684335520e+00
2.018994021306122377e+00
2.025296839016283990e+00
2.031599140023927053e+00
2.037894107239014652e+00
2.044174823326410539e+00
2.050434308709212505e+00
2.056665560306305540e+00
2.062861590784233812e+00
2.069015468095861898e+00
2.075120355081168100e+00
2.081169548900015709e+00
2.087156520069994414e+00
2.093074950882604313e+00
2.098918772975710390e+00
2.104682203842300314e+00
2.110359782061479006e+00
2.115946401044223713e+00
2.121437341090522288e+00
2.126828299564890834e+00
2.132115419003121737e+00
2.137295312972814720e+00
2.142365089519577825e+00
2.147322372042014926e+00
2.152165317448929471e+00
2.156892631464957688e+00
2.161503580964585947e+00
2.165998003227561419e+00
2.170376312024409504e+00
2.174639500456823527e+00
2.178789140492551457e+00
2.182827379154072656e+00
2.186756931334715937e+00
2.190581069235565614e+00
2.194303608435287600e+00
2.197928890619782027e+00
2.201461763022112272e+00
2.204907554637149047e+00
2.208272049297362205e+00
2.211561455715010283e+00
2.214782374614538085e+00
2.217941763100028219e+00
2.221046896423148009e+00
2.224105327336193483e+00
2.227124843235988028e+00
2.230113421325093270e+00
2.233079182035157650e+00
2.236030340976387532e+00
2.238975159693879835e+00
2.241921895528377728e+00
2.244878750889224950e+00
2.247853822261498546e+00
2.250855049273212227e+00
2.253890164157077436e+00
2.256966641938512375e+00
2.260091651682886393e+00
2.263272009127764495e+00
2.266514131019894407e+00
2.269823991464021695e+00
2.273207080578633743e+00
2.276668365740697197e+00
2.280212255682825262e+00
2.283842567690696601e+00
2.287562498131642030e+00
2.291374596525007412e+00
2.295280743348510732e+00
2.299282131753455971e+00
2.303379253343497801e+00
2.307571888150453443e+00
2.311859098918401134e+00
2.316239229785663767e+00
2.320709909428989803e+00
2.325268058707743446e+00
2.329909902819812917e+00
2.334630987949740444e+00
2.339426202360246787e+00
2.344289801845706567e+00
2.349215439433870678e+00
2.354196199188299143e+00
2.359224633934023263e+00
2.364292806693594873e+00
2.369392335594541876e+00
2.374514441978106127e+00
2.379650001416201199e+00
2.384789597320084553e+00
2.389923576805803584e+00
2.395042108466530539e+00
2.400135241690035226e+00
2.405192967153435113e+00
2.410205278120155725e+00
2.415162232167247236e+00
2.420054012969219848e+00
2.424870991770837314e+00
2.429603788187144620e+00
2.434243329975128489e+00
2.438780911428635179e+00
2.443208250057395947e+00
2.447517541216371662e+00
2.451701510359459935e+00
2.455753462598407211e+00
2.459667329253363288e+00
2.463437711089803805e+00
2.467059917944409264e+00
2.470530004453208139e+00
2.473844801608734656e+00
2.477001943890992930e+00
2.479999891737874052e+00
2.482837949146035506e+00
2.485516276224335463e+00
2.488035896553439486e+00
2.490398699242275971e+00
2.492607435606945199e+00
2.494665710435295392e+00
2.496577967833730316e+00
2.498349471687224987e+00
2.499986280789801896e+00
2.501495218732994630e+00
2.502883838660479476e+00
2.504160383022432157e+00
2.505333738485473916e+00
2.506413386176818747e+00
2.507409347472062233e+00
2.508332125561522741e+00
2.509192643070341511e+00
2.510002176042106292e+00
2.510772284640054419e+00
2.511514740963975534e+00
2.512241454424202214e+00
2.512964395159156261e+00
2.513695516020902687e+00
2.514446673686780542e+00
2.515229549483473104e+00
2.516055570523345608e+00
2.516935831763254861e+00
2.517881019589171210e+00
2.518901337515306427e+00
2.520006434563533126e+00
2.521205336851528589e+00
2.522506382883205056e+00
2.523917162986593521e+00
2.525444463302876308e+00
2.527094214685314366e+00
2.528871446826342684e+00
2.530780247895663138e+00
2.532823729942188962e+00
2.535004000285566939e+00
2.537322139102005547e+00
2.539778183387679356e+00
2.542371117463888552e+00
2.545098870162398441e+00
2.547958318804270927e+00
2.550945300050599940e+00
2.554054627663444155e+00
2.557280117168901246e+00
2.560614617359822098e+00
2.564050048517102276e+00
2.567577447166922600e+00
2.571187017124898055e+00
2.574868186516813040e+00
2.578609670400553888e+00
2.582399538561600316e+00
2.586225287998727751e+00
2.590073919581301620e+00
2.593932018321932098e+00
2.597785836691200334e+00
2.601621380387819649e+00
2.605424495979871580e+00
2.609180959840764480e+00
2.612876567820794360e+00
2.616497225122953907e+00
2.620029035874280154e+00
2.623458391919444299e+00
2.626772060389265029e+00
2.629957269622018146e+00
2.633001793035856686e+00
2.635894030555436363e+00
2.638623087200655526e+00
2.641178848423315628e+00
2.643552051763002897e+00
2.645734354352324402e+00
2.647718395772744593e+00
2.649497855723745410e+00
2.651067505947121816e+00
2.652423255838764149e+00
2.653562191199107634e+00
2.654482605614705726e+00
2.655184024043639734e+00
2.655667218272836472e+00
2.655934214046651309e+00
2.655988289795071289e+00
2.655833967026141273e+00
2.655476992563211347e+00
2.654924312896569383e+00
2.654184040971848901e+00
2.653265415747247946e+00
2.652178754826764795e+00
2.650935400421912558e+00
2.649547658822881235e+00
2.648028733496989862e+00
2.646392651881115388e+00
2.644654185918098310e+00
2.642828766415032948e+00
2.640932391359850584e+00
2.638981528445980551e+00
2.636993012181030771e+00
2.634983936114147607e+00
2.632971540871027027e+00
2.630973098844183511e+00
2.629005796515034632e+00
2.627086615505374034e+00
2.625232213527175507e+00
2.623458806448145886e+00
2.621782052687603226e+00
2.620216941116520815e+00
2.618777683550908897e+00
2.617477612803921438e+00
2.616329087110400131e+00
2.615343401569325543e+00
2.614530707076154314e+00
2.613899937062468926e+00
2.613458742231093090e+00
2.613213433387167051e+00
2.613168932425352864e+00
2.613328731530457194e+00
2.613694860690471522e+00
2.614267863674301751e+00
2.615046782694763206e+00
2.616029152025687754e+00
2.617211000876531468e+00
2.618586865818601339e+00
2.620149813022903729e+00
2.621891470494585707e+00
2.623802070387597496e+00
2.625870501364388154e+00
2.628084370826447191e+00
2.630430076699625364e+00
2.632892888309053436e+00
2.635457035733800524e+00
2.638105806889434746e+00
2.640821651462440300e+00
2.643586290715226994e+00
2.646380832109180847e+00
2.649185887656554605e+00
2.651981694922395327e+00
2.654748239644890706e+00
2.657465379029073649e+00
2.660112964883447617e+00
2.662670965898571218e+00
2.665119588510309612e+00
2.667439395925455869e+00
2.669611425025339546e+00
2.671617300977520593e+00
2.673439349485792427e+00
2.675060706670533417e+00
2.676465426593750419e+00
2.677638586398865428e+00
2.678566388924774611e+00
2.679236262456356599e+00
2.679636957004704279e+00
2.679758636176321485e+00
2.679592963334441080e+00
2.679133180415336657e+00
2.678374177511523957e+00
2.677312551217838621e+00
2.675946649824948231e+00
2.674276603760122661e+00
2.672304340222815711e+00
2.670033581700010483e+00
2.667469828889364347e+00
2.664620329392695108e+00
2.661494034229892058e+00
2.658101544637596181e+00
2.654455051670971510e+00
2.650568270784120273e+00
2.646456372875713114e+00
2.642135912359948158e+00
2.637624751832361447e+00
2.632941982020997163e+00
2.628107835114223523e+00
2.623143589329740344e+00
2.618071462766102808e+00
2.612914495098733081e+00
2.607696416433877395e+00
2.602441503478897467e+00
2.597174423995291193e+00
2.591920071180267016e+00
2.586703390129727609e+00
2.581549198878346552e+00
2.576482006716037887e+00
2.571525832584228510e+00
2.566704026380295378e+00
2.562039095936976985e+00
2.557552542279264429e+00
2.553264705447529259e+00
2.549194622712034786e+00
2.545359900378652895e+00
2.541776599662392222e+00
2.538459136362293478e+00
2.535420193413031598e+00
2.532670644933383564e+00
2.530219490212898492e+00
2.528073796219727498e+00
2.526238647653512359e+00
2.524717104215148389e+00
2.523510165507512504e+00
2.522616744650369114e+00
2.522033652171845830e+00
2.521755591919551343e+00
2.521775170604783067e+00
2.522082922195141297e+00
2.522667347818588368e+00
2.523514971279349872e+00
2.524610409834352254e+00
2.525936459628554953e+00
2.527474195122980216e+00
2.529203081901810535e+00
2.531101102281968274e+00
2.533144893042811319e+00
2.535309894284444976e+00
2.537570507918726292e+00
2.539900263712651984e+00
2.542271990292635397e+00
2.544657988230896173e+00
2.547030202362319695e+00
2.549360390829495948e+00
2.551620288938802883e+00
2.553781766608013815e+00
2.555816978861494171e+00
2.557698509376967522e+00
2.559399507489668490e+00
2.560893819314681075e+00
2.562156113854470174e+00
2.563162005169616009e+00
2.563888171975628794e+00
2.564312476376226613e+00
2.564414083774775310e+00
2.564173586190710008e+00
2.563573131057268473e+00
2.562596556945771376e+00
2.561229536426398834e+00
2.559459724456557339e+00
2.557276908420972106e+00
2.554673153536657804e+00
2.551642935203116913e+00
2.548183248538103740e+00
2.544293685259515048e+00
2.539976469624174449e+00
2.535236448387982566e+00
2.530081034473199431e+00
2.524520109560505432e+00
2.518565896201634402e+00
2.512232814123009916e+00
2.505537337111676255e+00
2.498497865568173992e+00
2.491134625457037011e+00
2.483469597704934806e+00
2.475526474438365820e+00
2.467330631506103433e+00
2.458909102038412620e+00
2.450290534368109618e+00
2.441505119644059363e+00
2.432584479237227981e+00
2.423561508245668517e+00
2.414470177510459781e+00
2.405345301225329635e+00
2.396222279707412195e+00
2.387136827155459162e+00
2.378124692846336430e+00
2.369221382146731170e+00
2.360461881869086120e+00
2.351880393497461696e+00
2.343510077777239076e+00
2.335382814789144668e+00
2.327528984288206981e+00
2.319977271129096685e+00
2.312754499554375176e+00
2.305885497895233005e+00
2.299392992115979251e+00
2.293297523248197578e+00
2.287617380881856288e+00
2.282368543244567505e+00
2.277564614530703579e+00
2.273216752188917500e+00
2.269333580596463840e+00
2.265921092288496919e+00
2.262982542795149321e+00
2.260518349178512132e+00
2.258526004718610203e+00
2.257000022288603081e+00
2.255931916599488218e+00
2.255310230960329676e+00
2.255120608248494918e+00
2.255345899628973694e+00
2.255966299692343746e+00
2.256959494516094900e+00
2.258300810565616157e+00
2.259963357212470214e+00
2.261918162656482156e+00
2.264134309994829231e+00
2.266579084719996917e+00
2.269218145451192381e+00
2.272015726035449656e+00
2.274934870650858088e+00
2.277937696433593118e+00
2.280985672620204241e+00
2.284039902550647483e+00
2.287061395286440479e+00
2.290011316338568026e+00
2.292851211007320256e+00
2.295543198091441361e+00
2.298050135489784651e+00
2.300335761968613113e+00
2.302364820794930544e+00
2.304103170947313650e+00
2.305517890434932049e+00
2.306577374452857931e+00
2.307251429460862369e+00
2.307511363561593143e+00
2.307330074254443808e+00
2.306682136750324297e+00
2.305543899043837275e+00
2.303893592897340525e+00
2.301711471557065458e+00
2.298979984148074696e+00
2.295683992362648418e+00
2.291811027123594080e+00
2.287351572316482784e+00
2.282299351519911479e+00
2.276651584717075849e+00
2.270409178055782018e+00
2.263576812884027678e+00
2.256162911191826215e+00
2.248179472202857632e+00
2.239641796354180592e+00
2.230568133971705613e+00
2.220979311544036605e+00
2.210898394070627937e+00
2.200350434908041386e+00
2.189362345377377395e+00
2.177962889023735471e+00
2.166182776324617976e+00
2.154054812142158326e+00
2.141614036324979597e+00
2.128897800521209138e+00
2.115945740358942562e+00
2.102799626757520635e+00
2.089503106025408563e+00
2.076101358292312682e+00
2.062640712843066382e+00
2.049168256066432825e+00
2.035731455984502780e+00
2.022377812161267663e+00
2.009154527015009961e+00
1.996108188248216786e+00
1.983284453434662975e+00
1.970727735034602190e+00
1.958480893547531521e+00
1.946584953985089239e+00
1.935078863243176350e+00
1.923999302237933140e+00
1.913380558094745609e+00
1.903254451064584352e+00
1.893650301339872000e+00
1.884594914920915132e+00
1.876112566137847715e+00
1.868224957136446651e+00
1.860951140555848760e+00
1.854307399455764838e+00
1.848307086909419361e+00
1.842960435380194717e+00
1.838274352171560100e+00
1.834252221535731531e+00
1.830893736458349519e+00
1.828194783636872822e+00
1.826147403041117334e+00
1.824739837336969650e+00
1.823956675179043474e+00
1.823779076323758241e+00
1.824185048793251163e+00
1.825149734543891178e+00
1.826645656466959089e+00
1.828642889803197669e+00
1.831109143843909326e+00
1.834009768271770646e+00
1.837307722787880682e+00
1.840963560289708312e+00
1.844935469774616754e+00
1.849179408854155771e+00
1.853649334963325845e+00
1.858297526532965760e+00
1.863074974458923672e+00
1.867931819741752930e+00
1.872817812279026661e+00
1.877682765757746175e+00
1.882476983709931995e+00
1.887151633526631844e+00
1.891659050812479759e+00
1.895952966867546330e+00
1.899988665661184406e+00
1.903723089396942569e+00
1.907114919026729805e+00
1.910124654874211236e+00
1.912714713046679282e+00
1.914849538949041863e+00
1.916495725230422220e+00
1.917622112875495555e+00
1.918199853710209624e+00
1.918202420163197530e+00
1.917605561089711141e+00
1.916387217134419174e+00
1.914527421957659126e+00
1.912008223982492261e+00
1.908813665240800983e+00
1.904929848243886781e+00
1.900345108423391105e+00
1.895050290048793773e+00
1.889039101037326862e+00
1.882308501553673796e+00
1.874859067660358924e+00
1.866695268102851468e+00
1.857825601049587050e+00
1.848262557486871627e+00
1.838022406239177453e+00
1.827124827651520178e+00
1.815592452599222195e+00
1.803450383625101461e+00
1.790725779422246422e+00
1.777447569443786346e+00
1.763646333925279919e+00
1.749354343210278495e+00
1.734605709954047725e+00
1.719436580152923888e+00
1.703885282359903774e+00
1.687992370884217497e+00
1.671800532756136715e+00
1.655354368411728672e+00
1.638700089183556807e+00
1.621885190439541269e+00
1.604958153789106667e+00
1.587968208840755624e+00
1.570965153841062278e+00
1.553999206438018810e+00
1.537120840219189377e+00
1.520380564231602394e+00
1.503828620081240075e+00
1.487514597899084245e+00
1.471486999110898530e+00
1.455792791733785618e+00
1.440477007558249145e+00
1.425582419877728713e+00
1.411149320005447239e+00
1.397215388049535489e+00
1.383815635597580807e+00
1.370982389735500462e+00
1.358745289886501562e+00
1.347131278398093546e+00
1.336164577821241206e+00
1.325866657802815762e+00
1.316256199577199082e+00
1.307349065645647457e+00
1.299158277832513697e+00
1.291694001202670083e+00
1.284963527325230226e+00
1.278971250434059792e+00
1.273718635036584779e+00
1.269204182258107050e+00
1.265423411480659510e+00
1.262368879306744462e+00
1.260030255728203041e+00
1.258394466222061636e+00
1.257445890648967612e+00
1.257166591158300761e+00
1.257536529110989676e+00
1.258533730833315101e+00
1.260134374618257613e+00
1.262312792124074434e+00
1.265041398148938345e+00
1.268290576392492097e+00
1.272028552424385950e+00
1.276221281214922287e+00
1.280832370659050978e+00
1.285823058762481930e+00
1.291152260980755084e+00
1.296776702811385018e+00
1.302651147941269905e+00
1.308728723044018993e+00
1.314961328400520824e+00
1.321300111953175094e+00
1.327695975877894785e+00
1.334100080682505629e+00
1.340464312439827221e+00
1.346741683618477126e+00
1.352886646458252518e+00
1.358855309277717582e+00
1.364605559594720852e+00
1.370097111890635322e+00
1.375291509575813365e+00
1.380152116841993237e+00
1.384644133797380938e+00
1.388734657005782358e+00
1.392392789844061118e+00
1.395589788104033557e+00
1.398299211900062122e+00
1.400497049547355877e+00
1.402161783739151790e+00
1.403274382601354286e+00
1.403818213387795444e+00
1.403778890050768835e+00
1.403144074950031683e+00
1.401903259270907087e+00
1.400047547610276499e+00
1.397569471143998987e+00
1.394462851373253542e+00
1.390722732267602346e+00
1.386345391934420856e+00
1.381328435517306330e+00
1.375670959602137255e+00
1.369373766623764643e+00
1.362439597756383014e+00
1.354873346746340967e+00
1.346682217005246374e+00
1.337875791254250046e+00
1.328465997049426139e+00
1.318466970768200630e+00
1.307894843197674017e+00
1.296767486459011742e+00
1.285104269521833320e+00
1.272925865037017434e+00
1.260254134292685624e+00
1.247112094209468669e+00
1.233523947307586743e+00
1.219515139423462680e+00
1.205112405150916111e+00
1.190343768170905925e+00
1.175238479497877409e+00
1.159826895463795582e+00
1.144140312987814712e+00
1.128210788240204376e+00
1.112070965031384695e+00
1.095753932684688570e+00
1.079293122897564627e+00
1.062722244460122756e+00
1.046075246142199822e+00
1.029386292847474627e+00
1.012689738451930221e+00
9.960200801134450055e-01
9.794118824328580386e-01
9.628996647616241411e-01
9.465177502707212698e-01
9.303000803547787356e-01
9.142800019989640870e-01
8.984900386391856397e-01
8.829616567972677910e-01
8.677250414715531601e-01
8.528088929634871640e-01
8.382402564496758135e-01
8.240443930731898847e-01
8.102446976319024330e-01
7.968626633642306167e-01
7.839178894737519609e-01
7.714281227166519539e-01
7.594093214345793985e-01
7.478757294489801755e-01
7.368399483980890841e-01
7.263130000981760093e-01
7.163043746738323447e-01
7.068220646878011770e-01
6.978725894559163478e-01
6.894610164209669101e-01
6.815909873453179779e-01
6.742647558986736289e-01
6.674832400866347326e-01
6.612460884819866269e-01
6.555517544448787870e-01
6.503975688238798902e-01
6.457798002839512108e-01
6.416936941375190884e-01
6.381334851460723767e-01
6.350923860279246158e-01
6.325625595131417755e-01
6.305350858293454763e-01
6.289999381758835106e-01
6.279459757646372875e-01
6.273609582643531191e-01
6.272315787874843673e-01
6.275435070691306461e-01
6.282814320357034132e-01
6.294290943339181377e-01
6.309693040808350695e-01
6.328839454175763102e-01
6.351539752242509884e-01
6.377594267006719830e-01
6.406794285473795814e-01
6.438922475056498840e-01
6.473753573128239180e-01
6.511055323557699559e-01
6.550589608486345750e-01
6.592113709182284564e-01
6.635381634433776821e-01
6.680145471588780914e-01
6.726156734765976752e-01
6.773167699040936185e-01
6.820932714514125195e-01
6.869209489982817107e-01
6.917760325568738100e-01
6.966353261338540381e-01
7.014763099017601311e-01
7.062772249947395498e-01
7.110171367107996909e-01
7.156759733859339168e-01
7.202345406174557318e-01
7.246745135364918156e-01
7.289784128423749676e-01
7.331295725944122488e-01
7.371121086613854345e-01
7.409108959194352639e-01
7.445115598608186280e-01
7.479004847821757451e-01
7.510648369739023611e-01
7.539925982164120688e-01
7.566726030457228136e-01
7.590945729433731248e-01
7.612491416534084010e-01
7.631278677519524045e-01
7.647232327833377585e-01
7.660286252156577325e-01
7.670383118415790014e-01
7.677473989956464795e-01
7.681517861971693950e-01
7.682481147939858035e-01
7.680337140979911492e-01
7.675065475068914012e-01
7.666651612024308893e-01
7.655086381011676488e-01
7.640365596338517529e-01
7.622489775149516866e-01
7.601463968563066942e-01
7.577297708419115096e-01
7.550005058428643778e-01
7.519604745245291877e-01
7.486120333905648128e-01
7.449580405132547600e-01
7.410018690595843172e-01
7.367474127046591548e-01
7.321990801174218522e-01
7.273617772834803930e-01
7.222408782812715922e-01
7.168421869433250215e-01
7.111718932820155770e-01
7.052365293489368803e-01
6.990429291592299421e-01
6.925981964479011044e-01
6.859096825198904845e-01
6.789849746299621014e-01
6.718318935587097585e-01
6.644584976825105294e-01
6.568730900863817279e-01
6.490842252192247086e-01
6.411007121448125678e-01
6.329316124048054437e-01
6.245862316201346021e-01
6.160741049712302742e-01
6.074049774345545716e-01
5.985887800298810291e-01
5.896356033603910030e-01
5.805556694984898014e-01
5.713593029111967425e-01
5.620569007621531998e-01
5.526589026749464395e-01
5.431757599469401177e-01
5.336179042723316890e-01
5.239957162204802454e-01
5.143194939632810270e-01
5.045994229686840971e-01
4.948455475188827668e-01
4.850677449273542718e-01
4.752757032101431744e-01
4.654789027348125163e-01
4.556866020655398475e-01
4.459078278977001153e-01
4.361513686735136730e-01
4.264257712351022800e-01
4.167393397134105393e-01
4.071001357856058878e-01
3.975159794444342864e-01
3.879944495043224362e-01
3.785428831996108245e-01
3.691683743982437926e-01
3.598777701464385137e-01
3.506776654591179376e-01
3.415743964724958781e-01
3.325740322567280471e-01
3.236823657455638603e-01
3.149049043508941881e-01
3.062468608973015760e-01
2.977131455170137220e-01
2.893083590970538799e-01
2.810367887705294554e-01
2.729024058024254740e-01
2.649088660544196006e-01
2.570595130348461987e-01
2.493573833718464861e-01
2.418052143979335100e-01
2.344054534234120690e-01
2.271602682071032775e-01
2.200715581142891064e-01
2.131409654808821552e-01
2.063698867732164377e-01
1.997594832361117012e-01
1.933106908392178691e-01
1.870242294532010185e-01
1.809006112931012267e-01
1.749401487476345274e-01
1.691429617621093284e-01
1.635089849566264131e-01
1.580379746423968557e-01
1.527295158590385449e-01
1.475830294966875011e-01
1.425977795069718612e-01
1.377728801501269806e-01
1.331073031800980855e-01
1.285998848430242314e-01
1.242493325520530184e-01
1.200542311091351844e-01
1.160130483647584670e-01
1.121241402380050156e-01
1.083857550582031232e-01
1.047960372313774535e-01
1.013530302761097013e-01
9.805467931379117930e-02
9.489883313072755566e-02
9.188324595762061009e-02
8.900557913023854351e-02
8.626340280314684361e-02
8.365419788761721542e-02
8.117535837229203355e-02
7.882419416329178308e-02
7.659793455059132894e-02
7.449373236931683406e-02
7.250866888422438650e-02
7.063975938249017483e-02
6.888395941919980836e-02
6.723817162436854233e-02
6.569925295207287852e-02
6.426402223373606226e-02
6.292926788968791763e-02
6.169175565653529925e-02
6.054823619962330927e-02
5.949545250090618881e-02
5.853014693673976032e-02
5.764906798746165933e-02
5.684897654547299561e-02
5.612665181140099463e-02
5.547889678380314021e-02
5.490254335963216936e-02
5.439445706847757800e-02
5.395154146438181642e-02
5.357074219805448012e-02
5.324905078911276735e-02
5.298350811484015682e-02
5.277120762964582906e-02
5.260929832846228393e-02
5.249498746645547831e-02
5.242554304887726141e-02
5.239829610404692084e-02
5.241064275396965788e-02
5.246004609449737843e-02
5.254403789637657196e-02
5.266022013420706971e-02
5.280626634718250251e-02
5.297992283059452245e-02
5.317900965306817523e-02
5.340142149007830186e-02
5.364512826207686741e-02
5.390817556204224176e-02
5.418868485819770126e-02
5.448485345653863998e-02
5.479495421028768298e-02
5.511733496624440787e-02
5.545041774112347693e-02
5.579269762588387471e-02
5.614274142136616019e-02
5.649918601302240245e-02
5.686073649878027603e-02
5.722616408910496250e-02
5.759430380326312215e-02
5.796405199036269718e-02
5.833436370759857714e-02
5.870424999112718034e-02
5.907277505680327140e-02
5.943905346948345769e-02
5.980224731892608281e-02
6.016156343955630925e-02
6.051625070911132581e-02
6.086559745769732493e-02
6.120892901528846020e-02
6.154560542069337226e-02
6.187501930982305942e-02
6.219659399656519982e-02
6.250978175282990990e-02
6.281406229046546108e-02
6.310894144219053592e-02
6.339395003411028851e-02
6.366864293930274421e-02
6.393259829819551709e-02
6.418541688947768109e-02
6.442672163314654143e-02
6.465615720703905833e-02
6.487338975676516795e-02
6.507810668005936661e-02
6.527001646660904322e-02
6.544884857587184024e-02
6.561435333616635890e-02
6.576630185081162872e-02
6.590448589757171016e-02
6.602871781101596338e-02
6.613883033787597288e-02
6.623467645829426986e-02
6.631612916725364293e-02
6.638308121244705651e-02
6.643544478615567850e-02
6.647315117035366983e-02
6.649615033563684163e-02
6.650441049536834348e-02
6.649791761764044240e-02
6.647667489810504815e-02
6.644070219750582151e-02
6.639003544806146295e-02
6.632472603273670275e-02
6.624484014195052006e-02
6.615045811196472447e-02
6.604167374893243903e-02
6.591859364263072396e-02
6.578133647317686850e-02
6.563003231431505102e-02
6.546482193574924835e-02
6.528585610727427602e-02
6.509329490678167351e-02
6.488730703407244449e-02
6.466806913181270822e-02
6.443576511542631335e-02
6.419058551250031441e-02
6.393272681319078776e-02
6.366239083198987903e-02
6.337978408205940939e-02
6.308511716246957557e-02
6.277860415918147530e-02
6.246046206034518156e-02
6.213091018644543995e-02
6.179016963613956359e-02
6.143846274794768914e-02
6.107601257893394836e-02
6.070304240043929156e-02
6.031977521171309059e-02
5.992643327188797164e-02
5.952323765068219530e-02
5.911040779832416742e-02
5.868816113504259080e-02
5.825671266028841638e-02
5.781627458203691255e-02
5.736705596621285985e-02
5.690926240609780334e-02
5.644309571204335352e-02
5.596875362087389005e-02
5.548642952502461784e-02
5.499631222103480016e-02
5.449858567690108596e-02
5.399342881787833059e-02
5.348101533012166592e-02
5.296151348166653478e-02
5.243508595982317166e-02
5.190188972470143741e-02
5.136207587760481530e-02
5.081578954394039976e-02
5.026316976971065276e-02
4.970434943059011401e-02
4.913945515320540525e-02
4.856860724739234941e-02
4.799191964891708767e-02
4.740949987176584779e-02
4.682144896929849032e-02
4.622786150357997143e-02
4.562882552208183395e-02
4.502442254129676580e-02
4.441472753641791116e-02
4.379980893672022479e-02
4.317972862601000827e-02
4.255454194758551828e-02
4.192429771350072304e-02
4.128903821736338436e-02
4.064879925072887451e-02
4.000361012236715308e-02
3.935349368051840879e-02
3.869846633750461534e-02
3.803853809692236965e-02
3.737371258290215353e-02
3.670398707161337537e-02
3.602935252473958572e-02
3.534979362506866091e-02
3.466528881407273527e-02
3.397581033161771458e-02
3.328132425789696869e-02
3.258179055763165549e-02
3.187716312686717651e-02
3.116738984240049679e-02
3.045241261428156820e-02
2.973216744147361146e-02
2.900658447125363179e-02
2.827558806250314583e-02
2.753909685349842373e-02
2.679702383454638653e-02
2.604927642605046889e-02
2.529575656259002922e-02
2.453636078348593944e-02
2.377098033073034994e-02
0.000000000000000000e+00
