-1.360401273009634315e-01
-1.651063827945481628e-03
-1.406272832403022456e-03
-1.188058573164045388e-03
-9.902702866940345239e-04
-8.081207351398394731e-04
-6.378777936522170983e-04
-4.766278362213719616e-04
-3.220936045611119680e-04
-1.724936295153254098e-04
-2.643346168246935024e-05
1.171786711401216763e-04
2.591973978514948776e-04
4.002912195938792064e-04
5.409822932972039797e-04
6.816775071419095208e-04
8.226927908377111576e-04
9.642721599437348648e-04
1.106602653360754321e-03
1.249826062322001181e-03
1.394048148285107445e-03
1.539345892474337178e-03
1.685773200072499152e-03
1.833365389702905791e-03
1.982142726903550478e-03
2.132113204489298041e-03
2.283274729412059032e-03
2.435616841578128623e-03
2.589122063915993716e-03
2.743766961868466733e-03
2.899522974568668685e-03
3.056357066874935274e-03
3.214232241571424349e-03
3.373107942880450121e-03
3.532940376467211176e-03
3.693682765724636257e-03
3.855285560577851028e-03
4.017696611524812847e-03
4.180861319560500583e-03
4.344722770032358704e-03
4.509221857536987489e-03
4.674297406986693479e-03
4.839886295461134566e-03
5.005923578214860337e-03
5.172342621642240200e-03
5.339075245415022056e-03
5.506051875370338369e-03
5.673201708437151068e-03
5.840452890334088022e-03
6.007732706649815055e-03
6.174967787280498561e-03
6.342084324369756318e-03
6.509008303136236753e-03
6.675665745140392862e-03
6.841982963134514775e-03
7.007886826320764914e-03
7.173305035007198141e-03
7.338166402996609307e-03
7.502401146205713890e-03
7.665941175803811514e-03
7.828720393779957376e-03
7.990674989083818014e-03
8.151743732012948010e-03
8.311868264713920956e-03
8.470993385294042777e-03
8.629067323350695859e-03
8.786042004225393456e-03
8.941873299754370119e-03
9.096521262919092521e-03
9.249950343996017274e-03
9.402129585877019163e-03
9.553032796260083406e-03
9.702638694442322631e-03
9.850931030730477461e-03
9.997898676518936212e-03
1.014353568317064372e-02
1.028784130832789516e-02
1.043082000790557240e-02
1.057248139303803430e-02
1.071284015065531760e-02
1.085191592710735634e-02
1.098973317450026299e-02
1.112632095935658406e-02
1.126171273381492387e-02
1.139594606961309188e-02
1.152906235571265689e-02
1.166110646016525060e-02
1.179212635791155109e-02
1.192217272564880665e-02
1.205129850596524735e-02
1.217955844286753957e-02
1.230700859118924462e-02
1.243370580287520878e-02
1.255970719351890558e-02
1.268506959257831995e-02
1.280984898149389699e-02
1.293409992413295864e-02
1.305787499415635156e-02
1.318122420492622189e-02
1.330419444711146600e-02
1.342682894025333355e-02
1.354916670449551191e-02
1.367124205930342687e-02
1.379308415590260219e-02
1.391471655085173287e-02
1.403615682818193898e-02
1.415741627747329687e-02
1.427849963571554623e-02
1.439940490047343299e-02
1.452012322158078780e-02
1.464063887902931904e-02
1.476092935344737109e-02
1.488096549575769825e-02
1.500071180179292016e-02
1.512012679668396295e-02
1.523916353324196102e-02
1.535777020741143847e-02
1.547589089253684561e-02
1.559346639329382486e-02
1.571043521843033114e-02
1.582673466995472566e-02
1.594230204515871205e-02
1.605707594600982308e-02
1.617099768866387538e-02
1.628401280453724981e-02
1.639607262253733183e-02
1.650713592037971952e-02
1.661717063150447427e-02
1.672615559283033640e-02
1.683408231719302553e-02
1.694095677288305277e-02
1.704680115285924988e-02
1.715165561408531214e-02
1.725557996856391663e-02
1.735865530620812544e-02
1.746098553068335668e-02
1.756269878956086966e-02
1.766394878075485536e-02
1.776491591845413137e-02
1.786580834307398974e-02
1.796686276135981558e-02
1.806834510492087015e-02
1.817055099713564548e-02
1.827380602169228346e-02
1.837846578746318155e-02
1.848491578822943418e-02
1.859357105791694525e-02
1.870487562534240214e-02
1.881930177501397669e-02
1.893734912394440598e-02
1.905954352675013827e-02
1.918643582408989523e-02
1.931860045240173240e-02
1.945663393436578015e-02
1.960115327204563912e-02
1.975279426593266885e-02
1.991220978462732855e-02
2.008006801015554954e-02
2.025705068474675796e-02
2.044385138465974749e-02
2.064117384582109943e-02
2.084973036519295608e-02
2.107024030019371413e-02
2.130342868620935248e-02
2.155002499040869005e-02
2.181076201620659946e-02
2.208637497089378787e-02
2.237760070399448520e-02
2.268517712152478757e-02
2.300984277653372184e-02
2.335233663326018866e-02
2.371339799748070631e-02
2.409376660310950241e-02
2.449418284028048731e-02
2.491538810866775200e-02
2.535812527543977388e-02
2.582313921630570441e-02
2.631117741610195654e-02
2.682299060426587139e-02
2.735933340022321525e-02
2.792096494459959249e-02
2.850864949254480404e-02
2.912315694724431150e-02
2.976526331463852371e-02
3.043575106175518824e-02
3.113540936584297675e-02
3.186503424322929823e-02
3.262542855192145791e-02
3.341740186431751275e-02
3.424177021093825768e-02
3.509935569851833914e-02
3.599098600942949450e-02
3.691749379165282230e-02
3.787971595038437667e-02
3.887849285427618512e-02
3.991466746999021431e-02
4.098908443897768261e-02
4.210258911065938026e-02
4.325602654494652144e-02
4.445024049652582937e-02
4.568607239150376809e-02
4.696436030530276584e-02
4.828593794944732731e-02
4.965163367191275517e-02
5.106226947515794812e-02
5.251866005249102021e-02
5.402161184388182269e-02
5.557192210857675452e-02
5.717037801255499263e-02
5.881775572707569066e-02
6.051481953376892237e-02
6.226232093188509287e-02
6.406099774291117155e-02
6.591157320757748406e-02
6.781475507133276348e-02
6.977123465401906255e-02
7.178168590066935639e-02
7.384676441077360487e-02
7.596710644455581529e-02
7.814332790461896161e-02
8.037602329375451160e-02
8.266576464869809793e-02
8.501310045136023508e-02
8.741855451976421332e-02
8.988262488046872001e-02
9.240578262578173774e-02
9.498847075833551090e-02
9.763110302647233507e-02
1.003340627534248797e-01
1.030977016635617194e-01
1.059223387084021473e-01
1.088082588953363239e-01
1.117557121215148053e-01
1.147649120150012608e-01
1.178360347854234269e-01
1.209692180858907978e-01
1.241645598875555090e-01
1.274221173690683884e-01
1.307419058217087759e-01
1.341238975728813732e-01
1.375680209290523204e-01
1.410741591406797224e-01
1.446421493919076706e-01
1.482717818173077129e-01
1.519627985495685119e-01
1.557148928017804690e-01
1.595277079883053450e-01
1.634008368895895069e-01
1.673338208653459003e-01
1.713261491222810295e-01
1.753772580419273031e-01
1.794865305745000916e-01
1.836532957058879811e-01
1.878768280029699256e-01
1.921563472448732657e-01
1.964910181458021377e-01
2.008799501755979822e-01
2.053221974846343445e-01
2.098167589380987019e-01
2.143625782652042733e-01
2.189585443286017896e-01
2.236034915180659943e-01
2.282962002731668549e-01
2.330353977378269437e-01
2.378197585508755596e-01
2.426479057743913259e-01
2.475184119629577628e-01
2.524298003747391661e-01
2.573805463264616233e-01
2.623690786926790586e-01
2.673937815497777759e-01
2.724529959647684074e-01
2.775450219283135400e-01
2.826681204310910744e-01
2.878205156817193466e-01
2.930003974650463583e-01
2.982059236379241418e-01
3.034352227599738105e-01
3.086863968560461524e-01
3.139575243069196997e-01
3.192466628635113324e-01
3.245518527811237508e-01
3.298711200673036803e-01
3.352024798390735860e-01
3.405439397825774095e-01
3.458935037097937704e-01
3.512491752044494819e-01
3.566089613506466804e-01
3.619708765364402225e-01
3.673329463243557025e-01
3.726932113800893176e-01
3.780497314517181073e-01
3.834005893891833661e-01
3.887438951960682232e-01
3.940777901027947561e-01
3.994004506527313314e-01
4.047100927904426215e-01
4.100049759421456330e-01
4.152834070783357756e-01
4.205437447477757829e-01
4.257844030726316009e-01
4.310038556941631072e-01
4.362006396583294476e-01
4.413733592307543807e-01
4.465206896303673956e-01
4.516413806713939771e-01
4.567342603029640458e-01
4.617982380363097605e-01
4.668323082482865871e-01
4.718355533523942991e-01
4.768071468258571199e-01
4.817463560831292124e-01
4.866525451863475960e-01
4.915251773819946379e-01
4.963638174550077942e-01
5.011681338898887894e-01
5.059379008301067016e-01
5.106729998261001491e-01
5.153734213630357663e-01
5.200392661594775978e-01
5.246707462282101941e-01
5.292681856914673855e-01
5.338320213420002514e-01
5.383628029429292638e-01
5.428611932592798395e-01
5.473279678143484483e-01
5.517640143650731632e-01
5.561703320908967241e-01
5.605480304913311729e-01
5.648983279878834196e-01
5.692225502274799176e-01
5.735221280837503599e-01
5.777985953555585530e-01
5.820535861606769279e-01
5.862888320252633845e-01
5.905061586693508557e-01
5.947074824901797951e-01
5.988948067463220060e-01
6.030702174453734798e-01
6.072358789403585755e-01
6.113940292401879306e-01
6.155469750401165729e-01
6.196970864802708867e-01
6.238467916401246871e-01
6.279985707782621551e-01
6.321549503283454552e-01
6.363184966611608040e-01
6.404918096267515626e-01
6.446775158882598333e-01
6.488782620620642261e-01
6.530967076796292403e-01
6.573355179858980657e-01
6.615973565920831856e-01
6.658848779994461786e-01
6.702007200129835862e-01
6.745474960643738083e-01
6.789277874633528054e-01
6.833441355990574895e-01
6.877990341124951001e-01
6.922949210618036808e-01
6.968341711034495845e-01
7.014190877128733126e-01
7.060518954676189285e-01
7.107347324179711379e-01
7.154696425702258278e-01
7.202585685064759602e-01
7.251033441682444014e-01
7.300056878282751294e-01
7.349671952778135120e-01
7.399893332545426361e-01
7.450734331386610343e-01
7.502206849421564350e-01
7.554321316190770741e-01
7.607086637216520231e-01
7.660510144287606682e-01
7.714597549724849790e-01
7.769352904875073129e-01
7.824778563080361238e-01
7.880875147366792621e-01
7.937641523071302663e-01
7.995074775645525378e-01
8.053170193833616430e-01
8.111921258431251669e-01
8.171319636808154208e-01
8.231355183365374195e-01
8.292015946080157907e-01
8.353288179276550096e-01
8.415156362727221895e-01
8.477603227194446811e-01
8.540609786461492714e-01
8.604155375916167081e-01
8.668217697687263801e-01
8.732772872338110393e-01
8.797795497064931913e-01
8.863258710337741375e-01
8.929134262876119443e-01
8.995392594828766075e-01
9.062002918988965039e-01
9.128933309846516408e-01
9.196150798241836677e-01
9.263621471363334692e-01
9.331310577782631066e-01
9.399182637215011127e-01
9.467201554635062966e-01
9.535330738374913073e-01
9.603533221797799779e-01
9.671771788106131584e-01
9.740009097842927677e-01
9.808207818613121631e-01
9.876330756534232869e-01
9.944340988925879365e-01
1.001220199772512531e+00
1.007987780311313530e+00
1.014733309682929185e+00
1.021453337465832778e+00
1.028144506756052623e+00
1.034803567092704268e+00
1.041427387144988614e+00
1.048012967108653104e+00
1.054557450763598414e+00
1.061058137141156488e+00
1.067512491754964543e+00
1.073918157347186764e+00
1.080272964105076117e+00
1.086574939302687781e+00
1.092822316326406362e+00
1.099013543040593621e+00
1.105147289456281934e+00
1.111222454662446735e+00
1.117238172985941969e+00
1.123193819343878408e+00
1.129089013758216353e+00
1.134923625001207803e+00
1.140697773345669352e+00
1.146411832393518182e+00
1.152066429962486316e+00
1.157662448009292300e+00
1.163201021575275940e+00
1.168683536739375972e+00
1.174111627570089134e+00
1.179487172069348500e+00
1.184812287105773132e+00
1.190089322338345745e+00
1.195320853135348305e+00
1.200509672497416247e+00
1.205658781997678064e+00
1.210771381755574527e+00
1.215850859465830602e+00
1.220900778508082318e+00
1.225924865166318378e+00
1.230926994992415757e+00
1.235911178352072426e+00
1.240881545195367863e+00
1.245842329098775014e+00
1.250797850630173791e+00
1.255752500091610324e+00
1.260710719698912907e+00
1.265676985262473853e+00
1.270655787435405193e+00
1.275651612600043450e+00
1.280668923467784825e+00
1.285712139469104898e+00
1.290785617014163833e+00
1.295893629707801864e+00
1.301040348603216934e+00
1.306229822582554156e+00
1.311465958952221511e+00
1.316752504343379648e+00
1.322093026007700622e+00
1.327490893598796795e+00
1.332949261530517848e+00
1.338471052000694606e+00
1.344058938769479461e+00
1.349715331780542371e+00
1.355442362707920401e+00
1.361241871514101920e+00
1.367115394097878633e+00
1.373064151110383602e+00
1.379089038012237589e+00
1.385190616443638500e+00
1.391369106970909764e+00
1.397624383274069348e+00
1.403955967829028983e+00
1.410363029137985613e+00
1.416844380551828264e+00
1.423398480724400228e+00
1.430023435730523484e+00
1.436717002872848203e+00
1.443476596194789963e+00
1.450299293707906223e+00
1.457181846334389963e+00
1.464120688554672922e+00
1.471111950742327812e+00
1.478151473155664419e+00
1.485234821549512141e+00
1.492357304354756220e+00
1.499513991368534693e+00
1.506699733882912895e+00
1.513909186173069799e+00
1.521136828253623063e+00
1.528376989804704822e+00
1.535623875159342067e+00
1.542871589234588559e+00
1.550114164284894791e+00
1.557345587345539073e+00
1.564559828232010119e+00
1.571750867955108655e+00
1.578912727407416616e+00
1.586039496176952834e+00
1.593125361339224888e+00
1.600164636080725344e+00
1.607151788006773163e+00
1.614081466987701940e+00
1.620948532398709174e+00
1.627748079614478982e+00
1.634475465618496770e+00
1.641126333594906228e+00
1.647696636373583434e+00
1.654182658602427969e+00
1.660581037529820225e+00
1.666888782280698811e+00
1.673103291520240399e+00
1.679222369402307846e+00
1.685244239706953362e+00
1.691167558079078814e+00
1.696991422286282081e+00
1.702715380421955249e+00
1.708339436988481452e+00
1.713864056802151037e+00
1.719290166671654685e+00
1.724619154809783339e+00
1.729852867949455586e+00
1.734993606141457700e+00
1.740044115226036414e+00
1.745007576976345121e+00
1.749887596925796762e+00
1.754688189900404538e+00
1.759413763288977250e+00
1.764069098096179289e+00
1.768659327834140038e+00
1.773189915320119603e+00
1.777666627463028171e+00
1.782095508127597761e+00
1.786482849185860866e+00
1.790835159869944349e+00
1.795159134559208169e+00
1.799461619142195712e+00
1.803749576110056818e+00
1.808030048545204105e+00
1.812310123183933808e+00
1.816596892739291702e+00
1.820897417679059771e+00
1.825218687664093897e+00
1.829567582855464725e+00
1.833950835306203508e+00
1.838374990654931374e+00
1.842846370342081208e+00
1.847371034567647508e+00
1.851954746209315772e+00
1.856602935915898867e+00
1.861320668585822347e+00
1.866112611437346080e+00
1.870983003865740901e+00
1.875935629279421146e+00
1.880973789094716464e+00
1.886100279061370788e+00
1.891317368079578287e+00
1.896626779659850826e+00
1.902029676163449867e+00
1.907526645951582278e+00
1.913117693557438992e+00
1.918802232980047595e+00
1.924579084189191214e+00
1.930446472909524314e+00
1.936402033739624606e+00
1.942442816642472980e+00
1.948565296826035187e+00
1.954765388011856952e+00
1.961038459069606610e+00
1.967379353973906175e+00
1.973782415017361069e+00
1.980241509189962112e+00
1.986750057614716791e+00
1.993301067903030077e+00
1.999887169274729981e+00
2.006500650262892815e+00
2.013133498805861343e+00
2.019777444508957576e+00
2.026424002839933625e+00
2.033064521010827352e+00
2.039690225281517222e+00
2.046292269413485077e+00
2.052861783991720479e+00
2.059389926329161291e+00
2.065867930662028229e+00
2.072287158347205782e+00
2.078639147770121376e+00
2.084915663676629727e+00
2.091108745646316436e+00
2.097210755430987561e+00
2.103214422886309887e+00
2.109112890236594762e+00
2.114899754415413113e+00
2.120569107238168716e+00
2.126115573168021466e+00
2.131534344449320884e+00
2.136821213389632934e+00
2.141972601585741209e+00
2.146985585898487869e+00
2.151857920996508966e+00
2.156588058302465249e+00
2.161175161192248506e+00
2.165619116314172921e+00
2.169920540916617568e+00
2.174080786088565365e+00
2.178101935842679637e+00
2.181986801988948343e+00
2.185738914769058461e+00
2.189362509245483146e+00
2.192862507457013166e+00
2.196244496377095512e+00
2.199514701731775546e+00
2.202679957754043016e+00
2.205747672976277496e+00
2.208725792182496761e+00
2.211622754667683211e+00
2.214447448976369248e+00
2.217209164317606174e+00
2.219917538882978381e+00
2.222582505320497059e+00
2.225214233648296513e+00
2.227823071917957698e+00
2.230419484967609556e+00
2.233013991628735262e+00
2.235617100775875610e+00
2.238239246626414047e+00
2.240890723715022403e+00
2.243581621977124296e+00
2.246321762381835452e+00
2.249120633554029691e+00
2.251987329821322881e+00
2.254930491107603352e+00
2.257958245084530358e+00
2.261078151968696215e+00
2.264297152332575003e+00
2.267621518275247272e+00
2.271056808271961103e+00
2.274607825999845456e+00
2.278278583413721581e+00
2.282072268322540953e+00
2.285991216697072392e+00
2.290036889918654950e+00
2.294209857157779808e+00
2.298509783051041921e+00
2.302935420822207480e+00
2.307484610967863503e+00
2.312154285601384807e+00
2.316940478517306001e+00
2.321838341004158313e+00
2.326842163394285734e+00
2.331945402299844261e+00
2.337140713438722095e+00
2.342419989906681099e+00
2.347774405709316170e+00
2.353194464315408574e+00
2.358670051951905933e+00
2.364190495315226848e+00
2.369744623335990230e+00
2.375320832598513565e+00
2.380907155985735990e+00
2.386491334100424133e+00
2.392060888990821699e+00
2.397603199702942778e+00
2.403105579172489126e+00
2.408555351974960512e+00
2.413939932452985992e+00
2.419246902756613249e+00
2.424464090339816025e+00
2.429579644476556943e+00
2.434582111372507907e+00
2.439460507464472183e+00
2.444204390513315506e+00
2.448803928102685212e+00
2.453249963166123759e+00
2.457534076164066938e+00
2.461648643533875802e+00
2.465586892034688393e+00
2.469342948608628685e+00
2.472911885381728236e+00
2.476289759437331650e+00
2.479473647011906756e+00
2.482461671786676760e+00
2.485253026987186864e+00
2.487847991048214524e+00
2.490247936650986649e+00
2.492455333005042739e+00
2.494473741297845049e+00
2.496307803298847716e+00
2.497963223149472611e+00
2.499446742413926170e+00
2.500766108495765749e+00
2.501930036545832792e+00
2.502948164999740932e+00
2.503831004894220946e+00
2.504589883120587057e+00
2.505236879788154791e+00
2.505784759895313130e+00
2.506246899541098028e+00
2.506637206956851660e+00
2.506970038700223391e+00
2.507260111421922399e+00
2.507522409693569987e+00
2.507772090466379833e+00
2.508024384807116647e+00
2.508294497631633480e+00
2.508597506218355200e+00
2.508948258329984249e+00
2.509361270803042387e+00
2.509850629471488404e+00
2.510429891277621728e+00
2.511111989389116506e+00
2.511909142083394109e+00
2.512832766091050996e+00
2.513893395006039810e+00
2.515100603285602254e+00
2.516462936277296780e+00
2.517987846637081972e+00
2.519681637443343725e+00
2.521549412265889245e+00
2.523595032426741547e+00
2.525821081676338675e+00
2.528228838511178189e+00
2.530818256362180385e+00
2.533587951888160550e+00
2.536535201602339473e+00
2.539655947043827133e+00
2.542944808672721990e+00
2.546395108615851832e+00
2.549998902323960870e+00
2.553747019119078310e+00
2.557629111515433262e+00
2.561633713097291043e+00
2.565748304629582588e+00
2.569959387972378106e+00
2.574252567268919378e+00
2.578612636785986734e+00
2.583023674707607409e+00
2.587469142118003163e+00
2.591931986371452723e+00
2.596394748020731669e+00
2.600839670474544452e+00
2.605248811573008805e+00
2.609604156302590461e+00
2.613887729923281888e+00
2.618081710839261778e+00
2.622168542614319975e+00
2.626131044603009279e+00
2.629952520738573440e+00
2.633616866079572461e+00
2.637108670764293894e+00
2.640413321046514383e+00
2.643517097081098388e+00
2.646407267095635341e+00
2.649072177510591430e+00
2.651501338475052982e+00
2.653685504162870856e+00
2.655616747052282900e+00
2.657288525296407578e+00
2.658695742220277936e+00
2.659834796956832559e+00
2.660703625290858021e+00
2.661301729913549963e+00
2.661630199507427630e+00
2.661691716359308568e+00
2.661490552514065300e+00
2.661032554791803229e+00
2.660325119256168325e+00
2.659377155901458512e+00
2.658199044391636345e+00
2.656802581629588822e+00
2.655200921765837663e+00
2.653408509010000582e+00
2.651441003330302415e+00
2.649315198869275356e+00
2.647048934719475888e+00
2.644660997625698506e+00
2.642171016222338853e+00
2.639599346579724060e+00
2.636966949084897038e+00
2.634295257001286750e+00
2.631606037391022390e+00
2.628921245415586583e+00
2.626262873333392811e+00
2.623652795768153911e+00
2.621112613021134852e+00
2.618663494339299458e+00
2.616326023116701815e+00
2.614120045993923114e+00
2.612064527717225637e+00
2.610177413420778247e+00
2.608475499712461065e+00
2.606974315583712620e+00
2.605688013774492440e+00
2.604629272832596598e+00
2.603809209774707867e+00
2.603237303016321391e+00
2.602921325128884078e+00
2.602867285005566522e+00
2.603079379169363605e+00
2.603559952194221871e+00
2.604309466489254987e+00
2.605326481960676954e+00
2.606607646267455891e+00
2.608147696490755063e+00
2.609939473035327140e+00
2.611973946470078189e+00
2.614240257839912651e+00
2.616725772743848211e+00
2.619416149235156421e+00
2.622295419346902356e+00
2.625346083811008757e+00
2.628549219295677197e+00
2.631884597246375357e+00
2.635330813164252106e+00
2.638865424918657165e+00
2.642465098478365970e+00
2.646105759301942140e+00
2.649762747567083743e+00
2.653410975462561883e+00
2.657025084910061175e+00
2.660579604300048917e+00
2.664049103095469384e+00
2.667408343441632912e+00
2.670632428198026709e+00
2.673696945076703635e+00
2.676578106816794644e+00
2.679252887570080510e+00
2.681699155893391140e+00
2.683895804946100583e+00
2.685822880627113829e+00
2.687461708412384187e+00
2.688795019518508411e+00
2.689807076667522168e+00
2.690483799145882315e+00
2.690812886044199104e+00
2.690783935608091149e+00
2.690388557632651612e+00
2.689620474963996255e+00
2.688475609616458151e+00
2.686952148956780917e+00
2.685050587980761350e+00
2.682773744965873952e+00
2.680126749636280614e+00
2.677117005213040635e+00
2.673754127988843265e+00
2.670049869946276466e+00
2.666018031019513401e+00
2.661674367588167112e+00
2.657036502592752036e+00
2.652123840439561064e+00
2.646957487027487232e+00
2.641560172345072122e+00
2.635956170744958804e+00
2.630171212679604409e+00
2.624232381592981778e+00
2.618167990756163022e+00
2.612007436772491253e+00
2.605781028800403298e+00
2.599519794754096225e+00
2.593255267482540205e+00
2.587019255033433662e+00
2.580843599614619066e+00
2.574759929966376149e+00
2.568799411782685560e+00
2.562992500745908675e+00
2.557368702736390276e+00
2.551956345754286648e+00
2.546782367893156707e+00
2.541872125135011373e+00
2.537249221681367573e+00
2.532935364005433954e+00
2.528950237968374370e+00
2.525311406480829746e+00
2.522034223666387298e+00
2.519131760629830019e+00
2.516614737982283412e+00
2.514491461274573680e+00
2.512767757303798533e+00
2.511446911547198013e+00
2.510529609295657938e+00
2.510013884922406735e+00
2.509895084734190540e+00
2.510165848785725906e+00
2.510816115928705017e+00
2.511833154482093988e+00
2.513201618751088162e+00
2.514903629744666969e+00
2.516918877338111926e+00
2.519224741041876658e+00
2.521796427364018101e+00
2.524607123049263713e+00
2.527628164613584527e+00
2.530829224977896974e+00
2.534178517349110038e+00
2.537643014904038541e+00
2.541188682809907728e+00
2.544780717315835439e+00
2.548383785646295863e+00
2.551962260505602487e+00
2.555480444073508384e+00
2.558902778091142416e+00
2.562194038527856321e+00
2.565319514968105619e+00
2.568245175993851603e+00
2.570937822403993600e+00
2.573365230231525747e+00
2.575496285445489253e+00
2.577301112257784688e+00
2.578751197325636291e+00
2.579819512929076630e+00
2.580480643282572206e+00
2.580710919174171725e+00
2.580488566643728277e+00
2.579793874896776362e+00
2.578609386681240956e+00
2.576920110723965429e+00
2.574713750702308790e+00
2.571980939205810834e+00
2.568715459312273630e+00
2.564914432122073151e+00
2.560578447347813924e+00
2.555711616954642995e+00
2.550321539343151755e+00
2.544419173063571016e+00
2.538018632807723218e+00
2.531136933700157687e+00
2.523793719477548159e+00
2.516011013139563879e+00
2.507813023490318649e+00
2.499226028102905950e+00
2.490278335214576977e+00
2.481000308086710682e+00
2.471424420088332408e+00
2.461585300923137432e+00
2.451519735749497997e+00
2.441266588648685953e+00
2.430866636976242834e+00
2.420362319300384701e+00
2.409797412723224674e+00
2.399216662588865123e+00
2.388665388210520657e+00
2.378189083728236675e+00
2.367833026273371111e+00
2.357641897284942001e+00
2.347659419236476808e+00
2.337928009914484129e+00
2.328488458923069437e+00
2.319379634435108528e+00
2.310638230253722725e+00
2.302298562404501148e+00
2.294392420230007446e+00
2.286948969996819070e+00
2.279994700958415166e+00
2.273553396694054651e+00
2.267646110222359290e+00
2.262291121170957986e+00
2.257503857533493363e+00
2.253296772677559900e+00
2.249679178797500345e+00
2.246657048916480104e+00
2.244232808726996264e+00
2.242405145280699230e+00
2.241168860675098351e+00
2.240514794998498704e+00
2.240429834095153172e+00
2.240897005186198943e+00
2.241895649024982173e+00
2.243401644169609188e+00
2.245387650850935835e+00
2.247823342043163919e+00
2.250675598891872298e+00
2.253908664615984048e+00
2.257484270223964362e+00
2.261361760247087460e+00
2.265498251820214470e+00
2.269848854207781486e+00
2.274366961150428246e+00
2.279004611028289773e+00
2.283712895667368681e+00
2.288442391019196887e+00
2.293143582055173546e+00
2.297767258048497130e+00
2.302264860690486525e+00
2.306588774783034257e+00
2.310692558994821511e+00
2.314531121853750761e+00
2.318060854654568903e+00
2.321239736668442966e+00
2.324027427676635504e+00
2.326385358389219338e+00
2.328276822396280199e+00
2.329667066664269370e+00
2.330523374064692455e+00
2.330815132783883747e+00
2.330513893845134188e+00
2.329593427747452594e+00
2.328029801357861750e+00
2.325801502882265837e+00
2.322889642268175958e+00
2.319278244421080881e+00
2.314954633341193446e+00
2.309909880217405398e+00
2.304139263787377434e+00
2.297642674005790919e+00
2.290424886072975230e+00
2.282495644098541554e+00
2.273869521363687696e+00
2.264565562910737739e+00
2.254606758447898596e+00
2.244019429680224498e+00
2.232832636474968879e+00
2.221077703789329671e+00
2.208787944460230968e+00
2.195998606953264431e+00
2.182747023068536407e+00
2.169072882508978228e+00
2.155018532138288201e+00
2.140629195647308247e+00
2.125953034332315639e+00
2.111041013566971714e+00
2.095946588109288022e+00
2.080725257225304325e+00
2.065434056812282648e+00
2.050131047906949000e+00
2.034874835836979035e+00
2.019724124232640694e+00
2.004737285883458675e+00
1.989971926029796556e+00
1.975484423791664890e+00
1.961329457988161717e+00
1.947559544757769157e+00
1.934224626760798316e+00
1.921371751955221807e+00
1.909044864555682786e+00
1.897284707672599158e+00
1.886128814659281172e+00
1.875611551545920186e+00
1.865764169342036816e+00
1.856614831222390016e+00
1.848188591533225233e+00
1.840507316567685070e+00
1.833589547883843762e+00
1.827450316390133445e+00
1.822100920034254834e+00
1.817548681385883214e+00
1.813796705569537204e+00
1.810843664869874914e+00
1.808683642737320074e+00
1.807306072986392564e+00
1.806695804303767972e+00
1.806833301781847423e+00
1.807694967217794435e+00
1.809253526446425564e+00
1.811478408198740064e+00
1.814336037394357781e+00
1.817789991171863573e+00
1.821801011110546042e+00
1.826326912864706831e+00
1.831322465979723368e+00
1.836739321433948913e+00
1.842526045286171366e+00
1.848628286707375779e+00
1.854989081847917554e+00
1.861549278900330950e+00
1.868248063278911797e+00
1.875023559120750249e+00
1.881813478917422344e+00
1.888555785487747052e+00
1.895189322697927725e+00
1.901654369082126372e+00
1.907893076867229754e+00
1.913849778823071501e+00
1.919471172202855236e+00
1.924706414207528304e+00
1.929507177917881400e+00
1.933827715842630690e+00
1.937624960304653143e+00
1.940858662174107740e+00
1.943491542277008488e+00
1.945489413248659982e+00
1.946821229303701717e+00
1.947459036620787121e+00
1.947377821799130437e+00
1.946555282226257066e+00
1.944971563631785028e+00
1.942609022949151498e+00
1.939452077468867941e+00
1.935487193481401080e+00
1.930703048710586955e+00
1.925090873771912570e+00
1.918644942604498249e+00
1.911363147385140682e+00
1.903247568046601224e+00
1.894304936870331302e+00
1.884546908155342759e+00
1.873990071558868431e+00
1.862655691727581386e+00
1.850569209044381269e+00
1.837759585939223062e+00
1.824258617500361002e+00
1.810100332804242651e+00
1.795320589168803105e+00
1.779956909542596222e+00
1.764048547274980061e+00
1.747636702251677221e+00
1.730764776745405964e+00
1.713478559368472265e+00
1.695826259942081693e+00
1.677858373519416357e+00
1.659627407807131805e+00
1.641187545381046942e+00
1.622594319153259246e+00
1.603904356944416909e+00
1.585175209422077236e+00
1.566465231158147731e+00
1.547833452798278220e+00
1.529339373762207410e+00
1.511042621955257292e+00
1.493002463686357473e+00
1.475277191089614970e+00
1.457923451440671592e+00
1.440995601262558878e+00
1.424545162959224953e+00
1.408620435663954229e+00
1.393266274262279669e+00
1.378524013444846652e+00
1.364431488307431328e+00
1.351023095627657877e+00
1.338329849922153203e+00
1.326379409297663292e+00
1.315196068843401012e+00
1.304800735921511690e+00
1.295210907979077453e+00
1.286440669691893079e+00
1.278500716048472929e+00
1.271398396770015760e+00
1.265137770261506533e+00
1.259719655076441347e+00
1.255141673559585280e+00
1.251398292697913917e+00
1.248480876192583855e+00
1.246377764512522690e+00
1.245074393875633678e+00
1.244553452301637497e+00
1.244795056207032902e+00
1.245776920879395844e+00
1.247474497026689555e+00
1.249861053549349066e+00
1.252907699431453192e+00
1.256583349200725896e+00
1.260854642845093965e+00
1.265685832921549459e+00
1.271038652901620214e+00
1.276872185656126257e+00
1.283142759845430803e+00
1.289803910759732553e+00
1.296806444596115826e+00
1.304098637016803064e+00
1.311626578732624004e+00
1.319334658108594738e+00
1.327166150290816082e+00
1.335063868945662646e+00
1.342970831442904078e+00
1.350830889424931236e+00
1.358589282024521561e+00
1.366193077717940074e+00
1.373591483516976020e+00
1.380736017461031695e+00
1.387580561064133411e+00
1.394081328882376791e+00
1.400196807034682633e+00
1.405887715559461348e+00
1.411117037695117205e+00
1.415850134150789197e+00
1.420054929068071736e+00
1.423702126754569530e+00
1.426765403687432210e+00
1.429221523178520581e+00
1.431050338189215898e+00
1.432234673501385780e+00
1.432760102817959291e+00
1.432614653005352512e+00
1.431788474801562128e+00
1.430273518990592407e+00
1.428063252860912069e+00
1.425152446369496229e+00
1.421537051371227989e+00
1.417214189449045314e+00
1.412182252912737912e+00
1.406441109127743117e+00
1.399992381899116900e+00
1.392839768095117670e+00
1.384989336868701848e+00
1.376449756535673252e+00
1.367232403154610143e+00
1.357351325496234606e+00
1.346823070266755851e+00
1.335666402391242569e+00
1.323901978969220794e+00
1.311552044222975555e+00
1.298640202707590952e+00
1.285191301858773283e+00
1.271231420954362923e+00
1.256787932788825168e+00
1.241889586431825565e+00
1.226566559114057986e+00
1.210850440933694649e+00
1.194774140776736493e+00
1.178371726369574102e+00
1.161678227930285301e+00
1.144729439734958110e+00
1.127561748044993761e+00
1.110212001492391742e+00
1.092717426329797625e+00
1.075115577872040706e+00
1.057444312821626209e+00
1.039741764886766839e+00
1.022046306992468123e+00
1.004396486134770505e+00
9.868309205860201772e-01
9.693881532780307397e-01
9.521064596284165571e-01
9.350236127710426226e-01
9.181766139819397265e-01
9.016014008007036118e-01
8.853325494688492059e-01
8.694029911681661060e-01
8.538437623107795194e-01
8.386838070895257236e-01
8.239498453782306830e-01
8.096663113598595585e-01
7.958553592583330616e-01
7.825369240960393658e-01
7.697288193403671874e-01
7.574468509221465862e-01
7.457049287187621500e-01
7.345151615342180307e-01
7.238879285039958589e-01
7.138319271222117735e-01
7.043542043019883625e-01
6.954601809977580817e-01
6.871536823376490632e-01
6.794369837257343558e-01
6.723108791821476027e-01
6.657747719829889554e-01
6.598267806730742091e-01
6.544638474678490248e-01
6.496818327816372696e-01
6.454755805104341881e-01
6.418389440411096381e-01
6.387647715935604875e-01
6.362448590191731590e-01
6.342698856905749638e-01
6.328293522700854101e-01
6.319115369583419017e-01
6.315034800402120618e-01
6.315909974014805028e-01
6.321587151675669425e-01
6.331901124885344068e-01
6.346675593691755157e-01
6.365723411934655074e-01
6.388846693864945747e-01
6.415836855870472588e-01
6.446474718797406966e-01
6.480530802674843160e-01
6.517765906333241599e-01
6.557931996664145835e-01
6.600773362895884233e-01
6.646027945454456853e-01
6.693428739912579140e-01
6.742705201395617909e-01
6.793584617903658529e-01
6.845793462023724851e-01
6.899058753558729995e-01
6.953109464254474403e-01
7.007677973481443168e-01
7.062501550009570028e-01
7.117323801019938001e-01
7.171896004657762891e-01
7.225978233429015685e-01
7.279340185870173396e-01
7.331761673500705179e-01
7.383032755000923375e-01
7.432953561758119942e-01
7.481333906914794385e-01
7.527992802156389107e-01
7.572758013901021990e-01
7.615465770703826465e-01
7.655960690944771940e-01
7.694095944823249322e-01
7.729733610896948326e-01
7.762745147396442613e-01
7.793011880204930852e-01
7.820425413925629066e-01
7.844887894979518661e-01
7.866312087459886859e-01
7.884621254302766058e-01
7.899748861255440069e-01
7.911638135788268134e-01
7.920241518112685064e-01
7.925520039901118308e-01
7.927442662463948242e-01
7.925985603458931550e-01
7.921131681313344775e-01
7.912869708775474020e-01
7.901193968903326148e-01
7.886103805491351260e-01
7.867603353162522239e-01
7.845701419690807032e-01
7.820411515826286575e-01
7.791752008852284028e-01
7.759746358669095123e-01
7.724423382670333460e-01
7.685817490487270032e-01
7.643968833097637416e-01
7.598923322868927910e-01
7.550732500336867492e-01
7.499453247275691403e-01
7.445147370046528712e-01
7.387881097979627221e-01
7.327724554663381795e-01
7.264751262713644575e-01
7.199037734319381210e-01
7.130663182358565333e-01
7.059709363981994112e-01
6.986260545184819204e-01
6.910403555697158806e-01
6.832227891947004750e-01
6.751825823286885520e-01
6.669292462415127298e-01
6.584725772541488720e-01
6.498226498064002543e-01
6.409898018989695911e-01
6.319846139467375501e-01
6.228178826319140660e-01
6.135005914237453561e-01
6.040438791565104770e-01
5.944590075826396980e-01
5.847573283357144769e-01
5.749502493808883452e-01
5.650492008887439965e-01
5.550656005411019889e-01
5.450108185244633141e-01
5.348961427797864765e-01
5.247327453638810368e-01
5.145316509386833603e-01
5.043037083950662192e-01
4.940595664323506053e-01
4.838096535919134689e-01
4.735641628517066604e-01
4.633330405009320474e-01
4.531259786916601584e-01
4.429524108435273222e-01
4.328215089728303377e-01
4.227421820144191544e-01
4.127230742827796561e-01
4.027725633516909265e-01
3.928987567965394057e-01
3.831094874270585260e-01
3.734123068311574478e-01
3.638144772468698829e-01
3.543229619758995197e-01
3.449444147352732637e-01
3.356851684998482521e-01
3.265512245058369012e-01
3.175482421426937263e-01
3.086815304532246618e-01
2.999560418867430189e-01
2.913763688098154336e-01
2.829467430945362683e-01
2.746710388880636566e-01
2.665527784462693450e-01
2.585951407116483525e-01
2.508009721464520836e-01
2.431727992208579381e-01
2.357128419017108512e-01
2.284230275023442502e-01
2.213050043265805955e-01
2.143601546591993867e-01
2.075896068080254619e-01
2.009942460626563121e-01
1.945747245862949892e-01
1.883314703811152235e-01
1.822646955496595722e-01
1.763744041127429663e-01
1.706603996351072627e-01
1.651222928646131349e-01
1.597595095184812242e-01
1.545712982649303791e-01
1.495567388652119245e-01
1.447147503687920556e-01
1.400440992033176180e-01
1.355434069725852120e-01
1.312111577726350897e-01
1.270457048552910417e-01
1.230452765050735336e-01
1.192079810451656952e-01
1.155318109468615045e-01
1.120146460762971169e-01
1.086542561721303979e-01
1.054483026998146999e-01
1.023943402730115304e-01
9.948981786257399262e-02
9.673208003244927744e-02
9.411836844163734561e-02
9.164582383745595306e-02
8.931148873501129626e-02
8.711231093399560144e-02
8.504514797003623339e-02
8.310677253833900768e-02
8.129387886458336321e-02
7.960308994099121738e-02
7.803096549529432713e-02
7.657401052239672101e-02
7.522868418692980896e-02
7.399140889851688052e-02
7.285857937128967232e-02
7.182657150203712593e-02
7.089175093495453384e-02
7.005048121685604479e-02
6.929913148606717255e-02
6.863408367064358084e-02
6.805173919933499294e-02
6.754852524596111074e-02
6.712090053922162292e-02
6.676536077143248316e-02
6.647844363900713704e-02
6.625673354203640009e-02
6.609686596541554382e-02
6.599553156014900668e-02
6.594947994049682460e-02
6.595552321188985490e-02
6.601053924514069249e-02
6.611147471184905533e-02
6.625534789682019365e-02
6.643925130117168953e-02
6.666035404629387651e-02
6.691590408508457655e-02
6.720323022041305161e-02
6.751974392424722748e-02
6.786294094538156130e-02
6.823040268687197152e-02
6.861979733114959012e-02
6.902888068725920867e-02
6.945549673441051008e-02
6.989757783693027748e-02
7.035314460935279679e-02
7.082030541435885285e-02
7.129725548407760127e-02
7.178227566087554135e-02
7.227373076413134978e-02
7.277006759668096236e-02
7.326981261383330724e-02
7.377156928690746518e-02
7.427401519981612077e-02
7.477589892456371068e-02
7.527603672673215118e-02
7.577330915532819178e-02
7.626665757346143271e-02
7.675508068659715744e-02
7.723763112246927187e-02
7.771341211435242591e-02
7.818157433321154537e-02
7.864131290827768017e-02
7.909186466807605065e-02
7.953250562611231811e-02
7.996254872633276611e-02
8.038134185655579356e-02
8.078826612897992143e-02
8.118273442083723257e-02
8.156419016161994828e-02
8.193210634834670325e-02
8.228598476650311744e-02
8.262535539152454644e-02
8.294977594347138772e-02
8.325883156773107585e-02
8.355213461384008999e-02
8.382932448584917706e-02
8.409006753946797474e-02
8.433405700244120395e-02
8.456101289796183473e-02
8.477068195292461472e-02
8.496283747580780921e-02
8.513727919188976423e-02
8.529383302641438402e-02
8.543235082870902219e-02
8.555271003319640799e-02
8.565481325535651003e-02
8.573858782300650128e-02
8.580398524454013742e-02
8.585098061801590963e-02
8.587957198540620285e-02
8.588977963757976619e-02
8.588164537610984417e-02
8.585523173796591467e-02
8.581062118976259812e-02
8.574791529717681882e-02
8.566723387591379524e-02
8.556871412913136243e-02
8.545250977624807565e-02
8.531879017756024974e-02
8.516773945788008726e-02
8.499955563257137470e-02
8.481444973861725078e-02
8.461264497212284130e-02
8.439437583495554285e-02
8.415988729073922703e-02
8.390943393223129765e-02
8.364327916039152044e-02
8.336169437624701972e-02
8.306495818621410787e-02
8.275335562167807080e-02
8.242717737342182549e-02
8.208671904195646851e-02
8.173228040429615648e-02
8.136416469840444810e-02
8.098267792582153346e-02
8.058812817381799665e-02
8.018082495776931995e-02
7.976107858472754331e-02
7.932919953928177503e-02
7.888549789221842301e-02
7.843028273313507048e-02
7.796386162739515902e-02
7.748654009815064692e-02
7.699862113393327046e-02
7.650040472191904639e-02
7.599218740734636768e-02
7.547426187900516115e-02
7.494691658062867246e-02
7.441043534817030902e-02
7.386509707244684475e-02
7.331117538680054224e-02
7.274893837902472737e-02
7.217864832711654022e-02
7.160056145779590542e-02
7.101492772708302426e-02
7.042199062206445925e-02
6.982198698261428416e-02
6.921514684237020654e-02
6.860169328761706042e-02
6.798184233324786052e-02
6.735580281459724317e-02
6.672377629414649736e-02
6.608595698205654845e-02
6.544253166945025735e-02
6.479367967364461911e-02
6.413957279408559475e-02
6.348037527839896221e-02
6.281624379747799414e-02
6.214732742884681443e-02
6.147376764764395096e-02
6.079569832428546178e-02
6.011324572836840296e-02
5.942652853803515045e-02
5.873565785427880409e-02
5.804073721964476962e-02
5.734186264088944607e-02
5.663912261501138912e-02
5.593259815837105936e-02
5.522236283859511402e-02
5.450848280858405781e-02
5.379101684287456581e-02
5.307001637546098632e-02
5.234552553947725145e-02
5.161758120798161376e-02
5.088621303605020407e-02
5.015144350391703698e-02
4.941328796098216902e-02
4.867175467078182355e-02
4.792684485672914219e-02
4.717855274865203480e-02
4.642686563027208918e-02
4.567176388742631710e-02
4.491322105745750026e-02
4.415120387953553466e-02
4.338567234636674097e-02
4.261657975736803106e-02
4.184387277350191947e-02
4.106749147405180933e-02
4.028736941584217662e-02
3.950343369495502854e-02
3.871560501157938344e-02
3.792379773831538320e-02
3.712791999246835284e-02
3.632787371291790190e-02
3.552355474189781981e-02
3.471485291271314555e-02
3.390165214362338142e-02
3.308383053902493737e-02
3.226126049825148168e-02
0.000000000000000000e+00
