-3.684366956591603030e-04
-3.562443621406910510e-04
-3.532189758452172193e-04
-3.509769690373204607e-04
-3.491647838726796090e-04
-3.476155324195547448e-04
-3.462079251998190612e-04
-3.448473998401686380e-04
-3.434570099423425510e-04
-3.419722484028247969e-04
-3.403378856869065374e-04
-3.385059058647464539e-04
-3.364340715190228389e-04
-3.340848689907954545e-04
-3.314246980153172351e-04
-3.284232285311851829e-04
-3.250528786949846574e-04
-3.212883851018190091e-04
-3.171064457306317619e-04
-3.124854217571431943e-04
-3.074050877957260541e-04
-3.018464224427929148e-04
-2.957914325790407853e-04
-2.892230060677607878e-04
-2.821247884220376423e-04
-2.744810797108977437e-04
-2.662767485819125726e-04
-2.574971608004957804e-04
-2.481281200567705351e-04
-2.381558191728761105e-04
-2.275668001455506565e-04
-2.163479216459804073e-04
-2.044863328774006997e-04
-1.919694528173465306e-04
-1.787849540119327944e-04
-1.649207502671955520e-04
-1.503649876390982703e-04
-1.351060382083392063e-04
-1.191324962744032018e-04
-1.024331765526438696e-04
-8.499711414291328745e-05
-6.681356593509399345e-05
-4.787201334050634419e-05
-2.816216604760937042e-05
-7.673966751950932457e-06
1.360240331675581613e-05
3.567651820334471167e-05
5.855770041868178246e-05
8.225501364939443111e-05
1.067772549891648310e-04
1.321329468287237973e-04
1.583303284180247465e-04
1.853773471249654608e-04
2.132816494988973527e-04
2.420505721196205878e-04
2.716911323048495962e-04
3.022100186655729071e-04
3.336135815874921064e-04
3.659078236459452349e-04
3.990983899778859957e-04
4.331905586483854906e-04
4.681892310221839534e-04
5.040989221910314620e-04
5.409237514515854300e-04
5.786674328880199664e-04
6.173332660639287758e-04
6.569241268493948398e-04
6.974424584205443037e-04
7.388902624526186335e-04
7.812690904909498201e-04
8.245800355877827168e-04
8.688237241761230523e-04
9.140003082071121660e-04
9.601094576063644824e-04
1.007150353014869999e-03
1.055121678884824452e-03
1.104021616915123105e-03
1.153847839852343215e-03
1.204597505682889185e-03
1.256267252209753230e-03
1.308853192087873832e-03
1.362350908245528935e-03
1.416755449803181691e-03
1.472061328495039749e-03
1.528262515490092736e-03
1.585352438866047178e-03
1.643323981551914103e-03
1.702169479910920803e-03
1.761880722940237579e-03
1.822448952128995388e-03
1.883864862047722119e-03
1.946118601704938632e-03
2.009199776751193888e-03
2.073097452609829264e-03
2.137800158550740709e-03
2.203295892869334104e-03
2.269572129160436335e-03
2.336615823959175848e-03
2.404413425597832360e-03
2.472950884676262170e-03
2.542213665950644221e-03
2.612186762050109062e-03
2.682854708882667551e-03
2.754201603021463884e-03
2.826211121017541388e-03
2.898866540913873965e-03
2.972150765850557676e-03
3.046046349961620617e-03
3.120535526548321240e-03
3.195600238622610216e-03
3.271222171700922422e-03
3.347382788951788757e-03
3.424063368516925502e-03
3.501245043036618591e-03
3.578908841091658997e-03
3.657035730514880678e-03
3.735606663304810206e-03
3.814602621816706469e-03
3.894004666053225549e-03
3.973793981609847863e-03
4.053951927923126440e-03
4.134460086418276573e-03
4.215300307992341650e-03
4.296454759559327659e-03
4.377905968888508997e-03
4.459636867444541873e-03
4.541630830510240066e-03
4.623871714256035277e-03
4.706343888983748579e-03
4.789032268294303799e-03
4.871922333566054003e-03
4.955000153293054668e-03
5.038252396992973225e-03
5.121666343271004916e-03
5.205229881859372437e-03
5.288931509334136687e-03
5.372760318568207266e-03
5.456705981742134698e-03
5.540758727113469922e-03
5.624909309702101623e-03
5.709148976073743359e-03
5.793469423718885375e-03
5.877862755463592048e-03
5.962321429392130820e-03
6.046838204945188117e-03
6.131406086045975735e-03
6.216018261713297105e-03
6.300668045413671675e-03
6.385348813531999471e-03
6.470053944270088252e-03
6.554776757637536047e-03
6.639510457465242280e-03
6.724248076207015902e-03
6.808982423632064206e-03
6.893706039852926827e-03
6.978411153486983008e-03
7.063089645644765775e-03
7.147733020098931064e-03
7.232332380105174069e-03
7.316878412191176774e-03
7.401361376918047519e-03
7.485771106804216951e-03
7.570097011122731666e-03
7.654328087514703990e-03
7.738452939828155235e-03
7.822459801926969630e-03
7.906336566672184790e-03
7.990070819535066704e-03
8.073649875880925531e-03
8.157060821176427903e-03
8.240290553344867264e-03
8.323325825887250423e-03
8.406153291417615275e-03
8.488759543957223250e-03
8.571131159826907847e-03
8.653254735533926281e-03
8.735116922219818975e-03
8.816704455898827231e-03
8.898004182694329439e-03
8.979003078553350614e-03
9.059688263164710278e-03
9.140047007461262613e-03
9.220066734886437146e-03
9.299735016092217782e-03
9.379039557384529630e-03
9.457968182896098197e-03
9.536508811128550575e-03
9.614649425976735941e-03
9.692378043037300911e-03
9.769682671740331781e-03
9.846551274029030631e-03
9.922971720334903753e-03
9.998931743486566548e-03
1.007441889161501264e-02
1.014942048064166810e-02
1.022392354706248493e-02
1.029791480186672062e-02
1.037138058618511383e-02
1.044430682901893725e-02
1.051667900783031552e-02
1.058848211222989874e-02
1.065970061086977776e-02
1.073031842193715793e-02
1.080031888708462423e-02
1.086968474894253051e-02
1.093839813192007751e-02
1.100644052601841040e-02
1.107379277354347304e-02
1.114043505813963088e-02
1.120634689602265609e-02
1.127150712851424097e-02
1.133589391607576005e-02
1.139948473276340343e-02
1.146225636153933893e-02
1.152418488911753289e-02
1.158524570096173406e-02
1.164541347595376107e-02
1.170466218028946674e-02
1.176296506120969726e-02
1.182029464020389366e-02
1.187662270615255818e-02
1.193192030856266538e-02
1.198615775129047503e-02
1.203930458741321943e-02
1.209132961538712109e-02
1.214220087759245933e-02
1.219188566152261052e-02
1.224035050439633426e-02
1.228756120190285794e-02
1.233348282157258405e-02
1.237807972164902195e-02
1.242131557588728973e-02
1.246315340461747953e-02
1.250355561281719236e-02
1.254248403534991355e-02
1.257989998969756204e-02
1.261576433617807649e-02
1.265003754582818760e-02
1.268267977589438399e-02
1.271365095245849050e-02
1.274291086024316455e-02
1.277041923919847513e-02
1.279613588685647556e-02
1.282002076662116033e-02
1.284203412082509516e-02
1.286213658801486914e-02
1.288028932389461215e-02
1.289645412468133981e-02
1.291059355264753163e-02
1.292267106263406823e-02
1.293265112889541504e-02
1.294049937136673191e-02
1.294618268086297763e-02
1.294966934213766761e-02
1.295092915430723704e-02
1.294993354803267507e-02
1.294665569889248344e-02
1.294107063608918376e-02
1.293315534659665242e-02
1.292288887402059765e-02
1.291025241174332747e-02
1.289522939024097606e-02
1.287780555850659252e-02
1.285796905904191059e-02
1.283571049676685352e-02
1.281102300147560213e-02
1.278390228399772094e-02
1.275434668605647179e-02
1.272235722400026636e-02
1.268793762659550795e-02
1.265109436675026545e-02
1.261183668776015392e-02
1.257017662389699544e-02
1.252612901588222305e-02
1.247971152129125766e-02
1.243094462021468102e-02
1.237985161622711522e-02
1.232645863320640765e-02
1.227079460789009743e-02
1.221289127841299581e-02
1.215278316935836447e-02
1.209050757277665457e-02
1.202610452588100121e-02
1.195961678524393688e-02
1.189108979735990779e-02
1.182057166594302489e-02
1.174811311563844773e-02
1.167376745215212633e-02
1.159759051861249113e-02
1.151964064812534098e-02
1.143997861238024716e-02
1.135866756591781546e-02
1.127577298612737235e-02
1.119136260845319045e-02
1.110550635680750305e-02
1.101827626891213260e-02
1.092974641642915912e-02
1.083999281941280639e-02
1.074909335537082254e-02
1.065712766236989392e-02
1.056417703625283852e-02
1.047032432202921540e-02
1.037565379910799362e-02
1.028025106067868323e-02
1.018420288709610474e-02
1.008759711340864382e-02
9.990522491345590894e-03
9.893068545572383798e-03
9.795325424694991540e-03
9.697383747238266447e-03
9.599334442891793717e-03
9.501268589121154851e-03
9.403277243618578252e-03
9.305451272930833490e-03
9.207881177812005796e-03
9.110656915091837338e-03
9.013867717026880638e-03
8.917601908402173622e-03
8.821946721271088643e-03
8.726988108647318332e-03
8.632810556628924686e-03
8.539496895692848602e-03
8.447128112172172520e-03
8.355783159136138602e-03
8.265538768214591991e-03
8.176469262111414615e-03
8.088646368631232861e-03
8.002139036373645542e-03
7.917013252939171866e-03
7.833331865821618195e-03
7.751154406619794809e-03
7.670536919128823766e-03
7.591531791713203130e-03
7.514187594684806903e-03
7.438548923040595902e-03
7.364656245474019390e-03
7.292545759887894899e-03
7.222249256089905388e-03
7.153793986281819541e-03
7.087202544265999368e-03
7.022492753261830485e-03
6.959677563404017067e-03
6.898764959607392618e-03
6.839757879886516206e-03
6.782654144887188125e-03
6.727446399336559253e-03
6.674122065643733719e-03
6.622663310226749658e-03
6.573047022877176113e-03
6.525244809631398739e-03
6.479222999987503152e-03
6.434942667422734186e-03
6.392359665609302286e-03
6.351424678349196738e-03
6.312083285176380357e-03
6.274276041725857650e-03
6.237938575443376273e-03
6.203001696758827371e-03
6.169391525404632759e-03
6.137029632132704263e-03
6.105833195894064605e-03
6.075715175539622530e-03
6.046584497217472737e-03
6.018346255913608819e-03
5.990901931602289968e-03
5.964149619510981763e-03
5.937984273879369154e-03
5.912297965287874324e-03
5.886980150313337289e-03
5.861917953712095751e-03
5.836996462168264274e-03
5.812099028763275874e-03
5.787107587875414683e-03
5.761902979692598049e-03
5.736365283285926181e-03
5.710374157627592234e-03
5.683809189665978839e-03
5.656550248689350135e-03
5.628477845921639813e-03
5.599473498063928419e-03
5.569420094513014008e-03
5.538202266567811977e-03
5.505706757921745298e-03
5.471822795262199293e-03
5.436442457833895459e-03
5.399461045252616255e-03
5.360777441383830257e-03
5.320294474494375800e-03
5.277919271485366146e-03
5.233563605384027734e-03
5.187144235097853814e-03
5.138583235339573736e-03
5.087808316760873695e-03
5.034753133937217538e-03
4.979357580644973302e-03
4.921568070722526222e-03
4.861337803462593629e-03
4.798627012346114336e-03
4.733403195852832826e-03
4.665641328687639491e-03
4.595324053339149527e-03
4.522441849436370509e-03
4.446993180797734202e-03
4.368984618503823046e-03
4.288430939906601527e-03
4.205355201088603265e-03
4.119788783717865006e-03
4.031771414394271467e-03
3.941351155860356795e-03
3.848584370481910287e-03
3.753535654477644506e-03
3.656277742998731428e-03
3.556891386305725648e-03
3.455465196393068053e-03
3.352095464390501996e-03
3.246885948987790829e-03
3.139947636028727652e-03
3.031398470052422151e-03
2.921363058420722858e-03
2.809972347662083141e-03
2.697363274662351387e-03
2.583678392137655523e-03
2.469065470090601316e-03
2.353677073950956669e-03
2.237670120897415973e-03
2.121205415738839327e-03
2.004447167034429170e-03
1.887562485462665690e-03
1.770720865201717929e-03
1.654093651017192988e-03
1.537853490319025882e-03
1.422173774232411356e-03
1.307228067305582237e-03
1.193189528461838841e-03
1.080230324039773478e-03
9.685210353745630531e-04
8.582300617119285099e-04
7.495230205258149748e-04
6.425621466520916800e-04
5.375056924690588440e-04
4.345073299485155503e-04
3.337155573515323843e-04
2.352731112825452806e-04
1.393163870137836564e-04
4.597486825264843896e-05
-4.462943184441571856e-05
-1.323825156294110295e-04
-2.171789304867513971e-04
-2.989222809509901966e-04
-3.775257205541372729e-04
-4.529124217967294645e-04
-5.250160217860064867e-04
-5.937810410441520578e-04
-6.591632730664008077e-04
-7.211301428877085577e-04
-7.796610309724445135e-04
-8.347475609314311280e-04
-8.863938481975099180e-04
-9.346167072917194261e-04
-9.794458152787032836e-04
-1.020923828790225654e-03
-1.059106452754072928e-03
-1.094062458890409425e-03
-1.125873651042709651e-03
-1.154634777066256696e-03
-1.180453383854938865e-03
-1.203449616622614179e-03
-1.223755959014202017e-03
-1.241516915386682053e-03
-1.256888633218647281e-03
-1.270038467585045579e-03
-1.281144486152224716e-03
-1.290394916591740488e-03
-1.297987537720531092e-03
-1.304129014996798083e-03
-1.309034183424201978e-03
-1.312925278908784466e-03
-1.316031121902227086e-03
-1.318586255220926704e-03
-1.320830040077077558e-03
-1.323005713039210720e-03
-1.325359408105029934e-03
-1.328139147715506809e-03
-1.331593806405074933e-03
-1.335972051166094089e-03
-1.341521263874727657e-03
-1.348486448303304287e-03
-1.357109127826649228e-03
-1.367626237025432959e-03
-1.380269012996326611e-03
-1.395261889927410046e-03
-1.412821402331804893e-03
-1.433155102089633814e-03
-1.456460493576550424e-03
-1.482923993037404183e-03
-1.512719916644389559e-03
-1.546009503973896568e-03
-1.582939981263941417e-03
-1.623643671417935490e-03
-1.668237155808330579e-03
-1.716820494899707564e-03
-1.769476511925069254e-03
-1.826270146607713880e-03
-1.887247884612603972e-03
-1.952437266270368611e-03
-2.021846481096335399e-03
-2.095464051353644001e-03
-2.173258608253688696e-03
-2.255178764148805907e-03
-2.341153082236531284e-03
-2.431090146079483479e-03
-2.524878728819261384e-03
-2.622388061676017828e-03
-2.723468202183697024e-03
-2.827950498640616293e-03
-2.935648150207742415e-03
-3.046356858217610757e-03
-3.159855566588734739e-03
-3.275907286512578197e-03
-3.394260001075666972e-03
-3.514647646203485770e-03
-3.636791162007083425e-03
-3.760399610156883558e-03
-3.885171352043505222e-03
-4.010795282225318795e-03
-4.136952112967376069e-03
-4.263315703469791260e-03
-4.389554429667029758e-03
-4.515332589237659039e-03
-4.640311837008822757e-03
-4.764152645498126969e-03
-4.886515787360152033e-03
-5.007063833496159209e-03
-5.125462663048200446e-03
-5.241382981787331280e-03
-5.354501843375649058e-03
-5.464504170301342709e-03
-5.571084269952173915e-03
-5.673947341375090887e-03
-5.772810969215671009e-03
-5.867406599964034540e-03
-5.957480995773941843e-03
-6.042797660562808371e-03
-6.123138234781951017e-03
-6.198303849783086406e-03
-6.268116438396852466e-03
-6.332419992169642173e-03
-6.391081758994089645e-03
-6.443993371238201061e-03
-6.491071895470022085e-03
-6.532260793694700911e-03
-6.567530785158227739e-03
-6.596880597902508164e-03
-6.620337598250786160e-03
-6.637958287761668019e-03
-6.649828654996033095e-03
-6.656064373088922334e-03
-6.656810832783841003e-03
-6.652243001556088983e-03
-6.642565102927466478e-03
-6.628010109869492995e-03
-6.608839048869301867e-03
-6.585340113754862591e-03
-6.557827589823571508e-03
-6.526640593141576005e-03
-6.492141629590214916e-03
-6.454714983824987040e-03
-6.414764947875670198e-03
-6.372713903640855188e-03
-6.329000272854348047e-03
-6.284076351054785486e-03
-6.238406043639626794e-03
-6.192462518285897846e-03
-6.146725793559897066e-03
-6.101680277152906479e-03
-6.057812269641098604e-03
-6.015607445331114939e-03
-5.975548321349148477e-03
-5.938111722442825438e-03
-5.903766249503336790e-03
-5.872969754950039568e-03
-5.846166830391299855e-03
-5.823786308908388519e-03
-5.806238788522041956e-03
-5.793914180141397294e-03
-5.787179290821611519e-03
-5.786375452127849768e-03
-5.791816209332061212e-03
-5.803785090201053765e-03
-5.822533474539302346e-03
-5.848278591008454139e-03
-5.881201666825029185e-03
-5.921446259245342555e-03
-5.969116795610491556e-03
-6.024277347714337115e-03
-6.086950662368462855e-03
-6.157117465814744561e-03
-6.234716053782747743e-03
-6.319642172315106943e-03
-6.411749190809697477e-03
-6.510848558012153481e-03
-6.616710531455785235e-03
-6.729065162662849556e-03
-6.847603518191762786e-03
-6.971979116496173495e-03
-7.101809556775142210e-03
-7.236678318875968026e-03
-7.376136715016817606e-03
-7.519705975008989136e-03
-7.666879450413971453e-03
-7.817124926486781339e-03
-7.969887033584846861e-03
-8.124589751695087889e-03
-8.280639003788657984e-03
-8.437425336084190125e-03
-8.594326682356986241e-03
-8.750711210723861530e-03
-8.905940246182752346e-03
-9.059371268337758354e-03
-9.210360972442524843e-03
-9.358268388099402757e-03
-9.502458042497193350e-03
-9.642303159119677142e-03
-9.777188877761435609e-03
-9.906515486882320337e-03
-1.002970165711988999e-02
-1.014618767001983571e-02
-1.025543863441182556e-02
-1.035694768833509381e-02
-1.045023918290007535e-02
-1.053487184658614961e-02
-1.061044192384290319e-02
-1.067658628293478504e-02
-1.073298547951740713e-02
-1.077936676064632920e-02
-1.081550698510127390e-02
-1.084123543099006944e-02
-1.085643645503204559e-02
-1.086105196297114384e-02
-1.085508364575043551e-02
-1.083859492981985306e-02
-1.081171259260911566e-02
-1.077462798454834926e-02
-1.072759780428434936e-02
-1.067094437038303319e-02
-1.060505533440279230e-02
-1.053038278618910473e-02
-1.044744170829066572e-02
-1.035680774646795081e-02
-1.025911428019786117e-02
-1.015504879467589265e-02
-1.004534858041521324e-02
-9.930795811772211157e-03
-9.812212083767394774e-03
-9.690452511303491306e-03
-9.566399518105103694e-03
-9.440956457867282631e-03
-9.315041217517002273e-03
-9.189579949251000524e-03
-9.065501062621217354e-03
-8.943729583848611039e-03
-8.825181953675220042e-03
-8.710761293123214094e-03
-8.601353121453941472e-03
-8.497821467131270318e-03
-8.401005269193186423e-03
-8.311714940102417348e-03
-8.230728940252051221e-03
-8.158790214407333000e-03
-8.096602356843000947e-03
-8.044825403000501265e-03
-8.004071198549135222e-03
-7.974898353120740344e-03
-7.957806858151573667e-03
-7.953232509301794498e-03
-7.961541335923527640e-03
-7.983024283140151972e-03
-8.017892409655379485e-03
-8.066272868349712646e-03
-8.128205901993094257e-03
-8.203643039410901672e-03
-8.292446601996900438e-03
-8.394390550261093473e-03
-8.509162611508119117e-03
-8.636367545972399931e-03
-8.775531339992138219e-03
-8.926106061681704507e-03
-9.087475087010396524e-03
-9.258958401610818678e-03
-9.439817704315204769e-03
-9.629261090035857312e-03
-9.826447149758046548e-03
-1.003048841405219417e-02
-1.024045414884194004e-02
-1.045537260912391374e-02
-1.067423293061232729e-02
-1.089598690555122762e-02
-1.111955092264759436e-02
-1.134380835382769841e-02
-1.156761263741864186e-02
-1.178979123860604550e-02
-1.200915057733486710e-02
-1.222448190716112978e-02
-1.243456802909836262e-02
-1.263819064404057141e-02
-1.283413810516904029e-02
-1.302121333059045455e-02
-1.319824168008716311e-02
-1.336407867178576563e-02
-1.351761750931776765e-02
-1.365779646644620787e-02
-1.378360623748828805e-02
-1.389409737628196501e-02
-1.398838792061150166e-02
-1.406567123787848261e-02
-1.412522405496791610e-02
-1.416641455845396580e-02
-1.418871040792537425e-02
-1.419168649356164838e-02
-1.417503229369490581e-02
-1.413855874007050213e-02
-1.408220455897731330e-02
-1.400604209497176289e-02
-1.391028263703652373e-02
-1.379528122742299662e-02
-1.366154085343601436e-02
-1.350971580374809092e-02
-1.334061383787089709e-02
-1.315519669560398161e-02
-1.295457838361191438e-02
-1.274002065580230950e-02
-1.251292516520196088e-02
-1.227482192219238842e-02
-1.202735394904919444e-02
-1.177225834669167609e-02
-1.151134436036765733e-02
-1.124646938640618682e-02
-1.097951415240591699e-02
-1.071235847003351206e-02
-1.044685897946732306e-02
-1.018483015537862552e-02
-9.928029557618118020e-03
-9.678147909016457384e-03
-9.436804123907158864e-03
-9.205544929256872372e-03
-8.985848269671296851e-03
-8.779129293288211525e-03
-8.586747416564566304e-03
-8.410012800619166146e-03
-8.250190570074212790e-03
-8.108501301803253125e-03
-7.986116705654008885e-03
-7.884150005543450607e-03
-7.803641226958851068e-03
-7.745538330154535384e-03
-7.710675766395952944e-03
-7.699752482061205869e-03
-7.713311551209062374e-03
-7.751723463402516306e-03
-7.815174639047059446e-03
-7.903662071958274943e-03
-8.016994217598244488e-03
-8.154797487870282455e-03
-8.316527104688088701e-03
-8.501480691451733171e-03
-8.708812890855750083e-03
-8.937549477461561101e-03
-9.186599819293879421e-03
-9.454767032421453749e-03
-9.740755648280308154e-03
-1.004317698996480893e-02
-1.036055265977483750e-02
-1.069131659294058137e-02
-1.103381607862014870e-02
-1.138631207180994601e-02
-1.174697909811963509e-02
-1.211390513030414715e-02
-1.248509197343819835e-02
-1.285845687236617657e-02
-1.323183613379399701e-02
-1.360299146218358485e-02
-1.396961937647240443e-02
-1.432936356181735253e-02
-1.467982943429678097e-02
-1.501859974952023807e-02
-1.534324994792156914e-02
-1.565136220711352277e-02
-1.594053783910258024e-02
-1.620840855727150726e-02
-1.645264796728869786e-02
-1.667098511940697317e-02
-1.686122190249660438e-02
-1.702125542083752358e-02
-1.714910546929485080e-02
-1.724294611149703588e-02
-1.730113953379288153e-02
-1.732227002517995260e-02
-1.730517615126676498e-02
-1.724897976977123396e-02
-1.715311117663981949e-02
-1.701733012093022482e-02
-1.684174257680513126e-02
-1.662681307338856329e-02
-1.637337226216960609e-02
-1.608261940424825925e-02
-1.575611966502805592e-02
-1.539579641619917040e-02
-1.500391894712531891e-02
-1.458308585104803670e-02
-1.413620377944318184e-02
-1.366646038544590443e-02
-1.317728950136959169e-02
-1.267232644349883253e-02
-1.215535219727781682e-02
-1.163022715663505555e-02
-1.110081766435368038e-02
-1.057092110519398595e-02
-1.004419699310416143e-02
-9.524111866906884855e-03
-9.013904758333484216e-03
-8.516577740477756370e-03
-8.034913014834360601e-03
-7.571514539551804819e-03
-7.128868735364096883e-03
-6.709415655562853825e-03
-6.315619596950249395e-03
-5.950026949483887967e-03
-5.615299614121125292e-03
-5.314214871566361881e-03
-5.049627072682490343e-03
-4.824392337081022213e-03
-4.641263545432892934e-03
-4.502768017327091893e-03
-4.411083310175293107e-03
-4.367926930747155836e-03
-4.374473479627483813e-03
-4.431308422350566101e-03
-4.538422205958817131e-03
-4.695242736519576743e-03
-4.900699088813445861e-03
-5.153305326208845044e-03
-5.451250931767181139e-03
-5.792483984633091387e-03
-6.174775129101435674e-03
-6.595754626709839086e-03
-7.052920910905161045e-03
-7.543625986958595563e-03
-8.065049070037961024e-03
-8.614173147034045672e-03
-9.187778312337191444e-03
-9.782460547383350219e-03
-1.039467636807222747e-02
-1.102080496197382561e-02
-1.165721297952098702e-02
-1.230030532166225855e-02
-1.294654887199367735e-02
-1.359246410296261268e-02
-1.423458923427220121e-02
-1.486942983584806435e-02
-1.549341064059994028e-02
-1.610284458673964109e-02
-1.669392751694128568e-02
-1.726275799247056070e-02
-1.780537355488012036e-02
-1.831779025856771631e-02
-1.879603274410773101e-02
-1.923614712853433453e-02
-1.963419655557487042e-02
-1.998624662812562014e-02
-2.028835260928889619e-02
-2.053656095900924933e-02
-2.072693491160043644e-02
-2.085560916239493842e-02
-2.091887435232357359e-02
-2.091328904054871873e-02
-2.083581496795611915e-02
-2.068396944103286644e-02
-2.045598559637730463e-02
-2.015096726436397395e-02
-1.976902152276763941e-02
-1.931135084022824258e-02
-1.878028949563298466e-02
-1.817927604972282424e-02
-1.751276378111233170e-02
-1.678608172305010374e-02
-1.600526726472299016e-02
-1.517689463545297129e-02
-1.430792070947492500e-02
-1.340556103482359526e-02
-1.247719725290727215e-02
-1.153030569727973506e-02
-1.057238949618576410e-02
-9.610895315677926015e-03
-8.653101514972096064e-03
-7.705975554667805066e-03
-6.776012240939058295e-03
-5.869077255394133247e-03
-4.990288832005425335e-03
-4.143971486464290491e-03
-3.333707841138889866e-03
-2.562498336253905655e-03
-1.833016797858457499e-03
-1.147927226188159757e-03
-5.102094235094698643e-04
7.656687009040133787e-05
6.080751063610606057e-04
1.079211460380722319e-03
1.484234738926309321e-03
1.817052640680321936e-03
2.071615681098926565e-03
2.242363650346492626e-03
2.324663587964066139e-03
2.315182483000242063e-03
2.212149834025240857e-03
2.015481761650692559e-03
1.726757002051011042e-03
1.349054123489964703e-03
8.866774159971952361e-04
3.448144245437939279e-04
-2.708216425083200679e-04
-9.543097791618821227e-04
-1.699754263758414784e-03
-2.501409252029364403e-03
-3.353699993090084475e-03
-4.251173756204982765e-03
-5.188430674488944683e-03
-6.160083505461802847e-03
-7.160774922163594576e-03
-8.185248525809811493e-03
-9.228438082721213825e-03
-1.028552164403265419e-02
-1.135189117431011432e-02
-1.242301370515080938e-02
-1.349419822969795402e-02
-1.456031989784178915e-02
-1.561557574175548302e-02
-1.665334532274475102e-02
-1.766620499771511671e-02
-1.864610431003803012e-02
-1.958467089090178137e-02
-2.047357949272762129e-02
-2.130490950343972081e-02
-2.207142448354596984e-02
-2.276673166233967802e-02
-2.338531015230699978e-02
-2.392242481028725165e-02
-2.437396151892861490e-02
-2.473622667474071474e-02
-2.500575067827789238e-02
-2.517912689378952115e-02
-2.525290883374196882e-02
-2.522358203905474688e-02
-2.508762286408767334e-02
-2.484165134284838095e-02
-2.448267632604806537e-02
-2.400841695910673271e-02
-2.341766727502962719e-02
-2.271065500993201675e-02
-2.188933756588286317e-02
-2.095758192726957653e-02
-1.992119263227200981e-02
-1.878777986488040785e-02
-1.756649193975185971e-02
-1.626766441051342993e-02
-1.490245359345563139e-02
-1.348252011270372613e-02
-1.201980762098360175e-02
-1.052642798217781096e-02
-9.014626299759319339e-03
-7.496768560429366117e-03
-5.985281377589779170e-03
-4.492482939856686300e-03
-3.030275926678941290e-03
-1.609719328186400272e-03
-2.405443546315308261e-04
1.069284216383701094e-03
2.313847744103819312e-03
3.489298889674126956e-03
4.593582625567032771e-03
5.625867317784996775e-03
6.585766061087100498e-03
7.472479612654772153e-03
8.284015684002842689e-03
9.016629629605341784e-03
9.664591965892255221e-03
1.022032891839432661e-02
1.067491709804989364e-02
1.101885577521792905e-02
1.124299977827634446e-02
1.133951735535448924e-02
1.130274008672443181e-02
1.112979260423817979e-02
1.082092368887824577e-02
1.037950255551108036e-02
9.811690319276736641e-03
9.125842006036059134e-03
8.331733407666313054e-03
7.439733196497711788e-03
6.460047689190859775e-03
5.402149052051347794e-03
4.274457489393273905e-03
3.084290590668592111e-03
1.838032153218671768e-03
5.414263167829742179e-04
-8.001135416362014675e-04
-2.181271714866758922e-03
-3.596714673955241862e-03
-5.041076852745334652e-03
-6.508986941072466073e-03
-7.995059550345037444e-03
-9.493795981246704735e-03
-1.099937995621523383e-02
-1.250540212294090972e-02
-1.400458321651185285e-02
-1.548857784079440102e-02
-1.694792556139658457e-02
-1.837217938618069396e-02
-1.975019679751305324e-02
-2.107054034686791505e-02
-2.232191461613299704e-02
-2.349356750947192291e-02
-2.457560212886754358e-02
-2.555917228406286504e-02
-2.643656109731694348e-02
-2.720116172405601107e-02
-2.784738890573463382e-02
-2.837055026157876692e-02
-2.876670003100409434e-02
-2.903249015502951808e-02
-2.916502874424636155e-02
-2.916175670816990168e-02
-2.902035890994924400e-02
-2.873873284701466274e-02
-2.831504020827675314e-02
-2.774786027458101684e-02
-2.703644763225380651e-02
-2.618107284406277421e-02
-2.518339988174308000e-02
-2.404683617857260314e-02
-2.277678685336292225e-02
-2.138075723955941768e-02
-1.986827581689444913e-02
-1.825064687765892008e-02
-1.654057949169877167e-02
-1.475176634058372391e-02
-1.289849433350125606e-02
-1.099535452253060097e-02
-9.057083970259343850e-03
-7.098525774595058728e-03
-5.134649090498583264e-03
-3.180543140731175930e-03
-1.251298259624786160e-03
6.382845997156239796e-04
2.474163474574448459e-03
4.243652074836938397e-03
5.936040133289591236e-03
7.543105740343288013e-03
9.059391530625574701e-03
1.048215248635623285e-02
1.181094375321459396e-02
1.304688836902870124e-02
1.419173054810497422e-02
1.524682490015291658e-02
1.621222579480366410e-02
1.708602196746153781e-02
1.786401538843507275e-02
1.853978226969546853e-02
1.910509196880457242e-02
1.955060886148341642e-02
1.986677070422390723e-02
2.004472644867065501e-02
2.007722361715249745e-02
1.995935400178000529e-02
1.968909027981180851e-02
1.926757084132955933e-02
1.869911426087426248e-02
1.799096895956123210e-02
1.715282849631647594e-02
1.619616787556501375e-02
1.513347827854731945e-02
1.397749201718459684e-02
1.274049136863830700e-02
1.143378111095437466e-02
1.006737532896808882e-02
8.649909080599763739e-03
7.188743546994337888e-03
5.690200120385685220e-03
4.159843927274933795e-03
2.602744840435911554e-03
1.023670901550484836e-03
-5.727948195124099237e-04
-2.182190780048420473e-03
-3.800126552300346974e-03
-5.422207028063822168e-03
-7.043910599711494455e-03
-8.660425606815706431e-03
-1.026647155791804433e-02
-1.185614375026782658e-02
-1.342281882077211302e-02
-1.495914589559786505e-02
-1.645712826622150807e-02
-1.790828055295685256e-02
-1.930383227237102151e-02
-2.063494420797975376e-02
-2.189290894004393070e-02
-2.306931806641935451e-02
-2.415619129094073031e-02
-2.514607243239028178e-02
-2.603210217647846519e-02
-2.680807684608408833e-02
-2.746849801570905997e-02
-2.800861165855992457e-02
-2.842443006334792119e-02
-2.871272705455754290e-02
-2.887099849129409757e-02
-2.889738597260325600e-02
-2.879057119121919764e-02
-2.854965919643562972e-02
-2.817407776045240814e-02
-2.766352381021321832e-02
-2.701798410372695941e-02
-2.623784548884334003e-02
-2.532409198516792637e-02
-2.427856549056413293e-02
-2.310424920943934812e-02
-2.180552275915176308e-02
-2.038833853825498810e-02
-1.886028095386583364e-02
-1.723049131634459691e-02
-1.550946709939991092e-02
-1.370876897662097298e-02
-1.184068663588161083e-02
-9.917920203395127338e-03
-7.953326065160359892e-03
-5.959755290328065148e-03
-3.949984592207637230e-03
-1.936711265094293120e-03
6.743713600871020612e-05
2.049934210062180542e-03
3.998473232229535733e-03
5.901194876191105144e-03
7.747014507504592154e-03
9.526008191622543225e-03
1.122979370814834212e-02
1.285183384827253902e-02
1.438759604321155315e-02
1.583452331614850633e-02
1.719180217021388374e-02
1.845994712191392426e-02
1.964025252504024086e-02
2.073418433134035718e-02
2.174279363628533329e-02
2.266622905074660438e-02
2.350340768686834045e-02
2.425187878305900754e-02
2.490788502533985635e-02
2.546659989132625534e-02
2.592249925332450189e-02
2.626981453273015063e-02
2.650301319717610418e-02
2.661725865563602939e-02
2.660881266795987049e-02
2.647535592396204479e-02
2.621621368986611425e-02
2.583248180826175008e-02
2.532705369137060181e-02
2.470455222455424787e-02
2.397117317983586682e-02
2.313445011661342116e-02
2.220295537513785472e-02
2.118595724652205456e-02
2.009305855035001254e-02
1.893384512868110520e-02
1.771757280925272821e-02
1.645291745444896897e-02
1.514780491482488681e-02
1.380932710321162299e-02
1.244373880240835263e-02
1.105651945501914639e-02
9.652477180937821602e-03
8.235870116089732615e-03
6.810523200116492572e-03
5.379925772989666011e-03
3.947304660282656245e-03
2.515676211215902517e-03
1.087886714778857344e-03
-3.333475208086025213e-04
-1.745391310338592497e-03
-3.145628829342322387e-03
-4.531390798961370744e-03
-5.899877607951443947e-03
-7.248088322607822154e-03
-8.572765710261638986e-03
-9.870364949019716505e-03
-1.113704943436134159e-02
-1.236871224827782757e-02
-1.356101775405985262e-02
-1.470945546407239311e-02
-1.580939826961917996e-02
-1.685615908921704945e-02
-1.784504316916320568e-02
-1.877139656659840977e-02
-1.963065374871191329e-02
-2.041838812310497325e-02
-2.113036854701964840e-02
-2.176262276087447683e-02
-2.231150587450570627e-02
-2.277376921643647911e-02
-2.314662269958026042e-02
-2.342778287231828821e-02
-2.361549931020497442e-02
-2.370855401968635645e-02
-2.370623189507542125e-02
-2.360826455392655773e-02
-2.341475443608930646e-02
-2.312609009269061752e-02
-2.274286629360275369e-02
-2.226582325989147348e-02
-2.169581757581243858e-02
-2.103383319011495334e-02
-2.028103488248417588e-02
-1.943885959577370398e-02
-1.850913433002876821e-02
-1.749420410242032153e-02
-1.639705082461912281e-02
-1.522138439754737449e-02
-1.397169088668206820e-02
-1.265322875930452798e-02
-1.127197180705236113e-02
-9.834505243127030991e-03
-8.347888184970198369e-03
-6.819500119188472501e-03
-5.256890197459000713e-03
-3.667646084654680068e-03
-2.059293979755639700e-03
-4.392343577923774750e-04
1.185289621738601319e-03
2.807200664588268245e-03
4.419586657430823844e-03
6.015705551619949035e-03
7.589008312839189835e-03
9.133187462548051153e-03
1.064225224070711705e-02
1.211062478806036215e-02
1.353324628229329515e-02
1.490567861868534461e-02
1.622418647679805398e-02
1.748578642174725487e-02
1.868825359710681380e-02
1.983008184648577324e-02
2.091039888808100128e-02
2.192884362657657182e-02
2.288541710159622267e-02
2.378032142049275530e-02
2.461380202607219014e-02
2.538600778448000389e-02
2.609688085388282841e-02
2.674608454015991316e-02
2.733297291008023044e-02
2.785660143834231203e-02
2.831577398440272841e-02
2.870911838990086729e-02
2.903518123480084562e-02
2.929253185592728403e-02
2.947986648252975267e-02
2.959610497757760722e-02
2.964047480565414061e-02
2.961257906714569871e-02
2.951244740068760530e-02
2.934057003050678791e-02
2.909791612127890503e-02
2.878593794290380814e-02
2.840656227220590690e-02
2.796217016383234499e-02
2.745556590743143677e-02
2.688993581674269107e-02
2.626879756750546274e-02
2.559594113489589706e-02
2.487536291769109134e-02
2.411119526261694401e-02
2.330763417749986965e-02
2.246886840967333987e-02
2.159901316982043573e-02
2.070205155376218104e-02
1.978178616745412260e-02
1.884180265565671419e-02
1.788544586969783440e-02
1.691580840113953571e-02
1.593573026954599875e-02
1.494780779303166857e-02
1.395440916600218691e-02
1.295769407628735020e-02
1.195963482008125661e-02
1.096203679247335916e-02
9.966556868593431234e-03
8.974718945373282714e-03
7.987926660204005408e-03
7.007473925881726497e-03
6.034554330119257584e-03
5.070270592026679402e-03
4.115645155267085888e-03
3.171632669511465982e-03
2.239134653187258885e-03
1.319016131870278698e-03
4.121235983147776300e-04
-4.806966870995836843e-04
-1.358581194906550950e-03
-2.220633544254347388e-03
-3.065911771280148846e-03
-3.893419068729280473e-03
-4.702098242020223348e-03
-5.490829754217853992e-03
-6.258432927348458845e-03
-7.003669678559928426e-03
-7.725250117995318723e-03
-8.421839417494353733e-03
-9.092065543141226308e-03
-9.734527681857035875e-03
-1.034780542501588692e-02
-1.093046895166413339e-02
-1.148109054142324240e-02
-1.199825772770131416e-02
-1.248058827748792926e-02
-1.292674697672894710e-02
-1.333546394386133510e-02
-1.370555392612121670e-02
-1.403593579408667601e-02
-1.432565126969252700e-02
-1.457388182919335667e-02
-1.477996272645423770e-02
-1.494339318881688500e-02
-1.506384204010731767e-02
-1.514114828868572821e-02
-1.517531655955321745e-02
-1.516650762117589812e-02
-1.511502462896061570e-02
-1.502129604390547643e-02
-1.488585645961120266e-02
-1.470932675009409794e-02
-1.449239502360529994e-02
-1.423579981018503575e-02
-1.394031673473983442e-02
-1.360674963391079670e-02
-1.323592669490017415e-02
-1.282870175276120545e-02
-1.238596042615276727e-02
-1.190863033795492611e-02
-1.139769430004317248e-02
-1.085420507597053934e-02
-1.027930019626796185e-02
-9.674215301215051063e-03
-9.040294624640878018e-03
-8.378997492510522824e-03
-7.691900066924906368e-03
-6.980691980873537580e-03
-6.247167943853658076e-03
-5.493214807970275490e-03
-4.720794933141668481e-03
-3.931926947589019922e-03
-3.128665143768782561e-03
-2.313078774098569629e-03
-1.487232418667793366e-03
-6.531684035755242141e-04
1.871080173614602087e-04
1.031640317194604251e-03
1.878529103070947920e-03
2.725937487054980873e-03
3.572093871607992955e-03
4.415292768722897318e-03
5.253894354598784636e-03
6.086323463770676630e-03
6.911068651829221920e-03
7.726681823334879441e-03
8.531778753217773154e-03
9.325040644489452843e-03
1.010521668768673068e-02
1.087112743360522764e-02
1.162166867391599065e-02
1.235581545277125888e-02
1.307262580553601901e-02
1.377124383855611069e-02
1.445090181575511140e-02
1.511092099778636212e-02
1.575071107456086500e-02
1.636976813347229553e-02
1.696767120418809713e-02
1.754407750807853231e-02
1.809871661255164563e-02
1.863138374407310657e-02
1.914193254550688311e-02
1.963026757707961312e-02
2.009633685400128572e-02
2.054012469244714117e-02
2.096164510089037342e-02
2.136093590946945564e-02
2.173805377936179062e-02
2.209307018068210407e-02
2.242606837468840569e-02
2.273714138503739324e-02
2.302639089969967315e-02
2.329392700718672937e-02
2.353986864244779487e-02
2.376434459967680449e-02
2.396749495935937904e-02
2.414947277649955384e-02
2.431044588565988568e-02
2.445059869172641620e-02
2.457013383615856000e-02
2.466927365045961176e-02
2.474826133331501504e-02
2.480736181209050595e-02
2.484686227161982813e-02
2.486707235339051525e-02
2.486832404405303967e-02
2.485097128457766646e-02
2.481538933984967291e-02
2.476197397191362559e-02
2.469114046205587651e-02
2.460332252354186650e-02
2.449897114336929693e-02
2.437855338450640313e-02
2.424255117370283097e-02
2.409146009189877188e-02
2.392578817707876476e-02
2.374605474284623152e-02
2.355278920949375326e-02
2.334652994016771579e-02
2.312782307112502822e-02
2.289722132327041970e-02
2.265528278197762729e-02
2.240256963323525308e-02
2.213964684684454481e-02
2.186708080070319526e-02
2.158543784471966820e-02
2.129528280780988020e-02
2.099717745648427628e-02
2.069167891765939446e-02
2.037933808351568774e-02
2.006069801857769674e-02
1.973629239230126689e-02
1.940664396140282660e-02
1.907226312597170084e-02
1.873364658300239252e-02
1.839127609800005753e-02
1.804561741311367512e-02
1.769711930611353456e-02
1.734621281073141577e-02
1.699331060415270461e-02
1.663880656363678559e-02
1.628307548973142310e-02
1.592647298981375234e-02
1.556933551234774421e-02
1.521198051941433094e-02
1.485470678324047819e-02
1.449779479036613847e-02
1.414150723685147701e-02
1.378608959699784489e-02
1.343177074901651981e-02
1.307876364152153227e-02
1.272726598583139891e-02
1.237746096077095917e-02
1.202951791882574291e-02
1.168359308363426698e-02
1.133983023149029261e-02
1.099836135141335838e-02
1.065930727995008549e-02
1.032277830902698056e-02
9.988874766384903472e-03
9.657687569535597372e-03
9.329298755164057780e-03
9.003781986578633656e-03
8.681203042173634560e-03
8.361620288129034684e-03
8.045085138344617443e-03
7.731642504300665839e-03
7.421331237313491536e-03
7.114184564651486985e-03
6.810230520865261962e-03
6.509492374582115728e-03
6.211989050605749851e-03
5.917735546589708746e-03
5.626743342921774332e-03
5.339020804174855056e-03
5.054573570018887699e-03
4.773404933452067567e-03
4.495516203988822977e-03
4.220907053557392333e-03
3.949575842806847190e-03
3.681519925994423785e-03
3.416735932406253506e-03
3.155220023169260594e-03
2.896968122049422417e-03
2.641976119567568393e-03
2.390240050062180602e-03
2.141756241471770399e-03
1.896521438311360051e-03
1.654532898320352141e-03
1.415788463642387142e-03
1.180286607808515116e-03
9.480264597511106964e-04
7.190078065802188705e-04
4.932310765966483029e-04
2.706973045942003670e-04
5.140808111950750719e-05
-1.646345121523185300e-04
-3.774279791895056324e-04
-5.869694964436646166e-04
-7.932560079083791340e-04
-9.962843265934903745e-04
-1.196051240540193942e-03
-1.392553621853890797e-03
-1.585788537006317753e-03
-1.775753357124463389e-03
-1.962445866785336810e-03
-2.145864370137134849e-03
-2.326007793292186442e-03
-2.502875781937108270e-03
-2.676468793446866792e-03
-2.846788182711545816e-03
-3.013836280991647257e-03
-3.177616467633559774e-03
-3.338133233890329052e-03
-3.495392238959788532e-03
-3.649400357779038727e-03
-3.800165720866116245e-03
-3.947697745808457538e-03
-4.092007160949405649e-03
-4.233106021067965449e-03
-4.371007715550847411e-03
-4.505726969169926432e-03
-4.637279835890856759e-03
-4.765683686043806558e-03
-4.890957187204691449e-03
-5.013120279296756979e-03
-5.132194144221944795e-03
-5.248201170581136971e-03
-5.361164913771496697e-03
-5.471110052073434489e-03
-5.578062339034602427e-03
-5.682048552613544641e-03
-5.783096441493886311e-03
-5.881234669033135257e-03
-5.976492755102324334e-03
-6.068901016326073983e-03
-6.158490504982612988e-03
-6.245292946933553649e-03
-6.329340678875092566e-03
-6.410666585259456977e-03
-6.489304035079161356e-03
-6.565286818864157076e-03
-6.638649086028198393e-03
-6.709425282892719430e-03
-6.777650091502390381e-03
-6.843358369475598460e-03
-6.906585091029043486e-03
-6.967365289317350996e-03
-7.025734000302530195e-03
-7.081726208161145432e-03
-7.135376792467378743e-03
-7.186720477130287277e-03
-7.235791781265684189e-03
-7.282624972039437351e-03
-7.327254019536222525e-03
-7.369712553739608471e-03
-7.410033823655047709e-03
-7.448250658587595927e-03
-7.484395431666970855e-03
-7.518500025563108063e-03
-7.550595800490251565e-03
-7.580713564396017977e-03
-7.608883545492552483e-03
-7.635135366960922945e-03
-7.659498023934209476e-03
-7.681999862717024674e-03
-7.702668562178928598e-03
-7.721531117372636144e-03
-7.738613825300347249e-03
-7.753942272785334031e-03
-7.767541326500856935e-03
-7.779435125008733742e-03
-7.789647072850475022e-03
-7.798199836625867992e-03
-7.805115343008046935e-03
-7.810414778661007099e-03
-7.814118591998894456e-03
-7.816246496756797807e-03
-7.816817477332338795e-03
-7.815849795787166779e-03
-7.813361000529251560e-03
-7.809367936573714634e-03
-7.803886757342230057e-03
-7.796932937934124806e-03
-7.788521289825681322e-03
-7.778665976908250186e-03
-7.767380532833847301e-03
-7.754677879577340401e-03
-7.740570347170672855e-03
-7.725069694517815860e-03
-7.708187131250863501e-03
-7.689933340504643937e-03
-7.670318502611145166e-03
0.000000000000000000e+00
