8.987805996879664507e-04
8.863704900674315539e-04
8.618537880009167866e-04
8.383839412189644747e-04
8.158827605225704629e-04
7.942778699639695952e-04
7.735046437165165592e-04
7.535039447617851742e-04
7.342239485928715639e-04
7.156205334012209068e-04
6.976568785718441313e-04
6.803027598249699031e-04
6.635337687537120601e-04
6.473305565688629347e-04
6.316781419974684631e-04
6.165652954216154641e-04
6.019839986737338241e-04
5.879289746074593381e-04
5.743972788322991921e-04
5.613879457589438134e-04
5.489016816706345121e-04
5.369405983024457462e-04
5.255079812325022959e-04
5.146080881817484192e-04
5.042459730138138972e-04
4.944273318172930174e-04
4.851583680720687199e-04
4.764456742067809357e-04
4.682961274122990174e-04
4.607167977693608918e-04
4.537148671003073271e-04
4.472975571807630453e-04
4.414720661426592115e-04
4.362455120663532226e-04
4.316248829392680037e-04
4.276169922496095375e-04
4.242284395975700066e-04
4.214655758178049950e-04
4.193344721734960424e-04
4.178408932291318790e-04
4.169902731246827050e-04
4.167876949509836471e-04
4.172378730139704580e-04
4.183451378191537472e-04
4.201134235908615048e-04
4.225462582327282673e-04
4.256467555832503286e-04
4.294176099296176884e-04
4.338610926715156016e-04
4.389790510950089064e-04
4.447729092204995250e-04
4.512436706653098978e-04
4.583919235240762192e-04
4.662178472210321521e-04
4.747212213535514252e-04
4.839014364486319154e-04
4.937575066924362139e-04
5.042880845715193641e-04
5.154914774166264972e-04
5.273656658926094074e-04
5.399083242939622029e-04
5.531168427613454997e-04
5.669883513019567493e-04
5.815197456014251781e-04
5.967077146019132651e-04
6.125487697973251450e-04
6.290392761555571545e-04
6.461754846408019086e-04
6.639535662864045999e-04
6.823696476572943840e-04
7.014198476811399092e-04
7.211003157144015800e-04
7.414072707336700997e-04
7.623370415319561267e-04
7.838861078107079751e-04
8.060511419601440637e-04
8.288290514627807623e-04
8.522170216769388382e-04
8.762125589204140938e-04
9.008135335554611888e-04
9.260182230131240502e-04
9.518253544952602965e-04
9.782341471848625229e-04
1.005244353739405795e-03
1.032856300906470929e-03
1.061070929026694445e-03
1.089889830196585007e-03
1.119315284960970686e-03
1.149350297270147455e-03
1.179998627503616587e-03
1.211264823411700893e-03
1.243154248720850343e-03
1.275673109291754637e-03
1.308828476574944383e-03
1.342628308248753136e-03
1.377081465814176345e-03
1.412197729080051124e-03
1.447987807278402518e-03
1.484463346780934799e-03
1.521636935129399735e-03
1.559522101408914070e-03
1.598133312699361909e-03
1.637485966554037050e-03
1.677596379401731334e-03
1.718481770661880667e-03
1.760160242463272530e-03
1.802650755040939535e-03
1.845973097378500547e-03
1.890147853182050190e-03
1.935196362051821821e-03
1.981140675660163393e-03
2.028003508835000621e-03
2.075808185492228081e-03
2.124578579197260696e-03
2.174339048365867694e-03
2.225114365881714941e-03
2.276929643169676391e-03
2.329810248577026018e-03
2.383781720091334832e-03
2.438869672259825257e-03
2.495099697512984625e-03
2.552497261860369251e-03
2.611087594979697238e-03
2.670895575125564313e-03
2.731945608836690645e-03
2.794261505893952738e-03
2.857866349867605078e-03
2.922782364717311544e-03
2.989030777968390389e-03
3.056631681208835626e-03
3.125603888366462225e-03
3.195964793029135338e-03
3.267730225190405326e-03
3.340914308890237557e-03
3.415529321480895771e-03
3.491585555924130689e-03
3.569091187203905086e-03
3.648052144167708739e-03
3.728471988141213080e-03
3.810351799701092255e-03
3.893690074885129346e-03
3.978482632309462801e-03
4.064722532436625818e-03
4.152400010316161655e-03
4.241502423059401172e-03
4.332014213061500217e-03
4.423916888103385930e-03
4.517189019148383847e-03
4.611806256489571314e-03
4.707741364936865111e-03
4.804964278174149624e-03
4.903442172632375452e-03
5.003139560584521708e-03
5.104018402268355875e-03
5.206038236380896266e-03
5.309156328147109950e-03
5.413327833898707794e-03
5.518505980796825638e-03
5.624642260230077948e-03
5.731686633160521134e-03
5.839587745310183611e-03
5.948293150198672406e-03
6.057749537691059505e-03
6.167902965624789610e-03
6.278699092105658602e-03
6.390083405710643427e-03
6.502001451366718615e-03
6.614399049010104975e-03
6.727222502610645527e-03
6.840418797369589646e-03
6.953935782498010462e-03
7.067722337728716761e-03
7.181728521563478240e-03
7.295905699473219895e-03
7.410206650946674946e-03
7.524585653968724960e-03
7.638998546327086143e-03
7.753402763164469504e-03
7.867757350632744590e-03
7.982022955869678624e-03
8.096161793708141902e-03
8.210137591099285134e-03
8.323915510121560751e-03
8.437462051336826890e-03
8.550744938870860276e-03
8.663732989306364637e-03
8.776395966459845516e-03
8.888704424278772581e-03
9.000629540374458296e-03
9.112142942647557392e-03
9.223216531448259758e-03
9.333822299969110614e-03
9.443932155307649054e-03
9.553517742681802427e-03
9.662550274927090427e-03
9.771000369791782436e-03
9.878837896647993388e-03
9.986031834559119108e-03
1.009255014346990484e-02
1.019835964929881322e-02
1.030342594442769030e-02
1.040771330423474750e-02
1.051118461994518527e-02
1.061380134840778262e-02
1.071552347849502596e-02
1.081630951375183586e-02
1.091611647122718229e-02
1.101489989523054408e-02
1.111261388541532474e-02
1.120921113812032958e-02
1.130464299970927386e-02
1.139885953055903324e-02
1.149180957835154587e-02
1.158344085949811718e-02
1.167370004710096242e-02
1.176253286394826278e-02
1.184988417956665471e-02
1.193569811000444285e-02
1.201991811896511476e-02
1.210248711973157913e-02
1.218334757657853207e-02
1.226244160531368178e-02
1.233971107214300311e-02
1.241509769062890470e-02
1.248854311635619677e-02
1.255998903936528938e-02
1.262937727425514009e-02
1.269664984827940241e-02
1.276174908748611662e-02
1.282461770148062008e-02
1.288519886739205103e-02
1.294343631301828751e-02
1.299927440030750753e-02
1.305265820931496637e-02
1.310353362316585106e-02
1.315184741499946658e-02
1.319754733662041948e-02
1.324058220979250702e-02
1.328090202040914901e-02
1.331845801550464621e-02
1.335320280370023462e-02
1.338509045870981198e-02
1.341407662612284675e-02
1.344011863329275594e-02
1.346317560196994348e-02
1.348320856374043801e-02
1.350018057723570072e-02
1.351405684744282076e-02
1.352480484596137005e-02
1.353239443203716787e-02
1.353679797358860529e-02
1.353799046759362676e-02
1.353594965944871983e-02
1.353065616021418768e-02
1.352209356142701317e-02
1.351024854684152593e-02
1.349511100011049555e-02
1.347667410844640215e-02
1.345493446086439872e-02
1.342989214126865533e-02
1.340155081526485902e-02
1.336991781067493716e-02
1.333500419092984064e-02
1.329682482148306956e-02
1.325539842815988585e-02
1.321074764796348854e-02
1.316289907166744849e-02
1.311188327796113107e-02
1.305773485915653898e-02
1.300049243831078588e-02
1.294019867782247868e-02
1.287690027914225113e-02
1.281064797395357370e-02
1.274149650690358307e-02
1.266950460938831569e-02
1.259473496558291550e-02
1.251725416961146573e-02
1.243713267492705180e-02
1.235444473566414333e-02
1.226926834021154801e-02
1.218168513712499651e-02
1.209178035369167306e-02
1.199964270718693188e-02
1.190536430893837996e-02
1.180904056142102233e-02
1.171077004850393059e-02
1.161065441896886111e-02
1.150879826296152125e-02
1.140530898233493851e-02
1.130029665381438592e-02
1.119387388577079701e-02
1.108615566835340245e-02
1.097725921696619811e-02
1.086730380890271568e-02
1.075641061347239365e-02
1.064470251523247715e-02
1.053230393055028420e-02
1.041934061744799467e-02
1.030593947876870184e-02
1.019222835850814267e-02
1.007833583198333369e-02
9.964390989173448065e-03
9.850523212089498659e-03
9.736861946049193278e-03
9.623536465157603650e-03
9.510675632313250055e-03
9.398407654100071965e-03
9.286859831034473614e-03
9.176158303398757737e-03
9.066427793211812372e-03
8.957791342893234310e-03
8.850370051165516033e-03
8.744282806710086675e-03
8.639646019820694522e-03
8.536573353621148413e-03
8.435175454122591579e-03
8.335559681203707355e-03
8.237829840058739916e-03
8.142085914377513237e-03
8.048423801786453932e-03
7.956935052596487978e-03
7.867706611956548288e-03
7.780820567064620011e-03
7.696353899283954123e-03
7.614378242844295659e-03
7.534959650281448408e-03
7.458158365986083775e-03
7.384028608082236420e-03
7.312618360439140236e-03
7.243969174578460471e-03
7.178115983246110068e-03
7.115086926009187365e-03
7.054903188150250977e-03
6.997578853027503626e-03
6.943120769885870874e-03
6.891528436730473897e-03
6.842793899773928767e-03
6.796901670267623680e-03
6.753828658879707653e-03
6.713544129026331395e-03
6.676009669365608190e-03
6.641179186092381614e-03
6.608998915997603765e-03
6.579407459835415195e-03
6.552335837748035283e-03
6.527707565950793822e-03
6.505438755643539600e-03
6.485438234035106886e-03
6.467607688017566747e-03
6.451841830175712722e-03
6.438028587141008709e-03
6.426049310779142522e-03
6.415779011136470145e-03
6.407086611792543913e-03
6.399835226665264235e-03
6.393882458213246897e-03
6.389080716517814805e-03
6.385277558275063298e-03
6.382316045658566195e-03
6.380035123916440523e-03
6.378270017076645773e-03
6.376852640575044091e-03
6.375612030317303475e-03
6.374374786941188788e-03
6.372965533950353950e-03
6.371207388976533534e-03
6.368922446755941220e-03
6.365932272863016397e-03
6.362058406280901579e-03
6.357122870182582014e-03
6.350948689516484197e-03
6.343360413393962435e-03
6.334184641576989967e-03
6.323250553399574307e-03
6.310390437639554727e-03
6.295440222013077430e-03
6.278240000643956278e-03
6.258634558347282370e-03
6.236473890105956146e-03
6.211613713939524196e-03
6.183915976267660361e-03
6.153249347478116117e-03
6.119489706780147954e-03
6.082520614508242149e-03
6.042233770108576887e-03
5.998529454053784862e-03
5.951316952427314864e-03
5.900514962121522142e-03
5.846051974791621232e-03
5.787866637991067979e-03
5.725908091540236368e-03
5.660136277424855297e-03
5.590522221341080560e-03
5.517048283868723757e-03
5.439708380134512106e-03
5.358508165746138710e-03
5.273465187322679687e-03
5.184608996926516437e-03
5.091981227971302190e-03
4.995635631819447461e-03
4.895638074516480559e-03
4.792066492095726354e-03
4.685010803854445550e-03
4.574572783621762805e-03
4.460865888290670676e-03
4.344015043904331241e-03
4.224156389351897689e-03
4.101436978279139958e-03
3.976014439544434641e-03
3.848056598059121196e-03
3.717741055623696288e-03
3.585254734304746740e-03
3.450793383381332499e-03
3.314561051345899911e-03
3.176769524469568329e-03
3.037637734619832129e-03
2.897391136878413147e-03
2.756261060231933891e-03
2.614484032632874953e-03
2.472301082359183375e-03
2.329957018174046591e-03
2.187699689403905471e-03
2.045779229568516280e-03
1.904447283130321789e-03
1.763956219824387326e-03
1.624558336470445594e-03
1.486505049380479251e-03
1.350046078285602538e-03
1.215428624755921210e-03
1.082896545603373754e-03
9.526895241100381915e-04
8.250422401933298587e-04
7.001835423594963449e-04
5.783356220217920635e-04
4.597131927690581432e-04
3.445226770516177789e-04
2.329614014898076079e-04
1.252168031309441702e-04
2.146564974159215211e-05
-7.812672506014254475e-05
-1.734071676441292526e-04
-2.642354301799637335e-04
-3.504848721216740053e-04
-4.320431357478617465e-04
-5.088127916141600530e-04
-5.807119514793072663e-04
-6.476748445864211924e-04
-7.096523538470606626e-04
-7.666125085890233923e-04
-8.185409289884954843e-04
-8.654412189096588430e-04
-9.073353026873589005e-04
-9.442637020135274777e-04
-9.762857480331464059e-04
-1.003479725197717245e-03
-1.025942942994005104e-03
-1.043791731921620393e-03
-1.057161358899867112e-03
-1.066205861582636156e-03
-1.071097796497032847e-03
-1.072027900817232792e-03
-1.069204664809220726e-03
-1.062853814835697935e-03
-1.053217706403487526e-03
-1.040554628127964747e-03
-1.025138016828592430e-03
-1.007255586560498826e-03
-9.872083741143203046e-04
-9.653097037560132328e-04
-9.418840755054695354e-04
-9.172659817871249132e-04
-8.917986569294570828e-04
-8.658327656823618882e-04
-8.397250357163618759e-04
-8.138368408996466460e-04
-7.885327415370140761e-04
-7.641789868648369340e-04
-7.411419869664465695e-04
-7.197867595583784701e-04
-7.004753573335693005e-04
-6.835652814366410465e-04
-6.694078871534003394e-04
-6.583467854145074946e-04
-6.507162476035118805e-04
-6.468396164630854043e-04
-6.470277308132316510e-04
-6.515773675376524115e-04
-6.607697098349562918e-04
-6.748688461695299696e-04
-6.941203090060047050e-04
-7.187496617460829244e-04
-7.489611418784458685e-04
-7.849363721432222381e-04
-8.268331481156760993e-04
-8.747843151433738317e-04
-9.288967439216653903e-04
-9.892504164949009627e-04
-1.055897633104504454e-03
-1.128862349492215124e-03
-1.208139652756723241e-03
-1.293695383350051010e-03
-1.385465908868169314e-03
-1.483358053547509684e-03
-1.587249185199508068e-03
-1.696987460175288127e-03
-1.812392224613260843e-03
-1.933254568675933953e-03
-2.059338029524017746e-03
-2.190379436020888776e-03
-2.326089889615045193e-03
-2.466155872229021905e-03
-2.610240472678783917e-03
-2.757984724174320553e-03
-2.909009041962961478e-03
-3.062914753247433092e-03
-3.219285709764961763e-03
-3.377689974699404213e-03
-3.537681574984341808e-03
-3.698802311065388024e-03
-3.860583616508807877e-03
-4.022548459821308556e-03
-4.184213283142619588e-03
-4.345089969242968767e-03
-4.504687833544863615e-03
-4.662515634459336519e-03
-4.818083597809852750e-03
-4.970905451837067182e-03
-5.120500467673977721e-03
-5.266395503597200503e-03
-5.408127048760172535e-03
-5.545243265353953267e-03
-5.677306025699406164e-03
-5.803892943038034546e-03
-5.924599394349876549e-03
-6.039040532299632183e-03
-6.146853284863714947e-03
-6.247698338906567186e-03
-6.341262104236310843e-03
-6.427258652271770380e-03
-6.505431623110533544e-03
-6.575556090219245899e-03
-6.637440373158131658e-03
-6.690927783494905398e-03
-6.735898286807103820e-03
-6.772270062742367230e-03
-6.800000940914459682e-03
-6.819089690711670551e-03
-6.829577138866354050e-03
-6.831547091959294660e-03
-6.825127036680308373e-03
-6.810488595583575472e-03
-6.787847714602040367e-03
-6.757464563227668849e-03
-6.719643130623176308e-03
-6.674730503514346783e-03
-6.623115820409418951e-03
-6.565228895291192086e-03
-6.501538516197640470e-03
-6.432550425587806736e-03
-6.358804996989700017e-03
-6.280874628703249710e-03
-6.199360881627337221e-03
-6.114891391851237992e-03
-6.028116596357739262e-03
-5.939706310137053517e-03
-5.850346196598033184e-03
-5.760734173367573763e-03
-5.671576790681624562e-03
-5.583585618228000327e-03
-5.497473666477624074e-03
-5.413951862213189914e-03
-5.333725586830128859e-03
-5.257491277100814070e-03
-5.185933077362519378e-03
-5.119719524788640501e-03
-5.059500243484505756e-03
-5.005902621826336524e-03
-4.959528447595302342e-03
-4.920950484001825054e-03
-4.890708977567785089e-03
-4.869308103886614732e-03
-4.857212372793896088e-03
-4.854843031484210383e-03
-4.862574520796912256e-03
-4.880731053375310380e-03
-4.909583393224603402e-03
-4.949345920035899855e-03
-5.000174061226184304e-03
-5.062162167706481773e-03
-5.135341894015933197e-03
-5.219681130048380371e-03
-5.315083505401579922e-03
-5.421388470278196668e-03
-5.538371931269916483e-03
-5.665747405180720196e-03
-5.803167636757033954e-03
-5.950226617517117601e-03
-6.106461938873090911e-03
-6.271357412232234432e-03
-6.444345897297792253e-03
-6.624812284079817717e-03
-6.812096589350421887e-03
-7.005497137474755824e-03
-7.204273808179836175e-03
-7.407651342500394705e-03
-7.614822708212725701e-03
-7.824952531195562833e-03
-8.037180602371497840e-03
-8.250625471198345245e-03
-8.464388137937071260e-03
-8.677555850715194460e-03
-8.889206010743498296e-03
-9.098410183506348489e-03
-9.304238205988378529e-03
-9.505762373698401282e-03
-9.702061689817628037e-03
-9.892226151302682680e-03
-1.007536105202636728e-02
-1.025059128768466069e-02
-1.041706565223065283e-02
-1.057396113094667515e-02
-1.072048720417157278e-02
-1.085589018570002652e-02
-1.097945762861674349e-02
-1.109052282980918860e-02
-1.118846945901751447e-02
-1.127273632474958334e-02
-1.134282227185967433e-02
-1.139829118189411919e-02
-1.143877702499036461e-02
-1.146398889070917790e-02
-1.147371590932850377e-02
-1.146783196288539419e-02
-1.144630008032620702e-02
-1.140917640918321860e-02
-1.135661365838464693e-02
-1.128886390866576904e-02
-1.120628068584865120e-02
-1.110932019286590619e-02
-1.099854159000943771e-02
-1.087460621259298682e-02
-1.073827561037744328e-02
-1.059040830570698311e-02
-1.043195518174525743e-02
-1.026395345056730843e-02
-1.008751920036428558e-02
-9.903838592906012359e-03
-9.714157862742371641e-03
-9.519772359218818883e-03
-9.322014955245313400e-03
-9.122244218996090198e-03
-8.921832782410750104e-03
-8.722156351279113443e-03
-8.524583763533761030e-03
-8.330468425075149286e-03
-8.141141335784741334e-03
-7.957905770213694399e-03
-7.782033517193423337e-03
-7.614762414057897957e-03
-7.457294765658725386e-03
-7.310796121581596835e-03
-7.176393817506877826e-03
-7.055174682130667049e-03
-6.948181371656918237e-03
-6.856406924685773049e-03
-6.780787324172755405e-03
-6.722192085787732051e-03
-6.681413150360612611e-03
-6.659152598847222458e-03
-6.656009912169172718e-03
-6.672469624235777969e-03
-6.708890253058583109e-03
-6.765495329717053849e-03
-6.842367183070756712e-03
-6.939443902295874302e-03
-7.056519615142018732e-03
-7.193247932918105450e-03
-7.349148148275697068e-03
-7.523613572021710556e-03
-7.715921273656785317e-03
-7.925242460306734446e-03
-8.150652776280702463e-03
-8.391141926079195498e-03
-8.645622180735442613e-03
-8.912935501133605401e-03
-9.191859179752053660e-03
-9.481110051951239376e-03
-9.779347444356420449e-03
-1.008517512832544580e-02
-1.039714261978620657e-02
-1.071374622791128328e-02
-1.103343029739377312e-02
-1.135458909989722071e-02
-1.167556980333286573e-02
-1.199467686486098243e-02
-1.231017805069288887e-02
-1.262031209702962724e-02
-1.292329781878525340e-02
-1.321734428468870383e-02
-1.350066156326292822e-02
-1.377147153333878847e-02
-1.402801837319831921e-02
-1.426857856121473318e-02
-1.449147050490019045e-02
-1.469506417919597997e-02
-1.487779133015673314e-02
-1.503815682530439644e-02
-1.517475159304308013e-02
-1.528626731480079749e-02
-1.537151269193055662e-02
-1.542943078574633697e-02
-1.545911670967826772e-02
-1.545983487992157006e-02
-1.543103510263109379e-02
-1.537236695647002487e-02
-1.528369215206581630e-02
-1.516509475136704546e-02
-1.501688927902983077e-02
-1.483962682033178500e-02
-1.463409919575654923e-02
-1.440134122517253493e-02
-1.414263095767175939e-02
-1.385948755253658959e-02
-1.355366626082096446e-02
-1.322714970599473544e-02
-1.288213447022618433e-02
-1.252101194925046498e-02
-1.214634265279850370e-02
-1.176082366816875655e-02
-1.136724985413576500e-02
-1.096847037688787781e-02
-1.056734322140884599e-02
-1.016669107816180022e-02
-9.769262306736276047e-03
-9.377700430255635905e-03
-8.994524823596951324e-03
-8.622124061197989492e-03
-8.262761928580310278e-03
-7.918594574202599684e-03
-7.591695818792527570e-03
-7.284086413548098056e-03
-6.997762194486891255e-03
-6.734715775784038197e-03
-6.496946812512695117e-03
-6.286457012376681780e-03
-6.105227952011727660e-03
-5.955182154638185774e-03
-5.838130451958824935e-03
-5.755710934490945382e-03
-5.709326344916897805e-03
-5.700087264737213437e-03
-5.728767755549502363e-03
-5.795778359111510188e-03
-5.901158840409119130e-03
-6.044590209811982751e-03
-6.225422860492529215e-03
-6.442715536838599516e-03
-6.695278644362834611e-03
-6.981715323225586370e-03
-7.300454770070691733e-03
-7.649774361597042917e-03
-8.027809863954736211e-03
-8.432555862671721816e-03
-8.861860897942590992e-03
-9.313423016255361134e-03
-9.784791167287702068e-03
-1.027337607251631660e-02
-1.077647129876046356e-02
-1.129128207401294826e-02
-1.181495682870675919e-02
-1.234461530927176594e-02
-1.287736779073593227e-02
-1.341032221926980947e-02
-1.394057935396125075e-02
-1.446521911727396623e-02
-1.498128340914366835e-02
-1.548576097370655234e-02
-1.597557852427620301e-02
-1.644759984115067367e-02
-1.689863194938568541e-02
-1.732543574597200653e-02
-1.772473818129956941e-02
-1.809324431718022444e-02
-1.842764971900518259e-02
-1.872465575730404216e-02
-1.898099160552334935e-02
-1.919344654598883690e-02
-1.935891475317882970e-02
-1.947445268019732875e-02
-1.953734734273156540e-02
-1.954519268682820832e-02
-1.949597080655019604e-02
-1.938813454538265008e-02
-1.922068745239555870e-02
-1.899325602660132187e-02
-1.870614810533874003e-02
-1.836039090362101903e-02
-1.795774329448652368e-02
-1.750067965543949944e-02
-1.699234653520457702e-02
-1.643649750619982641e-02
-1.583741455394069644e-02
-1.519982513393608806e-02
-1.452882212780432815e-02
-1.382978984075773805e-02
-1.310833426777453098e-02
-1.237021195701662642e-02
-1.162125050177386688e-02
-1.086725571474774638e-02
-1.011390541746003298e-02
-9.366636124412391212e-03
-8.630534894117761202e-03
-7.910252608421678919e-03
-7.209955745300564850e-03
-6.533330768832500655e-03
-5.883648646060177581e-03
-5.263887440118955249e-03
-4.676899868930736379e-03
-4.125602213070106612e-03
-3.613153409399154792e-03
-3.143090764089364990e-03
-2.719392755789475872e-03
-2.346449743128606411e-03
-2.028938260186980997e-03
-1.771610907442806946e-03
-1.579028086408267376e-03
-1.455267036360760428e-03
-1.403646287913529970e-03
-1.426499947568757309e-03
-1.525027687419814194e-03
-1.699234988519519266e-03
-1.947965923049038098e-03
-2.269018881347654396e-03
-2.659325119007832378e-03
-3.115161857246361542e-03
-3.632367314947413696e-03
-4.206526122464276929e-03
-4.833101197439444371e-03
-5.507501968758548791e-03
-6.225096098618583193e-03
-6.981187642510152530e-03
-7.770993201387276991e-03
-8.589644955875604809e-03
-9.432235364933167637e-03
-1.029389727704071306e-02
-1.116989315973941979e-02
-1.205567633134045982e-02
-1.294689058949578635e-02
-1.383929228032338907e-02
-1.472860490727819806e-02
-1.561034158295121835e-02
-1.647964557008160802e-02
-1.733119792699831102e-02
-1.815922387000023022e-02
-1.895760178244462746e-02
-1.972005024406283183e-02
-2.044034816312798736e-02
-2.111253678052883373e-02
-2.173106068409261585e-02
-2.229082416767481922e-02
-2.278716257401635498e-02
-2.321574860728511241e-02
-2.357246589484171886e-02
-2.385328479805295596e-02
-2.405417065553539652e-02
-2.417104630540223287e-02
-2.419982248110593911e-02
-2.413650287281860624e-02
-2.397736419935548452e-02
-2.371920340764900256e-02
-2.335963305919419933e-02
-2.289739347010754170e-02
-2.233263994745936232e-02
-2.166715999680764865e-02
-2.090448184056297939e-02
-2.004985228501577829e-02
-1.911008581258516470e-02
-1.809331193230913348e-02
-1.700866737216966129e-02
-1.586598770993562918e-02
-1.467554653047192098e-02
-1.344787038251258997e-02
-1.219363001816629356e-02
-1.092358074382588327e-02
-9.648505706143100519e-03
-8.379112010256215340e-03
-7.125843103865012705e-03
-5.898599353839037093e-03
-4.706395109642873276e-03
-3.557014680619576159e-03
-2.456750861238392834e-03
-1.410309625846332005e-03
-4.209403166871355725e-04
5.091941225605282721e-04
1.378447232265984316e-03
2.185010715242761536e-03
2.926252094682473513e-03
3.598198907716328252e-03
4.195277291628737512e-03
4.710366813533328929e-03
5.135175077363217030e-03
5.460878122058821990e-03
5.678927545479934939e-03
5.781900188465411219e-03
5.764263449260145084e-03
5.622946758077037969e-03
5.357642604383768860e-03
4.970802999331468131e-03
4.467343633917336514e-03
3.854112577453940383e-03
3.139217110377922216e-03
2.331324595732933106e-03
1.439054778302138174e-03
4.705575341235805707e-04
-5.666765930944497529e-04
-1.665786084770256182e-03
-2.820358111589231585e-03
-4.024201238480556303e-03
-5.271170522536650603e-03
-6.555103801541589670e-03
-7.869866483215293834e-03
-9.209445109731206891e-03
-1.056800090923075766e-02
-1.193980488730201836e-02
-1.331902111942392247e-02
-1.469936696519356760e-02
-1.607373438113458494e-02
-1.743388449769071522e-02
-1.877031746687285452e-02
-2.007237481770236115e-02
-2.132856861346373728e-02
-2.252707286269205536e-02
-2.365627653915626516e-02
-2.470529239977354782e-02
-2.566433815293964193e-02
-2.652494525175556894e-02
-2.727999212403929563e-02
-2.792359166427060488e-02
-2.845088098118884329e-02
-2.885776447267125733e-02
-2.914065420348468244e-02
-2.929624160190247989e-02
-2.932132759523611854e-02
-2.921273620132438728e-02
-2.896733618967200705e-02
-2.858219089883835481e-02
-2.805484262414586691e-02
-2.738371425282674909e-02
-2.656858157905669926e-02
-2.561104378813344046e-02
-2.451490680792330068e-02
-2.328640158423878753e-02
-2.193418806248161740e-02
-2.046914015061572500e-02
-1.890395593134819308e-02
-1.725267689065918680e-02
-1.553021721633410929e-02
-1.375199202865729636e-02
-1.193369307921179380e-02
-1.009120276420514065e-02
-8.240580132673024430e-03
-6.398015610036057212e-03
-4.579649152584654853e-03
-2.801183697684528264e-03
-1.077293468289711263e-03
5.790943409351371595e-04
2.157499891000973745e-03
3.650396963515306365e-03
5.053364875655602141e-03
6.364788313287347149e-03
7.585102636696836563e-03
8.715686149694800225e-03
9.757586146937478194e-03
1.071030996345464885e-02
1.157090511658661995e-02
1.233349759483279122e-02
1.298937017569686860e-02
1.352756534746657816e-02
1.393591121218421686e-02
1.420230851327178648e-02
1.431608865733817980e-02
1.426925443325879200e-02
1.405744084984850151e-02
1.368047628248725972e-02
1.314247864943597806e-02
1.245148349789533711e-02
1.161866573653179413e-02
1.065727672141669399e-02
9.581463170826186662e-03
8.405152815521036921e-03
7.141175392819634933e-03
5.800735005566543326e-03
4.393269595293378821e-03
2.926644646560504735e-03
1.407557122991740742e-03
-1.580044998636864675e-04
-1.764377049323413325e-03
-3.405986158261918063e-03
-5.077248055986980160e-03
-6.772540238596821624e-03
-8.486150707952130542e-03
-1.021213833238852724e-02
-1.194408867526748283e-02
-1.367480619527738570e-02
-1.539602264413138417e-02
-1.709820982326673913e-02
-1.877056183931387345e-02
-2.040116778284160187e-02
-2.197734713335662560e-02
-2.348608395103244512e-02
-2.491448229362314831e-02
-2.625017463564534997e-02
-2.748163941261391394e-02
-2.859841203420459069e-02
-2.959119657151487726e-02
-3.045189806776009075e-02
-3.117359771918142355e-02
-3.175048790308050012e-02
-3.217777594641602762e-02
-3.245155990674532948e-02
-3.256868061308655637e-02
-3.252656300181663851e-02
-3.232307363596619715e-02
-3.195643402647795756e-02
-3.142523352012015214e-02
-3.072857548677440653e-02
-2.986636539587871411e-02
-2.883971406917456431e-02
-2.765139370377061798e-02
-2.630625964907369607e-02
-2.481154665554784200e-02
-2.317696806184035493e-02
-2.141458680014422106e-02
-1.953847842300952126e-02
-1.756425487727314785e-02
-1.550854923815941228e-02
-1.338856529838927147e-02
-1.122176817612463226e-02
-9.025738944538680072e-03
-6.818152959946702056e-03
-4.616788702710686657e-03
-2.439450741214022576e-03
-3.037074045683066555e-04
1.773601721030067550e-03
3.777056616266327022e-03
5.693438083158403225e-03
7.512439144905960590e-03
9.227133570982872304e-03
1.083406040195190878e-02
1.233285302800333182e-02
1.372543243796800483e-02
1.501487498583225708e-02
1.620413389006933325e-02
1.729482481083430626e-02
1.828627310655719582e-02
1.917496874485071640e-02
1.995449848443824753e-02
2.061594266875993106e-02
2.114865366612094649e-02
2.154128697146560217e-02
2.178293847868626593e-02
2.186424894227782800e-02
2.177836063354002261e-02
2.152164198059744460e-02
2.109412639212122909e-02
2.049963867167710341e-02
1.974560753095398746e-02
1.884258835706554072e-02
1.780354789951445540e-02
1.664299002188240201e-02
1.537602391383617248e-02
1.401748640901049649e-02
1.258122257795647216e-02
1.107960151991670833e-02
9.523300689161292437e-03
7.921341228432479675e-03
6.281311494323386403e-03
4.609688954029985894e-03
2.912169715374006169e-03
1.193939317123908061e-03
-5.401417768625287920e-04
-2.285424494507011170e-03
-4.037389816121384617e-03
-5.791555830771955016e-03
-7.543344508079394099e-03
-9.287905584250072746e-03
-1.101992043811738861e-02
-1.273342445607935844e-02
-1.442168773066278449e-02
-1.607718190486323237e-02
-1.769164069708522441e-02
-1.925620046130076951e-02
-2.076159204907159633e-02
-2.219835044597929033e-02
-2.355701420690439751e-02
-2.482829890275732240e-02
-2.600324212375502292e-02
-2.707332717154922394e-02
-2.803059583841252533e-02
-2.886775770195764562e-02
-2.957829621510634985e-02
-3.015656353064532710e-02
-3.059784947471692190e-02
-3.089840783971881805e-02
-3.105542670329093646e-02
-3.106693895140202541e-02
-3.093168310576892635e-02
-3.064893981969052036e-02
-3.021838176083541105e-02
-2.963997972492740662e-02
-2.891400264437019724e-02
-2.804113313002392152e-02
-2.702269590111269076e-02
-2.586096932975034957e-02
-2.455952724551511285e-02
-2.312354551829011451e-02
-2.156000980329474126e-02
-1.987777761527160375e-02
-1.808747622212835554e-02
-1.620125130766467830e-02
-1.423241196696632509e-02
-1.219503760308089484e-02
-1.010361604492268639e-02
-7.972767881426142539e-03
-5.817082606346057026e-03
-3.651055367929370403e-03
-1.489079427742595824e-03
6.545708372332427385e-04
2.765831721359742618e-03
4.831061461550029308e-03
6.837379814681725058e-03
8.773103667256355181e-03
1.062821128144566390e-02
1.239474777805086442e-02
1.406708440277085019e-02
1.564196383975290788e-02
1.711829872837064212e-02
1.849673307752203177e-02
1.977901773108101807e-02
2.096728330530491652e-02
2.206331109273005492e-02
2.306790154629739797e-02
2.398042208066951397e-02
2.479858540217793825e-02
2.551847302576264881e-02
2.613478336307434313e-02
2.664125603050207514e-02
2.703120775833951772e-02
2.729811146032607577e-02
2.743615684474950966e-02
2.744074468907689926e-02
2.730888314723609045e-02
2.703946936070057705e-02
2.663345084082825026e-02
2.609386807781765086e-02
2.542578369944861055e-02
2.463610619523924627e-02
2.373331960899504461e-02
2.272713566608297597e-02
2.162809128717142759e-02
2.044712095513017899e-02
1.919513797339916089e-02
1.788265940886617916e-02
1.651950531260434202e-02
1.511459364740244324e-02
1.367583944387138623e-02
1.221015232333841176e-02
1.072351352272317773e-02
9.221104689253464132e-03
7.707457909240035716e-03
6.186600135926896907e-03
4.662174111656558831e-03
3.137529336135273274e-03
1.615787321021934335e-03
9.989245702401962010e-05
-1.407338165952017051e-03
-2.903155495841657809e-03
-4.384805430651247601e-03
-5.849444586761413413e-03
-7.294053425257997214e-03
-8.715358263882293927e-03
-1.010977335316615502e-02
-1.147337082510440850e-02
-1.280188109504588195e-02
-1.409072079903225805e-02
-1.533504116783903672e-02
-1.652978796883435714e-02
-1.766976506326571605e-02
-1.874969663760378893e-02
-1.976428705693492743e-02
-2.070828067951407253e-02
-2.157652578674837049e-02
-2.236404652279630825e-02
-2.306612457192501464e-02
-2.367838888228632893e-02
-2.419690800087123325e-02
-2.461827644992936603e-02
-2.493968483078149237e-02
-2.515896348742668528e-02
-2.527459179201741249e-02
-2.528566925944207913e-02
-2.519185025198940331e-02
-2.499325016685339379e-02
-2.469033665499678620e-02
-2.428382344995137776e-02
-2.377458579865832783e-02
-2.316361463611640858e-02
-2.245202148805703485e-02
-2.164109823707714361e-02
-2.073242660952320099e-02
-1.972802319300893947e-02
-1.863049873126438466e-02
-1.744320679723541587e-02
-1.617035753220903010e-02
-1.481707696537685331e-02
-1.338940069007467024e-02
-1.189420090827970899e-02
-1.033905621338946333e-02
-8.732082064425918111e-03
-7.081745089550638139e-03
-5.396685141712529755e-03
-3.685565242402472682e-03
-1.956961965448838613e-03
-2.192990412172178463e-04
1.519182863992783348e-03
3.250434949433262874e-03
4.966606331940035500e-03
6.660065359428321910e-03
8.323449276867980057e-03
9.949747421122884933e-03
1.153241407876721275e-02
1.306549894114796863e-02
1.454377736736752955e-02
1.596286039040236207e-02
1.731926579743519462e-02
1.861043621796960867e-02
1.983469700396352231e-02
2.099115457355223494e-02
2.207954357738094175e-02
2.310003763383831552e-02
2.405304266360954596e-02
2.493899354758572287e-02
2.575817385559368497e-02
2.651057501460744523e-02
2.719580610113504771e-02
2.781305926208559737e-02
2.836112950012536355e-02
2.883848205507659121e-02
2.924335653693185821e-02
2.957389470979974663e-02
2.982827844890265784e-02
3.000486565815246170e-02
3.010231437990085190e-02
3.011968835956531712e-02
3.005654037648854485e-02
2.991297224350909778e-02
2.968967223077028858e-02
2.938793169807989852e-02
2.900964303008961992e-02
2.855728077752138147e-02
2.803386750937648941e-02
2.744292553983038868e-02
2.678841561454300274e-02
2.607466391623045401e-02
2.530627935260722217e-02
2.448806389593480293e-02
2.362491956144842017e-02
2.272175623671797429e-02
2.178340483820126461e-02
2.081454007556526528e-02
1.981961643711619564e-02
1.880281993826309755e-02
1.776803683471707418e-02
1.671883905852394880e-02
1.565848476897245892e-02
1.458993128956977484e-02
1.351585695757611880e-02
1.243868813106726451e-02
1.136062780140718528e-02
1.028368289905827460e-02
9.209688341012108037e-03
8.140326978867958724e-03
7.077145677455331380e-03
6.021568604208006256e-03
4.974909310706825301e-03
3.938383288395215856e-03
2.913122401250565086e-03
1.900192038289838948e-03
9.006111179241625686e-04
-8.462563601155316702e-05
-1.054524310586486477e-03
-2.008068837273550844e-03
-2.944200056778544655e-03
-3.861798249791376873e-03
-4.759670171608546517e-03
-5.636541096351322874e-03
-6.491051822302332415e-03
-7.321760112960359022e-03
-8.127145739112993580e-03
-8.905618182704924668e-03
-9.655526171890244438e-03
-1.037516847845494812e-02
-1.106280575710583483e-02
-1.171667354323256173e-02
-1.233499677369753050e-02
-1.291600629452939811e-02
-1.345795775090339111e-02
-1.395915302599763132e-02
-1.441796405009005549e-02
-1.483285839565155750e-02
-1.520242567455702687e-02
-1.552540342263451431e-02
-1.580070094287188212e-02
-1.602741951679091323e-02
-1.620486750016187152e-02
-1.633256908871613677e-02
-1.641026595475166688e-02
-1.643791147922455537e-02
-1.641565789170999073e-02
-1.634383722835962283e-02
-1.622293756692578040e-02
-1.605357644365034211e-02
-1.583647364784540254e-02
-1.557242568898157924e-02
-1.526228411785544858e-02
-1.490693955682566296e-02
-1.450731277666502707e-02
-1.406435349631986187e-02
-1.357904683559665350e-02
-1.305242659928904092e-02
-1.248559388969505690e-02
-1.187973900635026954e-02
-1.123616425693338416e-02
-1.055630520539259549e-02
-9.841748032952766373e-03
-9.094241067692765759e-03
-8.315699103695855035e-03
-7.508199821393427356e-03
-6.673972359038375657e-03
-5.815378793453103087e-03
-4.934889893982263680e-03
-4.035056955002054406e-03
-3.118481749842962232e-03
-2.187786667551942267e-03
-1.245586899975283882e-03
-2.944661754797784498e-04
6.630429612997817187e-04
1.624473883404812169e-03
2.587435740089429319e-03
3.549619031996438870e-03
4.508797855722469598e-03
5.462829978513980556e-03
6.409655948995032076e-03
7.347298345299818623e-03
8.273862032993000576e-03
9.187535996358268606e-03
1.008659696204588195e-02
1.096941469914083575e-02
1.183445859377462404e-02
1.268030488529921923e-02
1.350564383231418752e-02
1.430928604977172412e-02
1.509016731838797032e-02
1.584735129550315230e-02
1.658002973335179209e-02
1.728752001228744256e-02
1.796926000222456507e-02
1.862480045573915860e-02
1.925379529892229033e-02
1.985599030776884905e-02
2.043121073800338583e-02
2.097934851069281972e-02
2.150034954845374269e-02
2.199420181265463251e-02
2.246092451549017849e-02
2.290055888284975652e-02
2.331316072995635522e-02
2.369879499195580788e-02
2.405753223399299465e-02
2.438944705580086553e-02
2.469461821221495545e-02
2.497313019796779804e-02
2.522507599241180509e-02
2.545056063510907005e-02
2.564970529773382898e-02
2.582265153664712459e-02
2.596956544513216378e-02
2.609064147241032736e-02
2.618610573239580491e-02
2.625621868430511735e-02
2.630127712334174445e-02
2.632161547086276157e-02
2.631760639517204819e-02
2.628966082622040401e-02
2.623822744724379347e-02
2.616379175670012491e-02
2.606687479453257544e-02
2.594803161876842179e-02
2.580784960639600015e-02
2.564694663531906504e-02
2.546596918663208975e-02
2.526559038838109214e-02
2.504650800582236547e-02
2.480944237026166260e-02
2.455513422876081514e-02
2.428434249157493743e-02
2.399784185383200055e-02
2.369642027036326579e-02
2.338087627036635266e-02
2.305201610762357134e-02
2.271065075447638651e-02
2.235759276022847991e-02
2.199365300686668273e-02
2.161963740668268463e-02
2.123634359459447216e-02
2.084455767452354780e-02
2.044505108118131742e-02
2.003857761822851885e-02
1.962587072945993008e-02
1.920764105191938645e-02
1.878457429138676374e-02
1.835732944876503070e-02
1.792653741424773267e-02
1.749279993408779654e-02
1.705668894298694935e-02
1.661874624467081160e-02
1.617948351432079573e-02
1.573938258909690288e-02
1.529889600796049444e-02
1.485844775853714488e-02
1.441843418783994406e-02
1.397922503401092739e-02
1.354116453880549117e-02
1.310457260421124016e-02
1.266974596141586494e-02
1.223695932615858316e-02
1.180646652059728734e-02
1.137850154828349072e-02
1.095327961457263216e-02
1.053099809095609657e-02
1.011183742616793453e-02
9.695962010821033983e-03
9.283521005222233544e-03
8.874649141507767389e-03
8.469467511509681454e-03
8.068084351317447028e-03
7.670595832193869909e-03
7.277086864801710596e-03
6.887631921643116821e-03
6.502295879481239521e-03
6.121134880623642013e-03
5.744197209589059147e-03
5.371524178748213196e-03
5.003151015539468102e-03
4.639107741544941724e-03
4.279420033765310785e-03
3.924110057594711737e-03
3.573197261400258389e-03
3.226699123829424986e-03
2.884631845007993613e-03
2.547010975124770153e-03
2.213851974746897967e-03
1.885170703161692532e-03
1.560983832284527483e-03
1.241309185701691123e-03
9.261660032753441570e-04
6.155751333164016879e-04
3.095591554538621262e-04
8.142437816624958826e-06
-2.886488668188546690e-04
-5.807868807258982635e-04
-8.682421119935159956e-04
-1.150983610272933704e-03
-1.428979162416497278e-03
-1.702195522449025111e-03
-1.970598670535356461e-03
-2.234154095907080802e-03
-2.492827098814019877e-03
-2.746583106819820708e-03
-2.995388001288970536e-03
-3.239208449526688807e-03
-3.478012239117274969e-03
-3.711768610659542302e-03
-3.940448585467515655e-03
-4.164025285341417179e-03
-4.382474241381794679e-03
-4.595773689263915954e-03
-4.803904848734967190e-03
-5.006852185079964379e-03
-5.204603650809431874e-03
-5.397150905911373558e-03
-5.584489515335600354e-03
-5.766619122645560980e-03
-5.943543598958021118e-03
-6.115271166510409875e-03
-6.281814496496691998e-03
-6.443190781110770364e-03
-6.599421779602931970e-03
-6.750533838917894755e-03
-6.896557889007682782e-03
-7.037529413795543670e-03
-7.173488398276800862e-03
-7.304479252876089866e-03
-7.430550716114221049e-03
-7.551755736810402894e-03
-7.668151337095989797e-03
-7.779798457745783213e-03
-7.886761787357959158e-03
-7.989109576943202728e-03
-8.086913441587557580e-03
-8.180248150933889725e-03
-8.269191410208313886e-03
-8.353823633490688530e-03
-8.434227711009547115e-03
-8.510488772179740369e-03
-8.582693946036428628e-03
-8.650932120749398394e-03
-8.715293703725613197e-03
-8.775870383804586922e-03
-8.832754896968515040e-03
-8.886040796857253357e-03
-8.935822231226311918e-03
-8.982193725506716631e-03
-9.025249974315727869e-03
-9.065085641834112404e-03
-9.101795171706334245e-03
-9.135472607045194010e-03
-9.166211420998784942e-03
-9.194104358219207587e-03
-9.219243287411211379e-03
-9.241719065157239649e-03
-9.261621410927336692e-03
-9.279038793245580202e-03
-9.294058326837792081e-03
-9.306765680504137245e-03
-9.317244995391859783e-03
-9.325578813350103580e-03
-9.331848014858595483e-03
-9.336131766146317512e-03
-9.338507475007152767e-03
-9.339050754759197631e-03
-9.337835395880213218e-03
-9.334933344717822115e-03
-9.330414688837882983e-03
-9.324347648379478770e-03
-9.316798573024231631e-03
-9.307831943946472120e-03
-9.297510380404189201e-03
-9.285894650393908267e-03
-9.273043685018347512e-03
-9.259014596100045499e-03
-9.243862696729804318e-03
-9.227641524335108286e-03
-9.210402865974506859e-03
-9.192196785576017132e-03
-9.173071652813450522e-03
-9.153074173413633038e-03
-9.132249420678639762e-03
-9.110640867996386283e-03
-9.088290422195851800e-03
-9.065238457602769681e-03
-9.041523850641063759e-03
-9.017184014883525972e-03
-8.992254936439229851e-03
-8.966771209597915529e-03
-8.940766072655844179e-03
-8.914271443853923754e-03
-8.887317957374426744e-03
-8.859934999338840711e-03
-8.832150743785594296e-03
-8.803992188559352228e-03
-8.775485191099862900e-03
-8.746654504071178435e-03
-8.717523810839775122e-03
-8.688115760728878922e-03
-8.658452004078087336e-03
-8.628553227000217846e-03
-8.598439185903198473e-03
-8.568128741694474443e-03
-8.537639893641996852e-03
-8.506989812905679793e-03
-8.476194875678154383e-03
-8.445270695933156102e-03
-8.414232157761462536e-03
-8.383093447261057499e-03
-8.351868083970955328e-03
-8.320568951816735212e-03
-8.289208329584166549e-03
-8.257797920858196000e-03
-8.226348883464539019e-03
-8.194871858345952748e-03
-8.163376997922919612e-03
-8.131873993868625819e-03
-8.100372104346045474e-03
-8.068880180657106091e-03
-8.037406693334220309e-03
-8.005959757653342834e-03
-7.974547158560087168e-03
-7.943176375036916162e-03
-7.911854603875910497e-03
-7.880588782880358634e-03
0.000000000000000000e+00
