-3.274841089702363960e-05
-4.530292278633744928e-05
-4.920154743810428006e-05
-5.328722194636504759e-05
-5.747274965314971807e-05
-6.165000211968524020e-05
-6.574358712816045862e-05
-6.969691615891940393e-05
-7.346482970918904944e-05
-7.700952559318889276e-05
-8.029823541357620196e-05
-8.330184336856799642e-05
-8.599401931191089305e-05
-8.835063994176606153e-05
-9.034937829839744818e-05
-9.196939714591515305e-05
-9.319111069894844401e-05
-9.399599428698005770e-05
-9.436642960748555604e-05
-9.428557760167708194e-05
-9.373727349980266711e-05
-9.270594000439795663e-05
-9.117651555852932205e-05
-8.913439524601909111e-05
-8.656538231477663397e-05
-8.345564868337884213e-05
-7.979170301904888189e-05
-7.556036522721519902e-05
-7.074874636064935787e-05
-6.534423308263660941e-05
-5.933447600187998644e-05
-5.270738124198876570e-05
-4.545110474187907899e-05
-3.755404883512507134e-05
-2.900486072953232131e-05
-1.979243259608314443e-05
-9.905902950273654537e-06
6.653408812857717312e-07
1.193165940501587897e-05
2.390315688873746627e-05
3.658967673962780823e-05
5.000079643408458503e-05
6.414582210383538226e-05
7.903378288435009458e-05
9.467342511540162778e-05
1.110732064279702292e-04
1.282412898307392095e-04
1.461855377857510820e-04
1.649135064047913761e-04
1.844324397085618506e-04
2.047492640879859909e-04
2.258705829385304045e-04
2.478026715142495713e-04
2.705514720580678252e-04
2.941225891989524455e-04
3.185212856613530742e-04
3.437524783442211240e-04
3.698207347089134791e-04
3.967302696141576917e-04
4.244849424842547401e-04
4.530882549803248141e-04
4.825433490715771902e-04
5.128530055771523101e-04
5.440196432045583778e-04
5.760453180376811158e-04
6.089317235990362141e-04
6.426801913791149951e-04
6.772916918806599733e-04
7.127668362241390727e-04
7.491058782822109744e-04
7.863087173051692491e-04
8.243749011180344713e-04
8.633036297972355739e-04
9.030937598987615316e-04
9.437438091383426250e-04
9.852519615583732113e-04
1.027616073185070060e-03
1.070833678056417205e-03
1.114901994725069631e-03
1.159817933081739964e-03
1.205578101536598692e-03
1.252178814517022898e-03
1.299616100246960004e-03
1.347885708739869366e-03
1.396983120027800061e-03
1.446903552492932298e-03
1.497641971415592573e-03
1.549193097549568391e-03
1.601551415792582542e-03
1.654711183919004274e-03
1.708666441295600066e-03
1.763411017647203895e-03
1.818938541772666855e-03
1.875242450315385730e-03
1.932315996468282442e-03
1.990152258747450789e-03
2.048744149761872087e-03
2.108084425041534173e-03
2.168165691969629709e-03
2.228980418825903410e-03
2.290520944003433465e-03
2.352779485404725250e-03
2.415748150213031364e-03
2.479418944816469579e-03
2.543783785243754550e-03
2.608834507889203763e-03
2.674562880728936949e-03
2.740960615004728318e-03
2.808019377376899835e-03
2.875730802530421411e-03
2.944086506264098624e-03
3.013078099017067746e-03
3.082697199715455673e-03
3.152935449912351237e-03
3.223784528089472697e-03
3.295236163952848258e-03
3.367282152623930075e-03
3.439914368444807729e-03
3.513124778259363486e-03
3.586905453864893192e-03
3.661248583376733833e-03
3.736146481245881772e-03
3.811591596583143587e-03
3.887576519550065522e-03
3.964093985380738941e-03
4.041136875880715906e-03
4.118698217925299832e-03
4.196771178830533029e-03
4.275349058235840098e-03
4.354425276310514709e-03
4.433993358077186614e-03
4.514046913775037265e-03
4.594579615076516306e-03
4.675585167284242345e-03
4.757057277413262800e-03
4.838989618462116726e-03
4.921375789848029397e-03
5.004209274574385712e-03
5.087483393274947613e-03
5.171191255642323611e-03
5.255325709857060212e-03
5.339879290495778107e-03
5.424844165665080459e-03
5.510212083970143782e-03
5.595974322245724983e-03
5.682121634690839862e-03
5.768644204322696638e-03
5.855531597553635670e-03
5.942772722693228857e-03
6.030355793120532187e-03
6.118268296088085097e-03
6.206496967569645647e-03
6.295027773941410873e-03
6.383845901067058612e-03
6.472935751052814532e-03
6.562280947206599810e-03
6.651864347226466717e-03
6.741668064713002458e-03
6.831673499012670507e-03
6.921861373122202045e-03
7.012211779178868093e-03
7.102704231271309010e-03
7.193317724676772003e-03
7.284030800896869155e-03
7.374821617593597077e-03
7.465668022331952217e-03
7.556547629183611725e-03
7.647437896854728488e-03
7.738316207400964750e-03
7.829159943942884392e-03
7.919946566397811222e-03
8.010653683907058981e-03
8.101259122813566152e-03
8.191740988954504532e-03
8.282077723322617616e-03
8.372248150085980639e-03
8.462231516207733423e-03
8.552007521957871380e-03
8.641556341814422143e-03
8.730858635283195168e-03
8.819895547629762189e-03
8.908648700345279947e-03
8.997100171570088928e-03
9.085232466828106063e-03
9.173028480621991596e-03
9.260471449279819231e-03
9.347544896281249904e-03
9.434232570554007546e-03
9.520518379062321845e-03
9.606386314663772213e-03
9.691820380358142847e-03
9.776804511353166457e-03
9.861322495815512401e-03
9.945357895892299738e-03
1.002889396981667194e-02
1.011191359644031396e-02
1.019439920301613324e-02
1.027633269742593905e-02
1.035769540513158116e-02
1.043846801222207687e-02
1.051863051440970510e-02
1.059816217268270792e-02
1.067704147589073130e-02
1.075524610999616451e-02
1.083275293445614025e-02
1.090953796493794072e-02
1.098557636256740182e-02
1.106084242884563390e-02
1.113530960606837206e-02
1.120895048256414367e-02
1.128173680192770707e-02
1.135363947583662922e-02
1.142462859984897695e-02
1.149467347113374179e-02
1.156374260805248869e-02
1.163180377074457365e-02
1.169882398215752253e-02
1.176476954960662194e-02
1.182960608590259872e-02
1.189329853062828443e-02
1.195581117080073835e-02
1.201710766137317754e-02
1.207715104580575974e-02
1.213590377641786747e-02
1.219332773546273965e-02
1.224938425716597806e-02
1.230403415103146353e-02
1.235723772709735463e-02
1.240895482384410387e-02
1.245914483907437087e-02
1.250776676447837993e-02
1.255477922460536411e-02
1.260014052053139676e-02
1.264380867872226359e-02
1.268574150566819866e-02
1.272589664844137221e-02
1.276423166148115546e-02
1.280070407973368969e-02
1.283527149814678997e-02
1.286789165755542787e-02
1.289852253649988872e-02
1.292712244912332456e-02
1.295365014853068139e-02
1.297806493502286392e-02
1.300032676891813878e-02
1.302039638740377231e-02
1.303823542437675120e-02
1.305380653297595617e-02
1.306707350995105210e-02
1.307800142092606019e-02
1.308655672602000719e-02
1.309270740511127469e-02
1.309642308168846268e-02
1.309767514492547226e-02
1.309643686909804650e-02
1.309268352960541414e-02
1.308639251537540953e-02
1.307754343667550528e-02
1.306611822810552388e-02
1.305210124616421573e-02
1.303547936111646918e-02
1.301624204296611235e-02
1.299438144084067576e-02
1.296989245610829025e-02
1.294277280864679705e-02
1.291302309652084951e-02
1.288064684864139234e-02
1.284565057071782382e-02
1.280804378443845849e-02
1.276783905982088047e-02
1.272505204097853018e-02
1.267970146551226571e-02
1.263180917738107069e-02
1.258140013393672756e-02
1.252850240671912578e-02
1.247314717665269461e-02
1.241536872365442065e-02
1.235520441100270393e-02
1.229269466455377990e-02
1.222788294684879970e-02
1.216081572674182140e-02
1.209154244419037398e-02
1.202011547051107763e-02
1.194659006443074198e-02
1.187102432362035359e-02
1.179347913204462257e-02
1.171401810288248344e-02
1.163270751712853525e-02
1.154961625780390536e-02
1.146481573959453291e-02
1.137837983407380057e-02
1.129038478964363226e-02
1.120090914714122129e-02
1.111003364992750771e-02
1.101784114874692494e-02
1.092441650138850640e-02
1.082984646643823934e-02
1.073421959142767043e-02
1.063762609510471822e-02
1.054015774377735533e-02
1.044190772144438714e-02
1.034297049433860645e-02
1.024344166887665095e-02
1.014341784416627340e-02
1.004299645829947150e-02
9.942275629252469993e-03
9.841353989952629153e-03
9.740330518373210844e-03
9.639304362387114689e-03
9.538374660049184217e-03
9.437640355349229820e-03
9.337200010086565624e-03
9.237151612003243958e-03
9.137592379569119128e-03
9.038618564303307207e-03
8.940325250095223011e-03
8.842806151292546130e-03
8.746153408536155860e-03
8.650457384150354173e-03
8.555806456699352816e-03
8.462286815358655012e-03
8.369982254909544631e-03
8.278973971430720821e-03
8.189340359477440684e-03
8.101156811235856250e-03
8.014495517870109595e-03
7.929425274116061809e-03
7.846011286289190229e-03
7.764314984394988725e-03
7.684393838922116970e-03
7.606301182846005038e-03
7.530086039649417501e-03
7.455792957574137320e-03
7.383461851319258161e-03
7.313127851288672363e-03
7.244821160954199868e-03
7.178566923744533063e-03
7.114385099190660006e-03
7.052290349311017732e-03
6.992291936256124149e-03
6.934393630706661010e-03
6.878593633125101511e-03
6.824884507060671041e-03
6.773253125880676455e-03
6.723680633032807705e-03
6.676142416535364721e-03
6.630608098196343059e-03
6.587041537521980128e-03
6.545400851404689635e-03
6.505638449209127580e-03
6.467701084079320074e-03
6.431529920438324582e-03
6.397060617840165733e-03
6.364223431679571011e-03
6.332943330148180228e-03
6.303140128334615983e-03
6.274728638692111601e-03
6.247618838424868516e-03
6.221716053064363199e-03
6.196921156563702307e-03
6.173130787245864615e-03
6.150237579933676840e-03
6.128130412729562194e-03
6.106694669509947666e-03
6.085812516353852376e-03
6.065363192385602939e-03
6.045223313459269568e-03
6.025267189123992458e-03
6.005367150931317094e-03
5.985393892748634009e-03
5.965216820994771914e-03
5.944704414680840321e-03
5.923724594214358277e-03
5.902145098062084629e-03
5.879833866094584180e-03
5.856659429154232287e-03
5.832491302795856508e-03
5.807200385473491877e-03
5.780659359056672039e-03
5.752743090611992134e-03
5.723329035425876732e-03
5.692297638349509345e-03
5.659532733727763547e-03
5.624921941959046962e-03
5.588357061862875459e-03
5.549734457094662211e-03
5.508955435966415154e-03
5.465926622913418187e-03
5.420560320491164472e-03
5.372774860452561932e-03
5.322494943024306743e-03
5.269651962289767164e-03
5.214184316837963164e-03
5.156037704443388638e-03
5.095165398924799034e-03
5.031528508203870001e-03
4.965096212368767109e-03
4.895845979636125056e-03
4.823763760134680903e-03
4.748844155538823469e-03
4.671090562852286618e-03
4.590515292853268418e-03
4.507139660404887310e-03
4.420994046658003121e-03
4.332117932137577974e-03
4.240559899874552993e-03
4.146377607992397449e-03
4.049637730805889790e-03
3.950415869024842194e-03
3.848796427773039461e-03
3.744872463179813732e-03
3.638745496790252686e-03
3.530525298809637693e-03
3.420329639637334149e-03
3.308284011151403463e-03
3.194521317531579668e-03
3.079181536774617655e-03
2.962411353684944043e-03
2.844363765126653367e-03
2.725197659082228413e-03
2.605077368468584550e-03
2.484172200624258295e-03
2.362655944295442585e-03
2.240706355603973646e-03
2.118504623618326036e-03
1.996234817998060289e-03
1.874083320196773955e-03
1.752238238415606848e-03
1.630888810054658810e-03
1.510224791383962817e-03
1.390435837342237626e-03
1.271710872222308816e-03
1.154237453268883379e-03
1.038201128970223704e-03
9.237847936633997344e-04
8.111680399360476565e-04
7.005265108802802808e-04
5.920312532690539739e-04
4.858480747938528476e-04
3.821369055892866531e-04
2.810511669599938343e-04
1.827371490279361323e-04
8.733339903114144785e-05
-5.029877877707304712e-06
-9.423140229585045408e-05
-1.801593875675789897e-04
-2.627120873408678430e-04
-3.417983213597759577e-04
-4.173379776586873431e-04
-4.892624876508006732e-04
-5.575152724433124485e-04
-6.220521573263788125e-04
-6.828417520404999729e-04
-7.398657938779442094e-04
-7.931194507230880913e-04
-8.426115816609423392e-04
-8.883649522072056565e-04
-9.304164013401239938e-04
-9.688169579776786857e-04
-1.003631904191174462e-03
-1.034940782989176786e-03
-1.062837347977616843e-03
-1.087429453803681698e-03
-1.108838885099605815e-03
-1.127201122215060322e-03
-1.142665043721075762e-03
-1.155392564082714660e-03
-1.165558206629174623e-03
-1.173348611948874009e-03
-1.178961981905555850e-03
-1.182607460459951867e-03
-1.184504453381273565e-03
-1.184881887138666172e-03
-1.183977411004345044e-03
-1.182036543742107353e-03
-1.179311768807969488e-03
-1.176061580415481899e-03
-1.172549485430297248e-03
-1.169042963742944951e-03
-1.165812392405570939e-03
-1.163129936443896761e-03
-1.161268412409335003e-03
-1.160500127625946126e-03
-1.161095701171870574e-03
-1.163322870075237823e-03
-1.167445286219043936e-03
-1.173721307883692031e-03
-1.182402792480599305e-03
-1.193733892753828536e-03
-1.207949864492928243e-03
-1.225275888595460730e-03
-1.245925913860502403e-03
-1.270101526961651657e-03
-1.297990853678888598e-03
-1.329767498894843117e-03
-1.365589531303842454e-03
-1.405598518874515927e-03
-1.449918622480368810e-03
-1.498655753867219947e-03
-1.551896804933456135e-03
-1.609708953947206877e-03
-1.672139056693733045e-03
-1.739213126495569098e-03
-1.810935909431724434e-03
-1.887290559767498214e-03
-1.968238417851715660e-03
-2.053718895983042917e-03
-2.143649472001741586e-03
-2.237925794020880280e-03
-2.336421894655064859e-03
-2.438990515683523482e-03
-2.545463541012452265e-03
-2.655652535484038720e-03
-2.769349386305484505e-03
-2.886327044674526394e-03
-3.006340361341244827e-03
-3.129127012705040789e-03
-3.254408512144377555e-03
-3.381891300715034188e-03
-3.511267912166675734e-03
-3.642218205935333908e-03
-3.774410663216214330e-03
-3.907503739334384184e-03
-4.041147267873200326e-03
-4.174983909906993668e-03
-4.308650643544111036e-03
-4.441780288491193815e-03
-4.574003059811620163e-03
-4.704948147183548798e-03
-4.834245313689792926e-03
-4.961526509934892880e-03
-5.086427499541396231e-03
-5.208589491610547857e-03
-5.327660775324453632e-03
-5.443298354133256634e-03
-5.555169574163772508e-03
-5.662953743879370512e-03
-5.766343740647389068e-03
-5.865047599924494599e-03
-5.958790083163350605e-03
-6.047314218731940361e-03
-6.130382811403998870e-03
-6.207779913394903190e-03
-6.279312251086457616e-03
-6.344810598964343608e-03
-6.404131092710411803e-03
-6.457156471015371157e-03
-6.503797236317210989e-03
-6.543992722042216159e-03
-6.577712054261525276e-03
-6.604954995103244283e-03
-6.625752653788570534e-03
-6.640168051587330006e-03
-6.648296528561135552e-03
-6.650265978062367897e-03
-6.646236897843456511e-03
-6.636402247562149179e-03
-6.620987103595488144e-03
-6.600248104402406391e-03
-6.574472683424716600e-03
-6.543978086632485681e-03
-6.509110176854149624e-03
-6.470242029873457187e-03
-6.427772328876133791e-03
-6.382123568388154214e-03
-6.333740081002989068e-03
-6.283085903408488528e-03
-6.230642498673647292e-03
-6.176906355823297279e-03
-6.122386485716429377e-03
-6.067601834845223925e-03
-6.013078637085181311e-03
-5.959347720324351637e-03
-5.906941785768782260e-03
-5.856392673144044173e-03
-5.808228621334059205e-03
-5.762971533116691830e-03
-5.721134248353482860e-03
-5.683217827018518728e-03
-5.649708844261979585e-03
-5.621076697068541801e-03
-5.597770924134416737e-03
-5.580218542948843508e-03
-5.568821409996193086e-03
-5.563953617476685189e-03
-5.565958940315795037e-03
-5.575148357372378474e-03
-5.591797672578614244e-03
-5.616145267200574505e-03
-5.648390017655331719e-03
-5.688689413861388114e-03
-5.737157912778251094e-03
-5.793865560230985340e-03
-5.858836907713677739e-03
-5.932050246547304617e-03
-6.013437172500872910e-03
-6.102882487678228975e-03
-6.200224436394637280e-03
-6.305255265281592761e-03
-6.417722090578050972e-03
-6.537328049121042539e-03
-6.663733708796166534e-03
-6.796558707851600538e-03
-6.935383596724354650e-03
-7.079751855343387711e-03
-7.229172061361060185e-03
-7.383120190013729538e-03
-7.541042028581810934e-03
-7.702355694732227614e-03
-7.866454249315263034e-03
-8.032708401254884736e-03
-8.200469300724412547e-03
-8.369071420352900553e-03
-8.537835524656495895e-03
-8.706071726483403939e-03
-8.873082627529131974e-03
-9.038166538219923746e-03
-9.200620769707573351e-03
-9.359744987421888748e-03
-9.514844614644383733e-03
-9.665234271890837947e-03
-9.810241240957494335e-03
-9.949208938582580763e-03
-1.008150039313557116e-02
-1.020650171575869514e-02
-1.032362556363592559e-02
-1.043231459530730154e-02
-1.053204491813768823e-02
-1.062232953206074595e-02
-1.070272176606510903e-02
-1.077281870539612864e-02
-1.083226459814140563e-02
-1.088075422193246662e-02
-1.091803618660440456e-02
-1.094391613614735526e-02
-1.095825980861686588e-02
-1.096099590410959043e-02
-1.095211870699012990e-02
-1.093169040170153747e-02
-1.089984302101872082e-02
-1.085677996082682131e-02
-1.080277699645800470e-02
-1.073818273092436854e-02
-1.066341841142710856e-02
-1.057897704982541098e-02
-1.048542179256289897e-02
-1.038338349540462655e-02
-1.027355747596765505e-02
-1.015669944177524653e-02
-1.003362061733063977e-02
-9.905182130584604117e-03
-9.772288751367973550e-03
-9.635882111051678398e-03
-9.496933562327412870e-03
-9.356436860894046248e-03
-9.215400860905539893e-03
-9.074842413337867036e-03
-8.935779639055558068e-03
-8.799225712947398095e-03
-8.666183251096040707e-03
-8.537639335339668872e-03
-8.414561148594153564e-03
-8.297892133202736456e-03
-8.188548529556669703e-03
-8.087416111147610262e-03
-7.995346906372352569e-03
-7.913155696860758176e-03
-7.841616101824081322e-03
-7.781456104407939722e-03
-7.733352944167630125e-03
-7.697927382023065333e-03
-7.675737436436624872e-03
-7.667271778846229506e-03
-7.672943057378879203e-03
-7.693081471740536442e-03
-7.727928952572698899e-03
-7.777634288283642901e-03
-7.842249505762585379e-03
-7.921727731720017845e-03
-8.015922671677597200e-03
-8.124589725261742792e-03
-8.247388647056298761e-03
-8.383887557165927568e-03
-8.533568018413456580e-03
-8.695830840753298457e-03
-8.870002244462046187e-03
-9.055340020131148748e-03
-9.251039357780450195e-03
-9.456238082007488097e-03
-9.670021113293998313e-03
-9.891424076106563115e-03
-1.011943608054150824e-02
-1.035300181045596332e-02
-1.059102314596071376e-02
-1.083236062230275888e-02
-1.107583506906447551e-02
-1.132022977884738352e-02
-1.156429351397107036e-02
-1.180674457741790265e-02
-1.204627606150662257e-02
-1.228156225399574392e-02
-1.251126605359174568e-02
-1.273404714458361772e-02
-1.294857062410836694e-02
-1.315351577860742090e-02
-1.334758476243940936e-02
-1.352951103701246702e-02
-1.369806755284692056e-02
-1.385207476932771853e-02
-1.399040868655248085e-02
-1.411200908017903356e-02
-1.421588808977117604e-02
-1.430113921822629731e-02
-1.436694668407219322e-02
-1.441259495738864138e-02
-1.443747823942064142e-02
-1.444110962561929827e-02
-1.442312972927165676e-02
-1.438331462079961778e-02
-1.432158302855326276e-02
-1.423800282371923132e-02
-1.413279684454541753e-02
-1.400634808906608270e-02
-1.385920422416864889e-02
-1.369208122014926518e-02
-1.350586576124388795e-02
-1.330161592122546151e-02
-1.308055946575726290e-02
-1.284408908268678748e-02
-1.259375387969632193e-02
-1.233124664166609409e-02
-1.205838662390889410e-02
-1.177709804942991476e-02
-1.148938494467871552e-02
-1.119730341829277935e-02
-1.090293288299856202e-02
-1.060834797041119992e-02
-1.031559293085305279e-02
-1.002666013410836131e-02
-9.743473915578667460e-03
-9.467880482300175191e-03
-9.201643989953154842e-03
-8.946448270472612263e-03
-8.703903099479149558e-03
-8.475553388845067510e-03
-8.262889317427357661e-03
-8.067355222183866803e-03
-7.890355110008254180e-03
-7.733252949083924653e-03
-7.597366473468445368e-03
-7.483954040766651467e-03
-7.394195034792241245e-03
-7.329165262861781285e-03
-7.289809605228528278e-03
-7.276914675818915365e-03
-7.291084356287878300e-03
-7.332720730549727520e-03
-7.402012230906004735e-03
-7.498929826148718544e-03
-7.623231008628693524e-03
-7.774470349471688038e-03
-7.952014656313805691e-03
-8.155060399888757958e-03
-8.382651125184601912e-03
-8.633692987463350774e-03
-8.906967262212787950e-03
-9.201139492013453089e-03
-9.514765673828399009e-03
-9.846296401281042290e-03
-1.019408004871647649e-02
-1.055636592557158103e-02
-1.093130793562118418e-02
-1.131696880274760987e-02
-1.171132455498516758e-02
-1.211226882732434861e-02
-1.251761669272971958e-02
-1.292510809856724403e-02
-1.333241141316292462e-02
-1.373712788553823130e-02
-1.413679784088996833e-02
-1.452890910769066499e-02
-1.491090761402865186e-02
-1.528020949441743874e-02
-1.563421368206890580e-02
-1.597031402389594706e-02
-1.628591050245740274e-02
-1.657842002807596166e-02
-1.684528819355255586e-02
-1.708400399080876181e-02
-1.729211950182264756e-02
-1.746727592601016177e-02
-1.760723614453564914e-02
-1.770992274594843097e-02
-1.777345944214021520e-02
-1.779621339709332867e-02
-1.777683618727906451e-02
-1.771430168698562985e-02
-1.760793976173263484e-02
-1.745746497877921632e-02
-1.726299953848373092e-02
-1.702508945874601359e-02
-1.674471299368318969e-02
-1.642328056582894463e-02
-1.606262616440060076e-02
-1.566499102533529253e-02
-1.523300106880480509e-02
-1.476963965715159810e-02
-1.427821654243418246e-02
-1.376233256253434241e-02
-1.322583823515613953e-02
-1.267278363523322710e-02
-1.210735743656092718e-02
-1.153381493658119962e-02
-1.095639785192557836e-02
-1.037925183481391844e-02
-9.806350044105452066e-03
-9.241432025326165589e-03
-8.687966339360215368e-03
-8.149142971225917242e-03
-7.627897937892440597e-03
-7.126968153091011240e-03
-6.648970004910534359e-03
-6.196490798786705861e-03
-5.772178892530370128e-03
-5.378816752288845607e-03
-5.019361962982273745e-03
-4.696944788492777786e-03
-4.414816947439462180e-03
-4.176253926206586684e-03
-3.984420896341964863e-03
-3.842218519736590680e-03
-3.752128282317778504e-03
-3.716076927442841724e-03
-3.735336287451229177e-03
-3.810469226679233032e-03
-3.941325663575146951e-03
-4.127085800667115896e-03
-4.366341601710350961e-03
-4.657202814026149482e-03
-4.997410964870285972e-03
-5.384444279836121672e-03
-5.815598826813274912e-03
-6.288036531095853379e-03
-6.798798473313149085e-03
-7.344790614211733903e-03
-7.922756479702138671e-03
-8.529254908432695390e-03
-9.160659021477297187e-03
-9.813185131415044088e-03
-1.048294942802987031e-02
-1.116603952357628389e-02
-1.185858112188159681e-02
-1.255677985618381884e-02
-1.325692511882708806e-02
-1.395535439554899948e-02
-1.464838928051499095e-02
-1.533226356095847634e-02
-1.600306626191650913e-02
-1.665671744674820931e-02
-1.728898376496381881e-02
-1.789552806366035559e-02
-1.847197718948816875e-02
-1.901398764955238713e-02
-1.951729122657375193e-02
-1.997771073104947365e-02
-2.039114683061227923e-02
-2.075354662190490723e-02
-2.106087033447029064e-02
-2.130907308917454751e-02
-2.149411493653050065e-02
-2.161200681202685853e-02
-2.165889488267922977e-02
-2.163118202670361728e-02
-2.152568228566814623e-02
-2.133980064529240189e-02
-2.107172560847258777e-02
-2.072061634781571446e-02
-2.028676180018598035e-02
-1.977168835421452484e-02
-1.917819740353693403e-02
-1.851032394311545246e-02
-1.777322064173470287e-02
-1.697298514596004212e-02
-1.611645803742679448e-02
-1.521102190659718092e-02
-1.426442719393523906e-02
-1.328465890816660049e-02
-1.227984331634587867e-02
-1.125817969235904346e-02
-1.022787348316344866e-02
-9.197046583706135897e-03
-8.173608337870867310e-03
-7.165085598531352809e-03
-6.178428072461624940e-03
-5.219821533005426610e-03
-4.294551542804079212e-03
-3.406960278989959717e-03
-2.560527227352220325e-03
-1.758082192514392236e-03
-1.002130673682785286e-03
-2.952438863186948072e-04
3.595541935210290561e-04
9.584767732274729248e-04
1.496805743730136862e-03
1.968905780756393525e-03
2.368429820099927658e-03
2.688690982292844377e-03
2.923148137691046478e-03
3.065935381459829537e-03
3.112361678546953121e-03
3.059314699483423484e-03
2.905519324586593351e-03
2.651622909266124380e-03
2.300103280459401319e-03
1.855019356127771656e-03
1.321646173241289258e-03
7.060531939208423806e-04
1.469329361275485343e-05
-7.459340509994769573e-04
-1.569500238061505119e-03
-2.449931374735856739e-03
-3.381380051331148336e-03
-4.358136139203309771e-03
-5.374539469484573839e-03
-6.424945419655258942e-03
-7.503762394155710433e-03
-8.605540168761487488e-03
-9.725056336393750681e-03
-1.085733800250206563e-02
-1.199757235088787927e-02
-1.314089737545702866e-02
-1.428210951161509520e-02
-1.541536143932577957e-02
-1.653393718571951124e-02
-1.763017708128825078e-02
-1.869558686763938757e-02
-1.972111658156368991e-02
-2.069755198992469583e-02
-2.161593704071347946e-02
-2.246794510751874002e-02
-2.324613673862090460e-02
-2.394407364700239932e-02
-2.455629233992636870e-02
-2.507816714251365556e-02
-2.550570641375980371e-02
-2.583532741311785758e-02
-2.606364858199501297e-02
-2.618732865067762566e-02
-2.620297439813108406e-02
-2.610713426583816804e-02
-2.589639114142763127e-02
-2.556756066374010067e-02
-2.511798855180834636e-02
-2.454592202963699898e-02
-2.385091041141953680e-02
-2.303417474040587304e-02
-2.209888244357690462e-02
-2.105027405222802822e-02
-1.989561460172246943e-02
-1.864397712692917458e-02
-1.730590098759099416e-02
-1.589299367714552477e-02
-1.441755311639428272e-02
-1.289227447651258157e-02
-1.133007371481606351e-02
-9.744017689184134023e-03
-8.147310417859283255e-03
-6.553259709035787195e-03
-4.975147352330911051e-03
-3.425951891804219877e-03
-1.917920153946734742e-03
-4.620396741961357943e-04
9.324871991285804511e-04
2.258640815901664933e-03
3.511733383048749792e-03
4.689230558462027451e-03
5.790232690003688926e-03
6.814678846465823010e-03
7.762402777501647977e-03
8.632208976555264326e-03
9.421139576385167275e-03
1.012406921710152716e-02
1.073370464176423567e-02
1.124099340657792184e-02
1.163587748301658960e-02
1.190827517994924763e-02
1.204914563694048542e-02
1.205148524270977829e-02
1.191112161598886776e-02
1.162720331086119704e-02
1.120232711880725894e-02
1.064229503648259252e-02
9.955544697608101692e-03
9.152344298962888924e-03
8.243878515766814297e-03
7.241367999128825970e-03
6.155355657614753825e-03
4.995256147801963378e-03
3.769205767168431077e-03
2.484181287504783238e-03
1.146297271415836969e-03
-2.388388142020260105e-04
-1.665824944722613934e-03
-3.129282184017287242e-03
-4.623794347235261892e-03
-6.143917057713064837e-03
-7.684177218701952750e-03
-9.238994338889330166e-03
-1.080249477464938906e-02
-1.236824098892193302e-02
-1.392894054898689837e-02
-1.547621901267143274e-02
-1.700053137688010627e-02
-1.849125277646504820e-02
-1.993694317486530143e-02
-2.132573878024636091e-02
-2.264579783705459454e-02
-2.388572558875909704e-02
-2.503491936627141867e-02
-2.608380128306235501e-02
-2.702393334023294597e-02
-2.784803067995866854e-02
-2.854989978525909050e-02
-2.912432964406182906e-02
-2.956695820545367226e-02
-2.987412856383972123e-02
-3.004274411655623311e-02
-3.007013258170711592e-02
-2.995393508843426783e-02
-2.969204496822117068e-02
-2.928262567845919817e-02
-2.872423315515641729e-02
-2.801605239754103444e-02
-2.715823323851175586e-02
-2.615228228600864277e-02
-2.500144553326694510e-02
-2.371100714240466367e-02
-2.228843907785569428e-02
-2.074336315706759581e-02
-1.908732600460457535e-02
-1.733342871683035691e-02
-1.549588552620486878e-02
-1.358959946202545691e-02
-1.162983228606485377e-02
-9.632011849897112107e-03
-7.611670964966578065e-03
-5.584462270783315148e-03
-3.566159593593660505e-03
-1.572550434795446424e-03
3.808492980141519289e-04
2.279274450079472360e-03
4.109335365781500125e-03
5.859682299662723193e-03
7.521569567170299092e-03
9.089179522280868909e-03
1.055960195210911903e-02
1.193242790445539492e-02
1.320899372469526087e-02
1.439138320747261959e-02
1.548134641824336355e-02
1.647931156223950144e-02
1.738364830752351514e-02
1.819029306792941877e-02
1.889278150146245921e-02
1.948266621813526250e-02
1.995024216730146085e-02
2.028546718452234332e-02
2.047895306204420424e-02
2.052290984600265572e-02
2.041194603962761048e-02
2.014365287512670175e-02
1.971892686816285184e-02
1.914200981608889934e-02
1.842024997859664087e-02
1.756361363365134889e-02
1.658400220945204298e-02
1.549445389456352920e-02
1.430832506036395710e-02
1.303855055882712985e-02
1.169706921191344257e-02
1.029447139971419005e-02
8.839884144703486282e-03
7.341064482111239395e-03
5.804635668206450071e-03
4.236383168316584444e-03
2.641533462949601126e-03
1.024965672464834979e-03
-6.086564455454613731e-04
-2.254810342591018809e-03
-3.909057436375261083e-03
-5.566962724652067471e-03
-7.223968893209632876e-03
-8.875228129112941455e-03
-1.051541796146062725e-02
-1.213858026005339846e-02
-1.373802169509249181e-02
-1.530630093334117182e-02
-1.683530769150947889e-02
-1.831641840087680495e-02
-1.974069901633555835e-02
-2.109912113597452177e-02
-2.238276295037087277e-02
-2.358297814362161210e-02
-2.469152874607957043e-02
-2.570068769492082905e-02
-2.660332114651177068e-02
-2.739295932653589699e-02
-2.806385951131342565e-02
-2.861105804396791435e-02
-2.903040262208654923e-02
-2.931855361191170600e-02
-2.947294524177163783e-02
-2.949170448435105979e-02
-2.937353612734006775e-02
-2.911759444477888051e-02
-2.872337153885208549e-02
-2.819063628883176562e-02
-2.751945341695984787e-02
-2.671029900880542152e-02
-2.576426899584809832e-02
-2.468335497521051067e-02
-2.347074285435134244e-02
-2.213107937309319664e-02
-2.067065290648227929e-02
-1.909744856979559563e-02
-1.742106095030467733e-02
-1.565247571482035471e-02
-1.380375746097352828e-02
-1.188769910078942352e-02
-9.917492942054717195e-03
-7.906473514212020853e-03
-5.867958935268180118e-03
-3.815186911708812537e-03
-1.761311608697299158e-03
2.805927238524986381e-04
2.297580021729683612e-03
4.276978109160972652e-03
6.206649880520751644e-03
8.075353508749437068e-03
9.873152844506740203e-03
1.159180713513380603e-02
1.322506278449165490e-02
1.476878044021121168e-02
1.622085575150518030e-02
1.758092633463543414e-02
1.884989385238218171e-02
2.002932159047576821e-02
2.112078860893185778e-02
2.212528790197606371e-02
2.304274739288059495e-02
2.387173139911891867e-02
2.460935114116408542e-02
2.525138186349919905e-02
2.579255691018555660e-02
2.622698996766693533e-02
2.654866775325199352e-02
2.675195638888456379e-02
2.683207326209766097e-02
2.678548890674235100e-02
2.661023680650395282e-02
2.630612034130951765e-02
2.587481408835882665e-02
2.531986156776153823e-02
2.464657456164917257e-02
2.386184198000029441e-02
2.297386011726798571e-02
2.199180137270808494e-02
2.092544438428736719e-02
1.978479360959290237e-02
1.857971900486291364e-02
1.731964528106378839e-02
1.601331470024381851e-02
1.466863795726290956e-02
1.329263579031927586e-02
1.189146172983964085e-02
1.047048626861017684e-02
9.034416857828200809e-03
7.587427728769753632e-03
6.133278495493731802e-03
4.675409270787447315e-03
3.217010072744459076e-03
1.761070818992333800e-03
3.104230685387629821e-04
-1.132214976818034756e-03
-2.564182278520450546e-03
-3.982805537637778767e-03
-5.385320679682953013e-03
-6.768794047809673607e-03
-8.130054103977654018e-03
-9.465643454843757423e-03
-1.077179753631055288e-02
-1.204445139267427273e-02
-1.327927108321322151e-02
-1.447170266777354428e-02
-1.561703034727059992e-02
-1.671043632077975905e-02
-1.774705771603290322e-02
-1.872203948401837681e-02
-1.963058525279590821e-02
-2.046800988813188976e-02
-2.122979749866981888e-02
-2.191166696201040515e-02
-2.250964427866871537e-02
-2.302013792393625691e-02
-2.344001064084837160e-02
-2.376663943952642827e-02
-2.399795537943721219e-02
-2.413245620042706735e-02
-2.416918795258288580e-02
-2.410769609571266486e-02
-2.394795148491250456e-02
-2.369026141109177933e-02
-2.333517951821222763e-02
-2.288343012914325833e-02
-2.233586169312769959e-02
-2.169344054358810989e-02
-2.095729028132109484e-02
-2.012877474540332445e-02
-1.920961494974480696e-02
-1.820202394884910119e-02
-1.710883959620893360e-02
-1.593363440756499078e-02
-1.468078447591394942e-02
-1.335548519619800603e-02
-1.196370946832015988e-02
-1.051211269251593750e-02
-9.007896731240501789e-03
-7.458650681847928642e-03
-5.872188743599560806e-03
-4.256404196744576450e-03
-2.619153785419971615e-03
-9.681795428463342915e-04
6.889331899509129348e-04
2.344770377238939666e-03
3.992090642482066902e-03
5.623829379558999142e-03
7.233119874860490135e-03
8.813340780725167911e-03
1.035819239457305349e-02
1.186179685936300000e-02
1.331881110606385199e-02
1.472453725879884281e-02
1.607501394348290549e-02
1.736707353509286261e-02
1.859835439913210681e-02
1.976726284613045809e-02
2.087288587638625251e-02
2.191486189011317837e-02
2.289322155836322203e-02
2.380821437608694399e-02
2.466013771112393616e-02
2.544918436493702474e-02
2.617532198750922509e-02
2.683821360247780341e-02
2.743718361556946386e-02
2.797122869114794519e-02
2.843906844340547344e-02
2.883922752501998435e-02
2.917013872337330394e-02
2.943025617636292612e-02
2.961816864265576568e-02
2.973270457181366455e-02
2.977302307864901354e-02
2.973868737901529113e-02
2.962971940548307995e-02
2.944663593373610111e-02
2.919046751464725656e-02
2.886276186578571809e-02
2.846557328847605303e-02
2.800143935630310804e-02
2.747334579136219423e-02
2.688468028511392313e-02
2.623917613103906102e-02
2.554084693315430976e-02
2.479391426180777014e-02
2.400273081491224869e-02
2.317170224938494560e-02
2.230521122558190225e-02
2.140754725762489610e-02
2.048284563756327253e-02
1.953503803040339271e-02
1.856781639322541838e-02
1.758461077381076945e-02
1.658858042318713324e-02
1.558261664521956580e-02
1.456935501753129497e-02
1.355119414128753974e-02
1.253031795818020447e-02
1.150871891527862310e-02
1.048821981157642760e-02
9.470492933601953184e-03
8.457075946262267857e-03
7.449384814802381682e-03
6.448724659963840818e-03
5.456299807450301458e-03
4.473224347068604362e-03
3.500534289937052256e-03
2.539201975431065392e-03
1.590152833015268585e-03
6.542840539736495369e-04
-2.675157269855588452e-04
-1.174346932648782579e-03
-2.065281007115328700e-03
-2.939345012057829887e-03
-3.795509739231017407e-03
-4.632681829419801542e-03
-5.449699955919449189e-03
-6.245334742282066497e-03
-7.018291803203274143e-03
-7.767217167721740881e-03
-8.490704370417302693e-03
-9.187302662432731554e-03
-9.855526042384519375e-03
-1.049386308018129300e-02
-1.110078773917657670e-02
-1.167477154131568370e-02
-1.221429744331931425e-02
-1.271787568698875236e-02
-1.318406167908652525e-02
-1.361147567603649550e-02
-1.399882374210601431e-02
-1.434491916285537960e-02
-1.464870326745569204e-02
-1.490926448002751967e-02
-1.512585439521316882e-02
-1.529789977144142658e-02
-1.542500954526649509e-02
-1.550697628104121331e-02
-1.554377185395600797e-02
-1.553553759059756942e-02
-1.548256952325233020e-02
-1.538529981198541972e-02
-1.524427571585409633e-02
-1.506013771776873109e-02
-1.483359849938326556e-02
-1.456542440947003643e-02
-1.425642086874532970e-02
-1.390742281817660721e-02
-1.351929087328797817e-02
-1.309291333331893264e-02
-1.262921365818912844e-02
-1.212916252050997776e-02
-1.159379311450072642e-02
-1.102421809885356825e-02
-1.042164640041454843e-02
-9.787398120240722865e-03
-9.122915963241514867e-03
-8.429771934921299198e-03
-7.709668481514652186e-03
-6.964433746121510838e-03
-6.196011124637147358e-03
-5.406443780631618734e-03
-4.597855170917375389e-03
-3.772426911541843474e-03
-2.932375451440525239e-03
-2.079929014022221211e-03
-1.217306121842083328e-03
-3.466967616223517361e-04
5.297530925388576478e-04
1.409953257952566456e-03
2.291877458754365549e-03
3.173568144474325607e-03
4.053138634848148410e-03
4.928773375044238729e-03
5.798727143004939535e-03
6.661324008305690922e-03
7.514956717160460944e-03
8.358086991561909651e-03
9.189247012450199939e-03
1.000704213290137118e-02
1.081015466408633170e-02
1.159734841296998845e-02
1.236747353887019882e-02
1.311947124206581938e-02
1.385237780007346486e-02
1.456532751686736953e-02
1.525755424032800012e-02
1.592839121605058722e-02
1.657726917225628427e-02
1.720371265488076368e-02
1.780733474708096759e-02
1.838783040331050736e-02
1.894496870095187246e-02
1.947858435991816836e-02
1.998856890242726655e-02
2.047486182111993291e-02
2.093744210050307863e-02
2.137632039432981607e-02
2.179153210553982922e-02
2.218313155186396254e-02
2.255118733092331684e-02
2.289577892989939911e-02
2.321699456025604069e-02
2.351493013983549374e-02
2.378968929704614044e-02
2.404138423538015878e-02
2.427013727307983371e-02
2.447608286168168057e-02
2.465936988869916677e-02
2.482016408154390924e-02
2.495865035045308558e-02
2.507503493534800690e-02
2.516954725244619287e-02
2.524244136901359487e-02
2.529399706597607045e-02
2.532452047678067017e-02
2.533434431564943190e-02
2.532382772719872499e-02
2.529335580332630479e-02
2.524333882131135631e-02
2.517421125998505274e-02
2.508643064930576524e-02
2.498047630394772955e-02
2.485684798376509158e-02
2.471606451451369840e-02
2.455866239306866289e-02
2.438519439042800482e-02
2.419622815767727073e-02
2.399234483111441912e-02
2.377413762774826383e-02
2.354221041674944143e-02
2.329717625167998518e-02
2.303965584721953674e-02
2.277027598687187196e-02
2.248966785140489588e-02
2.219846526353012189e-02
2.189730285001539184e-02
2.158681412926985108e-02
2.126762953941443990e-02
2.094037442733768031e-02
2.060566702491906793e-02
2.026411644246034136e-02
1.991632071138994819e-02
1.956286490917897788e-02
1.920431939848155772e-02
1.884123821001128241e-02
1.847415759481508754e-02
1.810359476666971446e-02
1.773004684986857413e-02
1.735399004171966561e-02
1.697587899293475158e-02
1.659614640310198841e-02
1.621520282350216377e-02
1.583343665443595269e-02
1.545121432034167810e-02
1.506888060335791549e-02
1.468675911339317221e-02
1.430515287199825118e-02
1.392434498693463293e-02
1.354459939484100456e-02
1.316616165077939826e-02
1.278925974515924928e-02
1.241410493110417859e-02
1.204089254767067366e-02
1.166980282746310493e-02
1.130100168002925315e-02
1.093464144524076455e-02
1.057086161352562871e-02
1.020978951225393061e-02
9.851540959418425558e-03
9.496220887591215465e-03
9.143923941954892540e-03
8.794735057091008709e-03
8.448730017309658696e-03
8.105976005168219131e-03
7.766532142329866245e-03
7.430450026222969011e-03
7.097774264902503849e-03
6.768543011474510707e-03
6.442788498513071609e-03
6.120537571748135494e-03
5.801812221237722528e-03
5.486630107772416144e-03
5.175005081351873037e-03
4.866947688074998828e-03
4.562465661714781850e-03
4.261564396178165598e-03
3.964247394843448472e-03
3.670516693366049008e-03
3.380373252584905567e-03
3.093817319061682898e-03
2.810848750681923646e-03
2.531467305889819469e-03
2.255672895494124832e-03
1.983465796562049188e-03
1.714846828329147583e-03
1.449817491114129345e-03
1.188380068954929605e-03
9.305376977615027094e-04
6.762944006764496198e-04
4.256550929648722265e-04
1.786255587297690670e-04
-6.478759792752559511e-05
-3.045770246668956364e-04
-5.407347128014232092e-04
-7.732521065238503848e-04
-1.002120226864534978e-03
-1.227329807568912443e-03
-1.448871440330707239e-03
-1.666735726944119835e-03
-1.880913435967387524e-03
-2.091395661690795705e-03
-2.298173983376895248e-03
-2.501240622830441795e-03
-2.700588598564465648e-03
-2.896211875086829052e-03
-3.088105505811881805e-03
-3.276265768399541905e-03
-3.460690291611715885e-03
-3.641378172572098774e-03
-3.818330083932153750e-03
-3.991548370277906571e-03
-4.161037133345603899e-03
-4.326802305821119549e-03
-4.488851713542972403e-03
-4.647195126100248097e-03
-4.801844295914249258e-03
-4.952812985913556537e-03
-5.100116986160935922e-03
-5.243774119721331464e-03
-5.383804238140070010e-03
-5.520229207073458835e-03
-5.653072882496264738e-03
-5.782361078111150979e-03
-5.908121524399281496e-03
-6.030383820033718284e-03
-6.149179376160923867e-03
-6.264541354211046985e-03
-6.376504597781421438e-03
-6.485105559279144387e-03
-6.590382221852666977e-03
-6.692374017197356452e-03
-6.791121739835417545e-03
-6.886667458441641382e-03
-6.979054424666069831e-03
-7.068326980061821405e-03
-7.154530461564333720e-03
-7.237711105988311848e-03
-7.317915954055544125e-03
-7.395192754266999638e-03
-7.469589867154848364e-03
-7.541156170179099359e-03
-7.609940963710520173e-03
-7.675993878341910368e-03
-7.739364783955031413e-03
-7.800103700678325327e-03
-7.858260712121881153e-03
-7.913885881027529420e-03
-7.967029167639855594e-03
-8.017740350856179810e-03
-8.066068952463643568e-03
-8.112064164491233562e-03
-8.155774779872221672e-03
-8.197249126459750859e-03
-8.236535004529661058e-03
-8.273679627792823732e-03
-8.308729567992008402e-03
-8.341730703066180252e-03
-8.372728168945017119e-03
-8.401766314961662402e-03
-8.428888662810685509e-03
-8.454137869096029975e-03
-8.477555691376984642e-03
-8.499182957693030005e-03
-8.519059539478908427e-03
-8.537224327820482073e-03
-8.553715212945438989e-03
-8.568569066931352660e-03
-8.581821729440176558e-03
-8.593507996458986734e-03
-8.603661611972008086e-03
-8.612315262352223874e-03
-8.619500573487995365e-03
-8.625248110458363232e-03
-8.629587379699845545e-03
-8.632546833534725239e-03
-8.634153876947020523e-03
-8.634434876498606193e-03
-8.633415171314200859e-03
-8.631119085985749367e-03
-8.627569945290708420e-03
-8.622790090675569452e-03
-8.616800898326589311e-03
-8.609622798784346762e-03
-8.601275297986989490e-03
-8.591776999629339995e-03
-8.581145628781910312e-03
-8.569398056621001930e-03
-8.556550326255352168e-03
-8.542617679483836129e-03
-8.527614584453255958e-03
-8.511554764119584615e-03
-8.494451225415795489e-03
-8.476316289056592262e-03
-8.457161619924071644e-03
-8.436998257906341489e-03
-8.415836649179870774e-03
-8.393686677795216683e-03
-8.370557697562324567e-03
-8.346458564095216026e-03
-8.321397667013862021e-03
0.000000000000000000e+00
