1.058677192566859215e-01
4.468965380225835282e-03
4.233557884439111130e-03
4.022332452247640369e-03
3.831808707577463984e-03
3.659083756786850675e-03
3.501729072062438781e-03
3.357705917750013896e-03
3.225296170854246441e-03
3.103045821339423579e-03
2.989718853273184897e-03
2.884259592078790638e-03
2.785761939340964267e-03
2.693444204085846012e-03
2.606628478805748245e-03
2.524723706966438500e-03
2.447211750751638291e-03
2.373635900128590829e-03
2.303591371260707739e-03
2.236717428958600023e-03
2.172690837744166263e-03
2.111220402474622664e-03
2.052042404601336391e-03
1.994916777106965806e-03
1.939623890056349931e-03
1.885961842913736874e-03
1.833744178537852470e-03
1.782797949518449571e-03
1.732962079782191488e-03
1.684085974698761902e-03
1.636028341066796642e-03
1.588656185012500034e-03
1.541843961326738906e-03
1.495472852248644346e-03
1.449430157145514299e-03
1.403608777830480346e-03
1.357906786336169659e-03
1.312227064337390461e-03
1.266477004740261363e-03
1.220568267647796287e-03
1.174416583741670628e-03
1.127941599372590115e-03
1.081066758064504717e-03
1.033719214288027211e-03
9.858297753429770202e-04
9.373328681510891339e-04
8.881665277794738994e-04
8.382724051232953028e-04
7.875957911525387559e-04
7.360856557620627447e-04
6.836946989176480305e-04
6.303794126593558270e-04
5.761001518888751380e-04
5.208212126992569496e-04
4.645109167036604730e-04
4.071416999762824188e-04
3.486902054303806300e-04
2.891373775345358263e-04
2.284685580646126507e-04
1.666735820829738299e-04
1.037468731697032548e-04
3.968753680170383769e-05
-2.550054869425444348e-05
-9.180864454726676838e-05
-1.592230680126259165e-04
-2.277251135325650960e-04
-2.972909793092946493e-04
-3.678916996337254844e-04
-4.394930838151796249e-04
-5.120556618139161451e-04
-5.855346371940080286e-04
-6.598798476953630573e-04
-7.350357336286493515e-04
-8.109413143811460348e-04
-8.875301732288315426e-04
-9.647304504338104908e-04
-1.042464844801856833e-03
-1.120650623604238505e-03
-1.199199640777685871e-03
-1.278018363300320072e-03
-1.357007905516765221e-03
-1.436064071116249091e-03
-1.515077402487350830e-03
-1.593933237024518570e-03
-1.672511770032776915e-03
-1.750688123501507008e-03
-1.828332420581407596e-03
-1.905309864856132018e-03
-1.981480823848931656e-03
-2.056700916347846408e-03
-2.130821102426750865e-03
-2.203687775887766542e-03
-2.275142858153625380e-03
-2.345023892891522771e-03
-2.413164140800698118e-03
-2.479392673671587666e-03
-2.543534467137507568e-03
-2.605410491429826364e-03
-2.664837799436739658e-03
-2.721629611567460451e-03
-2.775595396922736491e-03
-2.826540950014587612e-03
-2.874268462956667061e-03
-2.918576592558781539e-03
-2.959260521992494383e-03
-2.996112016975241085e-03
-3.028919476105876654e-03
-3.057467975379232587e-03
-3.081539306949974445e-03
-3.100912011858767380e-03
-3.115361407434592660e-03
-3.124659608899635690e-03
-3.128575546069386516e-03
-3.126874975170482532e-03
-3.119320486362521516e-03
-3.105671507481512494e-03
-3.085684304627430916e-03
-3.059111980479286078e-03
-3.025704470959733605e-03
-2.985208541331999671e-03
-2.937367782819156475e-03
-2.881922610872339127e-03
-2.818610266333556810e-03
-2.747164820914253097e-03
-2.667317188629839825e-03
-2.578795144538075998e-03
-2.481323352631374310e-03
-2.374623404513788102e-03
-2.258413870828129139e-03
-2.132410366883219499e-03
-1.996325634502074328e-03
-1.849869641696076997e-03
-1.692749701642411175e-03
-1.524670612459630425e-03
-1.345334818932510459e-03
-1.154442597021314645e-03
-9.516922619416234158e-04
-7.367803995840527254e-04
-5.094021215591628543e-04
-2.692513426490617673e-04
-1.602107959640212964e-05
2.505962306044266785e-04
5.309083956718269742e-04
8.252231189818243218e-04
1.133847640675004695e-03
1.457088372969778806e-03
1.795250534981441062e-03
2.148637792403346181e-03
2.517551908365498955e-03
2.902292411813096537e-03
3.303156290545145035e-03
3.720437715810220175e-03
4.154427805779037711e-03
4.605414435429793299e-03
5.073682099122336572e-03
5.559511833406680092e-03
6.063181205380394068e-03
6.584964372719128572e-03
7.125132219149817384e-03
7.683952569578428662e-03
8.261690486408117262e-03
8.858608648662415902e-03
9.474967812788514382e-03
1.011102735349954374e-02
1.076704588090293853e-02
1.144328192879412107e-02
1.213999470749541239e-02
1.285744491311214058e-02
1.359589558370329597e-02
1.435561299220110623e-02
1.513686756374277645e-02
1.593993480623019654e-02
1.676509624034115686e-02
1.761264031650084522e-02
1.848286330568726238e-02
1.937607015126956850e-02
2.029257526939449996e-02
2.123270328686128680e-02
2.219678970522051542e-02
2.318518148205248042e-02
2.419823752079559159e-02
2.523632906229419243e-02
2.629983997237000937e-02
2.738916692140590595e-02
2.850471945318334976e-02
2.964691994171272243e-02
3.081620343659839667e-02
3.201301739808874725e-02
3.323782132533425332e-02
3.449108628142609489e-02
3.577329432143952492e-02
3.708493782912530151e-02
3.842651877077192524e-02
3.979854787372218150e-02
4.120154373974880407e-02
4.263603190239936835e-02
4.410254383938695677e-02
4.560161595038700333e-02
4.713378851139465170e-02
4.869960461633392190e-02
5.029960911701113896e-02
5.193434757093154386e-02
5.360436520704851826e-02
5.531020591768089079e-02
5.705241128424777541e-02
5.883151964303770520e-02
6.064806519569294896e-02
6.250257716797087693e-02
6.439557901830786357e-02
6.632758769641673713e-02
6.829911295086138479e-02
7.031065668247349354e-02
7.236271233969403249e-02
7.445576435086780076e-02
7.659028758718584851e-02
7.876674684964904416e-02
8.098559637292181146e-02
8.324727933876785446e-02
8.555222739176303326e-02
8.790086015067311020e-02
9.029358470876049092e-02
9.273079511777164441e-02
9.521287185060253733e-02
9.774018123905084399e-02
1.003130748837607056e-01
1.029318890348022708e-01
1.055969439422817097e-01
1.083085431771339674e-01
1.110669729237851455e-01
1.138725012461659497e-01
1.167253773304732511e-01
1.196258307073377603e-01
1.225740704572914203e-01
1.255702844035314625e-01
1.286146382954803657e-01
1.317072749874958204e-01
1.348483136163506346e-01
1.380378487810412225e-01
1.412759497284530597e-01
1.445626595476491305e-01
1.478979943760172777e-01
1.512819426194304262e-01
1.547144641888729411e-01
1.581954897556992479e-01
1.617249200273038756e-01
1.653026250455008062e-01
1.689284435089638547e-01
1.726021821223339137e-01
1.763236149734712099e-01
1.800924829415053718e-01
1.839084931380068899e-01
1.877713183835278410e-01
1.916805967231194896e-01
1.956359309830036364e-01
1.996368883722502152e-01
2.036830001327534778e-01
2.077737612409338297e-01
2.119086301646843917e-01
2.160870286800389839e-01
2.203083417499783203e-01
2.245719174703283694e-01
2.288770670855429235e-01
2.332230650779167358e-01
2.376091493337809391e-01
2.420345213893522751e-01
2.464983467595371347e-01
2.509997553517010482e-01
2.555378419672180712e-01
2.601116668926423681e-01
2.647202565822819320e-01
2.693626044335842851e-01
2.740376716568558857e-01
2.787443882396553607e-01
2.834816540072316315e-01
2.882483397784777468e-01
2.930432886185335706e-01
2.978653171862695737e-01
3.027132171778492697e-01
3.075857568639606687e-01
3.124816827204438541e-01
3.173997211502033178e-01
3.223385802952062340e-01
3.272969519354844703e-01
3.322735134734675078e-01
3.372669300000347148e-01
3.422758564397043179e-01
3.472989397708034498e-01
3.523348213173449484e-01
3.573821391076593690e-01
3.624395302966224586e-01
3.675056336446572147e-01
3.725790920509391979e-01
3.776585551333996871e-01
3.827426818512005835e-01
3.878301431637684593e-01
3.929196247200290038e-01
3.980098295721773982e-01
4.030994809075533203e-01
4.081873247919759473e-01
4.132721329183748349e-01
4.183527053533669937e-01
4.234278732758199881e-01
4.284965016994075615e-01
4.335574921733152953e-01
4.386097854528300810e-01
4.436523641336347357e-01
4.486842552420878816e-01
4.537045327739950284e-01
4.587123201755821111e-01
4.637067927579980875e-01
4.686871800391520515e-01
4.736527680051076938e-01
4.786029012835682495e-01
4.835369852225299137e-01
4.884544878667668177e-01
4.933549418247822893e-01
4.982379460193774312e-01
5.031031673146932892e-01
5.079503420127626789e-01
5.127792772132582222e-01
5.175898520289224924e-01
5.223820186514009922e-01
5.271558032603189670e-01
5.319113067702773145e-01
5.366487054093496134e-01
5.413682511247215334e-01
5.460702718090177932e-01
5.507551713436775742e-01
5.554234294543004546e-01
5.600756013744122574e-01
5.647123173133712370e-01
5.693342817262631028e-01
5.739422723821081540e-01
5.785371392289867520e-01
5.831198030537234622e-01
5.876912539358192245e-01
5.922525494941361934e-01
5.968048129272329749e-01
6.013492308469754466e-01
6.058870509078170263e-01
6.104195792322595349e-01
6.149481776357665908e-01
6.194742606542174013e-01
6.239992923770321109e-01
6.285247830909485023e-01
6.330522857391086555e-01
6.375833922014924049e-01
6.421197294025943192e-01
6.466629552539998604e-01
6.512147544389057519e-01
6.557768340475269575e-01
6.603509190720671107e-01
6.649387477708840199e-01
6.695420669125193847e-01
6.741626269104474822e-01
6.788021768592366056e-01
6.834624594861660185e-01
6.881452060288593131e-01
6.928521310541120304e-01
6.975849272305222337e-01
7.023452600698336656e-01
7.071347626521093943e-01
7.119550303494774912e-01
7.168076155647279402e-01
7.216940225007767440e-01
7.266157019775587589e-01
7.315740463133685312e-01
7.365703842876072382e-01
7.416059762026587787e-01
7.466820090621908435e-01
7.517995918840659764e-01
7.569597511654941879e-01
7.621634265182828383e-01
7.674114664923550322e-01
7.727046246052520218e-01
7.780435555953137960e-01
7.834288119158476782e-01
7.888608404881429781e-01
7.943399797292696185e-01
7.998664568720317281e-01
8.054403855921566935e-01
8.110617639588940664e-01
8.167304727231122774e-01
8.224462739570590486e-01
8.282088100586288970e-01
8.340176031329192829e-01
8.398720547614642040e-01
8.457714461692524832e-01
8.517149387988404152e-01
8.577015752989354258e-01
8.637302809324645114e-01
8.697998654108962668e-01
8.759090251556513884e-01
8.820563459897172720e-01
8.882403062585464415e-01
8.944592803783073531e-01
9.007115428074394803e-01
9.069952724370520247e-01
9.133085573904788923e-01
9.196494002247892485e-01
9.260157235211672333e-01
9.324053758516450685e-01
9.388161381065773803e-01
9.452457301660220912e-01
9.516918178950615204e-01
9.581520204439633037e-01
9.646239178282606241e-01
9.711050587668010881e-01
9.775929687499422815e-01
9.840851583126537516e-01
9.905791314813738868e-01
9.970723943673397427e-01
1.003562463873404420e+00
1.010046876483349898e+00
1.016523197100791087e+00
1.022989027903944637e+00
1.029442017182008229e+00
1.035879868119824243e+00
1.042300347494132806e+00
1.048701294248823412e+00
1.055080627912274860e+00
1.061436356823792782e+00
1.067766586133325646e+00
1.074069525541639258e+00
1.080343496746075438e+00
1.086586940560833270e+00
1.092798423677742381e+00
1.098976645037673894e+00
1.105120441781721974e+00
1.111228794753126081e+00
1.117300833521630787e+00
1.123335840904714944e+00
1.129333256958573894e+00
1.135292682417025079e+00
1.141213881554542509e+00
1.147096784454735507e+00
1.152941488663868030e+00
1.158748260214125692e+00
1.164517534001582977e+00
1.170249913506089978e+00
1.175946169843763212e+00
1.181607240142817261e+00
1.187234225238597007e+00
1.192828386684120945e+00
1.198391143075657528e+00
1.203924065696364787e+00
1.209428873481962707e+00
1.214907427316889610e+00
1.220361723671832266e+00
1.225793887594932574e+00
1.231206165074433256e+00
1.236600914791413430e+00
1.241980599284660869e+00
1.247347775553537597e+00
1.252705085126343487e+00
1.258055243625744613e+00
1.263401029864503311e+00
1.268745274508942700e+00
1.274090848348896410e+00
1.279440650216723707e+00
1.284797594599198511e+00
1.290164598990914957e+00
1.295544571035791348e+00
1.300940395511150038e+00
1.306354921205540975e+00
1.311790947745767877e+00
1.317251212430897045e+00
1.322738377129784038e+00
1.328255015301667452e+00
1.333803599199950174e+00
1.339386487319459640e+00
1.345005912147144045e+00
1.350663968278114302e+00
1.356362600956657172e+00
1.362103595101821885e+00
1.367888564877414170e+00
1.373718943863663222e+00
1.379595975886838577e+00
1.385520706561423898e+00
1.391493975598115940e+00
1.397516409926224501e+00
1.403588417680109446e+00
1.409710183092120150e+00
1.415881662334844915e+00
1.422102580349697387e+00
1.428372428696106367e+00
1.434690464450772307e+00
1.441055710182693961e+00
1.447466955024458990e+00
1.453922756855497989e+00
1.460421445607896773e+00
1.466961127699845102e+00
1.473539691595735945e+00
1.480154814487248061e+00
1.486803970081602699e+00
1.493484437479863480e+00
1.500193311119060624e+00
1.506927511748217707e+00
1.513683798399839020e+00
1.520458781313716923e+00
1.527248935764360827e+00
1.534050616734679240e+00
1.540860074376330990e+00
1.547673470189873779e+00
1.554486893852078389e+00
1.561296380615798007e+00
1.568097929200177987e+00
1.574887520088010584e+00
1.581661134141898906e+00
1.588414771448781737e+00
1.595144470300360773e+00
1.601846326214057648e+00
1.608516510899623553e+00
1.615151291074548467e+00
1.621747047030581257e+00
1.628300290857143118e+00
1.634807684223913871e+00
1.641266055630242748e+00
1.647672417027313596e+00
1.654023979724706939e+00
1.660318169491789231e+00
1.666552640771186145e+00
1.672725289922163405e+00
1.678834267416440040e+00
1.684877988913893176e+00
1.690855145148877803e+00
1.696764710562711720e+00
1.702605950624417552e+00
1.708378427785041120e+00
1.714082006018535331e+00
1.719716853906795295e+00
1.725283446233736306e+00
1.730782564058796602e+00
1.736215293248102309e+00
1.741583021447937751e+00
1.746887433492048114e+00
1.752130505242865510e+00
1.757314495873352200e+00
1.762441938604416558e+00
1.767515629920439757e+00
1.772538617294340257e+00
1.777514185460431717e+00
1.782445841282847443e+00
1.787337297274340209e+00
1.792192453829714038e+00
1.797015380245059246e+00
1.801810294602390172e+00
1.806581542608037161e+00
1.811333575478876856e+00
1.816070926979755695e+00
1.820798189720787441e+00
1.825519990830760664e+00
1.830240967128124119e+00
1.834965739917151506e+00
1.839698889540179572e+00
1.844444929822798507e+00
1.849208282549909654e+00
1.853993252114667367e+00
1.858804000482774610e+00
1.863644522615478305e+00
1.868518622494476755e+00
1.873429889890514843e+00
1.878381678016470824e+00
1.883377082199757302e+00
1.888418919710005195e+00
1.893509710868853002e+00
1.898651661565238014e+00
1.903846647295349692e+00
1.909096198835344760e+00
1.914401489651793797e+00
1.919763325144813182e+00
1.925182133809315133e+00
1.930657960392789363e+00
1.936190461116098938e+00
1.941778901014534764e+00
1.947422153444369197e+00
1.953118701789561484e+00
1.958866643390559936e+00
1.964663695704568447e+00
1.970507204693514369e+00
1.976394155424012977e+00
1.982321184847042339e+00
1.988284596715175212e+00
1.994280378577448776e+00
2.000304220781019993e+00
2.006351537394198914e+00
2.012417488951226296e+00
2.018497006907816527e+00
2.024584819683927783e+00
2.030675480156860946e+00
2.036763394461499566e+00
2.042842851938345472e+00
2.048908056068687866e+00
2.054953156222315336e+00
2.060972280041567295e+00
2.066959566277561056e+00
2.072909197891471322e+00
2.078815435232352460e+00
2.084672649098919361e+00
2.090475353494770427e+00
2.096218237886202651e+00
2.101896198774076296e+00
2.107504370392912829e+00
2.113038154355494136e+00
2.118493248065394408e+00
2.123865671724073145e+00
2.129151793767137146e+00
2.134348354569356232e+00
2.139452488267633790e+00
2.144461742557453032e+00
2.149374096329092154e+00
2.154187975019224766e+00
2.158902263563506452e+00
2.163516316848264509e+00
2.168029967570948457e+00
2.172443531431302421e+00
2.176757809589983772e+00
2.180974088343528017e+00
2.185094135980906849e+00
2.189120196800188545e+00
2.193054982280794984e+00
2.196901659420134489e+00
2.200663836262881201e+00
2.204345544662362766e+00
2.207951220335284237e+00
2.211485680282602839e+00
2.214954097669456168e+00
2.218361974272222703e+00
2.221715110617326072e+00
2.225019573954297059e+00
2.228281664222046654e+00
2.231507878180885474e+00
2.234704871904882317e+00
2.237879421836090899e+00
2.241038384624405300e+00
2.244188655984217906e+00
2.247337128813228446e+00
2.250490650828668393e+00
2.253655981983687884e+00
2.256839751932941507e+00
2.260048417820143651e+00
2.263288222661294480e+00
2.266565154598692455e+00
2.269884907293271414e+00
2.273252841722145146e+00
2.276673949638241989e+00
2.280152818939348514e+00
2.283693601185020405e+00
2.287299981485651834e+00
2.290975150975263830e+00
2.294721782065429316e+00
2.298542006661715931e+00
2.302437397507707928e+00
2.306408952805889090e+00
2.310457084245900905e+00
2.314581608551169456e+00
2.318781742638588383e+00
2.323056102461875216e+00
2.327402705590127407e+00
2.331818977549722227e+00
2.336301761934836296e+00
2.340847334266460855e+00
2.345451419556212613e+00
2.350109213503446703e+00
2.354815407231139357e+00
2.359564215436158019e+00
2.364349407808265191e+00
2.369164343543839646e+00
2.374002008759138249e+00
2.378855056583819128e+00
2.383715849697175315e+00
2.388576505050318044e+00
2.393428940500807123e+00
2.398264923076249389e+00
2.403076118568960862e+00
2.407854142158883715e+00
2.412590609754599491e+00
2.417277189740244303e+00
2.421905654815609044e+00
2.426467933615523709e+00
2.430956161800126747e+00
2.435362732309137357e+00
2.439680344478545759e+00
2.443902051724911484e+00
2.448021307505575894e+00
2.452032009272982815e+00
2.455928540146151029e+00
2.459705808030595797e+00
2.463359281926580380e+00
2.466885025177485424e+00
2.470279725417927619e+00
2.473540720999216624e+00
2.476666023683074425e+00
2.479654337414293419e+00
2.482505073003391072e+00
2.485218358575116415e+00
2.487795045661949978e+00
2.490236710851633006e+00
2.492545652922122379e+00
2.494724885430589456e+00
2.496778124744173599e+00
2.498709773535907175e+00
2.500524899786789046e+00
2.502229211368259598e+00
2.503829026296455762e+00
2.505331238779656022e+00
2.506743281199367068e+00
2.508073082193130077e+00
2.509329021030243467e+00
2.510519878500648172e+00
2.511654784562521669e+00
2.512743163027728599e+00
2.513794673591177364e+00
2.514819151544416265e+00
2.515826545542321213e+00
2.516826853821671595e+00
2.517830059296612077e+00
2.518846063977278060e+00
2.519884623177697680e+00
2.520955279986911268e+00
2.522067300485812957e+00
2.523229610188572725e+00
2.524450732179372991e+00
2.525738727400317352e+00
2.527101137527384189e+00
2.528544930843293237e+00
2.530076451492011103e+00
2.531701372466248490e+00
2.533424652650123399e+00
2.535250498208090342e+00
2.537182328582747726e+00
2.539222747334309638e+00
2.541373518031391221e+00
2.543635545373522433e+00
2.546008861705922222e+00
2.548492619055947372e+00
2.551085086801228030e+00
2.553783655043487144e+00
2.556584843735533852e+00
2.559484317572515266e+00
2.562476906618076367e+00
2.565556632597506770e+00
2.568716740742797988e+00
2.571949737031838268e+00
2.575247430612168209e+00
2.578600981159646199e+00
2.582000950873136080e+00
2.585437360766607462e+00
2.588899750884591899e+00
2.592377244032370243e+00
2.595858612589729830e+00
2.599332347955725986e+00
2.602786732161037619e+00
2.606209911180089378e+00
2.609589969472384752e+00
2.612915005292903103e+00
2.616173206318197497e+00
2.619352925149352362e+00
2.622442754268718090e+00
2.625431600039018765e+00
2.628308755350066139e+00
2.631063970524029294e+00
2.633687522100407019e+00
2.636170279118594806e+00
2.638503766515623017e+00
2.640680225246997637e+00
2.642692668729409444e+00
2.644534935194771563e+00
2.646201735536477528e+00
2.647688696231167427e+00
2.648992396926684201e+00
2.650110402309803881e+00
2.651041287905215871e+00
2.651784659504847763e+00
2.652341165995260042e+00
2.652712505421741529e+00
2.652901424207138703e+00
2.652911709523107398e+00
2.652748174881275567e+00
2.652416639069645754e+00
2.651923898604417573e+00
2.651277693888881792e+00
2.650486669280739171e+00
2.649560327261979431e+00
2.648508976894684785e+00
2.647343676731344964e+00
2.646076172343521105e+00
2.644718828639887498e+00
2.643284557169772953e+00
2.641786738651836330e+00
2.640239141030531478e+00
2.638655833440898935e+00
2.637051096549756224e+00
2.635439329834566635e+00
2.633834956450564757e+00
2.632252326419910027e+00
2.630705618943921742e+00
2.629208744690898047e+00
2.627775248937795460e+00
2.626418216450725929e+00
2.625150178965639292e+00
2.623983026085920045e+00
2.622927920347881692e+00
2.621995217119156507e+00
2.621194389902514299e+00
2.620533961519134536e+00
2.620021441551496633e+00
2.619663270343788319e+00
2.619464769793361292e+00
2.619430101117025789e+00
2.619562229753458649e+00
2.619862897548713931e+00
2.620332602375878395e+00
2.620970585344268855e+00
2.621774825759132455e+00
2.622742043986646010e+00
2.623867712363541216e+00
2.625146074254693485e+00
2.626570171314184687e+00
2.628131878938745558e+00
2.629821949823533789e+00
2.631630065443176125e+00
2.633544895185639056e+00
2.635554162768749098e+00
2.637644719475054078e+00
2.639802623647657942e+00
2.642013225811351340e+00
2.644261258715916885e+00
2.646530931550576948e+00
2.648806027553347597e+00
2.651070004235677402e+00
2.653306095464499137e+00
2.655497414683679835e+00
2.657627058617406668e+00
2.659678210867262749e+00
2.661634244894211854e+00
2.663478825952168005e+00
2.665196011617128047e+00
2.666770350616753049e+00
2.668186979713973450e+00
2.669431718422505817e+00
2.670491161331251639e+00
2.671352767773598202e+00
2.672004948509358879e+00
2.672437148971825494e+00
2.672639928496114425e+00
2.672605034780941136e+00
2.672325472680554981e+00
2.671795566283051926e+00
2.671011013149408697e+00
2.669968929577338113e+00
2.668667885843234888e+00
2.667107930573395791e+00
2.665290603690326332e+00
2.663218937760447602e+00
2.660897447983201491e+00
2.658332111464545289e+00
2.655530336751205311e+00
2.652500924808781413e+00
2.649254022676642784e+00
2.645801070906929731e+00
2.642154745616744904e+00
2.638328895593123224e+00
2.634338474461195290e+00
2.630199467528069324e+00
2.625928812622126518e+00
2.621544314106487139e+00
2.617064549277738905e+00
2.612508766557446460e+00
2.607896775208911055e+00
2.603248826712405428e+00
2.598585488355249051e+00
2.593927509991623026e+00
2.589295685268107050e+00
2.584710708881007957e+00
2.580193031620747313e+00
2.575762715077496434e+00
2.571439287931005513e+00
2.567241605720696818e+00
2.563187715896255714e+00
2.559294729766365073e+00
2.555578702707974159e+00
2.552054523665169050e+00
2.548735814594233595e+00
2.545634840125161613e+00
2.542762427361220379e+00
2.540127895465652763e+00
2.537738994538083492e+00
2.535601853259839000e+00
2.533720934908032074e+00
2.532099001553947293e+00
2.530737086535172597e+00
2.529634475565382346e+00
2.528788697058497625e+00
2.528195522360807690e+00
2.527848976583431106e+00
2.527741360618049882e+00
2.527863284729739313e+00
2.528203713900483152e+00
2.528750024883713365e+00
2.529488074755437577e+00
2.530402280614822530e+00
2.531475709981791056e+00
2.532690181325203405e+00
2.534026374003466309e+00
2.535463946695996285e+00
2.536981663155319922e+00
2.538557523856352915e+00
2.540168901913938626e+00
2.541792681531541476e+00
2.543405397268287960e+00
2.544983372569060709e+00
2.546502856275661308e+00
2.547940156164020031e+00
2.549271768906043345e+00
2.550474506165317123e+00
2.551525616811211705e+00
2.552402905447735293e+00
2.553084847644996103e+00
2.553550702426288233e+00
2.553780622730492222e+00
2.553755764714240151e+00
2.553458396842759992e+00
2.552872009683705201e+00
2.551981427094554888e+00
2.550772919017919804e+00
2.549234315358208214e+00
2.547355119415931846e+00
2.545126618220867609e+00
2.542541985961786821e+00
2.539596375792671168e+00
2.536286994807599005e+00
2.532613157137840076e+00
2.528576311064461457e+00
2.524180037759378603e+00
2.519430021642745654e+00
2.514333995043013914e+00
2.508901662452705850e+00
2.503144611663175478e+00
2.497076219984494472e+00
2.490711563311388321e+00
2.484067333937822308e+00
2.477161770035407162e+00
2.470014596131971274e+00
2.462646970478959751e+00
2.455081432582700618e+00
2.447341842914017018e+00
2.439453307112322555e+00
2.431442078696059994e+00
2.423335436925055042e+00
2.415161539390302092e+00
2.406949251524320044e+00
2.398727957075564632e+00
2.390527354505878499e+00
2.382377244338262479e+00
2.374307312013014926e+00
2.366346910150888050e+00
2.358524843599938858e+00
2.350869160392727419e+00
2.343406951742048605e+00
2.336164164275282396e+00
2.329165427602218230e+00
2.322433899816301661e+00
2.315991132539083175e+00
2.309856955692717317e+00
2.304049380526225210e+00
2.298584517854273201e+00
2.293476507328899405e+00
2.288737453157366097e+00
2.284377362166231329e+00
2.280404081475333022e+00
2.276823235084162622e+00
2.273638161016966475e+00
2.270849852863206397e+00
2.268456911123065023e+00
2.266455510357396452e+00
2.264839387563545969e+00
2.263599855490984858e+00
2.262725842090697714e+00
2.262203954468150258e+00
2.262018563265698390e+00
2.262151901959154721e+00
2.262584175565060196e+00
2.263293674762822505e+00
2.264256894018556565e+00
2.265448655153628810e+00
2.266842239958930083e+00
2.268409536159537776e+00
2.270121199989684424e+00
2.271946836173397877e+00
2.273855193003923691e+00
2.275814367439155550e+00
2.277792013430206541e+00
2.279755546423382739e+00
2.281672338011555112e+00
2.283509896616990442e+00
2.285236032314406085e+00
2.286819005934344506e+00
2.288227664062404187e+00
2.289431562305310752e+00
2.290401079253357786e+00
2.291107523151281633e+00
2.291523232712564973e+00
2.291621673156180705e+00
2.291377528675528463e+00
2.290766793281155955e+00
2.289766863164582666e+00
2.288356635071715939e+00
2.286516616173742911e+00
2.284229051039633251e+00
2.281478070081188747e+00
2.278249860969046914e+00
2.274532860059707229e+00
2.270317955305179325e+00
2.265598686384657334e+00
2.260371423154269532e+00
2.254635501318343227e+00
2.248393295564981464e+00
2.241650215825310877e+00
2.234414621527035294e+00
2.226697660519031174e+00
2.218513051654090074e+00
2.209876840179686219e+00
2.200807160431406562e+00
2.191324038950099418e+00
2.181449262592791705e+00
2.171206321887255708e+00
2.160620422830074716e+00
2.149718544559422018e+00
2.138529509660195060e+00
2.127084030859115238e+00
2.115414703094776527e+00
2.103555921758012204e+00
2.091543722944774863e+00
2.079415555780562919e+00
2.067210006732840721e+00
2.054966499360791232e+00
2.042724990259141560e+00
2.030525674965685035e+00
2.018408709253060707e+00
2.006413944413317552e+00
1.994580671795859850e+00
1.982947372468178981e+00
1.971551471521601595e+00
1.960429101368191596e+00
1.949614882283645656e+00
1.939141729825476279e+00
1.929040696975450775e+00
1.919340854362982185e+00
1.910069205995625463e+00
1.901250632113663297e+00
1.892907846508725678e+00
1.885061353812615526e+00
1.877729393227587806e+00
1.870927858716175951e+00
1.864670191149323530e+00
1.858967244316714229e+00
1.853827132925086607e+00
1.849255075763764467e+00
1.845253250490237251e+00
1.841820677719416377e+00
1.838953151205824810e+00
1.836643227686703961e+00
1.834880284091768621e+00
1.833650641228264933e+00
1.832937742495048816e+00
1.832722365724903213e+00
1.832982839050671720e+00
1.833695230908531926e+00
1.834833491643777847e+00
1.836369538634822884e+00
1.838273294495783805e+00
1.840512703164872033e+00
1.843053756563719503e+00
1.845860562773714575e+00
1.848895476761105883e+00
1.852119300725754147e+00
1.855491547913717287e+00
1.858970754448742158e+00
1.862514819246029463e+00
1.866081351334969884e+00
1.869628005355257416e+00
1.873112788634244685e+00
1.876494327086607683e+00
1.879732082619424371e+00
1.882786521748808450e+00
1.885619242628499670e+00
1.888193073654123477e+00
1.890472159172418731e+00
1.892422045562638599e+00
1.894009774700071924e+00
1.895203983718599661e+00
1.895975002904616291e+00
1.896294939889115794e+00
1.896137739205281392e+00
1.895479211417945731e+00
1.894297033919600359e+00
1.892570734142746902e+00
1.890281673330590717e+00
1.887413053325610157e+00
1.883949968629448524e+00
1.879879520415615790e+00
1.875190998463102332e+00
1.869876122716994660e+00
1.863929321221730717e+00
1.857348008932729666e+00
1.850132825431670458e+00
1.842287790740395392e+00
1.833820347638273507e+00
1.824741275093646919e+00
1.815064478232862877e+00
1.804806682153871744e+00
1.793987075414771759e+00
1.782626959618430096e+00
1.770749460640069994e+00
1.758379343556078389e+00
1.745542949375913366e+00
1.732268242623773880e+00
1.718584932013073274e+00
1.704524609193315943e+00
1.690120847727345721e+00
1.675409216915212385e+00
1.660427189032102735e+00
1.645213946612769096e+00
1.629810119993000406e+00
1.614257497516841111e+00
1.598598748768164990e+00
1.582877186864889429e+00
1.567136575069654203e+00
1.551420963152319477e+00
1.535774526545619967e+00
1.520241379888606081e+00
1.504865345718781944e+00
1.489689675107779276e+00
1.474756734171538186e+00
1.460107682907341609e+00
1.445782176906178496e+00
1.431818117432530624e+00
1.418251463549722757e+00
1.405116105814558480e+00
1.392443789290805700e+00
1.380264067483209844e+00
1.368604269092948300e+00
1.357489464680973201e+00
1.346942427500317674e+00
1.336983588975879877e+00
1.327630992667404586e+00
1.318900250572034638e+00
1.310804503152434464e+00
1.303354381172181720e+00
1.296557965183316119e+00
1.290420738918568455e+00
1.284945536608753436e+00
1.280132490787100341e+00
1.275978994468846661e+00
1.272479696637282665e+00
1.269626549586992725e+00
1.267408919053327754e+00
1.265813753935521202e+00
1.264825795573137235e+00
1.264427792790959071e+00
1.264600683962507910e+00
1.265323714038563141e+00
1.266574471209248598e+00
1.268328848835995837e+00
1.270560956083139015e+00
1.273243009788294078e+00
1.276345239417889799e+00
1.279835829657915758e+00
1.283680916270242722e+00
1.287844643951548296e+00
1.292289290776347244e+00
1.296975460869784769e+00
1.301862343347643503e+00
1.306908030460606440e+00
1.312069881779491798e+00
1.317304915379774455e+00
1.322570202714411502e+00
1.327823242378011859e+00
1.333022289994341358e+00
1.338126627054836426e+00
1.343096760023486658e+00
1.347894551156809229e+00
1.352483292647845392e+00
1.356827743965406396e+00
1.360894156574841585e+00
1.364650308972757964e+00
1.368065567841077357e+00
1.371110979702124810e+00
1.373759384962276453e+00
1.375985536398839137e+00
1.377766199833700078e+00
1.379080216837871298e+00
1.379908516552666331e+00
1.380234073328953315e+00
1.380041815934373250e+00
1.379318500641372847e+00
1.378052564189651719e+00
1.376233974121847448e+00
1.373854094192932029e+00
1.370905581713985466e+00
1.367382331374205062e+00
1.363279475644176619e+00
1.358593445095825691e+00
1.353322083493366357e+00
1.347464803623531715e+00
1.341022762149126413e+00
1.333999026796063969e+00
1.326398708099464363e+00
1.318229031469558166e+00
1.309499333638490581e+00
1.300220979858043302e+00
1.290407212625872768e+00
1.280072956209559631e+00
1.269234610254333706e+00
1.257909867353526501e+00
1.246117582439335791e+00
1.233877707607837770e+00
1.221211288274597129e+00
1.208140500398910522e+00
1.194688698543578953e+00
1.180880443384102030e+00
1.166741484780599247e+00
1.152298689849761359e+00
1.137579920300941350e+00
1.122613875318504206e+00
1.107429922588319737e+00
1.092057939839555569e+00
1.076528183626534130e+00
1.060871193308767557e+00
1.045117728903426801e+00
1.029298733819318024e+00
1.013445308740675621e+00
9.975886815549939168e-01
9.817601599282363978e-01
9.659910571267009693e-01
9.503125868806262533e-01
9.347557283242391435e-01
9.193510663549120387e-01
9.041286155561756299e-01
8.891176370164199927e-01
8.743464572606340912e-01
8.598422975914452593e-01
8.456311208815132652e-01
8.317375015267214344e-01
8.181845228853603658e-01
8.049937049366220343e-01
7.921849629477900612e-01
7.797765956294049339e-01
7.677852988036576454e-01
7.562261984401696946e-01
7.451128955044448166e-01
7.344575148086046612e-01
7.242707510865817877e-01
7.145619076733099595e-01
7.053389260346870637e-01
6.966084073710394620e-01
6.883756299699311798e-01
6.806445673397485407e-01
6.734179120531351703e-01
6.666971086156749937e-01
6.604823959011368872e-01
6.547728564806862828e-01
6.495664674767244184e-01
6.448601462960177333e-01
6.406497852845145502e-01
6.369302719320266704e-01
6.336954950434063871e-01
6.309383411388513885e-01
6.286506880407563003e-01
6.268234032461004190e-01
6.254463530039973129e-01
6.245084244801414330e-01
6.239975590891041479e-01
6.239007914056476922e-01
6.242042862694076044e-01
6.248933674061629695e-01
6.259525338936857697e-01
6.273654651007889438e-01
6.291150189376292223e-01
6.311832311080946001e-01
6.335513238410348524e-01
6.361997313141598553e-01
6.391081462791258216e-01
6.422555891443437748e-01
6.456204978116408810e-01
6.491808344591063484e-01
6.529142044222113750e-01
6.567979822407872259e-01
6.608094405050607412e-01
6.649258779659996677e-01
6.691247441425091091e-01
6.733837581542850836e-01
6.776810196805713726e-01
6.819951098752781160e-01
6.863051799144326282e-01
6.905910248071301938e-01
6.948331403570363607e-01
6.990127618624497607e-01
7.031118843615913327e-01
7.071132658805192595e-01
7.110004169804320373e-01
7.147575815333893079e-01
7.183697146537160183e-01
7.218224637385006748e-01
7.251021575167359012e-01
7.281958060379102315e-01
7.310911120758532000e-01
7.337764920213700748e-01
7.362411025200897852e-01
7.384748681968369421e-01
7.404685058764672867e-01
7.422135415657318269e-01
7.437023177766097781e-01
7.449279901713383722e-01
7.458845137156168148e-01
7.465666193911147941e-01
7.469697830288954954e-01
7.470901880771374515e-01
7.469246842298509215e-01
7.464707439285317436e-01
7.457264188510969172e-01
7.446902985906747041e-01
7.433614737288035679e-01
7.417395053193629462e-01
7.398244023655503598e-01
7.376166081704604860e-01
7.351169955404445178e-01
7.323268698097566975e-01
7.292479776858160623e-01
7.258825191164544055e-01
7.222331588928656565e-01
7.183030346230609986e-01
7.140957581007146837e-01
7.096154079434319195e-01
7.048665126029513006e-01
6.998540242822615109e-01
6.945832857049070164e-01
6.890599928040017641e-01
6.832901570179199524e-01
6.772800708547457305e-01
6.710362797289697312e-01
6.645655619086874299e-01
6.578749169898984173e-01
6.509715619198634950e-01
6.438629324860722924e-01
6.365566875560874083e-01
6.290607132543608593e-01
6.213831246470179481e-01
6.135322632256566822e-01
6.055166893436936260e-01
5.973451695768196013e-01
5.890266595986447529e-01
5.805702835154596952e-01
5.719853106799217546e-01
5.632811308663333572e-01
5.544672284311695787e-01
5.455531558036890161e-01
5.365485064353591182e-01
5.274628872326653228e-01
5.183058905202715394e-01
5.090870657068903293e-01
4.998158910122563747e-01
4.905017458059326985e-01
4.811538842546219108e-01
4.717814110379289216e-01
4.623932598512487946e-01
4.529981752763044822e-01
4.436046983805568833e-01
4.342211561433936828e-01
4.248556545339267076e-01
4.155160748186154662e-01
4.062100724808084817e-01
3.969450780061526407e-01
3.877282987338590003e-01
3.785667209876894534e-01
3.694671117813846939e-01
3.604360195191391170e-01
3.514797732788542683e-01
3.426044804504563279e-01
3.338160226948904130e-01
3.251200503727716407e-01
3.165219757514263765e-01
3.080269654272302371e-01
2.996399324808007858e-01
2.913655289195160591e-01
2.832081389474012112e-01
2.751718735457796550e-01
2.672605667520647210e-01
2.594777739047635645e-01
2.518267719842356422e-01
2.443105620411856194e-01
2.369318735734168846e-01
2.296931706014115893e-01
2.225966591117224669e-01
2.156442954890832597e-01
2.088377955488088800e-01
2.021786438064145930e-01
1.956681026765506037e-01
1.893072213734113274e-01
1.830968443700312365e-01
1.770376193654151775e-01
1.711300047808856362e-01
1.653742768654259399e-01
1.597705365195450367e-01
1.543187159541355158e-01
1.490185852829836177e-01
1.438697591170488843e-01
1.388717031846780914e-01
1.340237409611005903e-01
1.293250602516620995e-01
1.247747196463414726e-01
1.203716547471056220e-01
1.161146840683893594e-01
1.120025145203941419e-01
1.080337464038088335e-01
1.042068778712353233e-01
1.005203088408956613e-01
9.697234437843817167e-02
9.356119759317643725e-02
9.028499212316370981e-02
8.714176430388317907e-02
8.412946513526795012e-02
8.124596217065971349e-02
7.848904145645538288e-02
7.585640964878431758e-02
7.334569642319012372e-02
7.095445727782452583e-02
6.868017680889869359e-02
6.652027251070018188e-02
6.447209912426010714e-02
6.253295352755221248e-02
6.070008013219747867e-02
5.897067672471997118e-02
5.734190066902518368e-02
5.581087537138734733e-02
5.437469690050449056e-02
5.303044065447215516e-02
5.177516797122573566e-02
5.060593259169861302e-02
4.951978689972138387e-02
4.851378788145546683e-02
4.758500276614602287e-02
4.673051432685659118e-02
4.594742583488621579e-02
4.523286567317585938e-02
4.458399162021564610e-02
4.399799482110099136e-02
4.347210346242405543e-02
4.300358616712046667e-02
4.258975512339335801e-02
4.222796896088576446e-02
4.191563538439366243e-02
4.165021357672964858e-02
4.142921638076609708e-02
4.125021227259355328e-02
4.111082713731908922e-02
4.100874586016581280e-02
4.094171374391050028e-02
4.090753776402390740e-02
4.090408766899777948e-02
4.092929693254709900e-02
4.098116355924250054e-02
4.105775074434668548e-02
4.115718738269900923e-02
4.127766842228092203e-02
4.141745505328731092e-02
4.157487472482165186e-02
4.174832098017686871e-02
4.193625310228276531e-02
4.213719556356389229e-02
4.234973727516513908e-02
4.257253063489224720e-02
4.280429037496784328e-02
4.304379221516398124e-02
4.328987132985854386e-02
4.354142064119652378e-02
4.379738895395293014e-02
4.405677895068572936e-02
4.431864506842643492e-02
4.458209128045190206e-02
4.484626880854401809e-02
4.511037379172035122e-02
4.537364493896660356e-02
4.563536119163713600e-02
4.589483942263945793e-02
4.615143219565288196e-02
4.640452560776908708e-02
4.665353723488294829e-02
4.689791419684571916e-02
4.713713135652358721e-02
4.737068966242551776e-02
4.759811464196307684e-02
4.781895504852277934e-02
4.803278166201818689e-02
4.823918623995262361e-02
4.843778061265488488e-02
4.862819591450042583e-02
4.881008194054269056e-02
4.898310661680585487e-02
4.914695557101555340e-02
4.930133179032475388e-02
4.944595535184721780e-02
4.958056321252644894e-02
4.970490904442172175e-02
4.981876310306303235e-02
4.992191211669830958e-02
5.001415918561340213e-02
5.009532368184112239e-02
5.016524114046595761e-02
5.022376313572279871e-02
5.027075713532180856e-02
5.030610632855814224e-02
5.032970942466807873e-02
5.034148041848477556e-02
5.034134832270379528e-02
5.032925686548520017e-02
5.030516415440675071e-02
5.026904230725263295e-02
5.022087705187779083e-02
5.016066729669050456e-02
5.008842467487836791e-02
5.000417306473822071e-02
4.990794808928628729e-02
4.979979659817850013e-02
4.967977613497257666e-02
4.954795439267009605e-02
4.940440866052664415e-02
4.924922526469903417e-02
4.908249900545325756e-02
4.890433259286171980e-02
4.871483608365902856e-02
4.851412632051779750e-02
4.830232637579547766e-02
4.807956500119698467e-02
4.784597608437722582e-02
4.760169811390177474e-02
4.734687365334646486e-02
4.708164882550029684e-02
4.680617280730513252e-02
4.652059733637300964e-02
4.622507622939583949e-02
4.591976491341731581e-02
4.560481996999674048e-02
4.528039869294223085e-02
4.494665866020981781e-02
4.460375731991984838e-02
4.425185159124070400e-02
4.389109748031379266e-02
4.352164971138289262e-02
4.314366137365820836e-02
4.275728358378576982e-02
4.236266516437664498e-02
4.195995233844550254e-02
4.154928844005147115e-02
4.113081364086002695e-02
4.070466469287311456e-02
4.027097468687356602e-02
3.982987282671350548e-02
3.938148421896889295e-02
3.892592967785513114e-02
3.846332554486284888e-02
3.799378352296079592e-02
3.751741052467261889e-02
3.703430853382948945e-02
3.654457448021635607e-02
3.604830012681093515e-02
3.554557196889838316e-02
3.503647114463859930e-02
3.452107335626478091e-02
3.399944880168408179e-02
3.347166211549171266e-02
3.293777231916027864e-02
3.239783277962594160e-02
3.185189117577796186e-02
3.129998947231409784e-02
3.074216390054166498e-02
3.017844494541781220e-02
2.960885733862789193e-02
2.903342005713016247e-02
2.845214632682033923e-02
2.786504363098555453e-02
2.727211372321372562e-02
2.667335264458512226e-02
2.606875074472667433e-02
2.545829270681095047e-02
2.484195757615023648e-02
2.421971879245439149e-02
2.359154422555440750e-02
2.295739621480497039e-02
2.231723161199575256e-02
2.167100182803907357e-02
2.101865288353175348e-02
2.036012546333266712e-02
1.969535497546509584e-02
1.902427161468201247e-02
1.834680043087519308e-02
1.766286140291099815e-02
1.697236951814200256e-02
1.627523485837322620e-02
1.557136269236529535e-02
0.000000000000000000e+00
