1.594273602074309237e-01
3.571120610557710403e-03
2.950487496230192255e-03
2.492934143304029269e-03
2.135181438482388304e-03
1.841414425009384225e-03
1.590622292689901482e-03
1.369987762608681310e-03
1.171367943865704109e-03
9.893766771891482174e-04
8.203115159402616513e-04
6.615357119291534211e-04
5.111112017575216793e-04
3.675736691966338156e-04
2.297902494061870079e-04
9.686667728525211012e-05
-3.191512547438455326e-05
-1.571401858706451046e-04
-2.792910643530078195e-04
-3.987700490957644603e-04
-5.159155995385382096e-04
-6.310147561196645469e-04
-7.443126598220730760e-04
-8.560199606156193488e-04
-9.663186568393796264e-04
-1.075366750260964158e-03
-1.183301994427456713e-03
-1.290244940380979102e-03
-1.396301431660538443e-03
-1.501564663292408782e-03
-1.606116892654401449e-03
-1.710030869752312459e-03
-1.813371039969553095e-03
-1.916194560796744299e-03
-2.018552165691410959e-03
-2.120488901438928077e-03
-2.222044760244291407e-03
-2.323255223885272933e-03
-2.424151733952501463e-03
-2.524762099575526050e-03
-2.625110852334066984e-03
-2.725219555950330989e-03
-2.825107077523631490e-03
-2.924789825475927751e-03
-3.024281959134738837e-03
-3.123595573308333810e-03
-3.222740861609973886e-03
-3.321726260762822465e-03
-3.420558578631928588e-03
-3.519243107552634357e-03
-3.617783725123806336e-03
-3.716182983270336412e-03
-3.814442187352266433e-03
-3.912561466200649429e-03
-4.010539833649513601e-03
-4.108375242847418438e-03
-4.206064633665604173e-03
-4.303603973804171444e-03
-4.400988294081731832e-03
-4.498211718521638244e-03
-4.595267489079020440e-03
-4.692147985873459069e-03
-4.788844742754344574e-03
-4.885348458519875141e-03
-4.981649004065307439e-03
-5.077735425412119481e-03
-5.173595942755200745e-03
-5.269217945792414523e-03
-5.364587985186393057e-03
-5.459691760202811314e-03
-5.554514102750608348e-03
-5.649038957679501129e-03
-5.743249359351455460e-03
-5.837127404591337977e-03
-5.930654221926998093e-03
-6.023809937168255954e-03
-6.116573635337177114e-03
-6.208923318844707454e-03
-6.300835862262032031e-03
-6.392286963124667321e-03
-6.483251089553792104e-03
-6.573701424181585193e-03
-6.663609804586421818e-03
-6.752946660619757804e-03
-6.841680948516691563e-03
-6.929780081764726901e-03
-7.017209859665318045e-03
-7.103934392809394503e-03
-7.189916026722087405e-03
-7.275115263438885690e-03
-7.359490681523821534e-03
-7.442998855139795061e-03
-7.525594272514888293e-03
-7.607229254488806838e-03
-7.687853873725351318e-03
-7.767415875338388315e-03
-7.845860599651220679e-03
-7.923130908181733392e-03
-7.999167113411937563e-03
-8.073906913673824584e-03
-8.147285334160975570e-03
-8.219234675027361006e-03
-8.289684467987237793e-03
-8.358561442684674103e-03
-8.425789503948356504e-03
-8.491289721546349534e-03
-8.554980333554092556e-03
-8.616776765039104585e-03
-8.676591663191046341e-03
-8.734334950525557417e-03
-8.789913897264085840e-03
-8.843233214659072458e-03
-8.894195169799905612e-03
-8.942699723972888717e-03
-8.988644694802183296e-03
-9.031925943564866541e-03
-9.072437588477559253e-03
-9.110072244133874883e-03
-9.144721288004028364e-03
-9.176275153843060917e-03
-9.204623651992708405e-03
-9.229656316289587548e-03
-9.251262777019077232e-03
-9.269333158870261824e-03
-9.283758502795506212e-03
-9.294431210243521077e-03
-9.301245507852775110e-03
-9.304097930653279155e-03
-9.302887820937437088e-03
-9.297517840469409281e-03
-9.287894492709699093e-03
-9.273928651741009110e-03
-9.255536094456857238e-03
-9.232638032116772392e-03
-9.205161637262027768e-03
-9.173040562280057944e-03
-9.136215444720537787e-03
-9.094634395851427036e-03
-9.048253467776481637e-03
-8.997037095217850361e-03
-8.940958507510612246e-03
-8.880000107573473439e-03
-8.814153813631007972e-03
-8.743421360389231831e-03
-8.667814557217776508e-03
-8.587355499805977496e-03
-8.502076733759888691e-03
-8.412021368177348413e-03
-8.317243137800689468e-03
-8.217806413319444017e-03
-8.113786159425286776e-03
-8.005267841017462208e-03
-7.892347278656770479e-03
-7.775130454377011599e-03
-7.653733270367913191e-03
-7.528281262274864535e-03
-7.398909270966933308e-03
-7.265761075073704986e-03
-7.128988988868692825e-03
-6.988753429049758721e-03
-6.845222454681353964e-03
-6.698571284717197254e-03
-6.548981797869155019e-03
-6.396642018660799595e-03
-6.241745595112297047e-03
-6.084491271598794701e-03
-5.925082361494709952e-03
-5.763726223575748459e-03
-5.600633745867920205e-03
-5.436018840116962902e-03
-5.270097950258293557e-03
-5.103089577278024751e-03
-4.935213822845166930e-03
-4.766691953229451953e-03
-4.597745985434210231e-03
-4.428598295865942593e-03
-4.259471252883135356e-03
-4.090586872509571759e-03
-3.922166498143473887e-03
-3.754430502913386290e-03
-3.587598014570627693e-03
-3.421886661467369445e-03
-3.257512338580746073e-03
-3.094688992261356367e-03
-2.933628421704331368e-03
-2.774540096277906473e-03
-2.617630985857124365e-03
-2.463105403737096862e-03
-2.311164859071582200e-03
-2.162007917779985768e-03
-2.015830070103184248e-03
-1.872823602999554391e-03
-1.733177475576081362e-03
-1.597077196507691327e-03
-1.464704701517830637e-03
-1.336238229821544617e-03
-1.211852198016816293e-03
-1.091717070843762141e-03
-9.759992269649014809e-04
-8.648608195827500386e-04
-7.584596306328922170e-04
-6.569489181551318654e-04
-5.604772558391200518e-04
-4.691883649196961804e-04
-3.832209375597339304e-04
-3.027084514597077822e-04
-2.277789760096043947e-04
-1.585549697549716239e-04
-9.515306885132844908e-05
-3.768386747680018897e-05
1.374831011167164385e-05
5.904564512859570083e-05
9.811706719988714381e-05
1.308785037638579563e-04
1.572531356027698918e-04
1.771716572919425012e-04
1.905725424993886911e-04
1.974023122228618816e-04
1.976158057541009712e-04
1.911764533747521699e-04
1.780565489278222550e-04
1.582375219749817749e-04
1.317102083979579050e-04
9.847511743706766074e-05
5.854269506812281865e-05
1.193358167456007660e-05
-4.132113643511925796e-05
-1.011796837010591615e-04
-1.675893602459286799e-04
-2.404863174375933971e-04
-3.197953442591705379e-04
-4.054296658199951775e-04
-4.972907556205583696e-04
-5.952681617260396039e-04
-6.992393486872578237e-04
-8.090695553138985315e-04
-9.246116701878623334e-04
-1.045706125079894338e-03
-1.172180807074521026e-03
-1.303850991081734970e-03
-1.440519291901801689e-03
-1.581975638628324056e-03
-1.727997269837338017e-03
-1.878348751845470167e-03
-2.032782020137723425e-03
-2.191036443765803123e-03
-2.352838914512994737e-03
-2.517903959974572645e-03
-2.685933882477843128e-03
-2.856618922114039210e-03
-3.029637446673417393e-03
-3.204656166889961223e-03
-3.381330378056295136e-03
-3.559304228351605100e-03
-3.738211013812541787e-03
-3.917673500014365838e-03
-4.097304271024044750e-03
-4.276706105256712978e-03
-4.455472378538964315e-03
-4.633187494277272306e-03
-4.809427340859080344e-03
-4.983759775632045502e-03
-5.155745136394657493e-03
-5.324936778979597572e-03
-5.490881641291999078e-03
-5.653120834082247040e-03
-5.811190256548675465e-03
-5.964621238125776721e-03
-6.112941204271441983e-03
-6.255674367572490804e-03
-6.392342441419950581e-03
-6.522465377541974973e-03
-6.645562125473210638e-03
-6.761151413082738121e-03
-6.868752548083825391e-03
-6.967886238930996040e-03
-7.058075433741385282e-03
-7.138846176982477192e-03
-7.209728481815530499e-03
-7.270257217366934803e-03
-7.319973009120590152e-03
-7.358423151251542761e-03
-7.385162529009304914e-03
-7.399754549852755048e-03
-7.401772081119160039e-03
-7.390798392873502466e-03
-7.366428103870420463e-03
-7.328268128082059477e-03
-7.275938620924134181e-03
-7.209073921547019120e-03
-7.127323490382045379e-03
-7.030352838553730922e-03
-6.917844447180405802e-03
-6.789498674819222784e-03
-6.645034649065005919e-03
-6.484191141193948286e-03
-6.306727420936015030e-03
-6.112424087777032153e-03
-5.901083877846466201e-03
-5.672532441917078547e-03
-5.426619093518117443e-03
-5.163217522831538807e-03
-4.882226474797277810e-03
-4.583570388450673022e-03
-4.267199994180789942e-03
-3.933092866985491223e-03
-3.581253932586994128e-03
-3.211715923867987724e-03
-2.824539785093490695e-03
-2.419815020974283581e-03
-1.997659988959489975e-03
-1.558222131144322564e-03
-1.101678144506891728e-03
-6.282340863490742423e-04
-1.381254136141314530e-04
3.683830465407017529e-04
8.909971970808201226e-04
1.429393842962789572e-03
1.983220937751216904e-03
2.552097905166015625e-03
3.135616037749106716e-03
3.733338973375050808e-03
4.344803250789454688e-03
4.969518944993728260e-03
5.606970382643699027e-03
6.256616938631689301e-03
6.917893913229071837e-03
7.590213490438462579e-03
8.272965776070777266e-03
8.965519916906250497e-03
9.667225298077456591e-03
1.037741281887117999e-02
1.109539624551622583e-02
1.182047363866839916e-02
1.255192885435327949e-02
1.328903311643054620e-02
1.403104665665323367e-02
1.477722042194823913e-02
1.552679784350502121e-02
1.627901666595411856e-02
1.703311083252219763e-02
1.778831242183890812e-02
1.854385363327165637e-02
1.929896881496365180e-02
2.005289653108796588e-02
2.080488166251170251e-02
2.155417753576358009e-02
2.230004807508520828e-02
2.304176997112518388e-02
2.377863486111570640e-02
2.450995151338917349e-02
2.523504801016516336e-02
2.595327392258973964e-02
2.666400246952754793e-02
2.736663265495198338e-02
2.806059137539251153e-02
2.874533549103409913e-02
2.942035385231700495e-02
3.008516927536946176e-02
3.073934045781606325e-02
3.138246382828724368e-02
3.201417532129281762e-02
3.263415207018488529e-02
3.324211401084133100e-02
3.383782538811857393e-02
3.442109615824653912e-02
3.499178327923745113e-02
3.554979188293466708e-02
3.609507632119170889e-02
3.662764107991096918e-02
3.714754155417768905e-02
3.765488467823657065e-02
3.814982940528503091e-02
3.863258703018677964e-02
3.910342135121473717e-02
3.956264866553937248e-02
4.001063759395399877e-02
4.044780873170791824e-02
4.087463412131672746e-02
4.129163654520367349e-02
4.169938863568451587e-02
4.209851180014229782e-02
4.248967496171986158e-02
4.287359311304037024e-02
4.325102568551766891e-02
4.362277473308515119e-02
4.398968293333421764e-02
4.435263140763262557e-02
4.471253736389560474e-02
4.507035156489634653e-02
4.542705562754668913e-02
4.578365915798941754e-02
4.614119672836031194e-02
4.650072470246188749e-02
4.686331791792375245e-02
4.723006623226501388e-02
4.760207094361475905e-02
4.798044109390273149e-02
4.836628966691170622e-02
4.876072969114044614e-02
4.916487026003533989e-02
4.957981248188927242e-02
5.000664537300025109e-02
5.044644170739790573e-02
5.090025383824928196e-02
5.136910950471451631e-02
5.185400764140198071e-02
5.235591420425755871e-02
5.287575803072638858e-02
5.341442675005288881e-02
5.397276276033757120e-02
5.455155929035150619e-02
5.515155656216574193e-02
5.577343807269748155e-02
5.641782701122502464e-02
5.708528283058929287e-02
5.777629798814748474e-02
5.849129487514369286e-02
5.923062294933173488e-02
5.999455608900483572e-02
6.078329018283181590e-02
6.159694097184749417e-02
6.243554215828063525e-02
6.329904379500397860e-02
6.418731096944720049e-02
6.510012279407650926e-02
6.603717171570072653e-02
6.699806315354835118e-02
6.798231547643210360e-02
6.898936032651364902e-02
7.001854329814470590e-02
7.106912497630359093e-02
7.214028234045012644e-02
7.323111053599046238e-02
7.434062501566085501e-02
7.546776405078120531e-02
7.661139161063325320e-02
7.777030060767241293e-02
7.894321650291726000e-02
8.012880126570745554e-02
8.132565767973469473e-02
8.253233398511905516e-02
8.374732884518787390e-02
8.496909662451271328e-02
8.619605296319995946e-02
8.742658063053698747e-02
8.865903563957841516e-02
8.989175360204257337e-02
9.112305630277231505e-02
9.235125846901603985e-02
9.357467471053497465e-02
9.479162660383685934e-02
9.600044989278418150e-02
9.719950177699228366e-02
9.838716825675059008e-02
9.956187150435079347e-02
1.007220772286595428e-01
1.018663020009581144e-01
1.029931205060622967e-01
1.041011726869723875e-01
1.051891707463289694e-01
1.062559059698105907e-01
1.073002553374266810e-01
1.083211878855630528e-01
1.093177707863798587e-01
1.102891751092569539e-01
1.112346812304240706e-01
1.121536838571333822e-01
1.130456966344414033e-01
1.139103563031298311e-01
1.147474263787799653e-01
1.155568003233651830e-01
1.163385041830270056e-01
1.170926986660501545e-01
1.178196806393664448e-01
1.185198840214925914e-01
1.191938800539032450e-01
1.198423769359150126e-01
1.204662188070469986e-01
1.210663840701492189e-01
1.216439830436975844e-01
1.222002549419706485e-01
1.227365641799384455e-01
1.232543960050967030e-01
1.237553514618419948e-01
1.242411416964471216e-01
1.247135816154442134e-01
1.251745829123936116e-01
1.256261464823018592e-01
1.260703542470802685e-01
1.265093604166452890e-01
1.269453822181987601e-01
1.273806901225879862e-01
1.278175976092190969e-01
1.282584505052176138e-01
1.287056159443441816e-01
1.291614709904144176e-01
1.296283909753404573e-01
1.301087376016779040e-01
1.306048468669538942e-01
1.311190168620496865e-01
1.316534955073808966e-01
1.322104682829381428e-01
1.327920460172893058e-01
1.334002527982930120e-01
1.340370140690483602e-01
1.347041449762322318e-01
1.354033390352153976e-01
1.361361571776789070e-01
1.369040172482820228e-01
1.377081840142704572e-01
1.385497597522544477e-01
1.394296754744962508e-01
1.403486828561914534e-01
1.413073469211568178e-01
1.423060395432191871e-01
1.433449338162380848e-01
1.444239993425433521e-01
1.455429984871693394e-01
1.467014836393176203e-01
1.478987955201753191e-01
1.491340625705877831e-01
1.504062014471798103e-01
1.517139186500640335e-01
1.530557133011332949e-01
1.544298810843993952e-01
1.558345193540638940e-01
1.572675334119358059e-01
1.587266439464024015e-01
1.602093956202997327e-01
1.617131667889095681e-01
1.632351803208514363e-01
1.647725154888456389e-01
1.663221208918621852e-01
1.678808283596270878e-01
1.694453677889644072e-01
1.710123828495921927e-01
1.725784474948135749e-01
1.741400832042794833e-01
1.756937768795351074e-01
1.772359993089610286e-01
1.787632241125639010e-01
1.802719470715820060e-01
1.817587057438250220e-01
1.832200992620059976e-01
1.846528082070378329e-01
1.860536144468049602e-01
1.874194208274952700e-01
1.887472706026575020e-01
1.900343664834655000e-01
1.912780891937350125e-01
1.924760154121918920e-01
1.936259349857485934e-01
1.947258672984950034e-01
1.957740766830606272e-01
1.967690867644294461e-01
1.977096936280778039e-01
1.985949777111347125e-01
1.994243143168691890e-01
2.001973826613289709e-01
2.009141733656047424e-01
2.015749943139030775e-01
2.021804748072335567e-01
2.027315679476476840e-01
2.032295511995714510e-01
2.036760250825815355e-01
2.040729099605134156e-01
2.044224409004986864e-01
2.047271605900452263e-01
2.049899103064486972e-01
2.052138189481197972e-01
2.054022901471917462e-01
2.055589874951671836e-01
2.056878179257631556e-01
2.057929133091722651e-01
2.058786103279499902e-01
2.059494287117966116e-01
2.060100479240437321e-01
2.060652824033991637e-01
2.061200554736359047e-01
2.061793720480922798e-01
2.062482902633996917e-01
2.063318921896661884e-01
2.064352537686581501e-01
2.065634141477024066e-01
2.067213445761377499e-01
2.069139170451551046e-01
2.071458728544159078e-01
2.074217912934116226e-01
2.077460586329794023e-01
2.081228376210020048e-01
2.085560376815275840e-01
2.090492860149193999e-01
2.096058997984490413e-01
2.102288596816570265e-01
2.109207847703192251e-01
2.116839092888454787e-01
2.125200611007038443e-01
2.134306422673014347e-01
2.144166118079548489e-01
2.154784708239810831e-01
2.166162501291968023e-01
2.178295005269964557e-01
2.191172858514112698e-01
2.204781788843006018e-01
2.219102602368019372e-01
2.234111202752437353e-01
2.249778641475254082e-01
2.266071199512411927e-01
2.282950500674860439e-01
2.300373656594046912e-01
2.318293443216025429e-01
2.336658508395521028e-01
2.355413610024100213e-01
2.374499883879568896e-01
2.393855140205016219e-01
2.413414187786730170e-01
2.433109184129844116e-01
2.452870010070523632e-01
2.472624667040212443e-01
2.492299694928287457e-01
2.511820608362558827e-01
2.531112349023091346e-01
2.550099751445150109e-01
2.568708019617381710e-01
2.586863211560602172e-01
2.604492728904212462e-01
2.621525808423457726e-01
2.637894012388053433e-01
2.653531714487514237e-01
2.668376578088659246e-01
2.682370023513639956e-01
2.695457681037690678e-01
2.707589826336142536e-01
2.718721795102714833e-01
2.728814373686788697e-01
2.737834162604775301e-01
2.745753909978219109e-01
2.752552811987210024e-01
2.758216777657879759e-01
2.762738655430969081e-01
2.766118419168008269e-01
2.768363311478602151e-01
2.769487942449803675e-01
2.769514342161027987e-01
2.768471965586211669e-01
2.766397648799639453e-01
2.763335515683127408e-01
2.759336834639680713e-01
2.754459825143159013e-01
2.748769414274310763e-01
2.742336943717522124e-01
2.735239828059590206e-01
2.727561165521170672e-01
2.719389302659155350e-01
2.710817354858167105e-01
2.701942684790993310e-01
2.692866341384013706e-01
2.683692462097256870e-01
2.674527641678224876e-01
2.665480270842601196e-01
2.656659848613197594e-01
2.648176272323787273e-01
2.640139109528666372e-01
2.632656856316752947e-01
2.625836186684848972e-01
2.619781197842924181e-01
2.614592656432626616e-01
2.610367250794553562e-01
2.607196854449770340e-01
2.605167806073236392e-01
2.604360211187821683e-01
2.604847270827811423e-01
2.606694642341471080e-01
2.609959837401955030e-01
2.614691662176901743e-01
2.620929704408809791e-01
2.628703871975033857e-01
2.638033987226535704e-01
2.648929441136440577e-01
2.661388910965115095e-01
2.675400144822984161e-01
2.690939816072305257e-01
2.707973450207034061e-01
2.726455426304571494e-01
2.746329054760049404e-01
2.767526732529186351e-01
2.789970176569513960e-01
2.813570735692852431e-01
2.838229780517059764e-01
2.863839170607134221e-01
2.890281797428755906e-01
2.917432201099078859e-01
2.945157258413750867e-01
2.973316939031323547e-01
3.001765126174147369e-01
3.030350497617668726e-01
3.058917462263521236e-01
3.087307147004937358e-01
3.115358428183113704e-01
3.142909001398699886e-01
3.169796483065406290e-01
3.195859536664782952e-01
3.220939016324397830e-01
3.244879120045007226e-01
3.267528544597156359e-01
3.288741633968871314e-01
3.308379513030883512e-01
3.326311198034087591e-01
3.342414675499711940e-01
3.356577941117245278e-01
3.368699990356230356e-01
3.378691752668717130e-01
3.386476961427104526e-01
3.391992952021183894e-01
3.395191380961945504e-01
3.396038859246990893e-01
3.394517493773444028e-01
3.390625331117916863e-01
3.384376698607297618e-01
3.375802438224206337e-01
3.364950029559679034e-01
3.351883598715732493e-01
3.336683810748761747e-01
3.319447644017586851e-01
3.300288045515857860e-01
3.279333467082337084e-01
3.256727283152133223e-01
3.232627091549306608e-01
3.207203899629548216e-01
3.180641198947236625e-01
3.153133932439988740e-01
3.124887358993715947e-01
3.096115821058555984e-01
3.067041421817423008e-01
3.037892619176373321e-01
3.008902744619023073e-01
2.980308455643122523e-01
2.952348131198451187e-01
2.925260220160620372e-01
2.899281553470577921e-01
2.874645631094357445e-01
2.851580895440969932e-01
2.830309003286452518e-01
2.811043108547363611e-01
2.793986168473217013e-01
2.779329285955209339e-01
2.767250100636786669e-01
2.757911241470835106e-01
2.751458853170783980e-01
2.748021208785585978e-01
2.747707420234467568e-01
2.750606258230969825e-01
2.756785092383684521e-01
2.766288961596158891e-01
2.779139784041139150e-01
2.795335715056097570e-01
2.814850660393111159e-01
2.837633951256074427e-01
2.863610186651321388e-01
2.892679247714710633e-01
2.924716487729558390e-01
2.959573100667650669e-01
2.997076670020270561e-01
3.037031898507365213e-01
3.079221517975694322e-01
3.123407377343915270e-01
3.169331705064126203e-01
3.216718541088962047e-01
3.265275331988133356e-01
3.314694681490479300e-01
3.364656247439581915e-01
3.414828774822483703e-01
3.464872253265433022e-01
3.514440186108842012e-01
3.563181957035622682e-01
3.610745279105370686e-01
3.656778710118675502e-01
3.700934217296866779e-01
3.742869773460471006e-01
3.782251966129454024e-01
3.818758600302299411e-01
3.852081275181442610e-01
3.881927914718505401e-01
3.908025231618713624e-01
3.930121104327934933e-01
3.947986846509395908e-01
3.961419348811672236e-01
3.970243073364851938e-01
3.974311882623202674e-01
3.973510685871317616e-01
3.967756888733288134e-01
3.957001633183230282e-01
3.941230817367291639e-01
3.920465886004993461e-01
3.894764383071802061e-01
3.864220259221399223e-01
3.828963927196838979e-01
3.789162059676246530e-01
3.745017125655651924e-01
3.696766663464442493e-01
3.644682290519136725e-01
3.589068451652147052e-01
3.530260909098878463e-01
3.468624978378056500e-01
3.404553515720124546e-01
3.338464664885929523e-01
3.270799374294208750e-01
3.202018698581948208e-01
3.132600901326290099e-01
3.063038376703097199e-01
2.993834407342394477e-01
2.925499774494056959e-01
2.858549236267130533e-01
2.793497891468182392e-01
2.730857450598170866e-01
2.671132440835942146e-01
2.614816376704013345e-01
2.562387930831330207e-01
2.514307139117156198e-01
2.471011671843104107e-01
2.432913197815757267e-01
2.400393864236311514e-01
2.373802912349203820e-01
2.353453449687651355e-01
2.339619404198042540e-01
2.332532692140422415e-01
2.332380637215690222e-01
2.339303678763993422e-01
2.353393400065048879e-01
2.374690894660753115e-01
2.403185473930380123e-01
2.438813708648048806e-01
2.481458795694960473e-01
2.530950249464370971e-01
2.587063932540647482e-01
2.649522455113024755e-01
2.717995979433042164e-01
2.792103459102884822e-01
2.871414324040703070e-01
2.955450598099209625e-01
3.043689418367331867e-01
3.135565920825019726e-01
3.230476466342186437e-01
3.327782196025000361e-01
3.426812914558252099e-01
3.526871297623151436e-01
3.627237407112377521e-01
3.727173485919371698e-01
3.825929002950892444e-01
3.922745929376197926e-01
4.016864237247205760e-01
4.107527605315607344e-01
4.193989288165418383e-01
4.275518066309808018e-01
4.351404171084409800e-01
4.420965087187300191e-01
4.483551175308084225e-01
4.538551104621219578e-01
4.585397110354081374e-01
4.623570076773803050e-01
4.652604397820059856e-01
4.672092518426176899e-01
4.681689047309689489e-01
4.681114371786246342e-01
4.670157773387499933e-01
4.648680093407896452e-01
4.616615998476064076e-01
4.573975854924256512e-01
4.520847172171779671e-01
4.457395547809677172e-01
4.383865044160162872e-01
4.300577938907839126e-01
4.207933819722949886e-01
4.106408036362095837e-01
3.996549567115623147e-01
3.878978368031010815e-01
3.754382240255674241e-01
3.623513201536260886e-01
3.487183326729345056e-01
3.346260044888990648e-01
3.201660924703675359e-01
3.054348014925037380e-01
2.905321818445213422e-01
2.755614965259769455e-01
2.606285604745033901e-01
2.458410464280651464e-01
2.313077455929987147e-01
2.171377720737755479e-01
2.034397121146827025e-01
1.903207386088384689e-01
1.778857264876200495e-01
1.662364043390691104e-01
1.554705603164458771e-01
1.456812962755885676e-01
1.369563074756428578e-01
1.293771637517156237e-01
1.230185790743611451e-01
1.179476726356959715e-01
1.142232413817937109e-01
1.118950786239182316e-01
1.110033800745065385e-01
1.115782688541089029e-01
1.136394439484077479e-01
1.171959270898570576e-01
1.222458721582769942e-01
1.287764152992481870e-01
1.367635668480421951e-01
1.461721567341663919e-01
1.569558408707103225e-01
1.690571735910330053e-01
1.824077622745359784e-01
1.969285336759645233e-01
2.125301348199592766e-01
2.291134604353546600e-01
2.465702671695860215e-01
2.647838300802186073e-01
2.836296234870951949e-01
3.029760437611270785e-01
3.226852074915705915e-01
3.426138445432754809e-01
3.626142781275150107e-01
3.825354696553217027e-01
4.022241147447780385e-01
4.215257934777184023e-01
4.402861833457202834e-01
4.583523354813883732e-01
4.755740058514959512e-01
4.918050260982663735e-01
5.069046797945199190e-01
5.207390145467493126e-01
5.331820020274186112e-01
5.441165039082273003e-01
5.534351032092640343e-01
5.610409289463862414e-01
5.668485517210350988e-01
5.707848880081755061e-01
5.727899579630144622e-01
5.728173971519282537e-01
5.708347735005815382e-01
5.668238527655312664e-01
5.607809039710449639e-01
5.527170092280729863e-01
5.426582706484287533e-01
5.306458386820576134e-01
5.167357598315166500e-01
5.009986840362598004e-01
4.835194746987154235e-01
4.643967542265646786e-01
4.437424004410908118e-01
4.216809781088093900e-01
3.983490632633302497e-01
3.738944228897950195e-01
3.484750461677752487e-01
3.222580570206295403e-01
2.954185509352973971e-01
2.681383921309987151e-01
2.406049861905290299e-01
2.130100161177387874e-01
1.855481189134399744e-01
1.584155082312377616e-01
1.318085934138122917e-01
1.059226342590363912e-01
8.095037586153749909e-02
5.708052922694856202e-02
3.449604574456505840e-02
1.337235434902076317e-02
-6.124148905294322411e-03
-2.383723619494863832e-02
-3.962180349416359604e-02
-5.334496667323618269e-02
-6.488740676350994441e-02
-7.414475614751062094e-02
-8.102872302303033847e-02
-8.546783513239600283e-02
-8.740791553540454284e-02
-8.681246838982542569e-02
-8.366305604072031554e-02
-7.795962434166571475e-02
-6.972067733862515049e-02
-5.898323672152669395e-02
-4.580261359598400417e-02
-3.025208991929158667e-02
-1.242258472483309846e-02
7.577711090192809813e-03
2.962381844096991651e-02
5.357465587658173656e-02
7.927395361648878480e-02
1.065513573331783592e-01
1.352236441490353436e-01
1.650959716616714479e-01
1.959631135332571827e-01
2.276106872381666868e-01
2.598164304873085695e-01
2.923516163303705451e-01
3.249826972300942085e-01
3.574732060187555405e-01
3.895858047839333982e-01
4.210842467870929418e-01
4.517350577679276613e-01
4.813089804236064251e-01
5.095824509656922130e-01
5.363393529027233875e-01
5.613730454682879234e-01
5.844884447677138883e-01
6.055039152391599178e-01
6.242528412976543484e-01
6.405848570652584728e-01
6.543667817495002481e-01
6.654833493007316081e-01
6.738378072520566642e-01
6.793524101057426545e-01
6.819688268486344684e-01
6.816485134576827365e-01
6.783730723027037168e-01
6.721445300222073094e-01
6.629854301887365686e-01
6.509386964952239563e-01
6.360672796132037510e-01
6.184535908524947390e-01
5.981987103921081461e-01
5.754214070173825357e-01
5.502570792005402334e-01
5.228567360747236048e-01
4.933860656540215439e-01
4.620245437563975099e-01
4.289644781428593179e-01
3.944098912288667713e-01
3.585752309778219571e-01
3.216840108903378237e-01
2.839674964589247730e-01
2.456634220366660515e-01
2.070145781428908704e-01
1.682671556636673449e-01
1.296689444655104717e-01
9.146760212257812328e-02
5.390909391546291202e-02
1.723623370600602459e-02
-1.831275496099938824e-02
-5.250565664995035520e-02
-8.511770510122625144e-02
-1.159332310595092980e-01
-1.447476425068165429e-01
-1.713695248082628964e-01
-1.956223932613944672e-01
-2.173458282630114646e-01
-2.363961992932954448e-01
-2.526473962264504936e-01
-2.659917315068740518e-01
-2.763408226678529811e-01
-2.836262195898195393e-01
-2.877997619006125163e-01
-2.888338144345379277e-01
-2.867214754956232126e-01
-2.814767035330660860e-01
-2.731342305772443413e-01
-2.617491659889449873e-01
-2.473962891468067804e-01
-2.301691290596128425e-01
-2.101789912408709715e-01
-1.875540747607347403e-01
-1.624387032626245786e-01
-1.349925227665835503e-01
-1.053894296273260034e-01
-7.381611120056560948e-02
-4.047037183762012408e-02
-5.559626185421069795e-03
3.070017771595948824e-02
6.808532216307175422e-02
1.063651503782597763e-01
1.453032295653809702e-01
1.846587853763034248e-01
2.241881787074759269e-01
2.636463089932745696e-01
3.027880144387821160e-01
3.413695850616983440e-01
3.791504224258609446e-01
4.158947963886373000e-01
4.513736146993342357e-01
4.853661147302213985e-01
5.176614010922232501e-01
5.480598008099479834e-01
5.763740798630568873e-01
6.024306156166480131e-01
6.260705934846927390e-01
6.471511917699162009e-01
6.655466221675311322e-01
6.811488987134316497e-01
6.938683020406566371e-01
7.036335882940812914e-01
7.103920113662925973e-01
7.141092284904769771e-01
7.147691762853518593e-01
7.123739871719663164e-01
7.069439237666136355e-01
6.985172045320191536e-01
6.871495761420858273e-01
6.729135700087671701e-01
6.558974949299072321e-01
6.362043038793592231e-01
6.139505011834868187e-01
5.892651989773721732e-01
5.622892893240842849e-01
5.331745672514238699e-01
5.020826690545479032e-01
4.691838989909989932e-01
4.346562042641537449e-01
3.986844878738158293e-01
3.614601438453896587e-01
3.231804630891565999e-01
2.840476546786950274e-01
2.442675714299039069e-01
2.040484662214935851e-01
1.636000094752155798e-01
1.231325100471216544e-01
8.285611475278317761e-02
4.297983834281272897e-02
3.710448290479002702e-03
-3.474868742579570458e-02
-7.219871555915240158e-02
-1.084463717587565018e-01
-1.433050509180911203e-01
-1.765959181258356381e-01
-2.081490920101775055e-01
-2.378048984157854484e-01
-2.654151278863823293e-01
-2.908441589697018936e-01
-3.139697991714174852e-01
-3.346837920151740087e-01
-3.528920857269367550e-01
-3.685150311296023773e-01
-3.814876129398109272e-01
-3.917596962971672814e-01
-3.992962142227585165e-01
-4.040772655121310786e-01
-4.060981553525765397e-01
-4.053694037160184838e-01
-4.019166706404959655e-01
-3.957804823780846082e-01
-3.870156593247430776e-01
-3.756904459873961488e-01
-3.618854609857511395e-01
-3.456926449409869484e-01
-3.272143504897304656e-01
-3.065626177087009130e-01
-2.838585734863491861e-01
-2.592318367675011115e-01
-2.328198158625870984e-01
-2.047668376713467908e-01
-1.752231381804124632e-01
-1.443438407613744645e-01
-1.122880900296693574e-01
-7.921843389222560372e-02
-4.530038393272633329e-02
-1.070196662333601847e-02
2.440688199446536949e-02
5.985506586992733746e-02
9.547108947129953616e-02
1.310837212648657268e-01
1.665225744607789493e-01
2.016187075951544339e-01
2.362053354433352181e-01
2.701186717114496538e-01
3.031988726011541346e-01
3.352910372790084970e-01
3.662462214705491936e-01
3.959224100952685732e-01
4.241853809763274641e-01
4.509093991356126763e-01
4.759777244094792192e-01
4.992829792836103731e-01
5.207274700083664998e-01
5.402235476455213847e-01
5.576940368966910588e-01
5.730726871764537655e-01
5.863045574199255983e-01
5.973462512656781964e-01
6.061659581629801341e-01
6.127433053436377453e-01
6.170690715223038358e-01
6.191448448254393000e-01
6.189827069544685534e-01
6.166049804961666325e-01
6.120440029687694850e-01
6.053418340718610402e-01
5.965498013995605975e-01
5.857278476354792485e-01
5.729437251959069721e-01
5.582721480524808211e-01
5.417940252995936401e-01
5.235958605240780273e-01
5.037693209904580138e-01
4.824108968747639059e-01
4.596215301329770186e-01
4.355061273924759058e-01
4.101729675120464602e-01
3.837331069688682539e-01
3.562999017777335187e-01
3.279886858962276497e-01
2.989165345930628326e-01
2.692019879945560801e-01
2.389646547099422147e-01
2.083247137268122440e-01
1.774024022160303748e-01
1.463175719438307154e-01
1.151893385673506687e-01
8.413578965284276845e-02
5.327369445220520028e-02
2.271817090112548260e-02
-7.417707318761700142e-03
-3.702335650620863783e-02
-6.599116052546148692e-02
-9.421695624517459344e-02
-1.216005077842001458e-01
-1.480459592448954143e-01
-1.734622632334044678e-01
-1.977635860640468146e-01
-2.208696900810272201e-01
-2.427062896997200514e-01
-2.632053707667571518e-01
-2.823054551736410289e-01
-2.999517911773825762e-01
-3.160964608229266948e-01
-3.306984163756757633e-01
-3.437234747167008386e-01
-3.551442993870376208e-01
-3.649403837839595988e-01
-3.730980285524701512e-01
-3.796102961025402123e-01
-3.844769298892400933e-01
-3.877042378985054993e-01
-3.893049469951347374e-01
-3.892980314150443766e-01
-3.877085079160427772e-01
-3.845671807303409073e-01
-3.799103196608787925e-01
-3.737792671185681259e-01
-3.662199901755276432e-01
-3.572826121569255275e-01
-3.470209650448303207e-01
-3.354921948724002290e-01
-3.227564316437796510e-01
-3.088765131308098821e-01
-2.939177374888234384e-01
-2.779476167985858170e-01
-2.610356105407199423e-01
-2.432528306631445980e-01
-2.246717247657986360e-01
-2.053657575007374891e-01
-1.854091175237870259e-01
-1.648764728308689254e-01
-1.438427801732474753e-01
-1.223831319132959033e-01
-1.005726093863143211e-01
-7.848611527136728494e-02
-5.619817658885950529e-02
-3.378273153878861429e-02
-1.131292314564661880e-02
1.113908419935408754e-02
3.350226545686736668e-02
5.570688646178933306e-02
7.768466267288465232e-02
9.936893508030467115e-02
1.206948639941640561e-01
1.415996354379875921e-01
1.620226735416102626e-01
1.819058533839193192e-01
2.011937092114035042e-01
2.198336317260913275e-01
2.377760463090581311e-01
2.549745638012990145e-01
2.713860983270808269e-01
2.869709523198085144e-01
3.016928752490024568e-01
3.155191065967312136e-01
3.284204133495939315e-01
3.403711277844849725e-01
3.513491849463724059e-01
3.613361539853020554e-01
3.703172553421641977e-01
3.782813565220027319e-01
3.852209414336910109e-01
3.911320507702865656e-01
3.960141935123604462e-01
3.998702327662509437e-01
4.027062525903144508e-01
4.045314148703854085e-01
4.053578150392407320e-01
4.052003419534424555e-01
4.040765417663138015e-01
4.020064805930174123e-01
3.990125983401232590e-01
3.951195471578782259e-01
3.903540118881232424e-01
3.847445149630329686e-01
3.783212126946522424e-01
3.711156925299684550e-01
3.631607811215636361e-01
3.544903710424410215e-01
3.451392701610317970e-01
3.351430729483503845e-01
3.245380485771682810e-01
3.133610380148391661e-01
3.016493524757055122e-01
2.894406686320929456e-01
2.767729206152751975e-01
2.636841929131018558e-01
2.502126198305491545e-01
2.363962955426536228e-01
2.222731949862397360e-01
2.078811020630895179e-01
1.932575399122127835e-01
1.784396990945316397e-01
1.634643626326891530e-01
1.483678301513886577e-01
1.331858452313640084e-01
1.179535298157785017e-01
1.027053275344895628e-01
8.747495527198864695e-02
7.229536032513862731e-02
5.719867972590014782e-02
4.221619873389973604e-02
2.737830669116757959e-02
1.271444979124309628e-02
-1.746918598132489583e-03
-1.597838878157396836e-02
-2.995364524013158919e-02
-4.364751531114936800e-02
-5.703601473005249362e-02
-7.009638896849032519e-02
-8.280714961562270215e-02
-9.514810542183094189e-02
-1.071003880073050363e-01
-1.186464725429218353e-01
-1.297701938395671994e-01
-1.404567581579475033e-01
-1.506927507310640846e-01
-1.604661386203390383e-01
-1.697662683373030723e-01
-1.785838577910162650e-01
-1.869109825664322100e-01
-1.947410570991088830e-01
-2.020688117289155816e-01
-2.088902666972307365e-01
-2.152027038859110619e-01
-2.210046366420636843e-01
-2.262957776165358259e-01
-2.310770043401480789e-01
-2.353503223002206823e-01
-2.391188254831052851e-01
-2.423866545703057540e-01
-2.451589531125734078e-01
-2.474418220211588582e-01
-2.492422726299751701e-01
-2.505681784671048851e-01
-2.514282257611107907e-01
-2.518318626428666662e-01
-2.517892469884714934e-01
-2.513111928986175303e-01
-2.504091159250499965e-01
-2.490949773331790629e-01
-2.473812278941396881e-01
-2.452807518861057079e-01
-2.428068120945923725e-01
-2.399729966007196347e-01
-2.367931680281778750e-01
-2.332814157141665790e-01
-2.294520110272178504e-01
-2.253193658223233420e-01
-2.208979938451585689e-01
-2.162024747781153555e-01
-2.112474205719145071e-01
-2.060474437041873719e-01
-2.006171270526357353e-01
-1.949709951496961524e-01
-1.891234866976779505e-01
-1.830889283548270963e-01
-1.768815099336588925e-01
-1.705152612498281040e-01
-1.640040308914959832e-01
-1.573614671244203400e-01
-1.506010010101490326e-01
-1.437358316246755974e-01
-1.367789130790864061e-01
-1.297429429183977467e-01
-1.226403514483496299e-01
-1.154832916255865150e-01
-1.082836293130907679e-01
-1.010529338932300569e-01
-9.380246939351104263e-02
-8.654318635975447038e-02
-7.928571469992964915e-02
-7.204035763026229999e-02
-6.481708672441081898e-02
-5.762553793883545827e-02
-5.047500840316202636e-02
-4.337445373913592639e-02
-3.633248570508201131e-02
-2.935737003516160348e-02
-2.245702443075501750e-02
-1.563901673823469077e-02
-8.910563398171526817e-03
-2.278528269754709172e-03
4.250578075667886535e-03
1.067059852746096542e-02
1.697572904226941903e-02
2.316051768066184832e-02
2.921986308168226729e-02
3.514901238560050323e-02
4.094355860350105264e-02
4.659943742359783786e-02
5.211292343768601787e-02
5.748062577753190044e-02
6.269948316817712530e-02
6.776675842710441766e-02
7.268003246313389787e-02
7.743719784351871249e-02
8.203645200363625378e-02
8.647629016503494137e-02
9.075549800862144079e-02
9.487314412993962109e-02
9.882857228035099584e-02
1.026213933867532874e-01
1.062514773362834702e-01
1.097189445164439975e-01
1.130241571094148384e-01
1.161677101505915743e-01
1.191504223694009046e-01
1.219733268372888702e-01
1.246376614515339737e-01
1.271448592833410718e-01
1.294965388210125856e-01
1.316944941382521550e-01
1.337406850203297637e-01
1.356372270814479031e-01
1.373863819082314086e-01
1.389905472636142614e-01
1.404522473830568108e-01
1.417741233924836308e-01
1.429589238720385402e-01
1.440094955868747861e-01
1.449287744011529544e-01
1.457197763898065712e-01
1.463855891608530635e-01
1.469293633996931470e-01
1.473543046478588414e-01
1.476636653268752208e-01
1.478607370196715898e-01
1.479488430193076909e-01
1.479313311547935939e-01
1.478115669016739908e-01
1.475929267831010416e-01
1.472787920650484306e-01
1.468725427484846857e-01
1.463775518579517043e-01
1.457971800271953278e-01
1.451347703794776400e-01
1.443936437018074892e-01
1.435770939099844934e-01
1.426883838025639895e-01
1.417307411001821893e-01
1.407073547669762947e-01
1.396213716095489332e-01
1.384758931475949251e-01
1.372739727509286745e-01
1.360186130344119004e-01
1.347127635037108084e-01
1.333593184421348332e-01
1.319611150292339108e-01
1.305209316809742837e-01
1.290414866003955219e-01
1.275254365282544322e-01
1.259753756820298776e-01
1.243938348721452258e-01
1.227832807841966745e-01
1.211461154167907950e-01
1.194846756635315477e-01
1.178012330305856781e-01
1.160979934794783563e-01
1.143770973874085883e-01
1.126406196170418178e-01
1.108905696887131920e-01
1.091288920488941439e-01
1.073574664290361802e-01
1.055781082894925171e-01
1.037925693433878194e-01
1.020025381563086919e-01
1.002096408165714103e-01
9.841544167236582208e-02
9.662144413122740472e-02
9.482909151748264431e-02
9.303976798373142509e-02
9.125479947211358189e-02
8.947545472100712494e-02
8.770294631333276636e-02
8.593843176209411960e-02
8.418301462916512323e-02
8.243774567335838965e-02
8.070362402375522159e-02
7.898159837407695005e-02
7.727256819494685014e-02
7.557738495938107204e-02
7.389685337907178631e-02
7.223173264668883431e-02
7.058273768236657253e-02
6.895054038020849430e-02
6.733577085291768405e-02
6.573901867154405276e-02
6.416083409827509632e-02
6.260172931040609845e-02
6.106217961372685521e-02
5.954262464395673055e-02
5.804346955464749491e-02
5.656508619133385207e-02
5.510781424998078409e-02
5.367196242010792429e-02
5.225780951105025995e-02
5.086560556157197766e-02
4.949557293181922751e-02
4.814790737753261995e-02
4.682277910604639576e-02
4.552033381370001325e-02
4.424069370425908615e-02
4.298395848836895905e-02
4.175020636309929867e-02
4.053949497222961856e-02
3.935186234604574895e-02
3.818732782122142427e-02
3.704589294009502654e-02
3.592754232956058696e-02
3.483224455895866239e-02
3.375995297751539781e-02
3.271060653058965872e-02
3.168413055514857080e-02
3.068043755441304810e-02
2.969942795123286378e-02
2.874099082102809372e-02
2.780500460347291869e-02
2.689133779365801558e-02
2.599984961257143651e-02
2.513039065679599157e-02
2.428280352817564075e-02
2.345692344279165856e-02
2.265257882015518642e-02
2.186959185227773522e-02
2.110777905326657183e-02
2.036695178916340943e-02
1.964691678879702114e-02
1.894747663559416540e-02
1.826843024065162580e-02
1.760957329753510062e-02
1.697069871886460954e-02
1.635159705527945359e-02
1.575205689689532576e-02
1.517186525770738113e-02
1.461080794330337287e-02
1.406866990212883237e-02
1.354523556083309446e-02
1.304028914399198852e-02
1.255361497846190985e-02
1.208499778300356313e-02
1.163422294331129328e-02
1.120107677288741978e-02
1.078534676022641081e-02
1.038682180264775302e-02
1.000529242700535365e-02
9.640550997805780176e-03
9.292391913162934697e-03
8.960611788576126543e-03
8.645009629488024580e-03
8.345386992241283705e-03
8.061548134523949249e-03
7.793300155035896848e-03
7.540453122999846332e-03
7.302820197890283818e-03
7.080217739446569708e-03
6.872465408492690539e-03
6.679386258775343865e-03
6.500806820079773653e-03
6.336557173000237006e-03
6.186471015526803612e-03
6.050385721729846164e-03
5.928142392843163341e-03
5.819585900986329330e-03
5.724564925586434448e-03
5.642931983009203886e-03
5.574543449347657553e-03
5.519259576630421681e-03
5.476944502759794817e-03
5.447466255177215062e-03
5.430696748519486458e-03
5.426511776373830857e-03
5.434790997290701517e-03
5.455417915180812809e-03
5.488279854237343609e-03
5.533267928385013530e-03
5.590277005398350436e-03
5.659205665948332555e-03
5.739956157257320932e-03
5.832434341772994510e-03
5.936549640761651370e-03
0.000000000000000000e+00
