1.582908818753463089e-03
1.471976847501235046e-03
1.354683629385066822e-03
1.256583259787365583e-03
1.173594839408474829e-03
1.102246036722206524e-03
1.039976655210060000e-03
9.848882928416280696e-04
9.355564416912869920e-04
8.908984376604692744e-04
8.500806496509181499e-04
8.124528746529385836e-04
7.775016035570161011e-04
7.448164287240169323e-04
7.140656579996665278e-04
6.849784251848931938e-04
6.573314224098126797e-04
6.309389501751556202e-04
6.056453715726734877e-04
5.813193259088843615e-04
5.578492429795482840e-04
5.351398289873157644e-04
5.131092854607471453e-04
4.916870872357571214e-04
4.708121907436672035e-04
4.504315770681948761e-04
4.304990576467579585e-04
4.109742880776070563e-04
3.918219480614341423e-04
3.730110552581682908e-04
3.545143876612895720e-04
3.363079947371561346e-04
3.183707815806230326e-04
3.006841534599068470e-04
2.832317106768025079e-04
2.659989855340087685e-04
2.489732147305561338e-04
2.321431416978604525e-04
2.154988445081135889e-04
1.990315852817684298e-04
1.827336783284360376e-04
1.665983742992611070e-04
1.506197581545228883e-04
1.347926590552866153e-04
1.191125707833483142e-04
1.035755813015945575e-04
8.817831027258694204e-05
7.291785370055492985e-05
5.779173481213194805e-05
4.279786048846727467e-05
2.793448272904328961e-05
1.320016446510563306e-05
-1.406250482383095357e-06
-1.588566400036765049e-05
-3.023874684718072216e-05
-4.446595895894075415e-05
-5.856756690150465873e-05
-7.254365892781407265e-05
-8.639415780193484911e-05
-1.001188313597835386e-04
-1.137173012760794920e-04
-1.271890499913087185e-04
-1.405334260554417722e-04
-1.537496479807660033e-04
-1.668368066199419687e-04
-1.797938663925651174e-04
-1.926196652986192489e-04
-2.053129138699809396e-04
-2.178721933198133134e-04
-2.302959526130348312e-04
-2.425825050276052958e-04
-2.547300238515062690e-04
-2.667365376465252844e-04
-2.785999249957937535e-04
-2.903179087946488072e-04
-3.018880503136643070e-04
-3.133077428974577710e-04
-3.245742056524669522e-04
-3.356844767658918958e-04
-3.466354071364681792e-04
-3.574236537434462551e-04
-3.680456733128496523e-04
-3.784977159229851659e-04
-3.887758189356649990e-04
-3.988758010804445788e-04
-4.087932570051825039e-04
-4.185235519281268091e-04
-4.280618167118241260e-04
-4.374029434919157093e-04
-4.465415814005103154e-04
-4.554721331636693874e-04
-4.641887518280330251e-04
-4.726853382434548158e-04
-4.809555389575901241e-04
-4.889927448341461255e-04
-4.967900900277541238e-04
-5.043404518919303824e-04
-5.116364514073819519e-04
-5.186704541665818850e-04
-5.254345725946625188e-04
-5.319206684410342570e-04
-5.381203564304821389e-04
-5.440250087348730236e-04
-5.496257603534043541e-04
-5.549135155507091974e-04
-5.598789553987801445e-04
-5.645125463768090089e-04
-5.688045502721193313e-04
-5.727450352046021924e-04
-5.763238881248665142e-04
-5.795308284603301529e-04
-5.823554235722877082e-04
-5.847871052872667761e-04
-5.868151882899078336e-04
-5.884288898974710316e-04
-5.896173513337563208e-04
-5.903696609269339351e-04
-5.906748784289399560e-04
-5.905220614070996830e-04
-5.899002928652786592e-04
-5.887987103116702368e-04
-5.872065363534701571e-04
-5.851131107949806729e-04
-5.825079234438152419e-04
-5.793806486622575871e-04
-5.757211802083528644e-04
-5.715196673163339602e-04
-5.667665511778733223e-04
-5.614526018093317968e-04
-5.555689551530776068e-04
-5.491071501594077617e-04
-5.420591654554453602e-04
-5.344174556804520606e-04
-5.261749869757079969e-04
-5.173252713116073065e-04
-5.078623999275954726e-04
-4.977810749024776495e-04
-4.870766393787930981e-04
-4.757451054531782191e-04
-4.637831801870469792e-04
-4.511882892582386628e-04
-4.379585981482104432e-04
-4.240930305178950755e-04
-4.095912840496504482e-04
-3.944538432155373373e-04
-3.786819893374452619e-04
-3.622778074584189086e-04
-3.452441903071455610e-04
-3.275848393070204898e-04
-3.093042625714348555e-04
-2.904077699872747997e-04
-2.709014656031375205e-04
-2.507922370200100712e-04
-2.300877425495059000e-04
-2.087963955454676069e-04
-1.869273467788498927e-04
-1.644904643447154754e-04
-1.414963118740425571e-04
-1.179561249377427486e-04
-9.388178583284349050e-05
-6.928579699770898430e-05
-4.418125330396476766e-05
-1.858181355570604585e-05
7.498328855915459676e-06
3.404447598609950840e-05
6.104145533728496731e-05
8.847365045818319726e-05
1.163250309009591682e-04
1.445791824878162122e-04
1.732193371579963015e-04
2.022284018718527060e-04
2.315889875153413833e-04
2.612834364914101400e-04
2.912938495982000920e-04
3.216021123140301889e-04
3.521899199127927356e-04
3.830388010676855884e-04
4.141301412520476230e-04
4.454452042597882707e-04
4.769651529088056105e-04
5.086710687654833613e-04
5.405439705630538539e-04
5.725648315284702274e-04
6.047145956510537740e-04
6.369741929803257336e-04
6.693245536996012554e-04
7.017466213051647052e-04
7.342213647049984767e-04
7.667297894046838300e-04
7.992529481698751586e-04
8.317719501305647495e-04
8.642679695073801367e-04
8.967222534660092195e-04
9.291161296792304746e-04
9.614310123348724941e-04
9.936484087654064764e-04
1.025749924627992939e-03
1.057717269190699364e-03
1.089532260543707529e-03
1.121176830027537357e-03
1.152633027561855488e-03
1.183883025858620741e-03
1.214909125961323531e-03
1.245693762329898183e-03
1.276219508710117311e-03
1.306469084508865824e-03
1.336425361656981082e-03
1.366071372362457660e-03
1.395390317686057841e-03
1.424365576931489047e-03
1.452980718268304192e-03
1.481219509849680252e-03
1.509065932619389457e-03
1.536504193640562954e-03
1.563518741075564265e-03
1.590094279636418200e-03
1.616215787528571708e-03
1.641868534427896355e-03
1.667038100297424255e-03
1.691710395025583340e-03
1.715871679330350542e-03
1.739508586320526271e-03
1.762608143278327063e-03
1.785157794837447486e-03
1.807145426242198673e-03
1.828559387182225517e-03
1.849388515838854040e-03
1.869622163583262425e-03
1.889250219124692003e-03
1.908263133141601363e-03
1.926651943179489949e-03
1.944408297170525501e-03
1.961524478273131682e-03
1.977993428191459225e-03
1.993808770186013182e-03
2.008964832229080157e-03
2.023456668959720383e-03
2.037280083002379963e-03
2.050431645594196720e-03
2.062908716433766495e-03
2.074709462781637766e-03
2.085832877349893828e-03
2.096278795316170590e-03
2.106047910536242539e-03
2.115141790164737530e-03
2.123562888928314050e-03
2.131314561372957272e-03
2.138401073885771043e-03
2.144827614327859174e-03
2.150600301827250600e-03
2.155726194210782175e-03
2.160213293989076376e-03
2.164070554444817458e-03
2.167307882779674275e-03
2.169936142325161552e-03
2.171967153759142913e-03
2.173413694066175534e-03
2.174289494502346012e-03
2.174609237094695963e-03
2.174388548601597932e-03
2.173643994155854704e-03
2.172393068221752793e-03
2.170654183862922876e-03
2.168446660995492371e-03
2.165790711508492217e-03
2.162707424435639670e-03
2.159218746985974453e-03
2.155347465770960161e-03
2.151117184527024870e-03
2.146552300791874403e-03
2.141677980366061586e-03
2.136520129647729443e-03
2.131105366324412970e-03
2.125460987505245133e-03
2.119614936649260456e-03
2.113595767661497100e-03
2.107432607866790552e-03
2.101155118367151967e-03
2.094793452871257164e-03
2.088378214350844475e-03
2.081940410042526415e-03
2.075511404750140891e-03
2.069122872018961008e-03
2.062806743631565975e-03
2.056595158031152872e-03
2.050520406065767503e-03
2.044614875905825021e-03
2.038910996657335335e-03
2.033441180140805032e-03
2.028237761420820934e-03
2.023332937787641027e-03
2.018758707775558919e-03
2.014546807812259231e-03
2.010728648640939826e-03
2.007335250456853890e-03
2.004397178272155928e-03
2.001944475717937991e-03
2.000006598385302165e-03
1.998612347937351111e-03
1.997789805149213175e-03
1.997566262660054395e-03
1.997968158936553294e-03
1.999021011595264810e-03
2.000749351479102784e-03
2.003176657458048248e-03
2.006325291379842772e-03
2.010216435612909459e-03
2.014870029502963209e-03
2.020304708862251560e-03
2.026537746088058652e-03
2.033584992311263280e-03
2.041460821341839309e-03
2.050178075781628525e-03
2.059748015171703871e-03
2.070180266704464526e-03
2.081482778582385579e-03
2.093661776392767918e-03
2.106721722255933647e-03
2.120665276919744390e-03
2.135493265804872930e-03
2.151204648568190783e-03
2.167796492090741899e-03
2.185263947436082935e-03
2.203600231102735042e-03
2.222796610518764857e-03
2.242842393653779812e-03
2.263724923618354052e-03
2.285429577343673149e-03
2.307939770285840492e-03
2.331236964624785850e-03
2.355300683133131935e-03
2.380108528838140516e-03
2.405636208955128866e-03
2.431857564830539921e-03
2.458744606705882269e-03
2.486267555094574810e-03
2.514394885716232653e-03
2.543093381756080483e-03
2.572328190790380484e-03
2.602062887426354228e-03
2.632259541327387070e-03
2.662878790741898642e-03
2.693879921469431726e-03
2.725220950750744178e-03
2.756858717137269758e-03
2.788748974472533230e-03
2.820846491650942298e-03
2.853105156767081832e-03
2.885478085941313876e-03
2.917917736538194057e-03
2.950376024537073975e-03
2.982804446448611077e-03
3.015154203864514170e-03
3.047376332339367042e-03
3.079421833539935580e-03
3.111241809384922632e-03
3.142787599423038734e-03
3.174010919921684513e-03
3.204864005618558980e-03
3.235299751797362719e-03
3.265271857759735781e-03
3.294734971275411345e-03
3.323644833273767425e-03
3.351958421701542977e-03
3.379634094677552540e-03
3.406631733345253255e-03
3.432912882570058472e-03
3.458440888530816756e-03
3.483181035703882683e-03
3.507100679260225298e-03
3.530169374224525168e-03
3.552358999998254593e-03
3.573643882365957689e-03
3.594000907042417710e-03
3.613409630743524403e-03
3.631852383855428430e-03
3.649314367630733438e-03
3.665783744759561463e-03
3.681251720791284265e-03
3.695712619197236322e-03
3.709163946612678998e-03
3.721606449772465932e-03
3.733044163702188122e-03
3.743484449502853390e-03
3.752938021596690082e-03
3.761418966097649242e-03
3.768944746994910139e-03
3.775536202018061477e-03
3.781217526737734938e-03
3.786016248204982296e-03
3.789963185795120967e-03
3.793092400617024441e-03
3.795441133390499260e-03
3.797049729161081598e-03
3.797961551635774691e-03
3.798222883438973421e-03
3.797882816488703291e-03
3.796993128577908980e-03
3.795608149115006161e-03
3.793784613688706321e-03
3.791581506259376899e-03
3.789059890799994969e-03
3.786282732048969375e-03
3.783314707109491914e-03
3.780222004556173764e-03
3.777072116787433265e-03
3.773933621789204475e-03
3.770875957236929400e-03
3.767969187023195460e-03
3.765283760269585479e-03
3.762890264258764682e-03
3.760859172199922367e-03
3.759260585655115495e-03
3.758163973171475825e-03
3.757637906853621146e-03
3.757749795391382864e-03
3.758565617010686203e-03
3.760149651950710822e-03
3.762564215706393211e-03
3.765869394824514042e-03
3.770122784559247313e-03
3.775379231561356609e-03
3.781690581600145960e-03
3.789105433656832743e-03
3.797668900236202995e-03
3.807422378178709679e-03
3.818403327369939912e-03
3.830645060706959568e-03
3.844176546876462881e-03
3.859022224299422932e-03
3.875201830040477750e-03
3.892730244287025999e-03
3.911617348834159520e-03
3.931867904455238483e-03
3.953481445693474323e-03
3.976452192921565119e-03
4.000768985669161774e-03
4.026415235582924898e-03
4.053368900358102211e-03
4.081602478350330847e-03
4.111083026822633275e-03
4.141772201698913809e-03
4.173626320608598422e-03
4.206596449309293710e-03
4.240628510767304946e-03
4.275663419164306422e-03
4.311637236018671729e-03
4.348481350753530782e-03
4.386122684024883721e-03
4.424483914374570739e-03
4.463483726561343068e-03
4.503037083177880047e-03
4.543055516968940583e-03
4.583447443067416999e-03
4.624118492595783586e-03
4.664971863445943612e-03
4.705908689516999886e-03
4.746828426906592353e-03
4.787629254173426940e-03
4.828208486811142244e-03
4.868463004909379284e-03
4.908289690352128469e-03
4.947585873036125168e-03
4.986249785027934908e-03
5.024181019676795742e-03
5.061280994148654490e-03
5.097453413091192383e-03
5.132604732310246110e-03
5.166644618533901799e-03
5.199486405763621179e-03
5.231047543561396368e-03
5.261250035208804056e-03
5.290020865741854386e-03
5.317292416130586091e-03
5.343002860029035309e-03
5.367096543775181153e-03
5.389524344034902700e-03
5.410244005426133318e-03
5.429220450997499121e-03
5.446426067581128933e-03
5.461840961952309399e-03
5.475453185866166993e-03
5.487258929214273301e-03
5.497262679579936751e-03
5.505477345706345435e-03
5.511924344236881698e-03
5.516633647807989496e-03
5.519643794050761200e-03
5.521001854385559904e-03
5.520763361708713041e-03
5.518992196050370724e-03
5.515760427732241747e-03
5.511148120370327856e-03
5.505243087281711314e-03
5.498140610085234387e-03
5.489943112611746917e-03
5.480759794923247864e-03
5.470706225989435158e-03
5.459903897657626508e-03
5.448479740578842170e-03
5.436565603110397535e-03
5.424297695023803934e-03
5.411816000173820876e-03
5.399263654952396636e-03
5.386786301923006740e-03
5.374531414070815930e-03
5.362647598855102560e-03
5.351283880725657416e-03
5.340588965896658942e-03
5.330710493805946443e-03
5.321794279625442076e-03
5.313983547267632675e-03
5.307418161322774094e-03
5.302233859786975936e-03
5.298561489148987183e-03
5.296526251929862573e-03
5.296246963412523483e-03
5.297835327522482964e-03
5.301395233356943557e-03
5.307022075505856556e-03
5.314802105674423620e-03
5.324811815827367942e-03
5.337117361029711932e-03
5.351774020407000856e-03
5.368825705923462727e-03
5.388304519045842775e-03
5.410230358880248683e-03
5.434610587045874026e-03
5.461439750283587219e-03
5.490699365681934313e-03
5.522357769538392518e-03
5.556370032281522653e-03
5.592677943462544959e-03
5.631210065129989284e-03
5.671881858712217797e-03
5.714595883427965595e-03
5.759242070143096547e-03
5.805698065011658145e-03
5.853829651959888483e-03
5.903491243604537878e-03
5.954526448210410543e-03
6.006768703485954389e-03
6.060041983904293494e-03
6.114161570158075168e-03
6.168934887425562771e-03
6.224162400320466110e-03
6.279638568105531081e-03
6.335152853151694401e-03
6.390490777429071179e-03
6.445435024936573866e-03
6.499766583110394742e-03
6.553265917433877090e-03
6.605714174943762111e-03
6.656894410407278480e-03
6.706592826460555309e-03
6.754600024068335359e-03
6.800712255063732711e-03
6.844732668925794170e-03
6.886472548776284217e-03
6.925752526377610199e-03
6.962403771880048414e-03
6.996269148313261250e-03
7.027204324684746539e-03
7.055078840268944919e-03
7.079777112789614225e-03
7.101199382809319713e-03
7.119262588901683828e-03
7.133901164176468211e-03
7.145067751465465980e-03
7.152733827929618621e-03
7.156890235816637871e-03
7.157547612728520046e-03
7.154736714639620999e-03
7.148508633873496693e-03
7.138934900543094514e-03
7.126107468757313795e-03
7.110138585376660561e-03
7.091160535194284721e-03
7.069325266497680262e-03
7.044803892644802348e-03
7.017786071350366403e-03
6.988479263176571379e-03
6.957107867447838954e-03
6.923912242980003254e-03
6.889147611002797815e-03
6.853082849793485504e-03
6.815999179946470587e-03
6.778188751113106703e-03
6.739953130857114991e-03
6.701601707212855724e-03
6.663450006675245008e-03
6.625817943374414168e-03
6.589028000554109088e-03
6.553403358062950997e-03
6.519265975130369463e-03
6.486934636665007796e-03
6.456722976813475401e-03
6.428937490350383581e-03
6.403875542286245268e-03
6.381823387952945820e-03
6.363054217985317229e-03
6.347826237427424065e-03
6.336380793979860988e-03
6.328940566322582492e-03
6.325707827136539674e-03
6.326862789304932982e-03
6.332562053132333516e-03
6.342937161244836808e-03
6.358093274866423450e-03
6.378107983782643070e-03
6.403030259056192823e-03
6.432879558103898020e-03
6.467645092410509965e-03
6.507285266930171348e-03
6.551727296533495920e-03
6.600867008702847316e-03
6.654568836437819643e-03
6.712666008003446809e-03
6.774960934726588675e-03
6.841225799939918382e-03
6.911203353052922278e-03
6.984607902867165027e-03
7.061126515832301387e-03
7.140420409355147623e-03
7.222126542493907154e-03
7.305859393712406044e-03
7.391212921977610012e-03
7.477762701167272458e-03
7.565068219293780497e-03
7.652675332610610337e-03
7.740118858853829893e-03
7.826925301540018851e-03
7.912615685964109746e-03
7.996708494722955252e-03
8.078722683843932856e-03
8.158180763519436163e-03
8.234611922196160769e-03
8.307555179443662507e-03
8.376562543311812797e-03
8.441202154321959805e-03
8.501061392110726561e-03
8.555749930160999953e-03
8.604902708806864975e-03
8.648182812116560550e-03
8.685284226080416253e-03
8.715934452642671443e-03
8.739896968221859061e-03
8.756973499508418496e-03
8.767006099146965742e-03
8.769879007324116529e-03
8.765520277967378884e-03
8.753903154654248120e-03
8.735047183715245397e-03
8.709019048491598025e-03
8.675933116859397415e-03
8.635951686778818928e-03
8.589284928848802542e-03
8.536190511395990582e-03
8.476972911003868849e-03
8.411982400902604656e-03
8.341613719017192466e-03
8.266304415543060391e-03
8.186532886326730596e-03
8.102816095814866990e-03
8.015706996002212176e-03
7.925791655733724003e-03
7.833686108873926662e-03
7.740032934973887363e-03
7.645497591748846335e-03
7.550764516130771542e-03
7.456533011378637180e-03
7.363512948299813683e-03
7.272420295946446962e-03
7.183972515164049714e-03
7.098883837787454271e-03
7.017860459649761726e-03
6.941595678978148068e-03
6.870765008164960927e-03
6.806021294895521836e-03
6.747989883128931339e-03
6.697263842078183399e-03
6.654399307457230760e-03
6.619910959322614953e-03
6.594267675587709918e-03
6.577888390330364869e-03
6.571138195596563925e-03
6.574324713752078587e-03
6.587694773317685770e-03
6.611431419492383617e-03
6.645651286625711696e-03
6.690402357635471392e-03
6.745662140129280934e-03
6.811336275419889452e-03
6.887257606086921030e-03
6.973185715480211336e-03
7.068806956368038109e-03
7.173734979491594790e-03
7.287511771074905303e-03
7.409609204564420251e-03
7.539431106452779835e-03
7.676315838326166693e-03
7.819539386528838801e-03
7.968318951645465831e-03
8.121817025662371459e-03
8.279145938655379025e-03
8.439372857150202051e-03
8.601525206005107560e-03
8.764596491457913793e-03
8.927552490289798401e-03
9.089337769739226636e-03
9.248882503526737603e-03
9.405109538577774431e-03
9.556941672458931641e-03
9.703309090918434479e-03
9.843156918034182135e-03
9.975452829203979022e-03
1.009919467220942065e-02
1.021341804261080913e-02
1.031720376030210995e-02
1.040968519005557036e-02
1.049005535380343086e-02
1.055757377723185939e-02
1.061157301732843818e-02
1.065146482119136775e-02
1.067674586241546333e-02
1.068700300738369136e-02
1.068191806571171243e-02
1.066127198228694790e-02
1.062494842630696754e-02
1.057293674826008043e-02
1.050533426399982012e-02
1.042234784175699938e-02
1.032429476373994577e-02
1.021160284775958146e-02
1.008480980589950352e-02
9.944561834953187518e-03
9.791611431515367253e-03
9.626814428252746664e-03
9.451126260733255097e-03
9.265597470752355916e-03
9.071368462066041471e-03
8.869663528523199017e-03
8.661784180939277947e-03
8.449101798702954996e-03
8.233049647507852120e-03
8.015114296580590214e-03
7.796826482669307057e-03
7.579751468861086264e-03
7.365478952416416522e-03
7.155612575679835830e-03
6.951759103899775132e-03
6.755517333614557800e-03
6.568466800026671014e-03
6.392156353639375128e-03
6.228092685077777670e-03
6.077728872751078128e-03
5.942453033106029521e-03
5.823577158001419160e-03
5.722326220078867258e-03
5.639827632848058714e-03
5.577101147451609189e-03
5.535049270099075269e-03
5.514448282781533352e-03
5.515939945313545409e-03
5.540023954000158207e-03
5.587051233760903859e-03
5.657218124671017749e-03
5.750561531781202794e-03
5.866955092822518855e-03
6.006106414216326808e-03
6.167555423084651427e-03
6.350673869657730633e-03
6.554666017119950214e-03
6.778570535054333560e-03
7.021263619238190916e-03
7.281463341427001426e-03
7.557735231331639929e-03
7.848499078796032299e-03
8.152036941434534154e-03
8.466502328945914660e-03
8.789930524894254416e-03
9.120250007022996652e-03
9.455294901676148181e-03
9.792818415689087327e-03
1.013050716590965274e-02
1.046599632427779036e-02
1.079688548598389634e-02
1.112075515613054205e-02
1.143518374623605192e-02
1.173776495924451144e-02
1.202612543890667005e-02
1.229794255123984117e-02
1.255096216161032639e-02
1.278301627347276474e-02
1.299204038651762677e-02
1.317609044288226700e-02
1.333335922404423404e-02
1.346219207130363096e-02
1.356110180657042232e-02
1.362878273128981937e-02
1.366412359463318495e-02
1.366621942126611255e-02
1.363438209905588373e-02
1.356814963352716459e-02
1.346729398353262511e-02
1.333182739832659836e-02
1.316200718535673504e-02
1.295833885139102172e-02
1.272157756374277249e-02
1.245272789036252006e-02
1.215304179442341752e-02
1.182401486370710832e-02
1.146738077196789510e-02
1.108510398155173639e-02
1.067937070532281978e-02
1.025257816707481930e-02
9.807322203884021039e-03
9.346383268765466254e-03
8.872710902977701958e-03
8.389406755361573931e-03
7.899706229991245929e-03
7.406958852061031919e-03
6.914607444170566344e-03
6.426166204800628362e-03
5.945197793664149313e-03
5.475289527430864112e-03
5.020028800561865227e-03
4.582977861026555841e-03
4.167648077030809174e-03
3.777473852829007009e-03
3.415786361624206791e-03
3.085787286691643073e-03
2.790522771787531595e-03
2.532857800701774752e-03
2.315451238420665643e-03
2.140731767677301386e-03
2.010874957462803654e-03
1.927781684553588667e-03
1.893058120116148995e-03
1.907997467696484440e-03
1.973563621893537328e-03
2.090376896225915222e-03
2.258701946859599085e-03
2.478437999259171937e-03
2.749111471226991284e-03
3.069871072609639713e-03
3.439485453361819812e-03
3.856343480512330370e-03
4.318457206960648644e-03
4.823467603735209080e-03
5.368653100228349198e-03
5.950940966435941740e-03
6.566921522287053753e-03
7.212865154125345894e-03
7.884742064382062321e-03
8.578244680985077850e-03
9.288812636117006749e-03
1.001166022075852119e-02
1.074180623371017926e-02
1.147410613209320744e-02
1.220328637277416986e-02
1.292398079201501071e-02
1.363076880689357596e-02
1.431821514896471775e-02
1.498091076298057982e-02
1.561351444153470311e-02
1.621079473512354596e-02
1.676767167338331227e-02
1.727925786649590206e-02
1.774089860878998517e-02
1.814821066976816250e-02
1.849711951610033545e-02
1.878389474217785626e-02
1.900518350442529855e-02
1.915804175982026986e-02
1.923996309908408350e-02
1.924890497095296110e-02
1.918331209377548141e-02
1.904213686051944507e-02
1.882485655016486251e-02
1.853148715130191471e-02
1.816259361048959756e-02
1.771929632549272549e-02
1.720327372760544621e-02
1.661676083788742389e-02
1.596254372109574826e-02
1.524394979605974906e-02
1.446483398800824278e-02
1.362956074042835468e-02
1.274298194937025126e-02
1.181041094695705132e-02
1.083759274998877947e-02
9.830670874100893783e-03
8.796151079449377949e-03
7.740862441966476701e-03
6.671916098467249069e-03
5.596661917394717654e-03
4.522643206512450172e-03
3.457549433828420102e-03
2.409166842065267686e-03
1.385326811623258277e-03
3.938518865770151110e-04
-5.575004938008741584e-04
-1.461096333677573689e-03
-2.309485092844437877e-03
-3.095460811414087361e-03
-3.812123684447808487e-03
-4.452941318682438268e-03
-5.011808799264160473e-03
-5.483106595143069986e-03
-5.861755306472383673e-03
-6.143266327333202735e-03
-6.323787673254672483e-03
-6.400144428091197012e-03
-6.369873461591732573e-03
-6.231252289023628439e-03
-5.983322170805193893e-03
-5.625905805106004923e-03
-5.159620124819354683e-03
-4.585884730057453867e-03
-3.906926322337008449e-03
-3.125779175249354062e-03
-2.246281268176306394e-03
-1.273065349105814226e-03
-2.115439890510668669e-04
9.321122482143652088e-04
2.151004042204730359e-03
3.437539930130311186e-03
4.783479684834927685e-03
6.179983479600317797e-03
7.617665859110887491e-03
9.086653924414395817e-03
1.057664973274498148e-02
1.207699742446391444e-02
1.357675578293288284e-02
1.506477671050023351e-02
1.652978959874121245e-02
1.796049092280205955e-02
1.934563782359692563e-02
2.067414400326112942e-02
2.193517603555245055e-02
2.311824815351253698e-02
2.421331371199273233e-02
2.521085178325190718e-02
2.610194777034831326e-02
2.687836746031196933e-02
2.753262455429847724e-02
2.805804220826426873e-02
2.844880932366626244e-02
2.870003214489375704e-02
2.880778121894337490e-02
2.876913316511367849e-02
2.858220625935127546e-02
2.824618872137381331e-02
2.776135882514597225e-02
2.712909634429155198e-02
2.635188517347530207e-02
2.543330708117610972e-02
2.437802649820479742e-02
2.319176613656403346e-02
2.188127322129895108e-02
2.045427622916796626e-02
1.891943228172017488e-02
1.728626567814576381e-02
1.556509842613224351e-02
1.376697398023265032e-02
1.190357568101493846e-02
9.987141688812619517e-03
8.030378541591613045e-03
6.046375781821381606e-03
4.048524026900331314e-03
2.050438061329173424e-03
6.588491623478863620e-05
-1.891285068790538298e-03
-3.807207817643953798e-03
-5.668080004452529311e-03
-7.460242309271867406e-03
-9.170273939314734987e-03
-1.078509885372829283e-02
-1.229210174581342463e-02
-1.367924962363857577e-02
-1.493521340822613966e-02
-1.604948373980403381e-02
-1.701247620449536369e-02
-1.781562301248557426e-02
-1.845145019523659891e-02
-1.891364096104463169e-02
-1.919708654928224678e-02
-1.929792569657512447e-02
-1.921357308420221580e-02
-1.894273653779768307e-02
-1.848542278475863790e-02
-1.784293232372059779e-02
-1.701784507303885641e-02
-1.601399943610113188e-02
-1.483646785411097194e-02
-1.349153162430787208e-02
-1.198665666261726319e-02
-1.033047004444413372e-02
-8.532734909852119146e-03
-6.604319400746517556e-03
-4.557154550345443589e-03
-2.404176994936086699e-03
-1.592547814981311587e-04
2.162902512196373389e-03
4.546845877874679080e-03
6.976497060810983759e-03
9.435263699349105693e-03
1.190615819843067122e-02
1.437192066406913979e-02
1.681514658818109020e-02
1.921841914238688748e-02
2.156444481628629409e-02
2.383619063357394000e-02
2.601702156639208036e-02
2.809083739896922616e-02
3.004220820184974605e-02
3.185650638171454163e-02
3.352003152065710645e-02
3.502012314580998237e-02
3.634525724842774252e-02
3.748512498420032701e-02
3.843069560682867147e-02
3.917426859138446738e-02
3.970952054067693193e-02
4.003155033030499077e-02
4.013692199727889043e-02
4.002370114681928770e-02
3.969147900694032505e-02
3.914137942871971643e-02
3.837604725072989859e-02
3.739961976435059177e-02
3.621768495170784447e-02
3.483723010009393689e-02
3.326658288776489225e-02
3.151534521859004206e-02
2.959431895991914557e-02
2.751542260716567309e-02
2.529159835710878199e-02
2.293670953110601637e-02
2.046542871136274380e-02
1.789311776860882247e-02
1.523570248981548879e-02
1.250954639340223599e-02
9.731329703373689521e-03
6.917939656857750169e-03
4.086377200339248207e-03
1.253682940490510010e-03
-1.563117849255033854e-03
-4.347055105396471775e-03
-7.081246595638765115e-03
-9.748934296813095701e-03
-1.233353669380666401e-02
-1.481872750579396256e-02
-1.718854679640676245e-02
-1.942754377547542891e-02
-2.152094323424379868e-02
-2.345482125164791501e-02
-2.521627241167421693e-02
-2.679355164125821545e-02
-2.817617907060701588e-02
-2.935500460518492352e-02
-3.032223747565828895e-02
-3.107145200641602337e-02
-3.159758246377820240e-02
-3.189691723967491566e-02
-3.196709758754980729e-02
-3.180712104676959584e-02
-3.141734633800923049e-02
-3.079949537075363925e-02
-2.995664850346038341e-02
-2.889323033545627278e-02
-2.761498442414510660e-02
-2.612893635723107649e-02
-2.444334592875347170e-02
-2.256765097686970825e-02
-2.051240719787581629e-02
-1.828922876955884139e-02
-1.591073295689581987e-02
-1.339048832435496376e-02
-1.074296243443116639e-02
-7.983462899431865989e-03
-5.128066283529653449e-03
-2.193531887652623580e-03
8.027995693872327660e-04
3.843120202747843037e-03
6.909278964414409911e-03
9.982912054274815580e-03
1.304557644986283592e-02
1.607888313155476229e-02
1.906462626072561589e-02
2.198490465375753031e-02
2.482223311924853029e-02
2.755964393366713491e-02
3.018078222638472322e-02
3.267000158781477315e-02
3.501246587840902563e-02
3.719425913411943119e-02
3.920249889975015167e-02
4.102544238553968575e-02
4.265257297745254222e-02
4.407465847063591485e-02
4.528378053540457748e-02
4.627334350600803559e-02
4.703807544170782173e-02
4.757403340262883473e-02
4.787861888699209562e-02
4.795060149794596466e-02
4.779014271047019036e-02
4.739880933501949833e-02
4.677956814076691255e-02
4.593675755808725170e-02
4.487603716687389721e-02
4.360431903163256712e-02
4.212968621263944030e-02
4.046130345058108341e-02
3.860932394839752119e-02
3.658479505525905756e-02
3.439956467010149566e-02
3.206618923214833716e-02
2.959784321139938279e-02
2.700822921073888980e-02
2.431148743322155553e-02
2.152210363477879973e-02
1.865481581784377008e-02
1.572452161246982658e-02
1.274618997661863470e-02
9.734781901013345173e-03
6.705184751092649331e-03
3.672163590005062591e-03
6.503305358861248249e-04
-2.345869728989692388e-03
-5.302163284444777989e-03
-8.204446897076982798e-03
-1.103879420542002755e-02
-1.379147825678258762e-02
-1.644901901642600167e-02
-1.899826094997010897e-02
-2.142648058247002829e-02
-2.372151791686447769e-02
-2.587192006864443353e-02
-2.786708180164615412e-02
-2.969736701709409579e-02
-3.135419810134631308e-02
-3.283010596875082787e-02
-3.411874119410644723e-02
-3.521485375666215389e-02
-3.611425355007511634e-02
-3.681376472120676674e-02
-3.731118424269130873e-02
-3.760525033642253545e-02
-3.769562153841730934e-02
-3.758286401008534283e-02
-3.726844372140485778e-02
-3.675472071970128235e-02
-3.604494365942788325e-02
-3.514324311618585023e-02
-3.405462178141727830e-02
-3.278493895241969824e-02
-3.134088655098102305e-02
-2.972995470076041785e-02
-2.796038664204114621e-02
-2.604112493097840778e-02
-2.398175267498817154e-02
-2.179243421772954908e-02
-1.948385890896582942e-02
-1.706718967789685321e-02
-1.455401588591685204e-02
-1.195630825035967279e-02
-9.286373001011868217e-03
-6.556802748614470357e-03
-3.780422367806542464e-03
-9.702290364385381376e-04
1.860673751116492542e-03
4.699147816922812256e-03
7.532096535108083989e-03
1.034654373969236089e-02
1.312971238007003445e-02
1.586909915377597222e-02
1.855254114535261067e-02
2.116827128243429709e-02
2.370496137312998186e-02
2.615175430385427435e-02
2.849828991278658546e-02
3.073473102668372245e-02
3.285179612772605451e-02
3.484080270247937733e-02
3.669372100159038613e-02
3.840323318464970714e-02
3.996278948061437325e-02
4.136665250851061237e-02
4.260992353881255107e-02
4.368854920709510509e-02
4.459931210956176451e-02
4.533981201844924924e-02
4.590844514322102443e-02
4.630438710633805882e-02
4.652758207586754624e-02
4.657873712166997471e-02
4.645931839449594924e-02
4.617154469981553377e-02
4.571837445153574542e-02
4.510348339471627332e-02
4.433123230269081505e-02
4.340662549960558336e-02
4.233526218024391552e-02
4.112328298419862943e-02
3.977731424971771290e-02
3.830441202215101315e-02
3.671200739742478542e-02
3.500785426321249838e-02
3.319997995900789145e-02
3.129663888725311288e-02
2.930626871620749252e-02
2.723744860904462814e-02
2.509885894945879450e-02
2.289924226346520125e-02
2.064736541128032316e-02
1.835198351227660535e-02
1.602180640888157745e-02
1.366546866769428707e-02
1.129150412473477541e-02
8.908325790488391682e-03
6.524211527306627428e-03
4.147295386272964630e-03
1.785563862584861172e-03
-5.531442896063174311e-04
-2.861136606113850317e-03
-5.130866154061616315e-03
-7.354933978504682793e-03
-9.526097164605800208e-03
-1.163728449658337459e-02
-1.368162093229617453e-02
-1.565246108122388125e-02
-1.754343067677902046e-02
-1.934847383739422486e-02
-2.106190290728778350e-02
-2.267844702605728915e-02
-2.419329545515172195e-02
-2.560213212943281136e-02
-2.690115888498569377e-02
-2.808710619196947908e-02
-2.915723177151030229e-02
-3.010930890196442458e-02
-3.094160726220178403e-02
-3.165286961000329802e-02
-3.224228741200616671e-02
-3.270947783076533222e-02
-3.305446348566066367e-02
-3.327765541101375402e-02
-3.337983890198243514e-02
-3.336216155133284872e-02
-3.322612274798622534e-02
-3.297356405853468786e-02
-3.260666009706120194e-02
-3.212790956867641462e-02
-3.154012611255945647e-02
-3.084642843222494546e-02
-3.005022908515631030e-02
-2.915522130742827928e-02
-2.816536342372163645e-02
-2.708486070105858845e-02
-2.591814490659722844e-02
-2.466985219036515325e-02
-2.334480017570066124e-02
-2.194796521323118602e-02
-2.048446063021876901e-02
-1.895951652874141441e-02
-1.737846132118476411e-02
-1.574670485257122915e-02
-1.406972271542775155e-02
-1.235304125687173779e-02
-1.060222280226046088e-02
-8.822850718496429157e-03
-7.020514073052309262e-03
-5.200791756982748801e-03
-3.369236022196889137e-03
-1.531355432324156161e-03
3.074027205199103053e-04
2.141670426245327694e-03
3.966177189479974663e-03
5.775768176468533063e-03
7.565421844044020565e-03
9.330266535318602200e-03
1.106559549955592366e-02
1.276687984988942974e-02
1.442977913571607748e-02
1.605014944757038320e-02
1.762404927352763384e-02
1.914774362287254006e-02
2.061770715741364363e-02
2.203062716992967851e-02
2.338340717480428751e-02
2.467317163242625094e-02
2.589727195431466497e-02
2.705329351805497648e-02
2.813906303803349884e-02
2.915265540790467486e-02
3.009239908309754852e-02
3.095687923096746008e-02
3.174493818626845237e-02
3.245567313899584694e-02
3.308843134313426554e-02
3.364280340754734894e-02
3.411861535695708686e-02
3.451592012998112857e-02
3.483498904988795164e-02
3.507630359729120573e-02
3.524054759366239409e-02
3.532859971370567315e-02
3.534152610749111134e-02
3.528057284932899218e-02
3.514715793745446654e-02
3.494286262358319017e-02
3.466942195070658872e-02
3.432871448419409083e-02
3.392275132022699868e-02
3.345366453954809471e-02
3.292369531662226595e-02
3.233518191799855668e-02
3.169054780738777416e-02
3.099229005141609927e-02
3.024296817727369427e-02
2.944519358362097938e-02
2.860161956510233819e-02
2.771493196511643636e-02
2.678784043387753486e-02
2.582307024262837578e-02
2.482335459178207707e-02
2.379142734464663109e-02
2.273001613198902260e-02
2.164183578881059833e-02
2.052958211052854226e-02
1.939592593827095882e-02
1.824350760338705468e-02
1.707493177546785118e-02
1.589276276118429393e-02
1.469952030260122944e-02
1.349767591090505342e-02
1.228964975880065223e-02
1.107780813401796141e-02
9.864461436931910507e-03
8.651862682909242791e-03
7.442206452030607211e-03
6.237628210770094356e-03
5.040203918643697614e-03
3.851949823341677733e-03
2.674822345882293603e-03
1.510717955184282760e-03
3.614729408426247802e-04
-7.711370012258257287e-04
-1.885397438055052112e-03
-2.979656178380724052e-03
-4.052324591276266173e-03
-5.101879276126438691e-03
-6.126864070287217981e-03
-7.125892358416257601e-03
-8.097649623455516546e-03
-9.040896160784123517e-03
-9.954469858470364751e-03
-1.083728893515134226e-02
-1.168835451818951363e-02
-1.250675294639144210e-02
-1.329165768512277981e-02
-1.404233075451595189e-02
-1.475812359218942917e-02
-1.543847729243702505e-02
-1.608292219521735567e-02
-1.669107682649301205e-02
-1.726264621860297555e-02
-1.779741966944879683e-02
-1.829526801783163889e-02
-1.875614052729216927e-02
-1.918006147964970015e-02
-1.956712657896934882e-02
-1.991749925928119544e-02
-2.023140697968969781e-02
-2.050913757309698326e-02
-2.075103569964062422e-02
-2.095749943806585538e-02
-2.112897703552153728e-02
-2.126596382074111280e-02
-2.136899927903352508e-02
-2.143866427898211829e-02
-2.147557843690969456e-02
-2.148039760330532760e-02
-2.145381145327730429e-02
-2.139654116275171644e-02
-2.130933715205243426e-02
-2.119297688070830021e-02
-2.104826267618584157e-02
-2.087601958278183928e-02
-2.067709321910295162e-02
-2.045234763646680207e-02
-2.020266317396949077e-02
-1.992893431187805348e-02
-1.963206752786220838e-02
-1.931297916716735730e-02
-1.897259333845225521e-02
-1.861183985250569606e-02
-1.823165221924004722e-02
-1.783296571998284341e-02
-1.741671556983794000e-02
-1.698383518073905141e-02
-1.653525453490325287e-02
-1.607189867045238571e-02
-1.559468628095899215e-02
-1.510452842346921357e-02
-1.460232732954188511e-02
-1.408897530952662840e-02
-1.356535374039833687e-02
-1.303233212813168646e-02
-1.249076723396626461e-02
-1.194150225812698994e-02
-1.138536607378445170e-02
-1.082317250626095920e-02
-1.025571965530362555e-02
-9.683789258165540967e-03
-9.108146092036568595e-03
-8.529537416386834964e-03
-7.948692455905823767e-03
-7.366321923178670121e-03
-6.783117581796309879e-03
-6.199751849801812993e-03
-5.616877443134425142e-03
-5.035127057685762769e-03
-4.455113090290478348e-03
-3.877427396687174559e-03
-3.302641085473939815e-03
-2.731304348749323194e-03
-2.163946327074230905e-03
-1.601075009045790573e-03
-1.043177166178996512e-03
-4.907183220701008541e-04
5.585724384978956050e-05
5.961264568049276426e-04
1.129687372619419573e-03
1.656159068423744031e-03
2.175181498557196818e-03
2.686415316826808002e-03
3.189541665819363350e-03
3.684261934775972212e-03
4.170297487928411109e-03
4.647389365675670334e-03
5.115297961095890793e-03
5.573802673486671910e-03
6.022701542997187241e-03
6.461810868286349194e-03
6.890964809459235174e-03
7.310014979263244374e-03
7.718830024564783676e-03
8.117295199470091552e-03
8.505311931812663262e-03
8.882797384629419896e-03
9.249684012322486118e-03
9.605919113303232337e-03
9.951464378481626391e-03
1.028629543628885312e-02
1.061040139389664641e-02
1.092378437505747701e-02
1.122645905437966163e-02
1.151845218785988584e-02
1.179980214051005137e-02
1.207055841109714797e-02
1.233078115423747942e-02
1.258054070162500752e-02
1.281991708163040915e-02
1.304899954014336269e-02
1.326788606182247726e-02
1.347668289451702667e-02
1.367550407730696617e-02
1.386447097314817689e-02
1.404371180788538051e-02
1.421336121601938889e-02
1.437355979505593878e-02
1.452445366845012478e-02
1.466619405840823703e-02
1.479893686927646369e-02
1.492284228187427432e-02
1.503807435897604530e-02
1.514480066299588035e-02
1.524319188511949127e-02
1.533342148704713685e-02
1.541566535451521086e-02
1.549010146342390953e-02
1.555690955763718714e-02
1.561627083953147366e-02
1.566836767207678907e-02
1.571338329288040139e-02
1.575150154037687975e-02
1.578290659124999967e-02
1.580778270958875520e-02
1.582631400748793840e-02
1.583868421672216670e-02
1.584507647172620284e-02
1.584567310346636504e-02
1.584065544441663406e-02
1.583020364393398702e-02
1.581449649447581179e-02
1.579371126821553506e-02
1.576802356400790889e-02
1.573760716406567839e-02
1.570263390133798398e-02
1.566327353592253044e-02
1.561969364100276522e-02
1.557205949824314040e-02
1.552053400214574788e-02
1.546527757272938425e-02
1.540644807693047728e-02
1.534420075783672621e-02
1.527868817171612603e-02
1.521006013238774754e-02
1.513846366267985327e-02
1.506404295267329239e-02
1.498693932419969781e-02
1.490729120154438841e-02
1.482523408775038472e-02
1.474090054641394310e-02
1.465442018860601062e-02
1.456591966450996797e-02
1.447552265972360148e-02
1.438334989585135504e-02
1.428951913485368430e-02
1.419414518748876239e-02
1.409733992504145009e-02
1.399921229453417529e-02
1.389986833687429334e-02
1.379941120814643860e-02
1.369794120324004626e-02
1.359555578253997254e-02
1.349234960056324567e-02
1.338841453699162604e-02
1.328383972971097782e-02
1.317871160979859797e-02
1.307311393840611749e-02
1.296712784495479207e-02
1.286083186704782902e-02
1.275430199176451340e-02
1.264761169814498758e-02
1.254083200076144648e-02
1.243403149437604174e-02
1.232727639931392900e-02
1.222063060790148058e-02
1.211415573130200131e-02
1.200791114693217261e-02
1.190195404655090480e-02
1.179633948436137857e-02
1.169112042570702274e-02
1.158634779574191018e-02
1.148207052817351581e-02
1.137833561412564254e-02
1.127518815072595625e-02
1.117267138961374612e-02
1.107082678533114276e-02
1.096969404321337591e-02
1.086931116705417907e-02
1.076971450619169934e-02
1.067093880234282893e-02
1.057301723556545482e-02
1.047598147000548818e-02
1.037986169878264524e-02
1.028468668826752752e-02
1.019048382164246258e-02
1.009727914187517721e-02
1.000509739363816819e-02
9.913962064877620758e-03
9.823895427075929332e-03
9.734918575122796999e-03
9.647051466134556538e-03
9.560312957451477106e-03
9.474720843771114454e-03
9.390291893522653699e-03
9.307041884187567185e-03
9.224985636988258797e-03
9.144137050416431545e-03
9.064509133074952207e-03
8.986114035626399307e-03
8.908963081820131177e-03
8.833066798710072567e-03
8.758434945906081598e-03
8.685076544146857688e-03
8.612999902924184728e-03
8.542212647186474966e-03
8.472721743406592260e-03
8.404533524733779487e-03
8.337653715337128499e-03
8.272087454013381594e-03
8.207839316930976015e-03
8.144913339799976504e-03
8.083313039047818754e-03
8.023041432559599104e-03
7.964101059285456224e-03
7.906493998652780811e-03
7.850221888973194645e-03
7.795285945208845976e-03
7.741686976259121514e-03
7.689425401393585637e-03
7.638501266239526750e-03
7.588914258124149215e-03
7.540663720852019102e-03
7.493748668796103296e-03
0.000000000000000000e+00
