1.728191795164591522e-03
1.591617544798126132e-03
1.465348233707628551e-03
1.359974731106976947e-03
1.270792264092637487e-03
1.194072681136844642e-03
1.127078284613964882e-03
1.067781729306382932e-03
1.014662888288656115e-03
9.665668798250505716e-04
9.226045367087266609e-04
8.820821779538208030e-04
8.444516585674788399e-04
8.092745171896579800e-04
7.761959852529112976e-04
7.449259448550332036e-04
7.152248233110741369e-04
6.868930261960415904e-04
6.597629309781081249e-04
6.336927518455202392e-04
6.085617860595738532e-04
5.842666908470871712e-04
5.607185369495039373e-04
5.378404538969792882e-04
5.155657303360765015e-04
4.938362680679112861e-04
4.726013136411705002e-04
4.518164096614400368e-04
4.314425217330106156e-04
4.114453066453440202e-04
3.917944955497976991e-04
3.724633709671362021e-04
3.534283210578312859e-04
3.346684580437177974e-04
3.161652900701939720e-04
2.979024377028123712e-04
2.798653883484689066e-04
2.620412826250434523e-04
2.444187277931050687e-04
2.269876346123033545e-04
2.097390739919150447e-04
1.926651510431736411e-04
1.757588938414264459e-04
1.590141551589660984e-04
1.424255256376889800e-04
1.259882565955636993e-04
1.096981917203702168e-04
9.355170634843351879e-05
7.754565356371347410e-05
6.167731629202898469e-05
4.594436485025252790e-05
3.034481933542834703e-05
1.487701628003025327e-05
-4.604205779020598783e-07
-1.566860618606249705e-05
-3.074841668929560783e-05
-4.570050896201270537e-05
-6.052533753484324978e-05
-7.522316894196288495e-05
-8.979409393541443402e-05
-1.042380374255264913e-04
-1.185547665912672888e-04
-1.327438972739906757e-04
-1.468048986519637691e-04
-1.607370963973689176e-04
-1.745396745487360452e-04
-1.882116761050360023e-04
-2.017520023850385394e-04
-2.151594114560118173e-04
-2.284325155882817153e-04
-2.415697778003450362e-04
-2.545695079078924561e-04
-2.674298575595978949e-04
-2.801488149266452370e-04
-2.927241990826117898e-04
-3.051536535437940714e-04
-3.174346398535226612e-04
-3.295644308758850652e-04
-3.415401037959765198e-04
-3.533585331906292492e-04
-3.650163838930695851e-04
-3.765101039858160365e-04
-3.878359179551655505e-04
-3.989898199045485358e-04
-4.099675668949070615e-04
-4.207646726726383605e-04
-4.313764016360654139e-04
-4.417977631753958298e-04
-4.520235062903028324e-04
-4.620481147151948680e-04
-4.718658025041028528e-04
-4.814705100784248204e-04
-4.908559007801954451e-04
-5.000153580770927463e-04
-5.089419833236808952e-04
-5.176285941322837474e-04
-5.260677236104727194e-04
-5.342516200796850996e-04
-5.421722479150735061e-04
-5.498212887903969033e-04
-5.571901442698646602e-04
-5.642699390951191061e-04
-5.710515254981422253e-04
-5.775254887806356057e-04
-5.836821537471985387e-04
-5.895115926536044970e-04
-5.950036342833592154e-04
-6.001478744725811379e-04
-6.049336879515187669e-04
-6.093502417793872404e-04
-6.133865103338753634e-04
-6.170312919705601236e-04
-6.202732271752754061e-04
-6.231008186049310409e-04
-6.255024528589606201e-04
-6.274664238962698913e-04
-6.289809583714049256e-04
-6.300342426580069887e-04
-6.306144514920028997e-04
-6.307097785548174259e-04
-6.303084684812403429e-04
-6.293988504390741773e-04
-6.279693730797686075e-04
-6.260086411479385063e-04
-6.235054524557051732e-04
-6.204488369692893459e-04
-6.168280954082019929e-04
-6.126328396750190756e-04
-6.078530326789597944e-04
-6.024790288424865074e-04
-5.965016143835203365e-04
-5.899120468676154194e-04
-5.827020947475954494e-04
-5.748640754949577419e-04
-5.663908927815086095e-04
-5.572760720362643187e-04
-5.475137945417136867e-04
-5.370989292555064867e-04
-5.260270628310995730e-04
-5.142945269669576928e-04
-5.018984232156471770e-04
-4.888366448629116387e-04
-4.751078963058946334e-04
-4.607117089877472418e-04
-4.456484541779751627e-04
-4.299193529496450573e-04
-4.135264821753136715e-04
-3.964727780536099651e-04
-3.787620358083046619e-04
-3.603989065920807592e-04
-3.413888908136559997e-04
-3.217383289237801553e-04
-3.014543888885830563e-04
-2.805450513230528953e-04
-2.590190917395062179e-04
-2.368860603183516132e-04
-2.141562596947850863e-04
-1.908407207215814371e-04
-1.669511763278410353e-04
-1.425000337474330650e-04
-1.175003457068366484e-04
-9.196578010608882166e-05
-6.591058912904206989e-05
-3.934957746825002226e-05
-1.229807024811542318e-05
1.522811939595000599e-05
4.321272269414552704e-05
7.163904748219022728e-05
1.004900103470038748e-04
1.297481678810979175e-04
1.593957474416738762e-04
1.894146773817588926e-04
2.197866162337775201e-04
2.504929806911023273e-04
2.815149729009544760e-04
3.128336065146457897e-04
3.444297313186621954e-04
3.762840570612204449e-04
4.083771757123234045e-04
4.406895827204881499e-04
4.732016966798276224e-04
5.058938782702666155e-04
5.387464476794963332e-04
5.717397005197765543e-04
6.048539233248587674e-04
6.380694073001851215e-04
6.713664612195710622e-04
7.047254231158099798e-04
7.381266711754617526e-04
7.715506337308752557e-04
8.049777974686350875e-04
8.383887164679863085e-04
8.717640186312815460e-04
9.050844127597110775e-04
9.383306941355591679e-04
9.714837500396143830e-04
1.004524564778089225e-03
1.037434223976894812e-03
1.070193918912896612e-03
1.102784951176127327e-03
1.135188736369549620e-03
1.167386808662120414e-03
1.199360825436696434e-03
1.231092572062663770e-03
1.262563967525923278e-03
1.293757070345478554e-03
1.324654085520477831e-03
1.355237372098147888e-03
1.385489451431243029e-03
1.415393017251112681e-03
1.444930945704570079e-03
1.474086307326414203e-03
1.502842379808092422e-03
1.531182662003432830e-03
1.559090889219586591e-03
1.586551049331923809e-03
1.613547400749228405e-03
1.640064490267959581e-03
1.666087173449636505e-03
1.691600634988865010e-03
1.716590410326109938e-03
1.741042408181379042e-03
1.764942933825275817e-03
1.788278712846667461e-03
1.811036915733286101e-03
1.833205182960632833e-03
1.854771650271098537e-03
1.875724973950889177e-03
1.896054357086262134e-03
1.915749575105609413e-03
1.934801001544557766e-03
1.953199633386565066e-03
1.970937116938433192e-03
1.988005772394595486e-03
2.004398618061432880e-03
2.020109395010583238e-03
2.035132589792287318e-03
2.049463457477619655e-03
2.063098043097978500e-03
2.076033203193460019e-03
2.088266625441876322e-03
2.099796848196455040e-03
2.110623278230172248e-03
2.120746208485917942e-03
2.130166833435339583e-03
2.138887264512519433e-03
2.146910543433365286e-03
2.154240654821676891e-03
2.160882537414695898e-03
2.166842094446815373e-03
2.172126201599013443e-03
2.176742714872117838e-03
2.180700476394583330e-03
2.184009318750396514e-03
2.186680067918768573e-03
2.188724545342590928e-03
2.190155567546572292e-03
2.190986943927569156e-03
2.191233475072920135e-03
2.190910946427643627e-03
2.190036122479851587e-03
2.188626737909817391e-03
2.186701487846955637e-03
2.184280015706982839e-03
2.181382899300484714e-03
2.178031635153187401e-03
2.174248620674973809e-03
2.170057134471537613e-03
2.165481315102327827e-03
2.160546136625510986e-03
2.155277383210024624e-03
2.149701621636661373e-03
2.143846170817896753e-03
2.137739070358825582e-03
2.131409046365657315e-03
2.124885475244869034e-03
2.118198345908614642e-03
2.111378219451849614e-03
2.104456186732801739e-03
2.097463824860420784e-03
2.090433150550569455e-03
2.083396572180119203e-03
2.076386840237594289e-03
2.069436995315594285e-03
2.062580314504472434e-03
2.055850256964534412e-03
2.049280406131732089e-03
2.042904411948053695e-03
2.036755930829813738e-03
2.030868564381459011e-03
2.025275796676952698e-03
2.020010930784982544e-03
2.015107023578509727e-03
2.010596819448302961e-03
2.006512684147982849e-03
2.002886536644136409e-03
1.999749781173958737e-03
1.997133238102891898e-03
1.995067074969945290e-03
1.993580737030729855e-03
1.992702877606409694e-03
1.992461289170173108e-03
1.992882833388565263e-03
1.993993373123911870e-03
1.995817703491780878e-03
1.998379484694736384e-03
2.001701176010851988e-03
2.005803969402012669e-03
2.010707726022799638e-03
2.016430913537603682e-03
2.022990544809536578e-03
2.030402119638759998e-03
2.038679566861994249e-03
2.047835190272434113e-03
2.057879615944318424e-03
2.068821743142625329e-03
2.080668697368243374e-03
2.093425786972975822e-03
2.107096462370703499e-03
2.121682279959656754e-03
2.137182868065105098e-03
2.153595898385918944e-03
2.170917059911773531e-03
2.189140038193374688e-03
2.208256498623886992e-03
2.228256073917621229e-03
2.249126356919128530e-03
2.270852897510763045e-03
2.293419205197529207e-03
2.316806756521888350e-03
2.340995007319325062e-03
2.365961411105346572e-03
2.391681442408137570e-03
2.418128625747917315e-03
2.445274569827714847e-03
2.473089008292434811e-03
2.501539845522304621e-03
2.530593207874988742e-03
2.560213501481366401e-03
2.590363475262445758e-03
2.621004289767486610e-03
2.652095591537850967e-03
2.683595593743508777e-03
2.715461161291643413e-03
2.747647902338020906e-03
2.780110264640499318e-03
2.812801637042503574e-03
2.845674456751567851e-03
2.878680320245491798e-03
2.911770100033558850e-03
2.944894064985355189e-03
2.978002005761527966e-03
3.011043362970842758e-03
3.043967360558431923e-03
3.076723141386590327e-03
3.109259906277754733e-03
3.141527055929139653e-03
3.173474334794138072e-03
3.205051977802739812e-03
3.236210857602083747e-03
3.266902633812856713e-03
3.297079902687529394e-03
3.326696347388507797e-03
3.355706887915484594e-03
3.384067830880239762e-03
3.411737016757857878e-03
3.438673968216312410e-03
3.464840033480820394e-03
3.490198529586324358e-03
3.514714881044209323e-03
3.538356755655024544e-03
3.561094195247793085e-03
3.582899743098360255e-03
3.603748566018379670e-03
3.623618568860197120e-03
3.642490505548450289e-03
3.660348081450288255e-03
3.677178049230653105e-03
3.692970297171733682e-03
3.707717928693624303e-03
3.721417334021117490e-03
3.734068251808235830e-03
3.745673821787097717e-03
3.756240627691567659e-03
3.765778728903422870e-03
3.774301682352921867e-03
3.781826553001786141e-03
3.788373912486975997e-03
3.793967827051821212e-03
3.798635832626241250e-03
3.802408898923985772e-03
3.805321379617440745e-03
3.807410952248685507e-03
3.808718543647021497e-03
3.809288244053097260e-03
3.809167208245077454e-03
3.808405544323982973e-03
3.807056190009831288e-03
3.805174776511753912e-03
3.802819479980136183e-03
3.800050862104984752e-03
3.796931698532297027e-03
3.793526795749638247e-03
3.789902797031233055e-03
3.786127978893970899e-03
3.782272036693584520e-03
3.778405861116721203e-03
3.774601305454738150e-03
3.770930945107560384e-03
3.767467830275074425e-03
3.764285230013672198e-03
3.761456372283109115e-03
3.759054176958717599e-03
3.757150986535826454e-03
3.755818291636732302e-03
3.755126455650643208e-03
3.755144436018372639e-03
3.755939507733430625e-03
3.757576984272652850e-03
3.760119943275047616e-03
3.763628952831771148e-03
3.768161802799895911e-03
3.773773240964141233e-03
3.780514714691384642e-03
3.788434121031307618e-03
3.797575565023670295e-03
3.807979126951875626e-03
3.819680641522424369e-03
3.832711487723339076e-03
3.847098393544124556e-03
3.862863252673889424e-03
3.880022958634834172e-03
3.898589253515500740e-03
3.918568595369069894e-03
3.939962042575349474e-03
3.962765158384859085e-03
3.986967935646809277e-03
4.012554740739850308e-03
4.039504282012050182e-03
4.067789596608649243e-03
4.097378063950950916e-03
4.128231440263100717e-03
4.160305916970891138e-03
4.193552204005928166e-03
4.227915637165291507e-03
4.263336309508864233e-03
4.299749227641428556e-03
4.337084492462188814e-03
4.375267503463373814e-03
4.414219188401698364e-03
4.453856254616807633e-03
4.494091465218173417e-03
4.534833936502355098e-03
4.575989457378928926e-03
4.617460829387586702e-03
4.659148227431477406e-03
4.700949577521965420e-03
4.742760953372956480e-03
4.784476989182186862e-03
4.825991306275340988e-03
4.867196953298678561e-03
4.907986858647475636e-03
4.948254290952808741e-03
4.987893330189093269e-03
5.026799342756584597e-03
5.064869460799431219e-03
5.102003064824361944e-03
5.138102264369601158e-03
5.173072378935579009e-03
5.206822411295521785e-03
5.239265516117983315e-03
5.270319458890062973e-03
5.299907063489946342e-03
5.327956645618411174e-03
5.354402430651510406e-03
5.379184952292912457e-03
5.402251432020953141e-03
5.423556133560701945e-03
5.443060694688786963e-03
5.460734429115536581e-03
5.476554601842984100e-03
5.490506670427124439e-03
5.502584495175583297e-03
5.512790513790635089e-03
5.521135878908322789e-03
5.527640558560300774e-03
5.532333396951606523e-03
5.535252133379048312e-03
5.536443381721454192e-03
5.535962564961541266e-03
5.533873808090152002e-03
5.530249787931033889e-03
5.525171536068348294e-03
5.518728200565339165e-03
5.511016763490646231e-03
5.502141712587492808e-03
5.492214672111231724e-03
5.481353990942993033e-03
5.469684288982962390e-03
5.457335964338173341e-03
5.444444660905345748e-03
5.431150700860111306e-03
5.417598481107884466e-03
5.403935837175233986e-03
5.390313378108960683e-03
5.376883791539499580e-03
5.363801126486262075e-03
5.351220052736380649e-03
5.339295101565800020e-03
5.328179892435786456e-03
5.318026346177276951e-03
5.308983892063860906e-03
5.301198669766820151e-03
5.294812730762432640e-03
5.289963244923135549e-03
5.286781713098091806e-03
5.285393193603876195e-03
5.285915544977011840e-03
5.288458688254920291e-03
5.293123896457791952e-03
5.300003110949172772e-03
5.309178293736806047e-03
5.320720815905786646e-03
5.334690889201482850e-03
5.351137041903656494e-03
5.370095646784390879e-03
5.391590500201858156e-03
5.415632459285537638e-03
5.442219139038648526e-03
5.471334673470396211e-03
5.502949541179263764e-03
5.537020460829413827e-03
5.573490357573636887e-03
5.612288401076843611e-03
5.653330118910292884e-03
5.696517583854092577e-03
5.741739679531471935e-03
5.788872441076444927e-03
5.837779472151718302e-03
5.888312439272643146e-03
5.940311641188855685e-03
5.993606651200597199e-03
6.048017032955405048e-03
6.103353125390290762e-03
6.159416895296973733e-03
6.216002854172765490e-03
6.272899035854631079e-03
6.329888030462556617e-03
6.386748071057503015e-03
6.443254167570234420e-03
6.499179282972600974e-03
6.554295546359743818e-03
6.608375495608912083e-03
6.661193346926500697e-03
6.712526279258005518e-03
6.762155732366902094e-03
6.809868706946393957e-03
6.855459061674745551e-03
6.898728801076277166e-03
6.939489343207664619e-03
6.977562761665685037e-03
7.012782993649733197e-03
7.044997008118863112e-03
7.074065922957102279e-03
7.099866065958571754e-03
7.122289972237398625e-03
7.141247310423558259e-03
7.156665729387180416e-03
7.168491620827752847e-03
7.176690792058941330e-03
7.181249037973935420e-03
7.182172612902609429e-03
7.179488594045243914e-03
7.173245131583505345e-03
7.163511582579459511e-03
7.150378525100377011e-03
7.133957648692516168e-03
7.114381521032156139e-03
7.091803227351911425e-03
7.066395881749789991e-03
7.038352012003911209e-03
7.007882818889626247e-03
6.975217306324527078e-03
6.940601292862803688e-03
6.904296300010675895e-03
6.866578324728010024e-03
6.827736501485612633e-03
6.788071656281794222e-03
6.747894760810777166e-03
6.707525291967140341e-03
6.667289507484887301e-03
6.627518640155087570e-03
6.588547026789180402e-03
6.550710174990237097e-03
6.514342781285824453e-03
6.479776710470732184e-03
6.447338949390890930e-03
6.417349540794191690e-03
6.390119517143875993e-03
6.365948840942953907e-03
6.345124367737579700e-03
6.327917841771240996e-03
6.314583939494872004e-03
6.305358373566849819e-03
6.300456068926161939e-03
6.300069426630614672e-03
6.304366683931652247e-03
6.313490389363173375e-03
6.327555997082377065e-03
6.346650599496424412e-03
6.370831804628813641e-03
6.400126769879987791e-03
6.434531403699962626e-03
6.474009741025821621e-03
6.518493503697943801e-03
6.567881851434826529e-03
6.622041329600514802e-03
6.680806019464458761e-03
6.743977894324940450e-03
6.811327385649996145e-03
6.882594158149831463e-03
6.957488096320935123e-03
7.035690501279254043e-03
7.116855492909153653e-03
7.200611616318309746e-03
7.286563646149659193e-03
7.374294581228056991e-03
7.463367821967385046e-03
7.553329522755441484e-03
7.643711103871348236e-03
7.734031915739929784e-03
7.823802039593668115e-03
7.912525207931134230e-03
7.999701832904240056e-03
8.084832121165608926e-03
8.167419261719773005e-03
8.246972661426064943e-03
8.323011215461780313e-03
8.395066586818201310e-03
8.462686476998953003e-03
8.525437863336090411e-03
8.582910183782856139e-03
8.634718446562850494e-03
8.680506240589417472e-03
8.719948628455088252e-03
8.752754896077569527e-03
8.778671143509721511e-03
8.797482687919170111e-03
8.809016269793606968e-03
8.813142033126442065e-03
8.809775268550508812e-03
8.798877900180402528e-03
8.780459700903010117e-03
8.754579222883881670e-03
8.721344429845317991e-03
8.680913022101511764e-03
8.633492442750249213e-03
8.579339562250565612e-03
8.518760031653551529e-03
8.452107304345878730e-03
8.379781324866638140e-03
8.302226884283406272e-03
8.219931648867756166e-03
8.133423863767180045e-03
8.043269740938130755e-03
7.950070542909208962e-03
7.854459370135777330e-03
7.757097672476526845e-03
7.658671493799945953e-03
7.559887473998369578e-03
7.461468626237897223e-03
7.364149911703531635e-03
7.268673637223003331e-03
7.175784701025278781e-03
7.086225713217050338e-03
7.000732022369459545e-03
6.920026677152689952e-03
6.844815354601738351e-03
6.775781289991688466e-03
6.713580237289195479e-03
6.658835500786049015e-03
6.612133066434468243e-03
6.574016874482269818e-03
6.544984261839565873e-03
6.525481613129961375e-03
6.515900255168767877e-03
6.516572625638377900e-03
6.527768751563582834e-03
6.549693065336320216e-03
6.582481594065853203e-03
6.626199543019288540e-03
6.680839306148054005e-03
6.746318924048324249e-03
6.822481009884676442e-03
6.909092165215489217e-03
7.005842898631134755e-03
7.112348064053959293e-03
7.228147822845873774e-03
7.352709140913878463e-03
7.485427820762202353e-03
7.625631068715802915e-03
7.772580590941505219e-03
7.925476213990980193e-03
8.083460010774066312e-03
8.245620923316650946e-03
8.410999854468624928e-03
8.578595211298356907e-03
8.747368867223530992e-03
8.916252512528075047e-03
9.084154359432723702e-03
9.249966161219400768e-03
9.412570501395340489e-03
9.570848312604469943e-03
9.723686572378625881e-03
9.869986126031512347e-03
1.000866958494844167e-02
1.013868924889862327e-02
1.025903498649567355e-02
1.036874202999294586e-02
1.046689861677099417e-02
1.055265342558515604e-02
1.062522274985344857e-02
1.068389734987200412e-02
1.072804893175287669e-02
1.075713619945680745e-02
1.077071042676734126e-02
1.076842050480031690e-02
1.075001741594686609e-02
1.071535809230318367e-02
1.066440862211988014e-02
1.059724676623627002e-02
1.051406375512364128e-02
1.041516533938707453e-02
1.030097207295761416e-02
1.017201880881808684e-02
1.002895339968836591e-02
9.872534592127888906e-03
9.703629115188001572e-03
9.523207966735860314e-03
9.332341906272495491e-03
9.132196166236674142e-03
8.924024407392301336e-03
8.709161936902689097e-03
8.489018221572572007e-03
8.265068733990726252e-03
8.038846167681643409e-03
7.811931067245740483e-03
7.585941925706215366e-03
7.362524798314930286e-03
7.143342493767971396e-03
6.930063405505914632e-03
6.724350048303589893e-03
6.527847367391186734e-03
6.342170901867548796e-03
6.168894869777600057e-03
6.009540262506492952e-03
5.865563026203035255e-03
5.738342419803197855e-03
5.629169630915572230e-03
5.539236743148037365e-03
5.469626136754375187e-03
5.421300413934715054e-03
5.395092932291372344e-03
5.391699030370615542e-03
5.411668024244691011e-03
5.455396051610674445e-03
5.523119837103029200e-03
5.614911441743897745e-03
5.730674059410289893e-03
5.870138913315214695e-03
6.032863302621444684e-03
6.218229839710752785e-03
6.425446909474375606e-03
6.653550380200553595e-03
6.901406584469354545e-03
7.167716576751960618e-03
7.451021673007691623e-03
7.749710262299002762e-03
8.062025875788457821e-03
8.386076484944019957e-03
8.719844994914561359e-03
9.061200886852966221e-03
9.407912953705053344e-03
9.757663065120219734e-03
1.010806088560302352e-02
1.045665946058687255e-02
1.080097157615299980e-02
1.113848678693940379e-02
1.146668899895947856e-02
1.178307448311476449e-02
1.208517019090579736e-02
1.237055223232083612e-02
1.263686437991845199e-02
1.288183645077671871e-02
1.310330242362973616e-02
1.329921815060589735e-02
1.346767852203253901e-02
1.360693395053508628e-02
1.371540604230925102e-02
1.379170233464138001e-02
1.383462997822025066e-02
1.384320825604098450e-02
1.381667983035018629e-02
1.375452062091336684e-02
1.365644822599322919e-02
1.352242879767207896e-02
1.335268230147505092e-02
1.314768609400366293e-02
1.290817676289425335e-02
1.263515018518471603e-02
1.232985977443170483e-02
1.199381289342635673e-02
1.162876543042473156e-02
1.123671454129785731e-02
1.081988958125496177e-02
1.038074125701152380e-02
9.921929049756264551e-03
9.446306963968477757e-03
8.956907675471399363e-03
8.456925157627925155e-03
7.949695870060766167e-03
7.438678600357278431e-03
6.927433053362038948e-03
6.419597284843248791e-03
5.918864077010245646e-03
5.428956365363612167e-03
4.953601830818718695e-03
4.496506783583654500e-03
4.061329482781072739e-03
3.651653045521745591e-03
3.270958122751730680e-03
2.922595535799700668e-03
2.609759084056911295e-03
2.335458752062757014e-03
2.102494561442846098e-03
1.913431314361572957e-03
1.770574483298033557e-03
1.675947479531624809e-03
1.631270527992849297e-03
1.637941347352787121e-03
1.697017813227779271e-03
1.809202760838694987e-03
1.974831057668157384e-03
2.193859062786524938e-03
2.465856560797948221e-03
2.790001255028187657e-03
3.165075895783399113e-03
3.589468119495264117e-03
4.061173079835416443e-03
4.577798938155786673e-03
5.136575282590648793e-03
5.734364499999489335e-03
6.367676113387042876e-03
7.032684045868464393e-03
7.725246748661557944e-03
8.440930108668906473e-03
9.175033039589320510e-03
9.922615664897488710e-03
1.067853001414699465e-02
1.143745314882750781e-02
1.219392261795254617e-02
1.294237410199100373e-02
1.367718103409510180e-02
1.439269590307202043e-02
1.508329285168187074e-02
1.574341111696407614e-02
1.636759880993616037e-02
1.695055653807365018e-02
1.748718039850772135e-02
1.797260393391932748e-02
1.840223872071417369e-02
1.877181332002921671e-02
1.907741036678611835e-02
1.931550159905874239e-02
1.948298061812222398e-02
1.957719317605827875e-02
1.959596476589230835e-02
1.953762530712660830e-02
1.940103071593848177e-02
1.918558115812129747e-02
1.889123578570403583e-02
1.851852375513825255e-02
1.806855133357634924e-02
1.754300492786051505e-02
1.694414991050835137e-02
1.627482515772140856e-02
1.553843325260277283e-02
1.473892633602434665e-02
1.388078761848962270e-02
1.296900860869291267e-02
1.200906218820185604e-02
1.100687175185221557e-02
9.968776734826862926e-03
8.901494929166413328e-03
7.812082030634569241e-03
6.707888816933958373e-03
5.596516250686092708e-03
4.485768639504815643e-03
3.383604817902673666e-03
2.298087195085612468e-03
1.237328477058246851e-03
2.094359169340311749e-04
-7.775469064412552245e-04
-1.715700582300823352e-03
-2.597292232124530711e-03
-3.414839150422053094e-03
-4.161173010317633682e-03
-4.829503802126579315e-03
-5.413482574888996493e-03
-5.907261946106884265e-03
-6.305553302635921731e-03
-6.603679701073174660e-03
-6.797623652661867293e-03
-6.884069198299781582e-03
-6.860437910989043361e-03
-6.724918677428188933e-03
-6.476491389879915697e-03
-6.114944936747208210e-03
-5.640890090349764963e-03
-5.055767919752910192e-03
-4.361854179844143996e-03
-3.562259766392339259e-03
-2.660926863444193404e-03
-1.662619993768318233e-03
-5.729109315003642986e-04
6.018435251972327265e-04
1.854531554664051642e-03
3.177324122264197064e-03
4.561719972434824175e-03
5.998596748374222104e-03
7.478267138475556790e-03
8.990539356811506205e-03
1.052478191347386294e-02
1.206999320064754827e-02
1.361487665782129021e-02
1.514792205854840861e-02
1.665749291487967493e-02
1.813191933376828713e-02
1.955959504269946803e-02
2.092907686000312212e-02
2.222918464100947372e-02
2.344909966168124554e-02
2.457845953048726911e-02
2.560744797828902117e-02
2.652687830705079131e-02
2.732826986117560530e-02
2.800391755286967682e-02
2.854695503415309588e-02
2.895141236210441865e-02
2.921226881009447024e-02
2.932550093530200686e-02
2.928812532363527996e-02
2.909823492486254132e-02
2.875502776049969345e-02
2.825882704161851444e-02
2.761109220323899882e-02
2.681442074040658527e-02
2.587254088066644198e-02
2.479029502922127509e-02
2.357361377848742057e-02
2.222948020694075558e-02
2.076588431479706523e-02
1.919176771482523913e-02
1.751695908786515474e-02
1.575210134676884727e-02
1.390857185071005080e-02
1.199839733055426544e-02
1.003416547522607838e-02
8.028935455413587982e-03
5.996149943468810119e-03
3.949551119544785459e-03
1.903102308836534737e-03
-1.290848001038047291e-04
-2.132819532107502365e-03
-4.093902136566885362e-03
-5.998198913521227138e-03
-7.831726799135270770e-03
-9.580750160618985850e-03
-1.123189029937630805e-02
-1.277224553648926772e-02
-1.418951730088498231e-02
-1.547213607073825645e-02
-1.660938081743247585e-02
-1.759148677584458642e-02
-1.840973848009316849e-02
-1.905654732006867302e-02
-1.952551463750056351e-02
-1.981148209235608290e-02
-1.991057068814257314e-02
-1.982020890713244443e-02
-1.953914962480313502e-02
-1.906747542967219752e-02
-1.840659273821001335e-02
-1.755921628370901363e-02
-1.652934663063830231e-02
-1.532224389717844887e-02
-1.394440066756975384e-02
-1.240351601888969001e-02
-1.070847071584407444e-02
-8.869301232638977101e-03
-6.897168131257661386e-03
-4.804313401846895329e-03
-2.604002261793608719e-03
-3.104473999317830480e-04
2.061283222686381613e-03
4.495371476649824387e-03
6.975362728450477598e-03
9.484284711078681124e-03
1.200477018287665620e-02
1.451918358114597830e-02
1.700975227690012734e-02
1.945870222163861157e-02
2.184839666004517733e-02
2.416147613167890160e-02
2.638099845997356543e-02
2.849057813190971483e-02
3.047452436270235016e-02
3.231797579105891854e-02
3.400702777893526568e-02
3.552884708112499096e-02
3.687176938087113887e-02
3.802537807072060155e-02
3.898056662789990690e-02
3.972959005994750048e-02
4.026611150256986099e-02
4.058524761003690778e-02
4.068361204466516140e-02
4.055935236394247329e-02
4.021217394050913274e-02
3.964334592913787425e-02
3.885568772986464775e-02
3.785353792944318174e-02
3.664270968100701714e-02
3.523043634888956693e-02
3.362530960836332405e-02
3.183721030679951408e-02
2.987723124360412708e-02
2.775759092564539926e-02
2.549153778756475114e-02
2.309324481375312280e-02
2.057769487334150035e-02
1.796055791073825417e-02
1.525806274487093682e-02
1.248686823916612607e-02
9.663940091138077323e-03
6.806439719535210126e-03
3.931630519754718625e-03
1.056804397489096705e-03
-1.800771805699392242e-03
-4.623894330638613631e-03
-7.395453391893902495e-03
-1.009846859607970229e-02
-1.271614163404928208e-02
-1.523193711978234298e-02
-1.762969753907887849e-02
-1.989379117850398684e-02
-2.200928413286625321e-02
-2.396212095800653863e-02
-2.573929519704208635e-02
-2.732899224677955499e-02
-2.872069291319771789e-02
-2.990523489886891956e-02
-3.087483843902294467e-02
-3.162310833994438214e-02
-3.214502598775075687e-02
-3.243694182764547684e-02
-3.249657336097335619e-02
-3.232300843483271180e-02
-3.191671028846843061e-02
-3.127951982662666164e-02
-3.041465119707681408e-02
-2.932667788544738099e-02
-2.802150757958099536e-02
-2.650634502376787716e-02
-2.478964343562613248e-02
-2.288104699762279204e-02
-2.079132886810545686e-02
-1.853232980889359810e-02
-1.611690087407048610e-02
-1.355884995901709099e-02
-1.087288810698060562e-02
-8.074569344194423154e-03
-5.180218386592093729e-03
-2.206843113657606329e-03
8.279683043519125941e-04
3.906163543738099507e-03
7.009352385473109973e-03
1.011893969462653899e-02
1.321626163166470663e-02
1.628272134961515974e-02
1.929992005471933142e-02
2.224977947350347332e-02
2.511465322451159055e-02
2.787742762223498205e-02
3.052161622718079989e-02
3.303145512077793750e-02
3.539200537082280024e-02
3.758926463727861600e-02
3.961028277396222430e-02
4.144326999648613452e-02
4.307768434951324971e-02
4.450428947470524282e-02
4.571518243202750409e-02
4.670380035851366685e-02
4.746491971938414378e-02
4.799466061482803719e-02
4.829050215234621801e-02
4.835130661782194306e-02
4.817734379120221927e-02
4.777030454270943249e-02
4.713329489973323849e-02
4.627080645971427125e-02
4.518866397858500861e-02
4.389395437681541806e-02
4.239494269943886590e-02
4.070098019839187703e-02
3.882240862024581574e-02
3.677046363961877784e-02
3.455717933459946656e-02
3.219529460323825726e-02
2.969816138230477881e-02
2.707965369798839839e-02
2.435407622289505192e-02
2.153607142728348328e-02
1.864052560509122519e-02
1.568247579482621307e-02
1.267702131769376378e-02
9.639244690768980148e-03
6.584146586013518883e-03
3.526598155742405663e-03
4.813116794490730679e-04
-2.537172526072749464e-03
-5.514488162528835558e-03
-8.436442024908282628e-03
-1.128902002949315302e-02
-1.405841048367719413e-02
-1.673105328300175665e-02
-1.929372000467487885e-02
-2.173362447853080526e-02
-2.403855723712969641e-02
-2.619703164641455986e-02
-2.819842591732816400e-02
-3.003310473592334107e-02
-3.169250739587559096e-02
-3.316919553740626386e-02
-3.445686139249087843e-02
-3.555030465347676361e-02
-3.644539063257788702e-02
-3.713900306331927026e-02
-3.762900195471995807e-02
-3.791419189605083756e-02
-3.799430129121656591e-02
-3.786996986855904052e-02
-3.754274096719825010e-02
-3.701505583383907227e-02
-3.629024816976234025e-02
-3.537253749677203574e-02
-3.426701940324614754e-02
-3.297964998324329211e-02
-3.151722159822754887e-02
-2.988732792670642513e-02
-2.809831810876763092e-02
-2.615924202861451622e-02
-2.407979061057448009e-02
-2.187023566007411518e-02
-1.954137295036608227e-02
-1.710447027974171946e-02
-1.457121994353275177e-02
-1.195369336456856939e-02
-9.264294989830574450e-03
-6.515712887068466318e-03
-3.720864290143064464e-03
-8.928351869893195623e-04
1.955186274820873774e-03
4.809982198374480010e-03
7.658382077269980381e-03
1.048734264704124890e-02
1.328402736323454000e-02
1.603588157593319533e-02
1.873069928431505063e-02
2.135667822849811673e-02
2.390246215019894288e-02
2.635717199534531180e-02
2.871043086106031539e-02
3.095238945506087122e-02
3.307375873029906599e-02
3.506585375208285532e-02
3.692064834042169119e-02
3.863083513671160957e-02
4.018988237931152285e-02
4.159207830103172493e-02
4.283255689643206132e-02
4.390730372031555195e-02
4.481314541804087836e-02
4.554772998550477014e-02
4.610950535758085583e-02
4.649770202777164796e-02
4.671232206706854573e-02
4.675413347004353515e-02
4.662466628253143786e-02
4.632620598559072933e-02
4.586178007110510574e-02
4.523513521703798751e-02
4.445070431660602672e-02
4.351356427712696484e-02
4.242938661967774611e-02
4.120438338517233567e-02
3.984525079794854624e-02
3.835911277649244056e-02
3.675346587571405588e-02
3.503612671055894578e-02
3.321518237143533669e-02
3.129894383787159423e-02
2.929590201060214283e-02
2.721468578902949340e-02
2.506402165988726866e-02
2.285269451725881196e-02
2.058950980441956805e-02
1.828325746821158476e-02
1.594267854685010866e-02
1.357643539900885848e-02
1.119308657785245999e-02
8.801067140198653993e-03
6.408674781642427487e-03
4.024061639130355195e-03
1.655230980466182141e-03
-6.899626302756811658e-04
-3.003811658342499767e-03
-5.278754781806798205e-03
-7.507379475628967423e-03
-9.682430411170062090e-03
-1.179682563600478046e-02
-1.384368170979597204e-02
-1.581634791083874961e-02
-1.770844841855489724e-02
-1.951393016910498920e-02
-2.122711308515180112e-02
-2.284273876791148572e-02
-2.435601364555139980e-02
-2.576264306527954739e-02
-2.705885383092725832e-02
-2.824140411177815391e-02
-2.930758120454156346e-02
-3.025518906273492320e-02
-3.108252852401705707e-02
-3.178837357786720025e-02
-3.237194678858269087e-02
-3.283289624786256411e-02
-3.317127540443019773e-02
-3.338752613852059153e-02
-3.348246471119063761e-02
-3.345726987157442156e-02
-3.331347237924013605e-02
-3.305294537830443663e-02
-3.267789523825276321e-02
-3.219085255527003725e-02
-3.159466293908722023e-02
-3.089247706515648242e-02
-3.008773935233454572e-02
-2.918417464079593390e-02
-2.818577242166008662e-02
-2.709676849448815206e-02
-2.592162433087947387e-02
-2.466500478812833769e-02
-2.333175507349251332e-02
-2.192687792098309274e-02
-2.045551181202365579e-02
-1.892291077987343778e-02
-1.733442597215053074e-02
-1.569548880211148537e-02
-1.401159528504836854e-02
-1.228829105027407984e-02
-1.053115655294436896e-02
-8.745792108210985807e-03
-6.937802507827862085e-03
-5.112781086344752798e-03
-3.276293187359341583e-03
-1.433859033202638774e-03
4.090639534010656522e-04
2.247099255600662829e-03
4.074969587594812551e-03
5.887515114619497336e-03
7.679711121199064329e-03
9.446684602629540350e-03
1.118372922637383277e-02
1.288631817990619835e-02
1.455011458773454273e-02
1.617097943528109094e-02
1.774497724192236961e-02
1.926838002419730550e-02
2.073767031397569932e-02
2.214954408233604094e-02
2.350091433822064022e-02
2.478891591004786857e-02
2.601091153514117210e-02
2.716449895383253599e-02
2.824751832784526059e-02
2.925805907637565179e-02
3.019446518922956624e-02
3.105533824864261522e-02
3.183953771554828838e-02
3.254617842977419045e-02
3.317462563657054553e-02
3.372448812083789910e-02
3.419561014701186230e-02
3.458806287536574098e-02
3.490213578421511725e-02
3.513832841586861377e-02
3.529734254505464269e-02
3.538007467325047367e-02
3.538760862295010912e-02
3.532120794499333388e-02
3.518230785899533614e-02
3.497250651198912513e-02
3.469355543795725472e-02
3.434734920778226286e-02
3.393591436285826185e-02
3.346139780215099530e-02
3.292605483850159082e-02
3.233223715602100840e-02
3.168238089071338109e-02
3.097899502383821141e-02
3.022465023553436159e-02
2.942196832311495119e-02
2.857361223758553281e-02
2.768227675012575190e-02
2.675067972610813832e-02
2.578155395495337204e-02
2.477763947032789182e-02
2.374167629538530624e-02
2.267639755729137716e-02
2.158452293434644925e-02
2.046875242440345313e-02
1.933176044528063867e-02
1.817619030112968201e-02
1.700464905589254769e-02
1.581970286506646436e-02
1.462387281229670342e-02
1.341963128579764901e-02
1.220939891714862419e-02
1.099554208310810077e-02
9.780370950292816695e-03
8.566138023080486358e-03
7.355037134505333120e-03
6.149202803285500930e-03
4.950709868938257471e-03
3.761573307467478387e-03
2.583748127075455921e-03
1.419129246627002985e-03
2.695512609472992859e-04
-8.632119873097456909e-04
-1.977448099058057036e-03
-3.071507124336209961e-03
-4.143802913820494351e-03
-5.192814822818740683e-03
-6.217089752950958823e-03
-7.215244494225315185e-03
-8.185968304195417183e-03
-9.128025643419806698e-03
-1.004025896975690481e-02
-1.092159147943790563e-02
-1.177102967842547608e-02
-1.258766566661817868e-02
-1.337067902338473849e-02
-1.411933819625916554e-02
-1.483300131538701529e-02
-1.551111637763915446e-02
-1.615322077706010315e-02
-1.675894018444796726e-02
-1.732798680914380759e-02
-1.786015710306415594e-02
-1.835532898700747290e-02
-1.881345869307305893e-02
-1.923457732494428599e-02
-1.961878723749638231e-02
-1.996625832890136856e-02
-2.027722432622528978e-02
-2.055197913180482894e-02
-2.079087327806534991e-02
-2.099431052514045409e-02
-2.116274461656372091e-02
-2.129667620112786139e-02
-2.139664991560566096e-02
-2.146325161845029361e-02
-2.149710576074805035e-02
-2.149887287732615490e-02
-2.146924718065825605e-02
-2.140895423849608140e-02
-2.131874871839338492e-02
-2.119941218105981726e-02
-2.105175090646191002e-02
-2.087659373928241885e-02
-2.067478994168781697e-02
-2.044720704660131505e-02
-2.019472870739304551e-02
-1.991825254610938428e-02
-1.961868800513247996e-02
-1.929695421419407031e-02
-1.895397788358569105e-02
-1.859069124272825363e-02
-1.820803003821748825e-02
-1.780693160889677135e-02
-1.738833305245492469e-02
-1.695316949463753636e-02
-1.650237246857392745e-02
-1.603686840801542973e-02
-1.555757725382909615e-02
-1.506541116954554504e-02
-1.456127335901543848e-02
-1.404605697674213977e-02
-1.352064412130381255e-02
-1.298590490228979794e-02
-1.244269657083600135e-02
-1.189186270667613385e-02
-1.133423245484724631e-02
-1.077061980829869224e-02
-1.020182293188862631e-02
-9.628623528041070287e-03
-9.051786241455445081e-03
-8.472058104627984421e-03
-7.890168022583719104e-03
-7.306826298235447395e-03
-6.722724198615562599e-03
-6.138533560697649605e-03
-5.554906437399203742e-03
-4.972474783206990746e-03
-4.391850177036091610e-03
-3.813623583216740019e-03
-3.238365148946736882e-03
-2.666624036743323045e-03
-2.098928292739798453e-03
-1.535784749557971571e-03
-9.776789638679865644e-04
-4.250751892613482573e-04
1.215836167083655863e-04
6.618757493958109511e-04
1.195400678982118468e-03
1.721778937296655201e-03
2.240651969760970065e-03
2.751681953719833755e-03
3.254551582993172459e-03
3.748963822428424963e-03
4.234641631815356036e-03
4.711327663641330654e-03
5.178783935534760942e-03
5.636791481148117379e-03
6.085149981263572767e-03
6.523677378455541506e-03
6.952209477835114351e-03
7.370599536137087231e-03
7.778717840297073340e-03
8.176451279317341336e-03
8.563702908874338063e-03
8.940391510943323031e-03
9.306451148649568655e-03
9.661830717255634818e-03
1.000649349105318768e-02
1.034041666705486258e-02
1.066359090450555436e-02
1.097601986125523212e-02
1.127771972632817844e-02
1.156871874883921153e-02
1.184905676396009674e-02
1.211878471593952691e-02
1.237796417891284979e-02
1.262666687591057664e-02
1.286497419780326459e-02
1.309297672186784944e-02
1.331077373254979830e-02
1.351847274433922580e-02
1.371618902886560624e-02
1.390404514678242505e-02
1.408217048582589837e-02
1.425070080647267493e-02
1.440977779546687848e-02
1.455954862858230281e-02
1.470016554342859320e-02
1.483178542267678778e-02
1.495456938825059402e-02
1.506868240744929990e-02
1.517429291025782986e-02
1.527157241924922970e-02
1.536069519135170244e-02
1.544183787201350126e-02
1.551517916158750426e-02
1.558089949363214086e-02
1.563918072599591175e-02
1.569020584346332223e-02
1.573415867228849033e-02
1.577122360689470204e-02
1.580158534810695292e-02
1.582542865281414551e-02
1.584293809500532738e-02
1.585429783852222718e-02
1.585969142040712446e-02
1.585930154566257688e-02
1.585330989276341473e-02
1.584189693005622762e-02
1.582524174243426368e-02
1.580352186923401903e-02
1.577691315136527453e-02
1.574558958951727261e-02
1.570972321185189202e-02
1.566948395138186706e-02
1.562503953299233111e-02
1.557655536946310482e-02
1.552419446673813930e-02
1.546811733757030502e-02
1.540848192356376704e-02
1.534544352541616398e-02
1.527915474061659548e-02
1.520976540883249226e-02
1.513742256390240674e-02
1.506227039308064355e-02
1.498445020205771243e-02
1.490410038652141382e-02
1.482135640909620217e-02
1.473635078191642619e-02
1.464921305396459962e-02
1.456006980359429194e-02
1.446904463532253451e-02
1.437625818094491990e-02
1.428182810461305595e-02
1.418586911161227870e-02
1.408849296082585051e-02
1.398980848025641738e-02
1.388992158581864658e-02
1.378893530298931983e-02
1.368694979101626324e-02
1.358406236989350563e-02
1.348036754953106306e-02
1.337595706115580346e-02
1.327091989089391674e-02
1.316534231489003594e-02
1.305930793673809598e-02
1.295289772592849234e-02
1.284619005831658979e-02
1.273926075757888729e-02
1.263218313793941505e-02
1.252502804824826531e-02
1.241786391683043916e-02
1.231075679724567828e-02
1.220377041487996986e-02
1.209696621396442670e-02
1.199040340555203657e-02
1.188413901555220205e-02
1.177822793314561162e-02
1.167272295973564855e-02
1.156767485779772696e-02
1.146313239973012141e-02
1.135914241696760196e-02
1.125574984874038072e-02
1.115299779073500308e-02
1.105092754359038656e-02
1.094957866092156201e-02
1.084898899709014521e-02
1.074919475447722733e-02
1.065023053033348384e-02
1.055212936294196331e-02
1.045492277729785473e-02
1.035864083018678272e-02
1.026331215451190167e-02
1.016896400288959390e-02
1.007562229067561488e-02
9.983311638039268909e-03
9.892055411311880680e-03
9.801875763611803821e-03
9.712793674554843354e-03
9.624828989066205875e-03
9.538000455587848300e-03
9.452325763047792623e-03
9.367821577339594669e-03
9.284503576685716048e-03
9.202386486140180094e-03
9.121484111352211321e-03
9.041809371322871366e-03
8.963374330327534070e-03
8.886190228965532706e-03
8.810267514349094664e-03
8.735615869384493609e-03
8.662244241265819322e-03
8.590160869147926703e-03
8.519373310790674669e-03
8.449888468722176540e-03
8.381712615178837922e-03
8.314851416544961557e-03
8.249309956982999598e-03
8.185092761047067095e-03
8.122203815881518310e-03
8.060646592356588563e-03
8.000424065734455109e-03
7.941538735389577081e-03
7.883992644080862686e-03
7.827787396273747436e-03
7.772924175988965220e-03
7.719403763925074789e-03
7.667226553990029274e-03
7.616392569151198000e-03
7.566901476786090652e-03
7.518752603368719645e-03
7.471944948605905093e-03
0.000000000000000000e+00
