-8.998421573431045206e-02
-3.408146262208293625e-04
-3.560390265357573671e-04
-3.683233290688092470e-04
-3.777794369779299312e-04
-3.847545255759724555e-04
-3.896774133192715522e-04
-3.929683134673751538e-04
-3.949972103805318019e-04
-3.960709328404551574e-04
-3.964346971258969187e-04
-3.962797432353654288e-04
-3.957526658519914652e-04
-3.949643728352479535e-04
-3.939978540871448554e-04
-3.929145644856449262e-04
-3.917595037286028710e-04
-3.905651797514854504e-04
-3.893546625769372851e-04
-3.881439184759243044e-04
-3.869435853864509542e-04
-3.857603196184800857e-04
-3.845978156499481673e-04
-3.834575782195141780e-04
-3.823395067306309663e-04
-3.812423376954284307e-04
-3.801639798068029517e-04
-3.791017675861983391e-04
-3.780526532304784217e-04
-3.770133514029887830e-04
-3.759804482953376346e-04
-3.749504831170751874e-04
-3.739200088187120616e-04
-3.728856365217540249e-04
-3.718440677809840313e-04
-3.707921172725289240e-04
-3.697267283330374528e-04
-3.686449828245593700e-04
-3.675441069670847428e-04
-3.664214738369816083e-04
-3.652746037724301231e-04
-3.641011627748607857e-04
-3.628989599569712888e-04
-3.616659441092436381e-04
-3.604001997791351618e-04
-3.590999431300105973e-04
-3.577635177714913548e-04
-3.563893907301406584e-04
-3.549761485903250597e-04
-3.535224941142727124e-04
-3.520272431524495461e-04
-3.504893219939523869e-04
-3.489077655023631840e-04
-3.472817153903149778e-04
-3.456104194363726709e-04
-3.438932311409571320e-04
-3.421296098579033711e-04
-3.403191219020012485e-04
-3.384614418250504742e-04
-3.365563546567514573e-04
-3.346037585884743121e-04
-3.326036682755380974e-04
-3.305562188516948750e-04
-3.284616703547410619e-04
-3.263204128903512014e-04
-3.241329723223005613e-04
-3.219000164465411415e-04
-3.196223618588634949e-04
-3.173009811316602514e-04
-3.149370107383608810e-04
-3.125317592532733234e-04
-3.100867161003018849e-04
-3.076035607128173657e-04
-3.050841721322268291e-04
-3.025306387869394330e-04
-2.999452688281817499e-04
-2.973306006201297501e-04
-2.946894133199319879e-04
-2.920247378780259275e-04
-2.893398680003022791e-04
-2.866383710495561815e-04
-2.839240992360127051e-04
-2.812012002451470902e-04
-2.784741280889048431e-04
-2.757476534666195890e-04
-2.730268737432129788e-04
-2.703172225374049064e-04
-2.676244785928269879e-04
-2.649547742034140223e-04
-2.623146024518737979e-04
-2.597108239824812235e-04
-2.571506722526869376e-04
-2.546417580010429046e-04
-2.521920722825012062e-04
-2.498099879302264834e-04
-2.475042597981016047e-04
-2.452840230976341754e-04
-2.431587900622827862e-04
-2.411384447702170832e-04
-2.392332358758437506e-04
-2.374537674399931648e-04
-2.358109874086103137e-04
-2.343161741392377900e-04
-2.329809202950071205e-04
-2.318171148514981510e-04
-2.308369223616641482e-04
-2.300527602126724476e-04
-2.294772733616638836e-04
-2.291233069362280834e-04
-2.290038764589581201e-04
-2.291321362077845813e-04
-2.295213453714836909e-04
-2.301848323789151742e-04
-2.311359577635051579e-04
-2.323880752957193513e-04
-2.339544921205248627e-04
-2.358484277709300969e-04
-2.380829727028493936e-04
-2.406710462995228367e-04
-2.436253550740198007e-04
-2.469583512544203281e-04
-2.506821920653383613e-04
-2.548087003391376251e-04
-2.593493268043226170e-04
-2.643151145284832609e-04
-2.697166657580549447e-04
-2.755641120513762678e-04
-2.818670878153414685e-04
-2.886347077035820042e-04
-2.958755486037896974e-04
-3.035976362290241769e-04
-3.118084369822956246e-04
-3.205148554589619565e-04
-3.297232375387790931e-04
-3.394393797980399963e-04
-3.496685450670453457e-04
-3.604154846315868119e-04
-3.716844666342561387e-04
-3.834793112922384520e-04
-3.958034324955876475e-04
-4.086598857358340886e-04
-4.220514220748907731e-04
-4.359805482235851095e-04
-4.504495917857797866e-04
-4.654607719598350367e-04
-4.810162743783968648e-04
-4.971183304278842252e-04
-5.137692997150714123e-04
-5.309717553681760852e-04
-5.487285714235305180e-04
-5.670430114476925510e-04
-5.859188178110666390e-04
-6.053603006648741736e-04
-6.253724257741354736e-04
-6.459609005853711450e-04
-6.671322575636426909e-04
-6.888939340911608578e-04
-7.112543479733627206e-04
-7.342229681706166806e-04
-7.578103793600755086e-04
-7.820283405823803737e-04
-8.068898362196988243e-04
-8.324091197397772215e-04
-8.586017487294522049e-04
-8.854846114814639551e-04
-9.130759440271541457e-04
-9.413953376449638900e-04
-9.704637362714196684e-04
-1.000303423562697198e-03
-1.030937999538282870e-03
-1.062392346281683993e-03
-1.094692582876107597e-03
-1.127866009660488710e-03
-1.161941041311855731e-03
-1.196947129380558639e-03
-1.232914674375791856e-03
-1.269874926968677428e-03
-1.307859879899049647e-03
-1.346902149588476236e-03
-1.387034848863517768e-03
-1.428291450667612539e-03
-1.470705644142583993e-03
-1.514311182379019394e-03
-1.559141724100306407e-03
-1.605230668637694933e-03
-1.652610985822387151e-03
-1.701315041302473279e-03
-1.751374417883793310e-03
-1.802819734316835846e-03
-1.855680461666413608e-03
-1.909984738856316394e-03
-1.965759187619916647e-03
-2.023028727984469213e-03
-2.081816395177228402e-03
-2.142143158550692105e-03
-2.204027743326857428e-03
-2.267486455816109664e-03
-2.332533013045447884e-03
-2.399178376906578071e-03
-2.467430593701030236e-03
-2.537294639609467654e-03
-2.608772272216883670e-03
-2.681861888670093903e-03
-2.756558390686583877e-03
-2.832853056622868047e-03
-2.910733421052108961e-03
-2.990183161281489022e-03
-3.071181991750389795e-03
-3.153705565814887268e-03
-3.237725384832438377e-03
-3.323208714949177790e-03
-3.410118511011333686e-03
-3.498413347814512998e-03
-3.588047358558657182e-03
-3.678970180047544305e-03
-3.771126904978346680e-03
-3.864458040703706333e-03
-3.958899474788911410e-03
-4.054382446619128437e-03
-4.150833525567230835e-03
-4.248174595193605733e-03
-4.346322843331892720e-03
-4.445190758460931119e-03
-4.544686131507328503e-03
-4.644712063902761180e-03
-4.745166980992484608e-03
-4.845944651644406437e-03
-4.946934213286362583e-03
-5.048020203021691757e-03
-5.149082594421157399e-03
-5.249996840539961247e-03
-5.350633922500101086e-03
-5.450860404913244507e-03
-5.550538496746542164e-03
-5.649526119375805448e-03
-5.747676980745774697e-03
-5.844840656179224256e-03
-5.940862676582375074e-03
-6.035584623106103261e-03
-6.128844229422397358e-03
-6.220475491282424080e-03
-6.310308783738506969e-03
-6.398170986006847250e-03
-6.483885614573813710e-03
-6.567272963845403530e-03
-6.648150255876996914e-03
-6.726331797710777965e-03
-6.801629147809660353e-03
-6.873851290795456558e-03
-6.942804821304660035e-03
-7.008294136327465791e-03
-7.070121636464587155e-03
-7.128087936405055891e-03
-7.181992083809143543e-03
-7.231631787437040569e-03
-7.276803653926398364e-03
-7.317303433147313851e-03
-7.352926272282896830e-03
-7.383466978353177106e-03
-7.408720288439659026e-03
-7.428481148701688783e-03
-7.442545000126382475e-03
-7.450708072547381627e-03
-7.452767684783890081e-03
-7.448522552229268345e-03
-7.437773100087831206e-03
-7.420321782718165143e-03
-7.395973408344338508e-03
-7.364535468100770130e-03
-7.325818469856111917e-03
-7.279636275731757658e-03
-7.225806442083741558e-03
-7.164150562847747782e-03
-7.094494614000811800e-03
-7.016669299785838199e-03
-6.930510398645475106e-03
-6.835859109644072153e-03
-6.732562397283375563e-03
-6.620473334920065622e-03
-6.499451445273224381e-03
-6.369363037716398862e-03
-6.230081541146945123e-03
-6.081487832084449090e-03
-5.923470556162156384e-03
-5.755926443566138431e-03
-5.578760615790150090e-03
-5.391886884678726358e-03
-5.195228040828403678e-03
-4.988716132578049044e-03
-4.772292732125524295e-03
-4.545909190665810284e-03
-4.309526879058766038e-03
-4.063117414713362380e-03
-3.806662872868963026e-03
-3.540155982120051642e-03
-3.263600302038573587e-03
-2.977010383758103840e-03
-2.680411910379858903e-03
-2.373841818524785943e-03
-2.057348398557931526e-03
-1.730991373307230914e-03
-1.394841954531897063e-03
-1.048982875982657024e-03
-6.935084023567566515e-04
-3.285243138130946108e-04
4.585213491049800957e-05
4.294922820750825439e-04
8.222561522152975998e-04
1.223992577615593078e-03
1.634539346678492294e-03
2.053723381111518132e-03
2.481360941382717601e-03
2.917257860777953613e-03
3.361209809428094848e-03
3.813002586527216350e-03
4.272412442931981628e-03
4.739206432716205029e-03
5.213142794213049963e-03
5.693971360258985766e-03
6.181433997752136186e-03
6.675265075615836180e-03
7.175191961391754435e-03
7.680935545218877704e-03
8.192210791884278753e-03
8.708727318529136535e-03
9.230189998748626959e-03
9.756299591467830837e-03
1.028675339343512393e-02
1.082124591507828068e-02
1.135946957757832596e-02
1.190111543037583250e-02
1.244587388766748431e-02
1.299343548247987486e-02
1.354349163621914459e-02
1.409573544287612105e-02
1.464986246517062558e-02
1.520557154117877820e-02
1.576256559994508935e-02
1.632055248284685137e-02
1.687924576936301879e-02
1.743836560541554490e-02
1.799763953039600767e-02
1.855680330237419531e-02
1.911560171771532757e-02
1.967378942277737616e-02
2.023113171594884477e-02
2.078740533583344971e-02
2.134239923520178314e-02
2.189591533465407719e-02
2.244776925743942331e-02
2.299779103861037885e-02
2.354582580852405266e-02
2.409173444698623628e-02
2.463539420447384207e-02
2.517669928957691830e-02
2.571556141773533380e-02
2.625191032049181000e-02
2.678569421107092688e-02
2.731688020492640048e-02
2.784545469218399627e-02
2.837142365903948596e-02
2.889481295706076286e-02
2.941566851673287075e-02
2.993405650428848652e-02
3.045006341883181589e-02
3.096379612893017039e-02
3.147538184566826824e-02
3.198496803203075556e-02
3.249272224599004250e-02
3.299883191709500341e-02
3.350350405444009472e-02
3.400696488643063786e-02
3.450945943093632062e-02
3.501125099526528756e-02
3.551262060692284006e-02
3.601386637398015789e-02
3.651530277588465462e-02
3.701725988563268899e-02
3.752008252388891463e-02
3.802412934546750556e-02
3.852977186116933461e-02
3.903739339478083659e-02
3.954738797873511014e-02
4.006015918952145899e-02
4.057611892577743518e-02
4.109568613241325330e-02
4.161928547251281946e-02
4.214734595111446769e-02
4.268029949539348111e-02
4.321857949288783474e-02
4.376261929368614745e-02
4.431285068109415415e-02
4.486970231334874715e-02
4.543359814421234211e-02
4.600495582500423175e-02
4.658418509462836782e-02
4.717168616338716924e-02
4.776784809503179657e-02
4.837304719427873434e-02
4.898764540520397781e-02
4.961198872625516287e-02
5.024640564921797198e-02
5.089120562767162487e-02
5.154667758143315071e-02
5.221308844403806104e-02
5.289068175938606287e-02
5.357967633343284353e-02
5.428026494948270941e-02
5.499261315014562779e-02
5.571685809634407960e-02
5.645310750583351633e-02
5.720143867995148429e-02
5.796189762317259520e-02
5.873449826202574442e-02
5.951922176768958961e-02
6.031601598915929674e-02
6.112479500003013821e-02
6.194543876548125327e-02
6.277779293195288879e-02
6.362166874446195663e-02
6.447684309514449541e-02
6.534305870480841549e-02
6.622002444224192597e-02
6.710741578070565649e-02
6.800487539584704200e-02
6.891201390404554095e-02
6.982841074284332206e-02
7.075361519307638014e-02
7.168714754170332770e-02
7.262850038464853386e-02
7.357714006740265211e-02
7.453250826072696511e-02
7.549402366869825687e-02
7.646108386475371221e-02
7.743306725182470818e-02
7.840933514077022548e-02
7.938923394219069007e-02
8.037209746396802024e-02
8.135724930881899075e-02
8.234400536321824504e-02
8.333167636964887437e-02
8.431957057329346472e-02
8.530699643419091538e-02
8.629326539331902413e-02
8.727769468449422807e-02
8.825961017828345967e-02
8.923834924894247234e-02
9.021326365104345713e-02
9.118372239324289141e-02
9.214911459875600730e-02
9.310885233650291470e-02
9.406237341295321797e-02
9.500914410878678884e-02
9.594866184911940432e-02
9.688045779246055866e-02
9.780409932538308704e-02
9.871919244976386232e-02
9.962538404891815857e-02
1.005223640201454577e-01
1.014098672602929962e-01
1.022876754918478626e-01
1.031556189187860656e-01
1.040135776980939536e-01
1.048614832188980578e-01
1.056993191760896844e-01
1.065271224303130926e-01
1.073449836445021371e-01
1.081530476894473625e-01
1.089515138096524421e-01
1.097406355448816290e-01
1.105207204001215360e-01
1.112921292611365187e-01
1.120552755505117987e-01
1.128106241245040442e-01
1.135586899062365207e-01
1.143000362594932678e-01
1.150352731011186069e-01
1.157650547564498117e-01
1.164900775623566309e-01
1.172110772218777075e-01
1.179288259182438431e-01
1.186441291960130540e-01
1.193578226191765457e-01
1.200707682164905699e-01
1.207838507268639283e-01
1.214979736570449553e-01
1.222140551685194781e-01
1.229330238069287484e-01
1.236558140930114624e-01
1.243833619932778745e-01
1.251166002888610129e-01
1.258564538629088903e-01
1.266038349303538202e-01
1.273596382281918238e-01
1.281247361927799755e-01
1.288999741462409365e-01
1.296861655160696514e-01
1.304840871134142211e-01
1.312944744949806064e-01
1.321180174326588852e-01
1.329553555184146141e-01
1.338070739279713928e-01
1.346736993690174078e-01
1.355556962400501775e-01
1.364534630221854727e-01
1.373673289301563516e-01
1.382975508441798007e-01
1.392443105454118091e-01
1.402077122775737816e-01
1.411877806526126433e-01
1.421844589220272181e-01
1.431976076295028710e-01
1.442270036617808449e-01
1.452723397113891424e-01
1.463332241654331789e-01
1.474091814278800927e-01
1.484996526878998857e-01
1.496039971371290189e-01
1.507214936420348261e-01
1.518513428729979520e-01
1.529926698886313885e-01
1.541445271738130784e-01
1.553058981240202641e-01
1.564757009698855006e-01
1.576527931296563545e-01
1.588359759774634061e-01
1.600240000101336713e-01
1.612155703959080588e-01
1.624093528822646570e-01
1.636039800403149003e-01
1.647980578193277701e-01
1.659901723832721832e-01
1.671788971985976868e-01
1.683628003399839645e-01
1.695404519799020293e-01
1.707104320246112528e-01
1.718713378579464213e-01
1.730217921531927994e-01
1.741604507111686739e-01
1.752860102811990006e-01
1.763972163222712330e-01
1.774928706593774663e-01
1.785718389883814705e-01
1.796330581873160914e-01
1.806755433848137027e-01
1.816983947435060198e-01
1.827008039117797578e-01
1.836820600999948261e-01
1.846415557396107188e-01
1.855787916813865790e-01
1.864933818938757926e-01
1.873850576238631216e-01
1.882536709816322040e-01
1.890991979186372185e-01
1.899217405651261181e-01
1.907215289006885806e-01
1.914989217311341141e-01
1.922544069522928722e-01
1.929886010797551565e-01
1.937022480332954988e-01
1.943962171626974211e-01
1.950715005117756862e-01
1.957292093160342972e-01
1.963705697384833526e-01
1.969969178501523865e-01
1.976096938663530200e-01
1.982104356563812453e-01
1.988007715466069691e-01
1.993824124435484013e-01
1.999571433066094084e-01
2.005268140068932892e-01
2.010933296100395062e-01
2.016586401283729513e-01
2.022247297901572649e-01
2.027936058787913054e-01
2.033672871969270379e-01
2.039477922175007840e-01
2.045371269832796657e-01
2.051372728221759756e-01
2.057501739469142499e-01
2.063777250118291329e-01
2.070217586988284397e-01
2.076840334094313678e-01
2.083662211381571983e-01
2.090698956062354008e-01
2.097965207313033653e-01
2.105474395127218679e-01
2.113238634088142609e-01
2.121268622809049653e-01
2.129573549814199329e-01
2.138161006546368814e-01
2.147036908232353991e-01
2.156205423250531494e-01
2.165668911639176408e-01
2.175427873342529739e-01
2.185480906716427141e-01
2.195824677822708348e-01
2.206453900914299993e-01
2.217361330522996388e-01
2.228537765447415053e-01
2.239972064904456328e-01
2.251651177027158557e-01
2.263560179803184580e-01
2.275682334513369209e-01
2.287999151598225922e-01
2.300490468859184567e-01
2.313134541761503737e-01
2.325908145576440766e-01
2.338786688988450102e-01
2.351744338709145232e-01
2.364754154582240364e-01
2.377788234564322256e-01
2.390817868889384967e-01
2.403813702662069840e-01
2.416745906030453861e-01
2.429584351054608904e-01
2.442298794276721585e-01
2.454859063975697309e-01
2.467235251016971498e-01
2.479397902162620848e-01
2.491318214653014118e-01
2.502968230856266185e-01
2.514321031724383038e-01
2.525350927796476963e-01
2.536033646458309976e-01
2.546346514162839969e-01
2.556268632331117341e-01
2.565781045640619928e-01
2.574866901448035761e-01
2.583511599102169543e-01
2.591702927961030967e-01
2.599431192943002511e-01
2.606689326529791351e-01
2.613472986164606660e-01
2.619780636097809312e-01
2.625613612776946937e-01
2.630976172990698858e-01
2.635875524049957064e-01
2.640321835413265150e-01
2.644328231240573590e-01
2.647910763513690591e-01
2.651088365431443772e-01
2.653882784966299924e-01
2.656318498537080797e-01
2.658422604945924750e-01
2.660224699798370285e-01
2.661756730819273553e-01
2.663052834559904714e-01
2.664149155173235473e-01
2.665083646032552211e-01
2.665895855124669200e-01
2.666626695265076341e-01
2.667318200328830935e-01
2.668013268771824986e-01
2.668755395885338833e-01
2.669588396298558930e-01
2.670556118349000640e-01
2.671702152060244639e-01
2.673069532511476165e-01
2.674700440496543541e-01
2.676635902398480371e-01
2.678915491288486606e-01
2.681577031268614908e-01
2.684656307130891539e-01
2.688186781396594838e-01
2.692199320814914754e-01
2.696721934371695828e-01
2.701779524855699166e-01
2.707393655934590693e-01
2.713582336713583065e-01
2.720359825583280045e-01
2.727736455167661944e-01
2.735718480006176789e-01
2.744307948542193398e-01
2.753502600822785862e-01
2.763295793205691742e-01
2.773676451195185022e-01
2.784629051351778517e-01
2.796133633093397797e-01
2.808165840954831016e-01
2.820696997725360422e-01
2.833694208675340276e-01
2.847120496838296266e-01
2.860934969159553698e-01
2.875093013054922375e-01
2.889546522718628441e-01
2.904244154323885052e-01
2.919131608982323822e-01
2.934151942177485317e-01
2.949245898114505882e-01
2.964352267247540862e-01
2.979408265057142957e-01
2.994349929894846163e-01
3.009112537620590722e-01
3.023631030489165039e-01
3.037840457658148585e-01
3.051676424501827967e-01
3.065075547803879918e-01
3.077975913789219309e-01
3.090317535867037058e-01
3.102042808872347290e-01
3.113096956576852370e-01
3.123428469156711573e-01
3.132989527369881566e-01
3.141736410155024917e-01
3.149629882442038786e-01
3.156635560015864650e-01
3.162724248385134773e-01
3.167872252692221502e-01
3.172061655880041853e-01
3.175280562457338807e-01
3.177523305416103394e-01
3.178790614047991014e-01
3.179089740633914696e-01
3.178434544232647263e-01
3.176845530050638189e-01
3.174349843163896123e-01
3.170981215640179540e-01
3.166779866433793167e-01
3.161792353734483862e-01
3.156071379766597351e-01
3.149675548397427027e-01
3.142669076211322965e-01
3.135121458085352586e-01
3.127107088605932672e-01
3.118704841057147736e-01
3.109997605969331835e-01
3.101071791640098718e-01
3.092016789267912347e-01
3.082924405721928496e-01
3.073888267221177029e-01
3.065003197486910191e-01
3.056364574209701201e-01
3.048067667881120824e-01
3.040206967296656959e-01
3.032875496175240215e-01
3.026164125567363250e-01
3.020160886804539868e-01
3.014950289876266454e-01
3.010612652183726201e-01
3.007223442660406088e-01
3.004852646238130864e-01
3.003564153627604760e-01
3.003415181286129276e-01
3.004455726350896971e-01
3.006728061174924749e-01
3.010266271908828006e-01
3.015095845363131577e-01
3.021233308131887618e-01
3.028685921669537207e-01
3.037451436706339325e-01
3.047517910003839647e-01
3.058863586140966873e-01
3.071456846537886087e-01
3.085256227568093923e-01
3.100210509121243407e-01
3.116258874513832544e-01
3.133331142190012852e-01
3.151348069107602345e-01
3.170221725240849331e-01
3.189855938071881059e-01
3.210146805452709917e-01
3.230983274651143544e-01
3.252247784904058192e-01
3.273816970259740833e-01
3.295562418985682474e-01
3.317351485308460690e-01
3.339048148805929817e-01
3.360513916265784884e-01
3.381608760444265172e-01
3.402192089726129853e-01
3.422123742338953334e-01
3.441264998438871014e-01
3.459479603125489855e-01
3.476634793167499016e-01
3.492602320070816724e-01
3.507259461967114911e-01
3.520490016708539005e-01
3.532185268555838586e-01
3.542244920862290813e-01
3.550577987258110024e-01
3.557103634000324810e-01
3.561751966380804491e-01
3.564464752363254996e-01
3.565196076952854010e-01
3.563912921231803810e-01
3.560595660418343078e-01
3.555238475812735333e-01
3.547849676040493172e-01
3.538451923566097168e-01
3.527082363067385873e-01
3.513792648875515567e-01
3.498648869371522308e-01
3.481731366853208498e-01
3.463134452149669307e-01
3.442966013899290134e-01
3.421347023187523706e-01
3.398410934953184359e-01
3.374302988316835727e-01
3.349179408755057485e-01
3.323206515786727433e-01
3.296559740588773657e-01
3.269422558690148750e-01
3.241985343617138082e-01
3.214444148010872082e-01
3.186999419441537973e-01
3.159854658685228856e-01
3.133215028852306960e-01
3.107285924237859209e-01
3.082271508280319816e-01
3.058373230404741738e-01
3.035788331941441376e-01
3.014708351575601797e-01
2.995317641068628300e-01
2.977791902115697886e-01
2.962296755291449202e-01
2.948986352066008676e-01
2.938002040731084730e-01
2.929471096969873400e-01
2.923505529497430477e-01
2.920200970891768666e-01
2.919635663262328262e-01
2.921869547873411355e-01
2.926943467191908677e-01
2.934878487149518156e-01
2.945675346574100906e-01
2.959314040040244009e-01
2.975753539515989532e-01
2.994931659435536853e-01
3.016765069027805835e-01
3.041149454894262472e-01
3.067959835980914041e-01
3.097051032114727653e-01
3.128258286238924657e-01
3.161398039342893096e-01
3.196268855902560935e-01
3.232652496472877557e-01
3.270315132843018002e-01
3.309008700051310203e-01
3.348472378402231886e-01
3.388434197507947387e-01
3.428612753326321094e-01
3.468719028080328171e-01
3.508458302020971420e-01
3.547532145038806983e-01
3.585640475415595718e-01
3.622483672197210902e-01
3.657764727076197042e-01
3.691191421036770226e-01
3.722478510407597474e-01
3.751349906545743407e-01
3.777540832900720957e-01
3.800799942987849178e-01
3.820891382616272702e-01
3.837596779708496442e-01
3.850717145185822421e-01
3.860074668716508839e-01
3.865514393749659439e-01
3.866905757163980328e-01
3.864143980083876162e-01
3.857151297861186601e-01
3.845878018702374446e-01
3.830303401819776243e-01
3.810436347200161222e-01
3.786315890096285663e-01
3.758011494253043483e-01
3.725623138860076899e-01
3.689281195312693606e-01
3.649146091165139660e-01
3.605407760013063512e-01
3.558284877338630525e-01
3.508023883492374928e-01
3.454897795953820183e-01
3.399204814045891920e-01
3.341266720662438572e-01
3.281427087479990568e-01
3.220049292591163903e-01
3.157514361997887931e-01
3.094218648515999481e-01
3.030571362574183691e-01
2.966991969389954908e-01
2.903907466230024603e-01
2.841749553163993580e-01
2.780951711388610081e-01
2.721946205453014134e-01
2.665161028762976225e-01
2.611016814939665642e-01
2.559923739675352694e-01
2.512278438395272873e-01
2.468460964002344715e-01
2.428831806999871556e-01
2.393728997955070492e-01
2.363465310660265439e-01
2.338325584150964254e-01
2.318564183399508816e-01
2.304402621401765439e-01
2.296027368163496840e-01
2.293587872831583108e-01
2.297194822343522069e-01
2.306918653340295222e-01
2.322788325287455380e-01
2.344790354799554111e-01
2.372868107204762211e-01
2.406921343515714407e-01
2.446806028766974617e-01
2.492334418064345303e-01
2.543275444463836132e-01
2.599355433097311208e-01
2.660259156520892176e-01
2.725631230398364302e-01
2.795077832839069076e-01
2.868168722516694635e-01
2.944439532926045322e-01
3.023394329813305359e-01
3.104508428202831238e-01
3.187231467477207869e-01
3.270990735617839151e-01
3.355194721884922071e-01
3.439236869743766412e-01
3.522499504814311511e-01
3.604357924418806203e-01
3.684184645614543840e-01
3.761353805937079353e-01
3.835245691433170068e-01
3.905251338569094011e-01
3.970777136564490606e-01
4.031249357535975353e-01
4.086118564282307242e-01
4.134863877141981003e-01
4.176997103869603545e-01
4.212066735995736999e-01
4.239661790894679871e-01
4.259415445430785874e-01
4.271008387610751855e-01
4.274171823177385643e-01
4.268690111013492272e-01
4.254403041587453971e-01
4.231207790842904659e-01
4.199060569185083525e-01
4.157977954755804340e-01
4.108037874224757524e-01
4.049380185062929072e-01
3.982206818545956928e-01
3.906781455853513552e-01
3.823428729064219933e-01
3.732532963503920054e-01
3.634536498212490030e-01
3.529937623714826667e-01
3.419288158253778187e-01
3.303190660520848865e-01
3.182295267196647570e-01
3.057296152253018984e-01
2.928927623195199947e-01
2.797959887635082521e-01
2.665194537440732647e-01
2.531459800106609093e-01
2.397605586013845103e-01
2.264498313138382513e-01
2.133015441220566244e-01
2.004039637859980627e-01
1.878452558459832167e-01
1.757128334145066084e-01
1.640926967031219319e-01
1.530687864903047257e-01
1.427223681692712798e-01
1.331314500779286480e-01
1.243702277025128256e-01
1.165085401578710711e-01
1.096113282271445194e-01
1.037380909446160016e-01
9.894234639484696114e-02
9.527111053155085107e-02
9.276441475114839685e-02
9.145488590443934251e-02
9.136740681402125142e-02
9.251886017141165708e-02
9.491794119145882669e-02
9.856501641613128750e-02
1.034520131435065216e-01
1.095623388358992756e-01
1.168708392816596858e-01
1.253438030812913384e-01
1.349390160749089351e-01
1.456058726076026599e-01
1.572855590269878201e-01
1.699113255801570355e-01
1.834088482163941936e-01
1.976966603709535142e-01
2.126866240905020411e-01
2.282844191269002565e-01
2.443900506744561829e-01
2.608983942866230921e-01
2.776997975964155541e-01
2.946807447092630317e-01
3.117245745382987154e-01
3.287122411914756293e-01
3.455231116303731920e-01
3.620358022377588858e-01
3.781290549406107759e-01
3.936826491219350688e-01
4.085783437673685126e-01
4.227008421168960695e-01
4.359387586797369707e-01
4.481855456291546913e-01
4.593403232385270818e-01
4.693085838588093028e-01
4.780027984082252934e-01
4.853430026656208596e-01
4.912574259099385943e-01
4.956831470395459127e-01
4.985666887095555611e-01
4.998644596819133978e-01
4.995430326331750104e-01
4.975793278502858019e-01
4.939607893536379080e-01
4.886855846070856102e-01
4.817627906505506652e-01
4.732125041968354151e-01
4.630658359789146528e-01
4.513647864106679619e-01
4.381620221959197647e-01
4.235205806844643539e-01
4.075135283971551003e-01
3.902235899226477733e-01
3.717427409325698706e-01
3.521717384886330904e-01
3.316195627998118622e-01
3.102027672510312417e-01
2.880447566540402793e-01
2.652750188195084902e-01
2.420283239801793163e-01
2.184438951719357425e-01
1.946645489671407214e-01
1.708358078813241310e-01
1.471049905648335598e-01
1.236202930043166920e-01
1.005298758138546134e-01
7.798095446747038695e-02
5.611885254255544880e-02
3.508596100705699272e-02
1.502059570509660380e-02
-3.944153991736172940e-03
-2.168143487941497777e-02
-3.807141777054492970e-02
-5.300194140266009657e-02
-6.636918816539816302e-02
-7.807850235885449575e-02
-8.804529297665238119e-02
-9.619585126032019484e-02
-1.024679520018774714e-01
-1.068112375761006150e-01
-1.091874762897116213e-01
-1.095707815036447708e-01
-1.079478152914072758e-01
-1.043179451547115860e-01
-9.869330411638789491e-02
-9.109872405171828835e-02
-8.157155533013356330e-02
-7.016142043749705459e-02
-5.692994417050245559e-02
-4.195046404907927518e-02
-2.530768912414119859e-02
-7.097269282413153427e-03
1.257474528974768246e-02
3.359255194008537587e-02
5.583133033840113890e-02
7.915803366008025699e-02
1.034322043787053863e-01
1.285067916825880785e-01
1.542289645246648910e-01
1.804409351928838723e-01
2.069808289129570489e-01
2.336836482829272588e-01
2.603823693006330209e-01
2.869091508960260883e-01
3.130965631289366335e-01
3.387787097965926364e-01
3.637921909739286197e-01
3.879769770461719003e-01
4.111773353683916277e-01
4.332428995298682750e-01
4.540298525953856412e-01
4.734021149852352672e-01
4.912324292028862893e-01
5.074032794115108658e-01
5.218076275832003175e-01
5.343494830247101923e-01
5.449443488953780168e-01
5.535195894193049027e-01
5.600147355353618517e-01
5.643817316809541795e-01
5.665851390446750013e-01
5.666023157239264973e-01
5.644235635131840123e-01
5.600521949217783790e-01
5.535044783867795193e-01
5.448094582081944859e-01
5.340086710467117914e-01
5.211557710779552988e-01
5.063160590406985406e-01
4.895659191378506359e-01
4.709921957395523107e-01
4.506915572852143725e-01
4.287698815809063424e-01
4.053416664690600579e-01
3.805294419408342121e-01
3.544631453511276620e-01
3.272794267275174196e-01
2.991208801470897072e-01
2.701352383410701719e-01
2.404745856779748059e-01
2.102946092519906995e-01
1.797538422232050903e-01
1.490128290252259458e-01
1.182331970069561838e-01
8.757669943143117641e-02
5.720430993312404511e-02
2.727538532940017996e-02
-2.053144783242377008e-03
-3.062758831744723589e-02
-5.829827907857360741e-02
-8.492033105098104051e-02
-1.103544201301849409e-01
-1.344676862500991388e-01
-1.571347553572767508e-01
-1.782387324581546639e-01
-1.976719767899866587e-01
-2.153365997482852845e-01
-2.311448006223643659e-01
-2.450192024313168626e-01
-2.568932447111207940e-01
-2.667115636526812272e-01
-2.744302659701012281e-01
-2.800170727099561274e-01
-2.834513775841320804e-01
-2.847242688763219620e-01
-2.838385214360185649e-01
-2.808085260659918814e-01
-2.756601149791564342e-01
-2.684302588615108398e-01
-2.591666383638434046e-01
-2.479271204196421829e-01
-2.347791899976086893e-01
-2.197993910620565650e-01
-2.030728088490232341e-01
-1.846925825150570744e-01
-1.647593938429701699e-01
-1.433808665029590868e-01
-1.206708520004062535e-01
-9.674865455255809987e-02
-7.173830039039390261e-02
-4.576793467656958825e-02
-1.896933869898493122e-02
8.522525880174753807e-03
3.657004658481247117e-02
6.503359263362566700e-02
9.377219967853699101e-02
1.226442372443653367e-01
1.515080337023786416e-01
1.802224877023261840e-01
2.086477121435427740e-01
2.366457349735184290e-01
2.640812473006627914e-01
2.908223664579938639e-01
3.167413763799080684e-01
3.417154158429448474e-01
3.656270992868076442e-01
3.883650699421276609e-01
4.098245000033277075e-01
4.299075646131675366e-01
4.485239150422791754e-01
4.655911539561068402e-01
4.810352832191059358e-01
4.947910780922164520e-01
5.068023549303849462e-01
5.170221282213345315e-01
5.254126711021831486e-01
5.319454943510132372e-01
5.366012582738290959e-01
5.393696416907879376e-01
5.402492006861541185e-01
5.392472377274708517e-01
5.363796703908029206e-01
5.316708613361493807e-01
5.251533676875632661e-01
5.168675880046380566e-01
5.068613133275957638e-01
4.951892121130176960e-01
4.819122925241533517e-01
4.670973872008420402e-01
4.508166909530330613e-01
4.331473510890108125e-01
4.141710778228529510e-01
3.939737324866536827e-01
3.726448765019071963e-01
3.502773075201370268e-01
3.269666339510280406e-01
3.028109200533843359e-01
2.779103829863387443e-01
2.523670827681564477e-01
2.262845517444743437e-01
1.997673584950340475e-01
1.729206515669174937e-01
1.458497399160395558e-01
1.186597342998298721e-01
9.145522923910041901e-02
6.433998508341094713e-02
3.741658277512989461e-02
1.078604997233806317e-02
-1.545252740769952060e-02
-4.120239523664161879e-02
-6.636951716959398062e-02
-9.086295420742812601e-02
-1.145952343406396734e-01
-1.374827094713635123e-01
-1.594459021559543610e-01
-1.804098494520859075e-01
-2.003044467227891035e-01
-2.190647789694632752e-01
-2.366314113936909824e-01
-2.529506094733177113e-01
-2.679744772885376825e-01
-2.816610296987629436e-01
-2.939742296528687904e-01
-3.048840159872642230e-01
-3.143663270165003576e-01
-3.224031085428453736e-01
-3.289822930640958765e-01
-3.340977470161273777e-01
-3.377491929780028768e-01
-3.399421147960389744e-01
-3.406876457458842822e-01
-3.400024300987409820e-01
-3.379084437928014939e-01
-3.344327631071214446e-01
-3.296072797492819451e-01
-3.234683726552378125e-01
-3.160565564239339320e-01
-3.074161299029806171e-01
-2.975948446953520232e-01
-2.866436041578466765e-01
-2.746161926801787279e-01
-2.615690261882546164e-01
-2.475609097380168655e-01
-2.326527874279904762e-01
-2.169074742985322435e-01
-2.003893695514150086e-01
-1.831641629899015689e-01
-1.652985561475574239e-01
-1.468600192288433692e-01
-1.279165923111872105e-01
-1.085367201885420324e-01
-8.878909651099907430e-02
-6.874249372825019799e-02
-4.846557005034464460e-02
-2.802666267115967377e-02
-7.493585658886090309e-03
1.306655357506894197e-02
3.358751822211279020e-02
5.400409686025085115e-02
7.425226273048111947e-02
9.426934644010086239e-02
1.139942232912098813e-01
1.333675105953261164e-01
1.523317682415697982e-01
1.708316963863530935e-01
1.888143253623891515e-01
2.062291933244272679e-01
2.230285067381838071e-01
2.391672788194689203e-01
2.546034429077384531e-01
2.692979418275042169e-01
2.832147989751213069e-01
2.963211794709621483e-01
3.085874483798368706e-01
3.199872282239996646e-01
3.304974524393793356e-01
3.400984079775880575e-01
3.487737601059471282e-01
3.565105546140404646e-01
3.632991951681818210e-01
3.691333954073885426e-01
3.740101069237459219e-01
3.779294263185383196e-01
3.808944870140218431e-01
3.829113431357333286e-01
3.839888521443417524e-01
3.841385597548432340e-01
3.833745863253111841e-01
3.817135103270618002e-01
3.791742431762445964e-01
3.757778908482395930e-01
3.715476005021858819e-01
3.665083936104934215e-01
3.606869899036383442e-01
3.541116283375333462e-01
3.468118921190677106e-01
3.388185444361077603e-01
3.301633797627148703e-01
3.208790925196996491e-01
3.109991611415505730e-01
3.005577424903552730e-01
2.895895704046470009e-01
2.781298535928528048e-01
2.662141714487047395e-01
2.538783700069444649e-01
2.411584622943986622e-01
2.280905367749238855e-01
2.147106748829517575e-01
2.010548754076596223e-01
1.871589815696228787e-01
1.730586070296041834e-01
1.587890594517052667e-01
1.443852632162181127e-01
1.298816848616552999e-01
1.153122649081148032e-01
1.007103580399896781e-01
8.610868121008768972e-02
7.153926724515863311e-02
5.703342076713067976e-02
4.262167372471621640e-02
2.833373905415521171e-02
1.419846226124919092e-02
2.437715750993002615e-04
-1.350337232265033660e-02
-2.701702596155488093e-02
-4.027231114931515560e-02
-5.324546045252825238e-02
-6.591385910167917028e-02
-7.825608246352733222e-02
-9.025192856227612359e-02
-1.018824456215121910e-01
-1.131299550367298734e-01
-1.239780703715564203e-01
-1.344117127650093502e-01
-1.444171226475250425e-01
-1.539818671366266212e-01
-1.630948422376828910e-01
-1.717462691752836834e-01
-1.799276847681382796e-01
-1.876319264491473349e-01
-1.948531130089753427e-01
-2.015866221984404238e-01
-2.078290659924716954e-01
-2.135782638171146997e-01
-2.188332136159064079e-01
-2.235940604718936464e-01
-2.278620625937818889e-01
-2.316395547163838664e-01
-2.349299091889885949e-01
-2.377374951270264103e-01
-2.400676359664706550e-01
-2.419265656316098578e-01
-2.433213833812412075e-01
-2.442600072928565180e-01
-2.447511262965885726e-01
-2.448041506912215226e-01
-2.444291611483755400e-01
-2.436368563445901469e-01
-2.424384995277223676e-01
-2.408458645076613502e-01
-2.388711817117348257e-01
-2.365270850254765356e-01
-2.338265601229238544e-01
-2.307828948807502667e-01
-2.274096322951181248e-01
-2.237205261206055562e-01
-2.197294992663153534e-01
-2.154506048371743754e-01
-2.108979896118305664e-01
-2.060858596922405250e-01
-2.010284480455805378e-01
-1.957399836774495472e-01
-1.902346622305260415e-01
-1.845266178947011226e-01
-1.786298966308525471e-01
-1.725584308347284657e-01
-1.663260156578151294e-01
-1.599462872333860808e-01
-1.534327029990238400e-01
-1.467985241714123146e-01
-1.400568002468103868e-01
-1.332203552224910659e-01
-1.263017751248429466e-01
-1.193133964143973935e-01
-1.122672949331021686e-01
-1.051752752271026548e-01
-9.804886026429521229e-02
-9.089928171732029882e-02
-8.373747105088326370e-02
-7.657405162878108684e-02
-6.941933195849250837e-02
-6.228330005769459193e-02
-5.517561880127716534e-02
-4.810562202837453255e-02
-4.108231116797127214e-02
-3.411435218087995047e-02
-2.721007269270371218e-02
-2.037745928261858186e-02
-1.362415497339114490e-02
-6.957457017941766353e-03
-3.843150962625050023e-04
6.088669977081989648e-03
1.245524696856406890e-02
1.870951433344269013e-02
2.484591971850997130e-02
3.085925887503821602e-02
3.674467399902697773e-02
4.249765150277778208e-02
4.811401921056134706e-02
5.358994296325938350e-02
5.892192262190834584e-02
6.410678747929519916e-02
6.914169110957218978e-02
7.402410571296241804e-02
7.875181602602628061e-02
8.332291287106782796e-02
8.773578640811890983e-02
9.198911913256273276e-02
9.608187863672446039e-02
1.000133101346967340e-01
1.037829287370458931e-01
1.073905114575310488e-01
1.108360889434010232e-01
1.141199369262076296e-01
1.172425674067277546e-01
1.202047195935208729e-01
1.230073506223156171e-01
1.256516260870979285e-01
1.281389104143310920e-01
1.304707571131151489e-01
1.326488989359678183e-01
1.346752379857042436e-01
1.365518358064074789e-01
1.382809034958918937e-01
1.398647918762974673e-01
1.413059817553700692e-01
1.426070743078912684e-01
1.437707815998600924e-01
1.447999172747551078e-01
1.456973874169560923e-01
1.464661816052701404e-01
1.471093641678478670e-01
1.476300656508114095e-01
1.480314745121832642e-01
1.483168290532058675e-01
1.484894095997005559e-01
1.485525309448925968e-01
1.485095350638572231e-01
1.483637841084401443e-01
1.481186536894307237e-01
1.477775264503365937e-01
1.473437859361720892e-01
1.468208107579317412e-01
1.462119690540919503e-01
1.455206132478956416e-01
1.447500750997259278e-01
1.439036610533939720e-01
1.429846478740541271e-01
1.419962785751341383e-01
1.409417586311901005e-01
1.398242524720761937e-01
1.386468802531438116e-01
1.374127148954654432e-01
1.361247793877789214e-01
1.347860443431498911e-01
1.333994258001676980e-01
1.319677832596381772e-01
1.304939179455023024e-01
1.289805712803826221e-01
1.274304235630739357e-01
1.258460928377420629e-01
1.242301339426456763e-01
1.225850377271116148e-01
1.209132304264966262e-01
1.192170731831468516e-01
1.174988617052890594e-01
1.157608260531406974e-01
1.140051305449183566e-01
1.122338737748883875e-01
1.104490887365452145e-01
1.086527430448770704e-01
1.068467392523718973e-01
1.050329152532059884e-01
1.032130447710220139e-01
1.013888379257716493e-01
9.956194187482972358e-02
9.773394152427605786e-02
9.590636030595116324e-02
9.408066101553320959e-02
9.225824670796815841e-02
9.044046164512672958e-02
8.862859229189282151e-02
8.682386835601228758e-02
8.502746386750711927e-02
8.324049829304520920e-02
8.146403768133042567e-02
7.969909583521744834e-02
7.794663550585753664e-02
7.620756960570521099e-02
7.448276243573638544e-02
7.277303092339397483e-02
7.107914586793931400e-02
6.940183318929307732e-02
6.774177517821690364e-02
6.609961174426792763e-02
6.447594165937335642e-02
6.287132379519819181e-02
6.128627835176854444e-02
5.972128807641183951e-02
5.817679947101614402e-02
5.665322398726035935e-02
5.515093920777805470e-02
5.367029001354882423e-02
5.221158973614394017e-02
5.077512129415269471e-02
4.936113831377050842e-02
4.796986623261433047e-02
4.660150338622126576e-02
4.525622207728181856e-02
4.393416962669234593e-02
4.263546940613723024e-02
4.136022185206696816e-02
4.010850546040298920e-02
3.888037776179540522e-02
3.767587627711913717e-02
3.649501945291431376e-02
3.533780757658307875e-02
3.420422367108671979e-02
3.309423436901214044e-02
3.200779076600163836e-02
3.094482925299280734e-02
2.990527232795476414e-02
2.888902938632909728e-02
2.789599749048544963e-02
2.692606211836728533e-02
2.597909789089240459e-02
2.505496927859668724e-02
2.415353128730545612e-02
2.327463012297464884e-02
2.241810383598099796e-02
2.158378294464019520e-02
2.077149103845599837e-02
1.998104536115749563e-02
1.921225737345256396e-02
1.846493329626548718e-02
1.773887463411463403e-02
1.703387867927643254e-02
1.634973899689656784e-02
1.568624589123460839e-02
1.504318685357752816e-02
1.442034699180540225e-02
1.381750944248935457e-02
1.323445576509426659e-02
1.267096631957930104e-02
1.212682062674967469e-02
1.160179771265239072e-02
1.109567643675143413e-02
1.060823580461093402e-02
1.013925526513496586e-02
9.688514993344657031e-03
9.255796158186004388e-03
8.840881176676652561e-03
8.443553954110644133e-03
8.063600110992819731e-03
7.700807196987809362e-03
7.354964892360495686e-03
7.025865197073039373e-03
6.713302608201247162e-03
6.417074285654353512e-03
6.136980206835891509e-03
5.872823310618937795e-03
5.624409630621839823e-03
5.391548418542724264e-03
5.174052257569661945e-03
4.971737166322575882e-03
4.784422693710795385e-03
4.611932004614958600e-03
4.454091957272383190e-03
4.310733172182839787e-03
4.181690092869820401e-03
4.066801039004443868e-03
3.965908251871359466e-03
3.878857932478546947e-03
3.805500272675408149e-03
3.745689479320291754e-03
3.699283791742211547e-03
3.666145492788594647e-03
3.646140913582351234e-03
3.639140432012444824e-03
3.645018465451153183e-03
3.663653457489030388e-03
3.694927859071201089e-03
3.738728104078302590e-03
3.794944579375692136e-03
3.863471589685458715e-03
3.944207316940000208e-03
4.037053774820111365e-03
4.141916757782753908e-03
4.258705785419633627e-03
4.387334041402059411e-03
0.000000000000000000e+00
