2.031689774024544870e-02
-2.690632306811430088e-03
-2.321884972861482967e-03
-2.056820364871193157e-03
-1.852961306145135476e-03
-1.687010888070632078e-03
-1.545736950433766656e-03
-1.421334839226813486e-03
-1.309013842492234760e-03
-1.205709997285881819e-03
-1.109381512026046774e-03
-1.018612379351683866e-03
-9.323829580776808214e-04
-8.499333091157570616e-04
-7.706793999858764770e-04
-6.941602334553642877e-04
-6.200035338282364368e-04
-5.479028528833666464e-04
-4.776018774507273350e-04
-4.088833879633115096e-04
-3.415612923501031017e-04
-2.754747399356070880e-04
-2.104836745607432252e-04
-1.464654051309694904e-04
-8.331191131891006740e-05
-2.092769098813369345e-05
4.077198518010632412e-05
1.018625073181001622e-04
1.624111176553829413e-04
2.224779099896617533e-04
2.821166756977072122e-04
3.413756250422543808e-04
4.002980063050472995e-04
4.589226401294872401e-04
5.172843829849397852e-04
5.754145309604477045e-04
6.333411728147810872e-04
6.910894996628555616e-04
7.486820776176044811e-04
8.061390880861635678e-04
8.634785403636296985e-04
9.207164597475143899e-04
9.778670545461127378e-04
1.034942864306424674e-03
1.091954891490557605e-03
1.148912718789847067e-03
1.205824613205286333e-03
1.262697618779257559e-03
1.319537638881441207e-03
1.376349509288295799e-03
1.433137062824140114e-03
1.489903186467641345e-03
1.546649871600423980e-03
1.603378257918156588e-03
1.660088671623412152e-03
1.716780658375271400e-03
1.773453011147645012e-03
1.830103793832893759e-03
1.886730360258785568e-03
1.943329369470512061e-03
1.999896797078458063e-03
2.056427943163361208e-03
2.112917436614771861e-03
2.169359236363486119e-03
2.225746629431655035e-03
2.282072225930999176e-03
2.338327951176494626e-03
2.394505034916503614e-03
2.450593997917517326e-03
2.506584635685320424e-03
2.562465999664120461e-03
2.618226375885768665e-03
2.673853261024121929e-03
2.729333335951525732e-03
2.784652437137218224e-03
2.839795525407609340e-03
2.894746652592207828e-03
2.949488926086143645e-03
3.004004471069416770e-03
3.058274390925297490e-03
3.112278725719473237e-03
3.165996408853646166e-03
3.219405222235377940e-03
3.272481749860189394e-03
3.325201330267108651e-03
3.377538007758658107e-03
3.429464483110614137e-03
3.480952063331767612e-03
3.531970611544560379e-03
3.582488496600166362e-03
3.632472543408807406e-03
3.681887983714206454e-03
3.730698408503231416e-03
3.778865721710599444e-03
3.826350096256805541e-03
3.873109932848342856e-03
3.919101821897648386e-03
3.964280509236499037e-03
4.008598866524652748e-03
4.052007866600595802e-03
4.094456564683753540e-03
4.135892086113313916e-03
4.176259621397892217e-03
4.215502429191077954e-03
4.253561848010921354e-03
4.290377317653673063e-03
4.325886410600830387e-03
4.360024874734895299e-03
4.392726687586734520e-03
4.423924123108506981e-03
4.453547831465577353e-03
4.481526932577016044e-03
4.507789123600209821e-03
4.532260801443330732e-03
4.554867199679864427e-03
4.575532541151984545e-03
4.594180205616726562e-03
4.610732912675641858e-03
4.625112919920707985e-03
4.637242235872747302e-03
4.647042847111476985e-03
4.654436959129659018e-03
4.659347250055264136e-03
4.661697135933764481e-03
4.661411046774235380e-03
4.658414711594779239e-03
4.652635450936210698e-03
4.644002475358845541e-03
4.632447187531902807e-03
4.617903486107875766e-03
4.600308069145679635e-03
4.579600734565088954e-03
4.555724675299049897e-03
4.528626766561561628e-03
4.498257842784234191e-03
4.464572961285006442e-03
4.427531650717088027e-03
4.387098141123048009e-03
4.343241573653253661e-03
4.295936187411671450e-03
4.245161481496395606e-03
4.190902349925950884e-03
4.133149188396754818e-03
4.071897970558364249e-03
4.007150293580604393e-03
3.938913391245074148e-03
3.867200114946423798e-03
3.792028881604565631e-03
3.713423589278906471e-03
3.631413500778722311e-03
3.546033096168853347e-03
3.457321895622093594e-03
3.365324254010630504e-03
3.270089129450417294e-03
3.171669827826785644e-03
3.070123726005266011e-03
2.965511976567684026e-03
2.857899196790882751e-03
2.747353145519352766e-03
2.633944390738040056e-03
2.517745971792488546e-03
2.398833059165451139e-03
2.277282615688088884e-03
2.153173062373048546e-03
2.026583952087713993e-03
1.897595654637128110e-03
1.766289055615951828e-03
1.632745272436154482e-03
1.497045389693830823e-03
1.359270216230162994e-03
1.219500065744157178e-03
1.077814562906822572e-03
9.342924760504856853e-04
7.890115772909989111e-04
6.420485312013724834e-04
4.934788117573365822e-04
3.433766481352178591e-04
1.918149986122430310e-04
3.886555190633087312e-05
-1.154012444466246193e-04
-2.709161304245894832e-04
-4.276109557638165404e-04
-5.854185794223012475e-04
-7.442727485734614967e-04
-9.041079588276786268e-04
-1.064859297241445898e-03
-1.226462271467654991e-03
-1.388852625862377430e-03
-1.551966147884945501e-03
-1.715738466265140719e-03
-1.880104843990381986e-03
-2.044999967332530519e-03
-2.210357734024469712e-03
-2.376111042004962204e-03
-2.542191581072904705e-03
-2.708529628939020106e-03
-2.875053854091162622e-03
-3.041691126134237616e-03
-3.208366336295922789e-03
-3.375002228029747638e-03
-3.541519240132177514e-03
-3.707835362943355095e-03
-3.873866007781017265e-03
-4.039523892017178597e-03
-4.204718938516879313e-03
-4.369358190947701497e-03
-4.533345745178639537e-03
-4.696582696462604095e-03
-4.858967102685739746e-03
-5.020393963625954803e-03
-5.180755215822943280e-03
-5.339939742954637192e-03
-5.497833400978665783e-03
-5.654319058038623919e-03
-5.809276647923979596e-03
-5.962583237247194579e-03
-6.114113104954070621e-03
-6.263737833813409067e-03
-6.411326413309208216e-03
-6.556745352754933878e-03
-6.699858804321220246e-03
-6.840528694833801840e-03
-6.978614866051616877e-03
-7.113975222149935412e-03
-7.246465884202606643e-03
-7.375941350662713718e-03
-7.502254663278496230e-03
-7.625257577978717706e-03
-7.744800739768636574e-03
-7.860733861580300116e-03
-7.972905906275700935e-03
-8.081165271037958966e-03
-8.185359974768453145e-03
-8.285337846912758930e-03
-8.380946717844551391e-03
-8.472034611147566396e-03
-8.558449936121891033e-03
-8.640041681828115883e-03
-8.716659611581694875e-03
-8.788154457371570583e-03
-8.854378115508317743e-03
-8.915183841718483243e-03
-8.970426446860677028e-03
-9.019962492430779605e-03
-9.063650485979232035e-03
-9.101351076716366478e-03
-9.132927250802114205e-03
-9.158244526461089413e-03
-9.177171148694963920e-03
-9.189578284039831915e-03
-9.195340214449843064e-03
-9.194334531057750046e-03
-9.186442326944870007e-03
-9.171548389327613404e-03
-9.149541390836141846e-03
-9.120314079315546343e-03
-9.083763466588661711e-03
-9.039791015351860554e-03
-8.988302824127259588e-03
-8.929209810119964619e-03
-8.862427889203662937e-03
-8.787878153254685687e-03
-8.705487043601137925e-03
-8.615186521172744222e-03
-8.516914232164303836e-03
-8.410613668805123205e-03
-8.296234325010686320e-03
-8.173731846462825232e-03
-8.043068174090318989e-03
-7.904211681168737264e-03
-7.757137302464404971e-03
-7.601826656336338472e-03
-7.438268157674786905e-03
-7.266457122294838790e-03
-7.086395861557008569e-03
-6.898093767380370292e-03
-6.701567385890071053e-03
-6.496840480752653219e-03
-6.283944084401504523e-03
-6.062916537137330066e-03
-5.833803513907451568e-03
-5.596658037683608852e-03
-5.351540479208247852e-03
-5.098518543063874919e-03
-4.837667239399620275e-03
-4.569068840063089318e-03
-4.292812820785474326e-03
-4.008995787024998564e-03
-3.717721384056103546e-03
-3.419100191635517788e-03
-3.113249601679455615e-03
-2.800293679783402885e-03
-2.480363010043575966e-03
-2.153594523074235396e-03
-1.820131307028597430e-03
-1.480122401932920054e-03
-1.133722576791881386e-03
-7.810920900020845020e-04
-4.223964328333340741e-04
-5.780605620088301311e-05
3.125039189289121298e-04
6.883540077777658070e-04
1.069560683648791439e-03
1.455936715772290085e-03
1.847291522514274073e-03
2.243431539323541713e-03
2.644160601363877965e-03
3.049280339960593229e-03
3.458590592290962471e-03
3.871889823957338876e-03
4.288975563505492694e-03
4.709644848125845405e-03
5.133694680088847495e-03
5.560922492334667219e-03
5.991126623369380684e-03
6.424106799232640747e-03
6.859664623016134902e-03
7.297604068935942094e-03
7.737731982441597989e-03
8.179858581982158566e-03
8.623797964538205268e-03
9.069368610886136342e-03
9.516393891264091770e-03
9.964702568663726112e-03
1.041412929951369797e-02
1.086451512956565502e-02
1.131570798367540973e-02
1.176756314832301878e-02
1.221994374519151487e-02
1.267272119373473623e-02
1.312577566232088835e-02
1.357899650503992250e-02
1.403228268395028018e-02
1.448554317400138278e-02
1.493869734951300265e-02
1.539167535129069148e-02
1.584441843126303123e-02
1.629687927476964823e-02
1.674902229768654785e-02
1.720082391753533294e-02
1.765227279694788973e-02
1.810337005786030046e-02
1.855412946548704728e-02
1.900457757980117748e-02
1.945475387472775722e-02
1.990471082186687224e-02
2.035451393966802164e-02
2.080424180491834141e-02
2.125398602735934644e-02
2.170385118520581219e-02
2.215395472123171672e-02
2.260442679871007415e-02
2.305541011663929732e-02
2.350705968337953033e-02
2.395954254851603502e-02
2.441303749312256910e-02
2.486773467694331982e-02
2.532383524439809838e-02
2.578155088762693753e-02
2.624110336804272997e-02
2.670272399640862687e-02
2.716665307206380178e-02
2.763313928160216620e-02
2.810243905870679626e-02
2.857481590509534930e-02
2.905053967491646322e-02
2.952988582272896706e-02
3.001313461745405697e-02
3.050057032367383195e-02
3.099248035198365683e-02
3.148915438039355530e-02
3.199088344920682225e-02
3.249795903122208035e-02
3.301067208016371379e-02
3.352931205940701265e-02
3.405416595454544004e-02
3.458551727161663508e-02
3.512364502495820412e-02
3.566882271742688459e-02
3.622131731607519667e-02
3.678138822717857276e-02
3.734928627360350334e-02
3.792525267827694807e-02
3.850951805759970231e-02
3.910230142807764875e-02
3.970380923096285958e-02
4.031423437698436474e-02
4.093375531721456240e-02
4.156253514221916467e-02
4.220072071452574125e-02
4.284844183758908243e-02
4.350581046565624166e-02
4.417291995813140554e-02
4.484984438255930350e-02
4.553663786919903700e-02
4.623333402202555592e-02
4.693994538854207033e-02
4.765646299264168079e-02
4.838285593354828273e-02
4.911907105376840665e-02
4.986503267929310451e-02
5.062064243517362672e-02
5.138577913759759253e-02
5.216029876721047648e-02
5.294403452326824217e-02
5.373679696252570137e-02
5.453837422282106773e-02
5.534853233407113771e-02
5.616701561655744468e-02
5.699354716765087092e-02
5.782782943782070750e-02
5.866954489474957013e-02
5.951835677621793164e-02
6.037390993079122525e-02
6.123583174523081207e-02
6.210373315647940706e-02
6.297720974832810015e-02
6.385584292773484327e-02
6.473920118104664612e-02
6.562684140481915562e-02
6.651831030915329734e-02
6.741314588976365929e-02
6.831087896329318676e-02
6.921103476337796268e-02
7.011313459061878361e-02
7.101669751223832483e-02
7.192124210542427676e-02
7.282628823865730516e-02
7.373135888407815475e-02
7.463598195504399235e-02
7.553969216128603170e-02
7.644203287495437982e-02
7.734255800007561188e-02
7.824083383716143314e-02
7.913644093603416918e-02
8.002897592835861440e-02
8.091805333154858393e-02
8.180330731619099571e-02
8.268439342868444397e-02
8.356099026014940367e-02
8.443280105408015879e-02
8.529955524371467257e-02
8.616100991115790975e-02
8.701695116041163747e-02
8.786719539575973958e-02
8.871159049804443197e-02
8.955001689162589429e-02
9.038238849389389207e-02
9.120865354119583879e-02
9.202879528448001945e-02
9.284283254799462204e-02
9.365082014571729507e-02
9.445284915045265572e-02
9.524904701009859198e-02
9.603957750795980020e-02
9.682464056272596653e-02
9.760447186515912310e-02
9.837934235023020058e-02
9.914955750176772387e-02
9.991545648935204471e-02
1.006774111380636938e-01
1.014358247300509441e-01
1.021911306412170845e-01
1.029437908138994273e-01
1.036942940691576720e-01
1.044431542628949799e-01
1.051909082897407310e-01
1.059381139410967010e-01
1.066853476230220782e-01
1.074332019419961537e-01
1.081822831657170136e-01
1.089332085685382340e-01
1.096866036711767328e-01
1.104430993840916919e-01
1.112033290674974140e-01
1.119679255179027444e-01
1.127375178950705270e-01
1.135127286023232818e-01
1.142941701328647336e-01
1.150824418982089314e-01
1.158781270516047179e-01
1.166817893227453662e-01
1.174939698787759446e-01
1.183151842276131682e-01
1.191459191789563804e-01
1.199866298802518272e-01
1.208377369422676262e-01
1.216996236720204599e-01
1.225726334274516716e-01
1.234570671115240714e-01
1.243531808196158411e-01
1.252611836566430437e-01
1.261812357383456651e-01
1.271134463904860235e-01
1.280578725609124446e-01
1.290145174554653273e-01
1.299833294122514360e-01
1.309642010227946018e-01
1.319569685133292480e-01
1.329614113927054808e-01
1.339772523769000856e-01
1.350041575962127594e-01
1.360417370909199342e-01
1.370895455999274204e-01
1.381470836445897188e-01
1.392137989105074747e-01
1.402890879252313427e-01
1.413722980326295176e-01
1.424627296586241099e-01
1.435596388645427046e-01
1.446622401817796166e-01
1.457697097188840885e-01
1.468811885323331179e-01
1.479957862485542508e-01
1.491125849249052004e-01
1.502306431352189997e-01
1.513490002623362196e-01
1.524666809820564850e-01
1.535826999170138429e-01
1.546960664419693987e-01
1.558057896165566669e-01
1.569108832243217011e-01
1.580103708916815175e-01
1.591032912629883334e-01
1.601887032042151882e-01
1.612656910087419126e-01
1.623333695762291251e-01
1.633908895378996251e-01
1.644374422969122063e-01
1.654722649564491221e-01
1.664946451054424570e-01
1.675039254323675009e-01
1.684995081379802029e-01
1.694808591189663760e-01
1.704475118927193111e-01
1.713990712378143655e-01
1.723352165208728581e-01
1.732557046868835049e-01
1.741603728861329248e-01
1.750491407171922142e-01
1.759220120621900196e-01
1.767790764961139072e-01
1.776205102525921509e-01
1.784465767291852356e-01
1.792576265194276708e-01
1.800540969606749253e-01
1.808365111886570675e-01
1.816054766920426333e-01
1.823616833647183633e-01
1.831059010542906429e-01
1.838389766090040567e-01
1.845618304283002109e-01
1.852754525252710005e-01
1.859808981118718507e-01
1.866792827207480465e-01
1.873717768813283335e-01
1.880596003695912954e-01
1.887440160561502656e-01
1.894263233754626130e-01
1.901078514499864314e-01
1.907899518952475004e-01
1.914739913447407460e-01
1.921613437290315418e-01
1.928533823485678589e-01
1.935514717817321539e-01
1.942569596718579650e-01
1.949711684376925769e-01
1.956953869541428193e-01
1.964308622520306857e-01
1.971787912853077418e-01
1.979403128161935643e-01
1.987164994685703956e-01
1.995083500009565136e-01
2.003167818492313235e-01
2.011426239904113844e-01
2.019866101765415978e-01
2.028493725878101617e-01
2.037314359538179853e-01
2.046332121861791087e-01
2.055549955693596886e-01
2.064969585501275628e-01
2.074591481646848590e-01
2.084414831408021862e-01
2.094437517071288946e-01
2.104656101400461665e-01
2.115065820736627689e-01
2.125660585948230819e-01
2.136432991414848048e-01
2.147374332164749267e-01
2.158474629267305434e-01
2.169722663498454551e-01
2.181106017285140697e-01
2.192611124849619675e-01
2.204223330445454210e-01
2.215926954505688384e-01
2.227705367499517586e-01
2.239541071189098120e-01
2.251415786994778456e-01
2.263310551055425779e-01
2.275205815563383083e-01
2.287081555898323737e-01
2.298917383007662574e-01
2.310692660481578065e-01
2.322386625676112759e-01
2.333978514237524671e-01
2.345447687327470720e-01
2.356773760803268780e-01
2.367936735596176123e-01
2.378917128500354083e-01
2.389696102545771916e-01
2.400255596134495129e-01
2.410578450093843472e-01
2.420648531792201907e-01
2.430450855469380722e-01
2.439971697926601735e-01
2.449198708737725938e-01
2.458121014155494333e-01
2.466729313905029475e-01
2.475015970084105121e-01
2.482975087424766913e-01
2.490602584198381986e-01
2.497896253109879172e-01
2.504855811542132660e-01
2.511482940597158375e-01
2.517781312431279228e-01
2.523756605425730992e-01
2.529416506824941901e-01
2.534770702543641674e-01
2.539830853905629127e-01
2.544610561170074226e-01
2.549125313783761615e-01
2.553392427363291306e-01
2.557430967538465438e-01
2.561261660818290320e-01
2.564906792791831203e-01
2.568390094018163650e-01
2.571736614077863026e-01
2.574972584328673042e-01
2.578125270016031201e-01
2.581222812438993541e-01
2.584294062014469984e-01
2.587368403084822632e-01
2.590475571460791326e-01
2.593645465714105591e-01
2.596907953336468622e-01
2.600292672898348312e-01
2.603828833444180035e-01
2.607545012382750937e-01
2.611468953153444073e-01
2.615627364030356228e-01
2.620045719403005235e-01
2.624748064921083590e-01
2.629756827873689362e-01
2.635092634199143746e-01
2.640774133474960705e-01
2.646817833258742758e-01
2.653237944078720156e-01
2.660046236368056038e-01
2.667251910560523576e-01
2.674861481528849616e-01
2.682878678453153865e-01
2.691304361162505376e-01
2.700136453870931041e-01
2.709369897155983753e-01
2.718996618924567343e-01
2.729005524989139841e-01
2.739382509764611839e-01
2.750110487480527111e-01
2.761169444155604502e-01
2.772536510465983262e-01
2.784186055483682254e-01
2.796089801125832275e-01
2.808216957021044680e-01
2.820534375317699793e-01
2.833006724867883075e-01
2.845596684007211663e-01
2.858265151071107124e-01
2.870971471587571155e-01
2.883673680992335231e-01
2.896328761548874753e-01
2.908892912031716405e-01
2.921321828633487439e-01
2.933570995391004965e-01
2.945595982382752109e-01
2.957352749797049762e-01
2.968797955923102028e-01
2.979889267031609612e-01
2.990585667041654183e-01
3.000847764838320830e-01
3.010638097062252605e-01
3.019921424177691716e-01
3.028665017618938915e-01
3.036838935824301977e-01
3.044416287005851096e-01
3.051373476527897699e-01
3.057690436842097070e-01
3.063350837999954668e-01
3.068342276838493810e-01
3.072656443064122889e-01
3.076289260576987039e-01
3.079241002482753231e-01
3.081516378439549952e-01
3.083124593111790102e-01
3.084079374683339481e-01
3.084398972593576094e-01
3.084106123809033373e-01
3.083227987202747933e-01
3.081796045783599114e-01
3.079845976752161318e-01
3.077417489585956289e-01
3.074554132596128420e-01
3.071303068579361861e-01
3.067714820497103867e-01
3.063842988263836276e-01
3.059743938011952880e-01
3.055476465393209828e-01
3.051101434701822268e-01
3.046681395818420235e-01
3.042280181173006026e-01
3.037962485098481547e-01
3.033793428164216488e-01
3.029838109193311868e-01
3.026161147849581456e-01
3.022826220809943787e-01
3.019895594628513869e-01
3.017429658519222846e-01
3.015486460343728692e-01
3.014121249135845448e-01
3.013386027556609337e-01
3.013329117616699304e-01
3.013994743066971682e-01
3.015422631738310377e-01
3.017647641092258137e-01
3.020699410144551678e-01
3.024602040777365497e-01
3.029373811371263159e-01
3.035026925453545021e-01
3.041567297941983883e-01
3.048994381297956968e-01
3.057301033692995662e-01
3.066473431062003430e-01
3.076491024597154400e-01
3.087326545001193301e-01
3.098946054478124434e-01
3.111309047146426643e-01
3.124368598214955495e-01
3.138071561933707398e-01
3.152358817976455008e-01
3.167165565569383112e-01
3.182421664305811748e-01
3.198052020249979588e-01
3.213977015566213957e-01
3.230112979543863228e-01
3.246372698573087856e-01
3.262665962258804453e-01
3.278900142550195684e-01
3.294980802459865354e-01
3.310812330632563194e-01
3.326298597767268217e-01
3.341343630651713581e-01
3.355852299336660183e-01
3.369731012760824873e-01
3.382888418029156852e-01
3.395236098339334818e-01
3.406689264529761396e-01
3.417167435081731597e-01
3.426595099452522941e-01
3.434902359585477738e-01
3.442025544498900635e-01
3.447907792979910124e-01
3.452499599492475091e-01
3.455759318629356147e-01
3.457653623601494863e-01
3.458157914551443501e-01
3.457256672725450009e-01
3.454943756866877269e-01
3.451222638558648637e-01
3.446106573588259003e-01
3.439618706847162866e-01
3.431792108672265806e-01
3.422669741015185174e-01
3.412304352261192886e-01
3.400758300036296755e-01
3.388103301793673472e-01
3.374420113536973354e-01
3.359798137470129120e-01
3.344334959970357568e-01
3.328135821730398569e-01
3.311313022471955581e-01
3.293985263133746844e-01
3.276276928939532151e-01
3.258317317257364842e-01
3.240239814602908774e-01
3.222181027629664185e-01
3.204279873356362662e-01
3.186676634281722098e-01
3.169511984418897921e-01
3.152925992591912863e-01
3.137057109684703304e-01
3.122041146709989556e-01
3.108010250857742851e-01
3.095091886801263348e-01
3.083407830669032124e-01
3.073073184155933890e-01
3.064195416248091108e-01
3.056873440021671273e-01
3.051196731822136132e-01
3.047244500023469360e-01
3.045084910317168436e-01
3.044774374222445346e-01
3.046356907164273764e-01
3.049863562113031001e-01
3.055311944298510496e-01
3.062705812090557034e-01
3.072034768572607932e-01
3.083274047810229401e-01
3.096384399228039319e-01
3.111312072881085578e-01
3.127988907795242746e-01
3.146332524859362101e-01
3.166246625070719967e-01
3.187621393224944200e-01
3.210334006379765848e-01
3.234249245675699935e-01
3.259220209327486906e-01
3.285089123790062571e-01
3.311688249348867519e-01
3.338840875600865288e-01
3.366362401517357661e-01
3.394061494073966068e-01
3.421741318688870659e-01
3.449200834064629628e-01
3.476236143388077848e-01
3.502641893259075823e-01
3.528212711192277862e-01
3.552744672064838127e-01
3.576036783464461299e-01
3.597892479525938159e-01
3.618121112585694910e-01
3.636539431716512283e-01
3.652973037106647114e-01
3.667257799155344000e-01
3.679241231188965511e-01
3.688783804846789693e-01
3.695760197380681400e-01
3.700060460519247196e-01
3.701591100916666877e-01
3.700276062859594872e-01
3.696057604503785732e-01
3.688897059650286803e-01
3.678775477903292734e-01
3.665694136811409876e-01
3.649674920478317430e-01
3.630760559961421774e-01
3.609014731612098514e-01
3.584522010424944227e-01
3.557387676263206178e-01
3.527737371791209164e-01
3.495716611784016048e-01
3.461490144456560447e-01
3.425241166354764388e-01
3.387170393417596737e-01
3.347494991783798168e-01
3.306447373110728005e-01
3.264273860248176340e-01
3.221233230272599890e-01
3.177595142928976713e-01
3.133638463470785895e-01
3.089649489681761674e-01
3.045920093533742712e-01
3.002745788573012442e-01
2.960423734733385048e-01
2.919250692965104088e-01
2.879520942819973062e-01
2.841524176831969895e-01
2.805543386185024302e-01
2.771852752611798643e-01
2.740715561709632375e-01
2.712382152884204034e-01
2.687087921027316861e-01
2.665051384859657424e-01
2.646472336734503328e-01
2.631530088502321840e-01
2.620381827949938569e-01
2.613161099898380080e-01
2.609976425428658930e-01
2.610910071582193126e-01
2.616016982345074071e-01
2.625323879986548037e-01
2.638828544083453576e-01
2.656499274279794931e-01
2.678274542194043484e-01
2.704062837801382568e-01
2.733742715971694270e-01
2.767163048821288385e-01
2.804143488882026025e-01
2.844475146292424483e-01
2.887921480575484923e-01
2.934219404620353466e-01
2.983080595904298860e-01
3.034193008340473341e-01
3.087222577341033891e-01
3.141815110214360995e-01
3.197598353205974853e-01
3.254184224927322289e-01
3.311171203670759122e-01
3.368146854032942894e-01
3.424690476925925653e-01
3.480375866884678482e-01
3.534774160887526606e-01
3.587456762940353094e-01
3.637998327329310944e-01
3.685979780940412676e-01
3.730991362119074339e-01
3.772635651513494559e-01
3.810530570134595951e-01
3.844312321134660815e-01
3.873638253628953754e-01
3.898189627820934922e-01
3.917674259945119752e-01
3.931829023796712952e-01
3.940422184329872013e-01
3.943255539816482025e-01
3.940166353011670397e-01
3.931029057726528331e-01
3.915756732967421438e-01
3.894302339993757633e-01
3.866659717530753770e-01
3.832864327574513341e-01
3.792993740870513886e-01
3.747167849295308106e-01
3.695548793593619874e-01
3.638340599449307877e-01
3.575788521566535261e-01
3.508178102037031731e-01
3.435833953010735131e-01
3.359118273038983471e-01
3.278429102089436831e-01
3.194198315140429068e-01
3.106889352554541572e-01
3.016994689758208947e-01
2.925033058710077571e-01
2.831546445090482034e-01
2.737096891557392331e-01
2.642263134197045393e-01
2.547637086908804416e-01
2.453820174082803340e-01
2.361419505593010115e-01
2.271043895800739509e-01
2.183299747642969413e-01
2.098786844296523513e-01
2.018094104219761709e-01
1.941795356146020224e-01
1.870445180856407097e-01
1.804574851914362288e-01
1.744688392823994794e-01
1.691258756352618242e-01
1.644724125629879186e-01
1.605484339306902097e-01
1.573897457221108687e-01
1.550276507055090847e-01
1.534886476932889043e-01
1.527941629144045632e-01
1.529603195101521540e-01
1.539977474955698811e-01
1.559114325742502472e-01
1.587005999790008226e-01
1.623586295968440230e-01
1.668730000330615471e-01
1.722252610006023699e-01
1.783910356677051723e-01
1.853400577070116739e-01
1.930362506224836683e-01
2.014378570866476870e-01
2.104976221245398182e-01
2.201630273986227571e-01
2.303765680628703794e-01
2.410760618873715733e-01
2.521949835299736598e-01
2.636628228166960630e-01
2.754054706417826681e-01
2.873456365189340778e-01
2.994032983777054069e-01
3.114961816240973125e-01
3.235402643056872751e-01
3.354503084670248381e-01
3.471404212366464015e-01
3.585246490740653935e-01
3.695176033044284547e-01
3.800351061119121576e-01
3.899948377120690535e-01
3.993169624460760625e-01
4.079247170620763363e-01
4.157449575090544358e-01
4.227086754176296868e-01
4.287515030815476358e-01
4.338142188586846526e-01
4.378432449307354535e-01
4.407911093571709737e-01
4.426168411892937860e-01
4.432862867736743206e-01
4.427723640390923143e-01
4.410552871256041008e-01
4.381227842356494873e-01
4.339703060056609996e-01
4.286012007665062074e-01
4.220268305857600155e-01
4.142666144034949927e-01
4.053479981282811506e-01
3.953063575707125299e-01
3.841848413759394454e-01
3.720341634022704680e-01
3.589123559283017295e-01
3.448844909923912128e-01
3.300223674858851486e-01
3.144041542396261435e-01
2.981139798137052432e-01
2.812414654068564612e-01
2.638812035953527202e-01
2.461321922140196905e-01
2.280972394949856985e-01
2.098823582557729217e-01
1.915961582027200238e-01
1.733492305573863801e-01
1.552535091354782515e-01
1.374215915110365283e-01
1.199660079248207889e-01
1.029984311666513191e-01
8.662883507010825379e-02
7.096463730631971667e-02
5.610988740969420630e-02
4.216455363300279646e-02
2.922391380110350712e-02
1.737799812116418152e-02
6.711012456413175190e-03
-2.699296820974318376e-03
-1.078232074827109588e-02
-1.747525638494570877e-02
-2.272370923384304034e-02
-2.648218784854808328e-02
-2.871447179966440943e-02
-2.939385921677734048e-02
-2.850332025193163740e-02
-2.603558915283108247e-02
-2.199322054292758566e-02
-1.638862335866027309e-02
-9.244073426870752508e-03
-5.916939595590128831e-04
9.526612631585291285e-03
2.105929415815377403e-02
3.394534405738924843e-02
4.811456618811309899e-02
6.348791837309918085e-02
7.997794686311610057e-02
9.748931313168768265e-02
1.159193916214832087e-01
1.351588983778437281e-01
1.550925140984940054e-01
1.755994934733642876e-01
1.965542886620836316e-01
2.178272350434203863e-01
2.392853370273449742e-01
2.607931524210152507e-01
2.822137279959830436e-01
3.034095210647946850e-01
3.242432705311886765e-01
3.445788347467992896e-01
3.642820460661362336e-01
3.832216174279342580e-01
4.012700956205630942e-01
4.183048296527624443e-01
4.342089222466937182e-01
4.488721337675202760e-01
4.621916952515933708e-01
4.740729831872068090e-01
4.844300420059673984e-01
4.931859966297147957e-01
5.002734278722100747e-01
5.056347594831107628e-01
5.092226486614502834e-01
5.110003286164228609e-01
5.109418521008460834e-01
5.090322218583599456e-01
5.052674340384472051e-01
4.996544720648998794e-01
4.922112664883315225e-01
4.829666038829883989e-01
4.719599524336421936e-01
4.592411836071059739e-01
4.448701981357538471e-01
4.289164914914003202e-01
4.114587021065623795e-01
3.925841675658472973e-01
3.723884792706916302e-01
3.509749987301251650e-01
3.284543002098107012e-01
3.049435349656357541e-01
2.805657480260400627e-01
2.554491888685549439e-01
2.297266301125892030e-01
2.035346666446905262e-01
1.770129552324292144e-01
1.503033898326356643e-01
1.235492545096957134e-01
9.689440076333370733e-02
7.048245566913602378e-02
4.445603676968456347e-02
1.895596980560098135e-02
-5.879459607876242472e-03
-2.991520869095840723e-02
-5.302019595247368933e-02
-7.506813041862500646e-02
-9.593846639639422302e-02
-1.155173601796017635e-01
-1.336984535437154564e-01
-1.503834136888801964e-01
-1.654823243528344423e-01
-1.789140878716834193e-01
-1.906069125795949448e-01
-2.004988243836027806e-01
-2.085380840669032454e-01
-2.146834430443254893e-01
-2.189042601769441432e-01
-2.211805500348916764e-01
-2.215030163561115262e-01
-2.198730763124522314e-01
-2.163028432309238858e-01
-2.108150250206312082e-01
-2.034427086701434961e-01
-1.942290289037957862e-01
-1.832267514177819412e-01
-1.704978220373594699e-01
-1.561129261309877614e-01
-1.401510671583949263e-01
-1.226991317849466384e-01
-1.038513925867674131e-01
-8.370892296596388338e-02
-6.237894765957006232e-02
-3.997418971715786806e-02
-1.661226979837502823e-02
7.584832753297597596e-03
3.249129898736644734e-02
5.797802654942900424e-02
8.391324981580908227e-02
1.101632059755273674e-01
1.365928091891639717e-01
1.630663127704554682e-01
1.894479731934612943e-01
2.156027461562722014e-01
2.413970283107816084e-01
2.666994232400013987e-01
2.913814877050032726e-01
3.153184227811103302e-01
3.383897044594035841e-01
3.604796738522341171e-01
3.814781130801552789e-01
4.012808238473414280e-01
4.197902112906801708e-01
4.369158578284165206e-01
4.525750522934682274e-01
4.666932316306858786e-01
4.792043093231249107e-01
4.900508979538698573e-01
4.991844543938862566e-01
5.065653690913253238e-01
5.121630033131727711e-01
5.159556770729024633e-01
5.179306252415452061e-01
5.180839439012754344e-01
5.164205293861053869e-01
5.129539853166164010e-01
5.077064633588398435e-01
5.007084166512805190e-01
4.919982663123130262e-01
4.816219971455065196e-01
4.696327067452557014e-01
4.560901362517618685e-01
4.410602093901903054e-01
4.246145940449682632e-01
4.068302801895432030e-01
3.877891540282940586e-01
3.675775544661255001e-01
3.462858209200533333e-01
3.240078594124740086e-01
3.008407465684924675e-01
2.768843610966882918e-01
2.522410060829536338e-01
2.270149896070864926e-01
2.013121650202531199e-01
1.752394652054651836e-01
1.489044663615820552e-01
1.224149867169554706e-01
9.587869524816404476e-02
6.940270345159024745e-02
4.309313635059167091e-02
1.705469967919864827e-02
-8.609740909865350872e-03
-3.379956816573041756e-02
-5.841681735555507432e-02
-8.236657815929936122e-02
-1.055573871222026949e-01
-1.279016068369922821e-01
-1.493158025924954113e-01
-1.697211341126395046e-01
-1.890437637027841400e-01
-2.072152505335747297e-01
-2.241728816319200901e-01
-2.398599045013371789e-01
-2.542256659970250632e-01
-2.672256957326615279e-01
-2.788217746117780393e-01
-2.889820035358245942e-01
-2.976808597966351666e-01
-3.048992211497398852e-01
-3.106243500707328575e-01
-3.148498464072598813e-01
-3.175755805797380593e-01
-3.188076104962510593e-01
-3.185580729330157457e-01
-3.168450338408403955e-01
-3.136922849084017861e-01
-3.091290830554234148e-01
-3.031898408328575489e-01
-2.959137849488040484e-01
-2.873446044466226312e-01
-2.775301082279051368e-01
-2.665219046614607512e-01
-2.543751064517190130e-01
-2.411480543790206765e-01
-2.269020461419420376e-01
-2.117010537925873292e-01
-1.956114178702595963e-01
-1.787015189647634950e-01
-1.610414435840976655e-01
-1.427026713920637735e-01
-1.237578064152197732e-01
-1.042803555996661552e-01
-8.434453530432514667e-02
-6.402507536144219635e-02
-4.339699888985211473e-02
-2.253537737765425736e-02
-1.515078847217125012e-03
1.958947000211595443e-02
4.070449856868996186e-02
6.175709085467967485e-02
8.267538331960283537e-02
1.033887756941658242e-01
1.238281597405174461e-01
1.439261622535993324e-01
1.636173938398495786e-01
1.828386944250492974e-01
2.015293681239901935e-01
2.196314018821614589e-01
2.370896631707783975e-01
2.538520727261623922e-01
2.698697505626607152e-01
2.850971379410971451e-01
2.994921027847001205e-01
3.130160377874956490e-01
3.256339571008646239e-01
3.373145905035733749e-01
3.480304675510416113e-01
3.577579819542715533e-01
3.664774286687512150e-01
3.741730102204197106e-01
3.808328118865851319e-01
3.864487469902580519e-01
3.910164752518455189e-01
3.945352999241996117e-01
3.970080522344828777e-01
3.984409720632905438e-01
3.988435905143222215e-01
3.982286142786033989e-01
3.966118063890650136e-01
3.940118556045939524e-01
3.904502278904886103e-01
3.859509971294112773e-01
3.805406565175251665e-01
3.742479157767238940e-01
3.671034918526467905e-01
3.591399020657337626e-01
3.503912684589199911e-01
3.408931398660774437e-01
3.306823339724994648e-01
3.197967964104753702e-01
3.082754698268545535e-01
2.961581649586082499e-01
2.834854286857029781e-01
2.702984093024660694e-01
2.566387238985171626e-01
2.425483340865764448e-01
2.280694336515320941e-01
2.132443467364286138e-01
1.981154310208675662e-01
1.827249795044469938e-01
1.671151174085467039e-01
1.513276955166628079e-01
1.354041851238816374e-01
1.193855805856397362e-01
1.033123130719589833e-01
8.722417519358401095e-02
7.116025288455080089e-02
5.515885977168107079e-02
3.925747026279232527e-02
2.349264967323743888e-02
7.899981595661091996e-03
-7.486006308291595288e-03
-2.263191675176720596e-02
-3.750555629449278672e-02
-5.207600661830831534e-02
-6.631369219170663021e-02
-8.019044283709181320e-02
-9.367955006883432745e-02
-1.067558168699187099e-01
-1.193956014658684728e-01
-1.315768561139603610e-01
-1.432791616068588847e-01
-1.544837571957257683e-01
-1.651735645258907426e-01
-1.753332036418584483e-01
-1.849489995613978477e-01
-1.940089791770499283e-01
-2.025028596804790970e-01
-2.104220305887690989e-01
-2.177595314135468696e-01
-2.245100262019628368e-01
-2.306697751400478280e-01
-2.362366026995989243e-01
-2.412098616969843012e-01
-2.455903930053462414e-01
-2.493804811819413381e-01
-2.525838066120273395e-01
-2.552053947921718025e-01
-2.572515631349385767e-01
-2.587298653496932777e-01
-2.596490331893233083e-01
-2.600189152381910396e-01
-2.598504124661775161e-01
-2.591554104623948751e-01
-2.579467085737495724e-01
-2.562379465480829621e-01
-2.540435296574471979e-01
-2.513785535501681934e-01
-2.482587301763157506e-01
-2.447003160131016875e-01
-2.407200435282492723e-01
-2.363350564304865509e-01
-2.315628488749753577e-01
-2.264212084683553949e-01
-2.209281626955606481e-01
-2.151019282621441375e-01
-2.089608628065294793e-01
-2.025234184859861508e-01
-1.958080970881818650e-01
-1.888334065553824992e-01
-1.816178191074170889e-01
-1.741797314228523685e-01
-1.665374274997110937e-01
-1.587090447705151453e-01
-1.507125437821165148e-01
-1.425656813193058314e-01
-1.342859864065762687e-01
-1.258907383122546964e-01
-1.173969456358921887e-01
-1.088213257910095183e-01
-1.001802846203796310e-01
-9.148989633403208088e-02
-8.276588427930221814e-02
-7.402360313709840933e-02
-6.527802298458816599e-02
-5.654371535250077296e-02
-4.783484107361020421e-02
-3.916513947027555620e-02
-3.054791834775401338e-02
-2.199604433539587012e-02
-1.352193330485599448e-02
-5.137540821146068144e-03
3.145647228837780869e-03
1.131662357335399063e-02
1.936486777888005509e-02
2.728035353507793359e-02
3.505355486219009775e-02
4.267545119089635047e-02
5.013753131251742767e-02
5.743179620735056057e-02
6.455076073330533182e-02
7.148745412523394016e-02
7.823541924391623492e-02
8.478871053717176864e-02
9.114189073417972020e-02
9.729002636650226077e-02
1.032286822700967666e-01
1.089539152476193401e-01
1.144622670496145411e-01
1.197507567777477133e-01
1.248168727386784471e-01
1.296585637127186663e-01
1.342742295638010286e-01
1.386627111128454493e-01
1.428232792182157762e-01
1.467556230443841092e-01
1.504598375338326299e-01
1.539364101226961268e-01
1.571862067563306320e-01
1.602104572666291915e-01
1.630107401826263736e-01
1.655889670532272873e-01
1.679473663755405854e-01
1.700884672311628321e-01
1.720150827381695946e-01
1.737302934217880290e-01
1.752374305932853371e-01
1.765400598088102957e-01
1.776419644600750747e-01
1.785471295337730524e-01
1.792597255658853750e-01
1.797840928154848528e-01
1.801247256811481234e-01
1.802862573898645349e-01
1.802734449891188473e-01
1.800911546768305393e-01
1.797443475016210768e-01
1.792380654633673742e-01
1.785774180397584343e-01
1.777675691599705510e-01
1.768137246435671495e-01
1.757211201216882790e-01
1.744950094584754308e-01
1.731406536903749849e-01
1.716633105051002250e-01
1.700682242796460186e-01
1.683606166958109274e-01
1.665456779481054306e-01
1.646285585517776040e-01
1.626143617513939876e-01
1.605081365225937695e-01
1.583148711514358042e-01
1.560394873683608741e-01
1.536868350091665780e-01
1.512616871706758959e-01
1.487687358268600379e-01
1.462125878711183491e-01
1.435977615516665085e-01
1.409286832688348978e-01
1.382096847076638158e-01
1.354450002823652799e-01
1.326387648736571112e-01
1.297950118439366862e-01
1.269176713178468419e-01
1.240105687190225792e-01
1.210774235539245069e-01
1.181218484366090143e-01
1.151473483455921071e-01
1.121573201069819281e-01
1.091550520955084230e-01
1.061437241461948289e-01
1.031264076684432207e-01
1.001060659547069187e-01
9.708555467507890002e-02
9.406762254886637253e-02
9.105491218339083204e-02
8.804996106887630347e-02
8.505520271835531609e-02
8.207296793810708868e-02
7.910548621593871399e-02
7.615488721214636048e-02
7.322320233822229851e-02
7.031236641015227440e-02
6.742421936224145262e-02
6.456050801088675239e-02
6.172288785849007475e-02
5.891292492953872223e-02
5.613209763367683208e-02
5.338179865110015410e-02
5.066333683760599477e-02
4.797793914714795771e-02
4.532675257020311876e-02
4.271084608642275460e-02
4.013121263028613522e-02
3.758877106750902614e-02
3.508436818102564358e-02
3.261878066378112034e-02
3.019271711667521202e-02
2.780682004972490767e-02
2.546166788418693927e-02
2.315777695408779285e-02
2.089560350546165388e-02
1.867554569183472318e-02
1.649794556408028592e-02
1.436309105330314459e-02
1.227121794470399305e-02
1.022251184054960398e-02
8.217110109865557316e-03
6.255103822661732711e-03
4.336539666003610266e-03
2.461421839343194001e-03
6.297139268469394277e-04
-1.158659256104875839e-03
-2.903809844001164348e-03
-4.605885132214676374e-03
-6.265065819343816969e-03
-7.881564282708555108e-03
-9.455622887629194437e-03
-1.098751233205157510e-02
-1.247753002716393139e-02
-1.392599851436226999e-02
-1.533326391978328922e-02
-1.669969444638840297e-02
-1.802567890453819072e-02
-1.931162528106403556e-02
-2.055795934775594622e-02
-2.176512330906434436e-02
-2.293357448981922161e-02
-2.406378406267174752e-02
-2.515623581572599965e-02
-2.621142496010873957e-02
-2.722985697761965210e-02
-2.821204650779431458e-02
-2.915851627485398223e-02
-3.006979605319043056e-02
-3.094642167178976791e-02
-3.178893405667200522e-02
-3.259787831075438430e-02
-3.337380283078408144e-02
-3.411725846068285051e-02
-3.482879768037570184e-02
-3.550897383015465258e-02
-3.615834036907530219e-02
-3.677745016743499268e-02
-3.736685483248719519e-02
-3.792710406630082909e-02
-3.845874505601715870e-02
-3.896232189455402922e-02
-3.943837503255529647e-02
-3.988744075930107658e-02
-4.031005071322562444e-02
-4.070673142036101283e-02
-4.107800386042631535e-02
-4.142438305968026285e-02
-4.174637770972332296e-02
-4.204448981150847586e-02
-4.231921434379801172e-02
-4.257103895537987792e-02
-4.280044367982794445e-02
-4.300790067279182394e-02
-4.319387397027396602e-02
-4.335881926758219929e-02
-4.350318371815885959e-02
-4.362740575131884152e-02
-4.373191490851408014e-02
-4.381713169695996418e-02
-4.388346746055222375e-02
-4.393132426661217754e-02
-4.396109480847992107e-02
-4.397316232297652366e-02
-4.396790052207881494e-02
-4.394567353818073369e-02
-4.390683588276828031e-02
-4.385173241702991498e-02
-4.378069833489438983e-02
-4.369405915710569688e-02
-4.359213073617536349e-02
-4.347521927174285983e-02
-4.334362133563487984e-02
-4.319762390621034731e-02
-4.303750441170619417e-02
-4.286353078177879833e-02
-4.267596150712069797e-02
-4.247504570653279354e-02
-4.226102320120494332e-02
-4.203412459557555325e-02
-4.179457136464666267e-02
-4.154257594730774439e-02
-4.127834184513289040e-02
-4.100206372667174193e-02
-4.071392753658435726e-02
-4.041411060951219381e-02
-4.010278178833490137e-02
-3.978010154645321428e-02
-3.944622211415843571e-02
-3.910128760817312144e-02
-3.874543416504716564e-02
-3.837879007732432346e-02
-3.800147593277575231e-02
-3.761360475637598455e-02
-3.721528215476091472e-02
-3.680660646314881657e-02
-3.638766889434427720e-02
-3.595855368990608092e-02
-3.551933827317694387e-02
-3.507009340413173859e-02
-3.461088333585680271e-02
-3.414176597266461999e-02
-3.366279302953358032e-02
-3.317401019319213967e-02
-3.267545728405947536e-02
-3.216716841998157328e-02
-3.164917218057303194e-02
-3.112149177308062495e-02
-3.058414519915388097e-02
-3.003714542262397522e-02
0.000000000000000000e+00
