1.971240433421236806e-03
1.809262347478909428e-03
1.666332801437507690e-03
1.547108464260886843e-03
1.446138716941664914e-03
1.359217350915137897e-03
1.283262408444258307e-03
1.215993513897021790e-03
1.155701407940733141e-03
1.101087531335784124e-03
1.051151832399384398e-03
1.005113733338068409e-03
9.623559840539497876e-04
9.223843990703671893e-04
8.847986899263890308e-04
8.492711076582224730e-04
8.155306293935973188e-04
7.833511161056052208e-04
7.525423422949422065e-04
7.229431231926431323e-04
6.944159900027985829e-04
6.668430190431046296e-04
6.401225305996255648e-04
6.141664497388715522e-04
5.888981763230917866e-04
5.642508507136024002e-04
5.401659297819420879e-04
5.165920088976045125e-04
4.934838400496309495e-04
4.708015085301722031e-04
4.485097378867363435e-04
4.265773002404602389e-04
4.049765131987638467e-04
3.836828086259974776e-04
3.626743614165905613e-04
3.419317687212046009e-04
3.214377714174217952e-04
3.011770117378883508e-04
2.811358215707170679e-04
2.613020369011471089e-04
2.416648348998713745e-04
2.222145903814982839e-04
2.029427491426880515e-04
1.838417159780931284e-04
1.649047554588912502e-04
1.461259039046790395e-04
1.274998911928934824e-04
1.090220713247702416e-04
9.068836061573071390e-05
7.249518287932017030e-05
5.443942055367857714e-05
3.651837135692241794e-05
1.872971002830636924e-05
1.071454371522175062e-06
-1.645806475148736556e-05
-3.386022949620509810e-05
-5.113615800068395389e-05
-6.828672425512546679e-05
-8.531257502965435783e-05
-1.022141444836102372e-04
-1.189916661876852841e-04
-1.356451830994356985e-04
-1.521745554055993705e-04
-1.685794666571411790e-04
-1.848594280896837102e-04
-2.010137814776035976e-04
-2.170417003617326225e-04
-2.329421901210640541e-04
-2.487140867246403044e-04
-2.643560544913870847e-04
-2.798665826189321911e-04
-2.952439810938792524e-04
-3.104863755467296817e-04
-3.255917015417472953e-04
-3.405576981708953498e-04
-3.553819010518345905e-04
-3.700616350274412553e-04
-3.845940062852131109e-04
-3.989758942775160607e-04
-4.132039433726185287e-04
-4.272745543994451367e-04
-4.411838760760257916e-04
-4.549277963132816890e-04
-4.685019336460214626e-04
-4.819016288827839760e-04
-4.951219365114871256e-04
-5.081576168458369624e-04
-5.210031280093825254e-04
-5.336526185076164537e-04
-5.460999201102725636e-04
-5.583385409701154033e-04
-5.703616597150596226e-04
-5.821621195627285335e-04
-5.937324233970367503e-04
-6.050647294284668392e-04
-6.161508474691660114e-04
-6.269822363369426327e-04
-6.375500016692519419e-04
-6.478448950746061889e-04
-6.578573145235128931e-04
-6.675773049759942557e-04
-6.769945612934071422e-04
-6.860984316212454751e-04
-6.948779227910741258e-04
-7.033217066640686486e-04
-7.114181285147848713e-04
-7.191552167143864215e-04
-7.265206945699749161e-04
-7.335019937574915622e-04
-7.400862697887570238e-04
-7.462604195479403350e-04
-7.520111008852768241e-04
-7.573247544225324493e-04
-7.621876275796861345e-04
-7.665858008718861357e-04
-7.705052163397934067e-04
-7.739317084994008040e-04
-7.768510373227383850e-04
-7.792489235068491898e-04
-7.811110859258026291e-04
-7.824232810013326354e-04
-7.831713442584473106e-04
-7.833412333811185825e-04
-7.829190731561204604e-04
-7.818912014264190000e-04
-7.802442168169895255e-04
-7.779650269435662300e-04
-7.750408977350523726e-04
-7.714595025041903319e-04
-7.672089720824285669e-04
-7.622779438940694655e-04
-7.566556107764718913e-04
-7.503317690187998349e-04
-7.432968651708308713e-04
-7.355420411836416199e-04
-7.270591775063271886e-04
-7.178409344443728709e-04
-7.078807905765459926e-04
-6.971730783403109512e-04
-6.857130168367970516e-04
-6.734967410554729443e-04
-6.605213276649183783e-04
-6.467848168418472744e-04
-6.322862306470867404e-04
-6.170255870988604081e-04
-6.010039103413442095e-04
-5.842232365738614461e-04
-5.666866161014485603e-04
-5.483981112699554518e-04
-5.293627904507131488e-04
-5.095867182308691165e-04
-4.890769417650605395e-04
-4.678414738145945289e-04
-4.458892726629906417e-04
-4.232302182292131546e-04
-3.998750863182607557e-04
-3.758355196995860278e-04
-3.511239970035241243e-04
-3.257537997303902241e-04
-2.997389775087032360e-04
-2.730943120627948059e-04
-2.458352796790813470e-04
-2.179780132486068480e-04
-1.895392636502103224e-04
-1.605363607073596204e-04
-1.309871740920873424e-04
-1.009100745342444392e-04
-7.032389567209578732e-05
-3.924789599135433113e-05
-7.701721844701148813e-06
2.429462823045566857e-05
5.672083871002197116e-05
8.955631055518572842e-05
1.227801933718483327e-04
1.563714164497385288e-04
1.903087180065593271e-04
2.245706730321481875e-04
2.591357194620433997e-04
2.939821827788607097e-04
3.290882989995052264e-04
3.644322363202921484e-04
3.999921148587431237e-04
4.357460248407399642e-04
4.716720437595927034e-04
5.077482515691738359e-04
5.439527447337819122e-04
5.802636488647616416e-04
6.166591300965622996e-04
6.531174052424225602e-04
6.896167506365729651e-04
7.261355101527443073e-04
7.626521021683851367e-04
7.991450253720882397e-04
8.355928642003187471e-04
8.719742930269210567e-04
9.082680804040174811e-04
9.444530923617169534e-04
9.805082954753017218e-04
1.016412759741321895e-03
1.052145661592592115e-03
1.087686286845911425e-03
1.123014033650449484e-03
1.158108416292743690e-03
1.192949069118052867e-03
1.227515751314494545e-03
1.261788352447559651e-03
1.295746899011624874e-03
1.329371561866028294e-03
1.362642664741413236e-03
1.395540694623957547e-03
1.428046312185710749e-03
1.460140364701379301e-03
1.491803900320688540e-03
1.523018182724580373e-03
1.553764708147277376e-03
1.584025223586411077e-03
1.613781746247035850e-03
1.643016584389996428e-03
1.671712359333591205e-03
1.699852029050510221e-03
1.727418912276083764e-03
1.754396714199989160e-03
1.780769552598589038e-03
1.806521985278134422e-03
1.831639038133226535e-03
1.856106232959617037e-03
1.879909617100531402e-03
1.903035792373674239e-03
1.925471944666716593e-03
1.947205873509380309e-03
1.968226021611343794e-03
1.988521504382710550e-03
2.008082139164764357e-03
2.026898473732577106e-03
2.044961814739451340e-03
2.062264255991970094e-03
2.078798704659042679e-03
2.094558908340449568e-03
2.109539480302074707e-03
2.123735924134199145e-03
2.137144657482676919e-03
2.149763034753841579e-03
2.161589368583970855e-03
2.172622950158078874e-03
2.182864068644198904e-03
2.192314029027963955e-03
2.200975168975023624e-03
2.208850874311804862e-03
2.215945592812990084e-03
2.222264846903569679e-03
2.227815245026787665e-03
2.232604491410843887e-03
2.236641394192454002e-03
2.239935871917205293e-03
2.242498958726934100e-03
2.244342808140741691e-03
2.245480693924248143e-03
2.245927010715853978e-03
2.245697272024449898e-03
2.244808106591705127e-03
2.243277252424234845e-03
2.241123549975199310e-03
2.238366932104410897e-03
2.235028412822354441e-03
2.231130073329310511e-03
2.226695046813828311e-03
2.221747499951138259e-03
2.216312613363967485e-03
2.210416558948159228e-03
2.204086475278013626e-03
2.197350440629234746e-03
2.190237444246943745e-03
2.182777354266676219e-03
2.175000884150749426e-03
2.166939556412096624e-03
2.158625663767025239e-03
2.150092229199786036e-03
2.141372961851656809e-03
2.132502211887155052e-03
2.123514922764298089e-03
2.114446581280941644e-03
2.105333165334737251e-03
2.096211089527797236e-03
2.087117148884267206e-03
2.078088460119765276e-03
2.069162401006039830e-03
2.060376548482601832e-03
2.051768613677058643e-03
2.043376376422305612e-03
2.035237617116437449e-03
2.027390047504310823e-03
2.019871240142641789e-03
2.012718555419121431e-03
2.005969069087495081e-03
1.999659497328273600e-03
1.993826120820795834e-03
1.988504708704412743e-03
1.983730441181693130e-03
1.979537831692377257e-03
1.975960649404390201e-03
1.973031840127888355e-03
1.970783448009051989e-03
1.969246537514221084e-03
1.968451114877623875e-03
1.968426051109424535e-03
1.969199004496912427e-03
1.970796344871239558e-03
1.973243078965659925e-03
1.976562776426751735e-03
1.980777497346607879e-03
1.985907722735465956e-03
1.991972285504474069e-03
1.998988304296117104e-03
2.006971119332637277e-03
2.015934231796228954e-03
2.025889244498438324e-03
2.036845807614406575e-03
2.048811565494840399e-03
2.061792109024130227e-03
2.075790930196724435e-03
2.090809381557496432e-03
2.106846639472638796e-03
2.123899671986699197e-03
2.141963210929632901e-03
2.161029728873956925e-03
2.181089421444593404e-03
2.202130194643014873e-03
2.224137657056640596e-03
2.247095118228614134e-03
2.270983592371307678e-03
2.295781807948888125e-03
2.321466222825471076e-03
2.348011046570097279e-03
2.375388267508975453e-03
2.403567687216437519e-03
2.432516960683189268e-03
2.462201642786893824e-03
2.492585242205628236e-03
2.523629280834543444e-03
2.555293359711490776e-03
2.587535232187322502e-03
2.620310882418495739e-03
2.653574612056030981e-03
2.687279130843650901e-03
2.721375655128301704e-03
2.755814012768610481e-03
2.790542752742116925e-03
2.825509261411248904e-03
2.860659883939244488e-03
2.895940051972037844e-03
2.931294415493041535e-03
2.966666981094804104e-03
3.002001252762282260e-03
3.037240379631405383e-03
3.072327305189466277e-03
3.107204923128215491e-03
3.141816233071177342e-03
3.176104503269970743e-03
3.210013432238115368e-03
3.243487314911753551e-03
3.276471208916702064e-03
3.308911104303501917e-03
3.340754090833333509e-03
3.371948528556125563e-03
3.402444216038608138e-03
3.432192559265756244e-03
3.461146737530046598e-03
3.489261869325582018e-03
3.516495174009211244e-03
3.542806131461577208e-03
3.568156638193086330e-03
3.592511158058558918e-03
3.615836869791612743e-03
3.638103807553861625e-03
3.659284996898576336e-03
3.679356582652980497e-03
3.698297951093441546e-03
3.716091843026113253e-03
3.732724459595310792e-03
3.748185558686660968e-03
3.762468542133141913e-03
3.775570532754191251e-03
3.787492440828663445e-03
3.798239020264978626e-03
3.807818912566870734e-03
3.816244680133261662e-03
3.823532825676118768e-03
3.829703800497440309e-03
3.834781999498642052e-03
3.838795741975913750e-03
3.841777240808741650e-03
3.843762556130644707e-03
3.844791535708646894e-03
3.844907742124492774e-03
3.844158364417541579e-03
3.842594116601129751e-03
3.840269122019177635e-03
3.837240783006651279e-03
3.833569636505240654e-03
3.829319196972124240e-03
3.824555784857214692e-03
3.819348341280535703e-03
3.813768232104221625e-03
3.807889035604959584e-03
3.801786321936640248e-03
3.795537418074920472e-03
3.789221163974641760e-03
3.782917656950459534e-03
3.776707985929422546e-03
3.770673958507157319e-03
3.764897818282299680e-03
3.759461955551333771e-03
3.754448611321105356e-03
3.749939575917160192e-03
3.746015882688252460e-03
3.742757499475609078e-03
3.740243016214409022e-03
3.738549332425520570e-03
3.737751343927842463e-03
3.737921631060542749e-03
3.739130149007860102e-03
3.741443922073493626e-03
3.744926742316452214e-03
3.749638875219955120e-03
3.755636771087065857e-03
3.762972787713139786e-03
3.771694920814666618e-03
3.781846547159843641e-03
3.793466179656929203e-03
3.806587237199504127e-03
3.821237829117447773e-03
3.837440555691947440e-03
3.855212327424015206e-03
3.874564202297790111e-03
3.895501243441605414e-03
3.918022397186613631e-03
3.942120393767429599e-03
3.967781670154930766e-03
3.994986318029825414e-03
4.023708055168669084e-03
4.053914222008781626e-03
4.085565805566517342e-03
4.118617488769981717e-03
4.153017726679174466e-03
4.188708850555891532e-03
4.225627198899755202e-03
4.263703276408971864e-03
4.302861940185271489e-03
4.343022614005079621e-03
4.384099529691204769e-03
4.426001993922847391e-03
4.468634683705916509e-03
4.511897966491187385e-03
4.555688244052794045e-03
4.599898322495999357e-03
4.644417803644934964e-03
4.689133499733200844e-03
4.733929866915008097e-03
4.778689459178891118e-03
4.823293399885296949e-03
4.867621868834204162e-03
4.911554603053660227e-03
4.954971410033002198e-03
4.997752692761227127e-03
5.039779980677909846e-03
5.080936467203848832e-03
5.121107552234033418e-03
5.160181384101405859e-03
5.198049401916632513e-03
5.234606872671819511e-03
5.269753423955332063e-03
5.303393566292563185e-03
5.335437205205479511e-03
5.365800139602410791e-03
5.394404541655092519e-03
5.421179419404800748e-03
5.446061056677410465e-03
5.468993429496933796e-03
5.489928593820493467e-03
5.508827045278383468e-03
5.525658047816502626e-03
5.540399926770888869e-03
5.553040326504072449e-03
5.563576429843362058e-03
5.572015138111309322e-03
5.578373207895892527e-03
5.582677344537471768e-03
5.584964251757168485e-03
5.585280634025113419e-03
5.583683150955098123e-03
5.580238325029840234e-03
5.575022399627082952e-03
5.568121146370635759e-03
5.559629625409961626e-03
5.549651893922871553e-03
5.538300666523839934e-03
5.525696926569722070e-03
5.511969488291562809e-03
5.497254514126608503e-03
5.481694983657125868e-03
5.465440119903160546e-03
5.448644773744689730e-03
5.431468765475402742e-03
5.414076190593607174e-03
5.396634689565150619e-03
5.379314683423944664e-03
5.362288580650059061e-03
5.345729958798371012e-03
5.329812721080243870e-03
5.314710233783399157e-03
5.300594449552680290e-03
5.287635019515130562e-03
5.275998396183745158e-03
5.265846935417759986e-03
5.257337999601776300e-03
5.250623067331228536e-03
5.245846854120858431e-03
5.243146448951926594e-03
5.242650471192236879e-03
5.244478253795932521e-03
5.248739056396661308e-03
5.255531313871252691e-03
5.264941924104957031e-03
5.277045581823448968e-03
5.291904160207562546e-03
5.309566147285597719e-03
5.330066138944023445e-03
5.353424394945278594e-03
5.379646460447971498e-03
5.408722856882728323e-03
5.440628845299194660e-03
5.475324266493259047e-03
5.512753457528646490e-03
5.552845251212352833e-03
5.595513056618178771e-03
5.640655025035524496e-03
5.688154300632226532e-03
5.737879357037323734e-03
5.789684421584301993e-03
5.843409983587158699e-03
5.898883389506612458e-03
5.955919522017859985e-03
6.014321561023707949e-03
6.073881825710953329e-03
6.134382693838313916e-03
6.195597594877923567e-03
6.257292074194732191e-03
6.319224923294611794e-03
6.381149372448247613e-03
6.442814338612282143e-03
6.503965724818376766e-03
6.564347764637911906e-03
6.623704403674965206e-03
6.681780713252185623e-03
6.738324328223552900e-03
6.793086901089913018e-03
6.845825564481801406e-03
6.896304394843223891e-03
6.944295867746119386e-03
6.989582297371035174e-03
7.031957251273873374e-03
7.071226930254196491e-03
7.107211508877326125e-03
7.139746422120040077e-03
7.168683594387363460e-03
7.193892600394318805e-03
7.215261749883197795e-03
7.232699087283659886e-03
7.246133300558678728e-03
7.255514531319799156e-03
7.260815077275551734e-03
7.262029983732550854e-03
7.259177514122548691e-03
7.252299499243271969e-03
7.241461555298395192e-03
7.226753169366093021e-03
7.208287649440703326e-03
7.186201932986670260e-03
7.160656254204113107e-03
7.131833669591472295e-03
7.099939439612046842e-03
7.065200265639736549e-03
7.027863387915862271e-03
6.988195541181764329e-03
6.946481774753097624e-03
6.903024138664875381e-03
6.858140241482613836e-03
6.812161685434230812e-03
6.765432384738456414e-03
6.718306774378670840e-03
6.671147917354662386e-03
6.624325520130501521e-03
6.578213865172048876e-03
6.533189670126464746e-03
6.489629886093573746e-03
6.447909445524655295e-03
6.408398973911608523e-03
6.371462476321400337e-03
6.337455011362565921e-03
6.306720369505017763e-03
6.279588766318508659e-03
6.256374567915720837e-03
6.237374061132148345e-03
6.222863283319867052e-03
6.213095929087170122e-03
6.208301342666712117e-03
6.208682618388164549e-03
6.214414815976239403e-03
6.225643309544634171e-03
6.242482281454461886e-03
6.265013374414773323e-03
6.293284513572200076e-03
6.327308911036470460e-03
6.367064262596191723e-03
6.412492146645335303e-03
6.463497634288634108e-03
6.519949117396171487e-03
6.581678362083146980e-03
6.648480792577795076e-03
6.720116007278746119e-03
6.796308533153363508e-03
6.876748816063257136e-03
6.961094449311392915e-03
7.048971634857036095e-03
7.139976877494764486e-03
7.233678904175564611e-03
7.329620802929678706e-03
7.427322372484761875e-03
7.526282672405943883e-03
7.625982762283956343e-03
7.725888617853672070e-03
7.825454208141237669e-03
7.924124718703042664e-03
8.021339901892271529e-03
8.116537537622536824e-03
8.209156982339980632e-03
8.298642788298490891e-03
8.384448367999022822e-03
8.466039682727065710e-03
8.542898931849715605e-03
8.614528216850755871e-03
8.680453158243591275e-03
8.740226438990873412e-03
8.793431249334373451e-03
8.839684609853404318e-03
8.878640546305051687e-03
8.909993093426339314e-03
8.933479103951995695e-03
8.948880840188119801e-03
8.956028325576707513e-03
8.954801437887512788e-03
8.945131721707695605e-03
8.927003903578579341e-03
8.900457094005741199e-03
8.865585661445954044e-03
8.822539764742955495e-03
8.771525532557897589e-03
8.712804883202637102e-03
8.646694975777526396e-03
8.573567289888919113e-03
8.493846329140712290e-03
8.408007954075556734e-03
8.316577339582076345e-03
8.220126568081163182e-03
8.119271863345184359e-03
8.014670473740442488e-03
7.907017221044910366e-03
7.797040724439933262e-03
7.685499323101007904e-03
7.573176709791793956e-03
7.460877303697307193e-03
7.349421382771375438e-03
7.239640002602494920e-03
7.132369731181904468e-03
7.028447226500702909e-03
6.928703693080772927e-03
6.833959248017224507e-03
6.745017231746226229e-03
6.662658500606196375e-03
6.587635739098424495e-03
6.520667827593955995e-03
6.462434307979290915e-03
6.413569983088634845e-03
6.374659692626218933e-03
6.346233302236110874e-03
6.328760947065205887e-03
6.322648566411482977e-03
6.328233767877184529e-03
6.345782056709386651e-03
6.375483465995217605e-03
6.417449617943769488e-03
6.471711250060819057e-03
6.538216232355372262e-03
6.616828101257827589e-03
6.707325134237214319e-03
6.809399983793975805e-03
6.922659885668483275e-03
7.046627458383645896e-03
7.180742096578505984e-03
7.324361970387026528e-03
7.476766625555208469e-03
7.637160184608987427e-03
7.804675142730485050e-03
7.978376741776236486e-03
8.157267912772997107e-03
8.340294759389037596e-03
8.526352563306530824e-03
8.714292279481779951e-03
8.902927485719686410e-03
9.091041753529515920e-03
9.277396391292144773e-03
9.460738520181788055e-03
9.639809429836080842e-03
9.813353160896371233e-03
9.980125257812173800e-03
1.013890163645177894e-02
1.028848750118439501e-02
1.042772625174275165e-02
1.055550831525978693e-02
1.067077983731479739e-02
1.077255117023259885e-02
1.085990509183183683e-02
1.093200469109494900e-02
1.098810085860492738e-02
1.102753932167747919e-02
1.104976716590636010e-02
1.105433878517365215e-02
1.104092121062385905e-02
1.100929876803490026e-02
1.095937701644433826e-02
1.089118593037199240e-02
1.080488228472246959e-02
1.070075121440878033e-02
1.057920692020890806e-02
1.044079249829972349e-02
1.028617887874529180e-02
1.011616286269428552e-02
9.931664254451782331e-03
9.733722088944598422e-03
9.523489962109322332e-03
9.302230479132225088e-03
9.071308838866854601e-03
8.832185581921992573e-03
8.586408529952694810e-03
8.335603957467609126e-03
8.081467035059439891e-03
7.825751593052642299e-03
7.570259259877315169e-03
7.316828028340596410e-03
7.067320317272464576e-03
6.823610591815514916e-03
6.587572615603564524e-03
6.361066410713323016e-03
6.145925005363808355e-03
5.943941054955269830e-03
5.756853421771230064e-03
5.586333810608310260e-03
5.433973549118994995e-03
5.301270615665040938e-03
5.189617009321498969e-03
5.100286566750178788e-03
5.034423319663027495e-03
4.993030498104485473e-03
4.976960268422086532e-03
4.986904304156587406e-03
5.023385275327857738e-03
5.086749339282284343e-03
5.177159711764363348e-03
5.294591387751207412e-03
5.438827078288273678e-03
5.609454420528308186e-03
5.805864506134866647e-03
6.027251777465330793e-03
6.272615318433026090e-03
6.540761570258598126e-03
6.830308484615716692e-03
7.139691121678712338e-03
7.467168694274571583e-03
7.810833036918467948e-03
8.168618483278737227e-03
8.538313113755689396e-03
8.917571327552347230e-03
9.303927687034627136e-03
9.694811960589400784e-03
1.008756529163998619e-02
1.047945739864766627e-02
1.086770470647834344e-02
1.124948929758292152e-02
1.162197855324419160e-02
1.198234534927414621e-02
1.232778866274654613e-02
1.265555442878559325e-02
1.296295648878870513e-02
1.324739746349056640e-02
1.350638938252596982e-02
1.373757390975978085e-02
1.393874200019128672e-02
1.410785283493807933e-02
1.424305188757236593e-02
1.434268797765103978e-02
1.440532918065874808e-02
1.442977746567834264e-02
1.441508194119038230e-02
1.436055059611300935e-02
1.426576043433870275e-02
1.413056589953968697e-02
1.395510550741474974e-02
1.373980660312780835e-02
1.348538817654124089e-02
1.319286168108302869e-02
1.286352981451711550e-02
1.249898322945302599e-02
1.210109516937465934e-02
1.167201402294630250e-02
1.121415382388295939e-02
1.073018272355557440e-02
1.022300949277627977e-02
9.695768112892397261e-03
9.151800538964017379e-03
8.594637724662674075e-03
8.027979002720141144e-03
7.455669922229608490e-03
6.881678645041327223e-03
6.310071002215610070e-03
5.744984308142320542e-03
5.190600043195270352e-03
4.651115517428401278e-03
4.130714642998626306e-03
3.633537962080157779e-03
3.163652100887065499e-03
2.725018837177290657e-03
2.321463999979322176e-03
1.956646441195250725e-03
1.634027343855264493e-03
1.356840157413914368e-03
1.128061459047969856e-03
9.503830496992396893e-04
8.261855716001930729e-04
7.575139225260760613e-04
7.460547020694704946e-04
7.931158982302997625e-04
8.996089925009896886e-04
1.066033628007816191e-03
1.292464961648552785e-03
1.578543788097930625e-03
1.923469517792650470e-03
2.325996080286700345e-03
2.784430840276560203e-03
3.296636622028498945e-03
3.860036953674693752e-03
4.471624624516652366e-03
5.127973625335719050e-03
5.825254492319782360e-03
6.559253018332560428e-03
7.325392250743592570e-03
8.118757655041587695e-03
8.934125327990621868e-03
9.765993157280885087e-03
1.060861485846163570e-02
1.145603684546999367e-02
1.230213788428135765e-02
1.314067142741539608e-02
1.396531042729176261e-02
1.476969430605864705e-02
1.554747761704015907e-02
1.629237982666683487e-02
1.699823557686304734e-02
1.765904477988916241e-02
1.826902194622643041e-02
1.882264423840777912e-02
1.931469785516918419e-02
1.974032246293612458e-02
2.009505345599763709e-02
2.037486186455998716e-02
2.057619171761775403e-02
2.069599464390223936e-02
2.073176146220635785e-02
2.068155050154991265e-02
2.054401238955289727e-02
2.031841106324719717e-02
2.000464075290311894e-02
1.960323870092131604e-02
1.911539338236456845e-02
1.854294803079459611e-02
1.788839931877110948e-02
1.715489109349395067e-02
1.634620311621720612e-02
1.546673477816970337e-02
1.452148380270052927e-02
1.351601998734448286e-02
1.245645412839426966e-02
1.134940238348318593e-02
1.020194647956412445e-02
9.021590316800503703e-03
7.816213593122223885e-03
6.594023052153519422e-03
5.363501801418847637e-03
4.133356883420801278e-03
2.912465008481800698e-03
1.709816122858830818e-03
5.344544067099313202e-04
-6.045836597200456367e-04
-1.698334326350913652e-03
-2.737974572159575151e-03
-3.714892623707005334e-03
-4.620760252452830140e-03
-5.447605891595489608e-03
-6.187887479545867847e-03
-6.834563812979440808e-03
-7.381163119469220588e-03
-7.821847533526490176e-03
-8.151472273132261484e-03
-8.365638544871274729e-03
-8.460739497166781808e-03
-8.433998818705953568e-03
-8.283501881254535029e-03
-8.008219668981254522e-03
-7.608026114277681440e-03
-7.083709750228728633e-03
-6.436980659177764588e-03
-5.670473456985783076e-03
-4.787746526773285424e-03
-3.793277066946829004e-03
-2.692450892856803561e-03
-1.491545544727706889e-03
-1.977052747503230297e-04
1.181093061474780374e-03
2.636083359907645789e-03
4.157762119397273928e-03
5.735947392724817864e-03
7.359843368407966921e-03
9.018109624131034896e-03
1.069893495667706765e-02
1.239011644406843617e-02
1.407914467651809678e-02
1.575329576854217484e-02
1.739973009178251429e-02
1.900559686014894473e-02
2.055814306913377951e-02
2.204482483778107821e-02
2.345341893991961107e-02
2.477213220958423417e-02
2.598970658123998800e-02
2.709551779611515596e-02
2.807966633027590350e-02
2.893305984976285439e-02
2.964748738615785584e-02
3.021568617783716021e-02
3.063140240556492047e-02
3.088944673513506836e-02
3.098574474666836859e-02
3.091738136872592552e-02
3.068263778039174994e-02
3.028101918687203797e-02
2.971327237465077459e-02
2.898139270055999014e-02
2.808862072722469877e-02
2.703942882746149592e-02
2.583949781592921255e-02
2.449568331317094477e-02
2.301597137488591016e-02
2.140942306818251206e-02
1.968610807841295746e-02
1.785702802071919074e-02
1.593403077243889937e-02
1.392971772891695575e-02
1.185734631670545824e-02
9.730730385305747313e-03
7.564141338144806347e-03
5.372212998141806528e-03
3.169852913242083431e-03
9.721615976655325481e-04
-1.205640987196191340e-03
-3.348285043107376065e-03
-5.440522044491608901e-03
-7.467203480165028780e-03
-9.413372518704166136e-03
-1.126437169184381186e-02
-1.300596655033017454e-02
-1.462448171029377339e-02
-1.610694261559357174e-02
-1.744121461762218953e-02
-1.861613127869744810e-02
-1.962160600010925612e-02
-2.044872441637514415e-02
-2.108981824654792073e-02
-2.153852340165876567e-02
-2.178982554324802867e-02
-2.184009516985264965e-02
-2.168711258368708969e-02
-2.133008182576244180e-02
-2.076963256962415655e-02
-2.000780996559918534e-02
-1.904805393431584226e-02
-1.789517073601287755e-02
-1.655530036695947171e-02
-1.503588329104517743e-02
-1.334562898619914492e-02
-1.149448665515492331e-02
-9.493615545560798313e-03
-7.355349619410085464e-03
-5.093150137156763659e-03
-2.721540824754601576e-03
-2.560233376593488031e-04
2.287025591271286528e-03
4.890471192690470752e-03
7.536546993461411964e-03
1.020698670094665091e-02
1.288315998300811754e-02
1.554621207170906946e-02
1.817720734175915995e-02
2.075727611945782369e-02
2.326776306021179769e-02
2.569037545923186922e-02
2.800733081689552040e-02
3.020150378432069974e-02
3.225657200627508187e-02
3.415715814464845290e-02
3.588896263694901084e-02
3.743888049377648575e-02
3.879509708364457105e-02
3.994716221822476598e-02
4.088604705016049556e-02
4.160419159703097197e-02
4.209555024497774189e-02
4.235563836066921078e-02
4.238157731899241248e-02
4.217213086370297931e-02
4.172772487496580196e-02
4.105044546278158180e-02
4.014401491893682117e-02
3.901374897264967001e-02
3.766650036485546388e-02
3.611059291285109718e-02
3.435574813971117858e-02
3.241300459932734690e-02
3.029462910432300857e-02
2.801401912447498699e-02
2.558559599550879263e-02
2.302468882410192708e-02
2.034740929567113027e-02
1.757051868425801161e-02
1.471129044790358588e-02
1.178737420639775456e-02
8.816668460956769010e-03
5.817209328441678637e-03
2.807080730286895184e-03
-1.956517413281744124e-04
-3.172985250621151998e-03
-6.107009157504863367e-03
-8.979930673175734457e-03
-1.177411093093912176e-02
-1.447212584360769820e-02
-1.705686269066187047e-02
-1.951165659796927354e-02
-2.182046219750939306e-02
-2.396804686218962852e-02
-2.594018541850879808e-02
-2.772383435290329962e-02
-2.930726736081671127e-02
-3.068016289075040787e-02
-3.183364541899570688e-02
-3.276029173729853861e-02
-3.345411835761435970e-02
-3.391056509289283594e-02
-3.412648443943704091e-02
-3.410013959124714306e-02
-3.383120866003631877e-02
-3.332079026834038060e-02
-3.257140569351598541e-02
-3.158699380197613898e-02
-3.037289600121105548e-02
-2.893582909779764123e-02
-2.728384477991846468e-02
-2.542627612079679383e-02
-2.337367403308203417e-02
-2.113773897988334427e-02
-1.873125380287585587e-02
-1.616802132269430994e-02
-1.346280608455759434e-02
-1.063127546755052513e-02
-7.689933466712658462e-03
-4.656041438959777901e-03
-1.547522893000000729e-03
1.617147636716423061e-03
4.819069531260204708e-03
8.039051680965286079e-03
1.125775499891711398e-02
1.445583753377138389e-02
1.761409712820333900e-02
2.071360618400941087e-02
2.373583389268518057e-02
2.666275401790225638e-02
2.947694076674792565e-02
3.216165992084051017e-02
3.470096466407809194e-02
3.707980327612980104e-02
3.928413888940543441e-02
4.130107248469323811e-02
4.311895382758852008e-02
4.472746504680399915e-02
4.611766880957271497e-02
4.728202432622841123e-02
4.821438414871311029e-02
4.890998832364521626e-02
4.936546862957059967e-02
4.957886688528739816e-02
4.954966199260773391e-02
4.927879443417999827e-02
4.876867610001799774e-02
4.802317686819121412e-02
4.704758500336352761e-02
4.584854362368863401e-02
4.443396860466242854e-02
4.281295412765517144e-02
4.099567139713501673e-02
3.899326483042080821e-02
3.681774878963692266e-02
3.448190673478356005e-02
3.199919343920884507e-02
2.938363971170097205e-02
2.664975824233421775e-02
2.381244906930292046e-02
2.088690393060242678e-02
1.788851029594762387e-02
1.483275777307205626e-02
1.173515120773064094e-02
8.611135525229542814e-03
5.476036834078106159e-03
2.345022498353647403e-03
-7.669199092140203912e-04
-3.844988203770468953e-03
-6.874562502177848644e-03
-9.841202979080814969e-03
-1.273065946472818830e-02
-1.552890351577036754e-02
-1.822219096369638233e-02
-2.079715816593686109e-02
-2.324094887505999407e-02
-2.554136204336956290e-02
-2.768700554371608669e-02
-2.966743815877940713e-02
-3.147328330724930012e-02
-3.309630286045364689e-02
-3.452942709270909877e-02
-3.576674528023878613e-02
-3.680346832011186647e-02
-3.763587799415586688e-02
-3.826127642028157028e-02
-3.867794474496817625e-02
-3.888511434473489181e-02
-3.888294907291982294e-02
-3.867253481093774203e-02
-3.825587268866455920e-02
-3.763587362682713905e-02
-3.681635284024754873e-02
-3.580202286680561619e-02
-3.459848279501890472e-02
-3.321220051453389194e-02
-3.165048490440931783e-02
-2.992144619458772872e-02
-2.803394500365707226e-02
-2.599753298498625603e-02
-2.382238966809174796e-02
-2.151926028423773937e-02
-1.909939802628312852e-02
-1.657451187171856896e-02
-1.395671877520234493e-02
-1.125849753767640266e-02
-8.492641286048228932e-03
-5.672206009781553988e-03
-2.810453447681022544e-03
7.921255193368221593e-05
2.983316381736296832e-03
5.888387191780171739e-03
8.781040085065644138e-03
1.164805931670510886e-02
1.447647964070197107e-02
1.725366120269526682e-02
1.996735358965981769e-02
2.260574613920205561e-02
2.515750439054980497e-02
2.761179600491512481e-02
2.995831256062993220e-02
3.218729506675276075e-02
3.428956987640550264e-02
3.625659786079828140e-02
3.808053430328128125e-02
3.975429194490072426e-02
4.127159700302156231e-02
4.262702895042908696e-02
4.381603903280629347e-02
4.483494821882796216e-02
4.568093025605395735e-02
4.635198804999538652e-02
4.684693110269591565e-02
4.716535893012423208e-02
4.730765155938308070e-02
4.727496479554113562e-02
4.706922586749671261e-02
4.669312464484168951e-02
4.615009658539638571e-02
4.544429538064911206e-02
4.458055520607795419e-02
4.356434406173087526e-02
4.240171060161095767e-02
4.109922711910331261e-02
3.966393114470653791e-02
3.810326765148497330e-02
3.642503331307417325e-02
3.463732368265236283e-02
3.274848360530727837e-02
3.076706068393926519e-02
2.870176129009069724e-02
2.656140851269052708e-02
2.435490158187714194e-02
2.209117663488139455e-02
1.977916909790485706e-02
1.742777834745674187e-02
1.504583558520611666e-02
1.264207596644420853e-02
1.022511592205467210e-02
7.803436303205975484e-03
5.385371500531050543e-03
2.979104083136097612e-03
5.926638561365215946e-04
-1.766070391342927041e-03
-4.089368692459797311e-03
-6.369649822880549088e-03
-8.599485951983190657e-03
-1.077161435636486177e-02
-1.287895789506004335e-02
-1.491465498568385339e-02
-1.687209862500900839e-02
-1.874498270880750952e-02
-2.052735273674956978e-02
-2.221365711434753962e-02
-2.379879487441635688e-02
-2.527815583723218990e-02
-2.664765001384610671e-02
-2.790372434453694192e-02
-2.904336644011981661e-02
-3.006409659448915431e-02
-3.096395064110699091e-02
-3.174145699945901677e-02
-3.239561134920336538e-02
-3.292585184427307410e-02
-3.333203681106113037e-02
-3.361442578574501405e-02
-3.377366381777970744e-02
-3.381076839438373893e-02
-3.372711816933471329e-02
-3.352444280051112419e-02
-3.320481342478093928e-02
-3.277063346158444468e-02
-3.222462944471757296e-02
-3.156984144804111242e-02
-3.080961251036470894e-02
-2.994757637344347412e-02
-2.898764293644471787e-02
-2.793398108678621372e-02
-2.679099895246301807e-02
-2.556332204218830090e-02
-2.425577007823995906e-02
-2.287333350958391243e-02
-2.142115066740609905e-02
-1.990448630302893429e-02
-1.832871190115089449e-02
-1.669928777919999982e-02
-1.502174667192936533e-02
-1.330167831521691067e-02
-1.154471450099393316e-02
-9.756514146504885465e-03
-7.942748046098692047e-03
-6.109083102278612190e-03
-4.261165935389674489e-03
-2.404605839787111142e-03
-5.449571077621576977e-04
1.312299195707973109e-03
3.161773839744229115e-03
4.998188132219511144e-03
6.816392312542405262e-03
8.611383110320346840e-03
1.037831988864102752e-02
1.211253881266723120e-02
1.380956460883197776e-02
1.546511971202873918e-02
1.707513089463556788e-02
1.863573380441025870e-02
2.014327611996584444e-02
2.159432019706317846e-02
2.298564609027369671e-02
2.431425563987066329e-02
2.557737796695030985e-02
2.677247627834798693e-02
2.789725544268543619e-02
2.894966947819004738e-02
2.992792794575266022e-02
3.083050033065948270e-02
3.165611776387875637e-02
3.240377182568465048e-02
3.307271058872878616e-02
3.366243238757754552e-02
3.417267801059872129e-02
3.460342204656396969e-02
3.495486401959431444e-02
3.522741975503469736e-02
3.542171318385971268e-02
3.553856857374083217e-02
3.557900300461680487e-02
3.554421880869093608e-02
3.543559567065271421e-02
3.525468212672121238e-02
3.500318628927623354e-02
3.468296573128704097e-02
3.429601657960862360e-02
3.384446195737103591e-02
3.333053997892910375e-02
3.275659153149454439e-02
3.212504808048597532e-02
3.143841970876515290e-02
3.069928356360419539e-02
2.991027283799698594e-02
2.907406636518510695e-02
2.819337885773220281e-02
2.727095178250227986e-02
2.630954482991754856e-02
2.531192791592594415e-02
2.428087364830714551e-02
2.321915019237986988e-02
2.212951449171655927e-02
2.101470581931056889e-02
1.987743966257666389e-02
1.872040196594328479e-02
1.754624377147702419e-02
1.635757630931971782e-02
1.515696658378952455e-02
1.394693350093320280e-02
1.272994456198782258e-02
1.150841313551543600e-02
1.028469629313826482e-02
9.061093177518806177e-03
7.839843846174461214e-03
6.623128520502083103e-03
5.413067151799901347e-03
4.211719206730499092e-03
3.021083570645213302e-03
1.843098466415019499e-03
6.796412881157980722e-04
-4.674717373288946737e-04
-1.596486139819258210e-03
-2.705710104722435210e-03
-3.793515720545759251e-03
-4.858340592755696144e-03
-5.898689816373727662e-03
-6.913138275611991658e-03
-7.900333215798027720e-03
-8.858997008572894530e-03
-9.787930015732380917e-03
-1.068601344053220388e-02
-1.155221204685809473e-02
-1.238557662360207853e-02
-1.318524607847338520e-02
-1.395044905176725906e-02
-1.468050496473047133e-02
-1.537482443617543305e-02
-1.603290903240257859e-02
-1.665435034453813246e-02
-1.723882841839984373e-02
-1.778610959078223697e-02
-1.829604380752224146e-02
-1.876856151958988458e-02
-1.920367025784235418e-02
-1.960145099333040347e-02
-1.996205438173892510e-02
-2.028569698028816898e-02
-2.057265750943056831e-02
-2.082327321522122951e-02
-2.103793636976390713e-02
-2.121709093133854890e-02
-2.136122937410584247e-02
-2.147088968370091180e-02
-2.154665251072257134e-02
-2.158913846811195622e-02
-2.159900555500662150e-02
-2.157694669022706263e-02
-2.152368733547822821e-02
-2.143998319103928088e-02
-2.132661794508912759e-02
-2.118440106071441120e-02
-2.101416558478984981e-02
-2.081676596664357864e-02
-2.059307587849452600e-02
-2.034398603076496836e-02
-2.007040198487015231e-02
-1.977324196663935926e-02
-1.945343468972957762e-02
-1.911191720323013321e-02
-1.874963277843058260e-02
-1.836752885243719824e-02
-1.796655504543940782e-02
-1.754766126747699800e-02
-1.711179592791423412e-02
-1.665990425509478873e-02
-1.619292673270670072e-02
-1.571179765188724861e-02
-1.521744377648342507e-02
-1.471078311413743546e-02
-1.419272378460745970e-02
-1.366416297564584589e-02
-1.312598597490916875e-02
-1.257906526946784599e-02
-1.202425970352136858e-02
-1.146241368889129413e-02
-1.089435646085770704e-02
-1.032090137841738808e-02
-9.742845265550165168e-03
-9.160967792580385766e-03
-8.576030898700031171e-03
-7.988778254220143399e-03
-7.399934764327273720e-03
-6.810206113166610703e-03
-6.220278349945924760e-03
-5.630817514738985577e-03
-5.042469304902238818e-03
-4.455858780456208382e-03
-3.871590107580423143e-03
-3.290246339584702081e-03
-2.712389234801219212e-03
-2.138559110044466974e-03
-1.569274730052433063e-03
-1.005033233156002546e-03
-4.463100919560847833e-04
1.064408892010085104e-04
6.527875407015262463e-04
1.192319257860453754e-03
1.724646894462460514e-03
2.249402620232432860e-03
2.766239743291990221e-03
3.274832498614474018e-03
3.774875803463047415e-03
4.266084982658380730e-03
4.748195465303362874e-03
5.220962455803440996e-03
5.684160582131891036e-03
6.137583523610972563e-03
6.581043621770820556e-03
7.014371475973303453e-03
7.437415527385349973e-03
7.850041632624437521e-03
8.252132629187693830e-03
8.643587894147389261e-03
9.024322897649851571e-03
9.394268751008834004e-03
9.753371751136817938e-03
1.010159292041202389e-02
1.043890754306145939e-02
1.076530469733106427e-02
1.108078678350199811e-02
1.138536904861753990e-02
1.167907910648918225e-02
1.196195645423918028e-02
1.223405198613739669e-02
1.249542750397224233e-02
1.274615522607667160e-02
1.298631729486386319e-02
1.321600528503046219e-02
1.343531971242469675e-02
1.364436954577817260e-02
1.384327172176455165e-02
1.403215066559767264e-02
1.421113781738323964e-02
1.438037116591525319e-02
1.453999479116416943e-02
1.469015841544674822e-02
1.483101696537342425e-02
1.496273014416847971e-02
1.508546201545363577e-02
1.519938059861929494e-02
1.530465747696053633e-02
1.540146741709867879e-02
1.548998800183244706e-02
1.557039927504615118e-02
1.564288339924774229e-02
1.570762432559917599e-02
1.576480747647193703e-02
1.581461944031282638e-02
1.585724767858106427e-02
1.589288024498955801e-02
1.592170551667262263e-02
1.594391193698645182e-02
1.595968777022171298e-02
1.596922086793963955e-02
1.597269844648481832e-02
1.597030687616449521e-02
1.596223148145276688e-02
1.594865635207013202e-02
1.592976416543641360e-02
1.590573601974568790e-02
1.587675127733830308e-02
1.584298741888804513e-02
1.580461990776473036e-02
1.576182206414040651e-02
1.571476494919155087e-02
1.566361725850649519e-02
1.560854522505463610e-02
1.554971253051886347e-02
1.548728022585049539e-02
1.542140665962551775e-02
1.535224741458861460e-02
1.527995525162077588e-02
1.520468006102271286e-02
1.512656882060745868e-02
1.504576556054117512e-02
1.496241133401905732e-02
1.487664419390326113e-02
1.478859917531422270e-02
1.469840828276889645e-02
1.460620048270788729e-02
1.451210170042315298e-02
1.441623482144214694e-02
1.431871969682787377e-02
1.421967315262279499e-02
1.411920900250678707e-02
1.401743806409326727e-02
1.391446817831915386e-02
1.381040423169457507e-02
1.370534818148159105e-02
1.359939908344594967e-02
1.349265312188685333e-02
1.338520364204516706e-02
1.327714118455326428e-02
1.316855352187891980e-02
1.305952569653009640e-02
1.295014006102636513e-02
1.284047631914938051e-02
1.273061156885965835e-02
1.262062034635510858e-02
1.251057467116869180e-02
1.240054409246754002e-02
1.229059573615743847e-02
1.218079435275389900e-02
1.207120236576869621e-02
1.196187992111674703e-02
1.185288493639253052e-02
1.174427315087569340e-02
1.163609817567549248e-02
1.152841154401408955e-02
1.142126276154292394e-02
1.131469935670432678e-02
1.120876693093824338e-02
1.110350920869778921e-02
1.099896808721802233e-02
1.089518368593676498e-02
1.079219439557609246e-02
1.069003692667856720e-02
1.058874635774166226e-02
1.048835618267238146e-02
1.038889835774239184e-02
1.029040334775569235e-02
1.019290017169779440e-02
1.009641644746089167e-02
1.000097843605369033e-02
9.906611084747569268e-03
9.813338069663767385e-03
9.721181837354866614e-03
9.630163645619849860e-03
9.540303603428060969e-03
9.451620710011415100e-03
9.364132893049938525e-03
9.277857045873985631e-03
9.192809063885682905e-03
9.109003880142097290e-03
9.026455499770625127e-03
8.945177033740026734e-03
8.865180731620889154e-03
8.786478013485067573e-03
8.709079500900831008e-03
8.632995046972579550e-03
8.558233765674357410e-03
8.484804060106373308e-03
8.412713650050774108e-03
8.341969598667099695e-03
8.272578338148168370e-03
8.204545694890440916e-03
8.137876913498372916e-03
8.072576680287425061e-03
8.008649145825228258e-03
7.946097946686905139e-03
7.884926226582614217e-03
7.825136656584252143e-03
7.766731454812307416e-03
7.709712405279801548e-03
7.654080875998220748e-03
7.599837836546831718e-03
7.546983874958980432e-03
7.495519213798804148e-03
7.445443725837283880e-03
7.396756948989226602e-03
7.349458100644750899e-03
7.303546091509387043e-03
0.000000000000000000e+00
