-5.700593645831090323e-03
-5.268314682626853984e-03
-4.866894196235494949e-03
-4.531165627601995739e-03
-4.245293755388807738e-03
-3.997277994270606420e-03
-3.778619219436788607e-03
-3.583205124089515036e-03
-3.406555410801858589e-03
-3.245321105141078799e-03
-3.096949165118765331e-03
-2.959455263105409146e-03
-2.831268039008432401e-03
-2.711121042917690599e-03
-2.597976816984032614e-03
-2.490972855350024901e-03
-2.389382609608027910e-03
-2.292586949416007287e-03
-2.200052966775702112e-03
-2.111317996465774619e-03
-2.025977384533458447e-03
-1.943674982943528924e-03
-1.864095652219475551e-03
-1.786959262580269017e-03
-1.712015828395512017e-03
-1.639041511652219009e-03
-1.567835300893807762e-03
-1.498216222215123386e-03
-1.430020975159511680e-03
-1.363101912075660033e-03
-1.297325298306710060e-03
-1.232569804874215002e-03
-1.168725195308346334e-03
-1.105691176268196662e-03
-1.043376387364674564e-03
-9.816975101995962377e-04
-9.205784802708946897e-04
-8.599497879057617280e-04
-7.997478569018794895e-04
-7.399144909505266966e-04
-6.803963798056183749e-04
-6.211446579688077079e-04
-5.621145097461719819e-04
-5.032648153885169173e-04
-4.445578338888031078e-04
-3.859589180928681075e-04
-3.274362586510679712e-04
-2.689606540729241857e-04
-2.105053035394098527e-04
-1.520456205015562360e-04
-9.355906473021552146e-05
-3.502499106143658000e-05
2.357548714317938242e-05
8.225962091657602155e-05
1.410431365678957568e-04
1.999403358358796271e-04
2.589641858911676214e-04
3.181264005113696846e-04
3.774375133230821184e-04
4.369069433710800186e-04
4.965430540922369891e-04
5.563532060901443983e-04
6.163438042231003233e-04
6.765203394472762847e-04
7.368874257414104222e-04
7.974488324580509234e-04
8.582075125076923635e-04
9.191656264084643781e-04
9.803245624198076401e-04
1.041684953189481091e-03
1.103246688592768310e-03
1.165008925314791081e-03
1.226970093036663847e-03
1.289127897098780182e-03
1.351479318225644018e-03
1.414020608716592964e-03
1.476747285584820808e-03
1.539654120557581605e-03
1.602735126641271568e-03
1.665983541772926438e-03
1.729391809231807693e-03
1.792951554856777804e-03
1.856653561376734153e-03
1.920487739583939465e-03
1.984443096686729600e-03
2.048507701797641460e-03
2.112668648787054734e-03
2.176912016541228921e-03
2.241222827141897689e-03
2.305585001736446676e-03
2.369981314879337185e-03
2.434393347239367442e-03
2.498801437421446434e-03
2.563184633085141637e-03
2.627520641778541711e-03
2.691785782267270416e-03
2.755954936728583285e-03
2.820001504460255617e-03
2.883897357646499938e-03
2.947612800100230489e-03
3.011116529355302527e-03
3.074375603374097064e-03
3.137355411930132457e-03
3.200019654240819633e-03
3.262330322879593639e-03
3.324247695496328290e-03
3.385730334414024673e-03
3.446735095538428113e-03
3.507217146845481061e-03
3.567129997235437937e-03
3.626425536541392873e-03
3.685054087508363510e-03
3.742964469268383366e-03
3.800104074026059917e-03
3.856418956265173295e-03
3.911853935229240263e-03
3.966352710597071014e-03
4.019857991129156122e-03
4.072311636618517784e-03
4.123654811965378648e-03
4.173828154015572084e-03
4.222771949185994723e-03
4.270426322662828657e-03
4.316731436461830086e-03
4.361627696899566566e-03
4.405055968962375348e-03
4.446957796845306399e-03
4.487275629025932674e-03
4.525953046161281489e-03
4.562934989944819088e-03
4.598167991311873093e-03
4.631600396366126159e-03
4.663182587226894805e-03
4.692867197115160871e-03
4.720609316536341152e-03
4.746366689811187464e-03
4.770099899390665976e-03
4.791772536641085434e-03
4.811351357504494927e-03
4.828806421901215076e-03
4.844111214790154316e-03
4.857242749117455898e-03
4.868181648834272839e-03
4.876912211924011933e-03
4.883422452916294856e-03
4.887704125095967099e-03
4.889752721631215535e-03
4.889567457474820224e-03
4.887151231203980609e-03
4.882510568258387890e-03
4.875655546895161542e-03
4.866599707100779937e-03
4.855359944475768491e-03
4.841956390610366659e-03
4.826412280547017451e-03
4.808753810361574531e-03
4.789009985001204187e-03
4.767212459160155916e-03
4.743395372084896824e-03
4.717595178329201874e-03
4.689850475918001804e-03
4.660201833409835168e-03
4.628691617009681944e-03
4.595363819514812660e-03
4.560263891819228872e-03
4.523438578275097363e-03
4.484935757217582697e-03
4.444804287013921426e-03
4.403093858589801103e-03
4.359854855467013013e-03
4.315138221201335507e-03
4.268995335533664476e-03
4.221477898798884666e-03
4.172637825791534853e-03
4.122527148390339041e-03
4.071197928090635951e-03
4.018702177729286881e-03
3.965091792759938005e-03
3.910418492229831254e-03
3.854733769186036857e-03
3.798088850135995266e-03
3.740534663875064517e-03
3.682121819141136437e-03
3.622900590780300627e-03
3.562920913941709442e-03
3.502232386347751188e-03
3.440884277478710972e-03
3.378925544951270812e-03
3.316404856911225364e-03
3.253370619792875663e-03
3.189871011553497247e-03
3.125954018915078070e-03
3.061667478063159926e-03
2.997059118177722217e-03
2.932176607459740375e-03
2.867067599792601489e-03
2.801779782455392047e-03
2.736360923489716303e-03
2.670858917868568390e-03
2.605321832449361032e-03
2.539797948036457819e-03
2.474335799136756150e-03
2.408984209201962476e-03
2.343792322449663682e-03
2.278809630415796952e-03
2.214085994545265338e-03
2.149671661673778836e-03
2.085617274853813000e-03
2.021973878096220562e-03
1.958792914481517419e-03
1.896126218308162061e-03
1.834026000609394799e-03
1.772544828721328786e-03
1.711735599100308461e-03
1.651651504619757512e-03
1.592345995112445355e-03
1.533872732750956626e-03
1.476285541754291742e-03
1.419638352609094677e-03
1.363985141865977149e-03
1.309379867117060501e-03
1.255876397299872643e-03
1.203528439821053208e-03
1.152389463888854821e-03
1.102512620788737192e-03
1.053950660930739504e-03
1.006755849370466992e-03
9.609798782921954172e-04
9.166737788056753423e-04
8.738878303009094649e-04
8.326714692862169798e-04
7.930731978921792477e-04
7.551404906941096501e-04
7.189197024286852512e-04
6.844559749635066755e-04
6.517931451571754627e-04
6.209736522517812643e-04
5.920384466141391435e-04
5.650268991742411892e-04
5.399767113887034330e-04
5.169238270029333357e-04
4.959023442645293153e-04
4.769444302073067694e-04
4.600802359034016032e-04
4.453378142126979914e-04
4.327430381208456460e-04
4.223195216101098071e-04
4.140885430136482170e-04
4.080689690151633950e-04
4.042771827931761902e-04
4.027270128932032914e-04
4.034296655444922553e-04
4.063936594762504202e-04
4.116247628889249124e-04
4.191259342389154052e-04
4.288972656588691131e-04
4.409359293563796058e-04
4.552361278955656420e-04
4.717890478286269288e-04
4.905828170837212530e-04
5.116024659975963035e-04
5.348298929213451654e-04
5.602438336017259322e-04
5.878198355222860735e-04
6.175302366965668924e-04
6.493441492036436304e-04
6.832274476168939724e-04
7.191427635474306659e-04
7.570494842424171965e-04
7.969037582304856239e-04
8.386585053255451267e-04
8.822634339908045492e-04
9.276650640159068767e-04
9.748067559926703110e-04
1.023628746309236366e-03
1.074068190419846195e-03
1.126059211301517300e-03
1.179532956095212396e-03
1.234417658276153662e-03
1.290638708752294035e-03
1.348118732775273982e-03
1.406777675049640432e-03
1.466532890907786338e-03
1.527299246897527787e-03
1.588989226533000978e-03
1.651513045235124093e-03
1.714778771696629260e-03
1.778692456685142514e-03
1.843158269632152449e-03
1.908078641936861858e-03
1.973354417225358509e-03
2.038885009398933284e-03
2.104568566754748838e-03
2.170302142896859098e-03
2.235981874320936563e-03
2.301503163950099039e-03
2.366760871133573568e-03
2.431649506978575577e-03
2.496063434958296998e-03
2.559897077477522442e-03
2.623045125772788082e-03
2.685402755719608348e-03
2.746865847226235158e-03
2.807331206635245522e-03
2.866696792895938317e-03
2.924861945943907793e-03
2.981727618473124265e-03
3.037196608398541869e-03
3.091173792615028743e-03
3.143566361805507844e-03
3.194284055821187442e-03
3.243239397259706659e-03
3.290347925509096768e-03
3.335528428517716901e-03
3.378703171841891673e-03
3.419798125541125174e-03
3.458743187225219937e-03
3.495472400742571407e-03
3.529924170057121419e-03
3.562041467977630771e-03
3.591772038061299792e-03
3.619068589538238130e-03
3.643888984938959026e-03
3.666196419715413938e-03
3.685959591575937479e-03
3.703152861618017738e-03
3.717756403844070176e-03
3.729756344437435908e-03
3.739144888914857755e-03
3.745920436772698977e-03
3.750087683263339609e-03
3.751657707877227577e-03
3.750648047325720689e-03
3.747082755661795394e-03
3.740992446936403960e-03
3.732414323448342199e-03
3.721392186582105251e-03
3.707976431693706804e-03
3.692224024525895230e-03
3.674198461124037439e-03
3.653969708708812957e-03
3.631614128447964093e-03
3.607214380422234159e-03
3.580859307856077908e-03
3.552643804060537196e-03
3.522668659720821875e-03
3.491040390341277038e-03
3.457871044445344055e-03
3.423277994335102280e-03
3.387383704602797002e-03
3.350315484781985365e-03
3.312205221062521944e-03
3.273189090703873799e-03
3.233407258228903746e-03
3.193003553345896695e-03
3.152125132054258566e-03
3.110922121739901920e-03
3.069547249025293603e-03
3.028155452805695973e-03
2.986903483141309899e-03
2.945949485865749333e-03
2.905452574542229972e-03
2.865572390364320987e-03
2.826468651574178242e-03
2.788300692192789698e-03
2.751226993441454813e-03
2.715404707265424000e-03
2.680989172555263422e-03
2.648133428907819414e-03
2.616987725087227545e-03
2.587699026028819453e-03
2.560410520941612707e-03
2.535261129909230967e-03
2.512385015803449920e-03
2.491911098771292660e-03
2.473962578330326893e-03
2.458656461602022700e-03
2.446103102278947283e-03
2.436405750776602774e-03
2.429660116951632125e-03
2.425953947674306874e-03
2.425366621383237380e-03
2.427968761014469290e-03
2.433821865861199654e-03
2.442977967894966688e-03
2.455479308809730386e-03
2.471358044524805606e-03
2.490635975691073232e-03
2.513324306813103509e-03
2.539423436424012668e-03
2.568922777612151712e-03
2.601800613006826756e-03
2.638023982928571192e-03
2.677548610776350584e-03
2.720318863975879336e-03
2.766267753730377796e-03
2.815316973950290642e-03
2.867376979392505937e-03
2.922347105427111538e-03
2.980115727525593783e-03
3.040560463909181346e-03
3.103548420233027440e-03
3.168936475031116674e-03
3.236571608588119722e-03
3.306291274529291925e-03
3.377923811745860323e-03
3.451288898636778544e-03
3.526198048147042262e-03
3.602455142030728825e-03
3.679857004925074591e-03
3.758194015612312949e-03
3.837250754350777972e-03
3.916806686063354671e-03
3.996636875375968352e-03
4.076512733926609608e-03
4.156202796376351483e-03
4.235473522918591256e-03
4.314090126706917119e-03
4.391817422491321558e-03
4.468420694533756753e-03
4.543666580789175458e-03
4.617323970192750357e-03
4.689164908878919180e-03
4.758965514054767053e-03
4.826506889460320873e-03
4.891576041736206415e-03
4.953966790787498603e-03
5.013480674296490885e-03
5.069927838292207466e-03
5.123127913191354021e-03
5.172910869999107659e-03
5.219117852763422924e-03
5.261601983896665828e-03
5.300229136953371438e-03
5.334878676093081189e-03
5.365444154675395351e-03
5.391833971519894436e-03
5.413971979439456683e-03
5.431798045423201493e-03
5.445268555751823537e-03
5.454356863699983543e-03
5.459053678363014368e-03
5.459367387954367108e-03
5.455324319103819868e-03
5.446968926155910593e-03
5.434363910056121821e-03
5.417590262483682265e-03
5.396747237334408552e-03
5.371952242839017275e-03
5.343340657621903356e-03
5.311065566314727981e-03
5.275297416151535079e-03
5.236223593558094955e-03
5.194047919775443556e-03
5.148990067076220437e-03
5.101284896504549617e-03
5.051181716073582448e-03
4.998943463128575036e-03
4.944845811984444756e-03
4.889176207587518641e-03
4.832232829601807930e-03
4.774323488521184898e-03
4.715764458080462344e-03
4.656879246588380844e-03
4.597997311253546743e-03
4.539452721023421768e-03
4.481582770840873350e-03
4.424726552940857517e-03
4.369223492609312053e-03
4.315411849402068546e-03
4.263627195165368977e-03
4.214200870823190878e-03
4.167458430757513613e-03
4.123718080177256502e-03
4.083289113947341509e-03
4.046470362527196558e-03
4.013548652814127871e-03
3.984797291646255749e-03
3.960474579240096278e-03
3.940822359601351375e-03
3.926064617652453431e-03
3.916406127654846643e-03
3.912031162315251359e-03
3.913102271039653295e-03
3.919759133206632447e-03
3.932117493048514073e-03
3.950268186195786922e-03
3.974276261309466797e-03
4.004180207212838447e-03
4.039991286934271203e-03
4.081692989465240257e-03
4.129240601428717759e-03
4.182560904653733966e-03
4.241552005459886011e-03
4.306083298174404918e-03
4.375995565298902018e-03
4.451101221894657872e-03
4.531184700286208095e-03
4.616002982493437427e-03
4.705286276138967091e-03
4.798738838216498256e-03
4.896039943597689167e-03
4.996844998442973550e-03
5.100786795338511578e-03
5.207476908394196614e-03
5.316507224194156125e-03
5.427451603117772541e-03
5.539867667564215246e-03
5.653298710012135200e-03
5.767275713934115478e-03
5.881319479995218355e-03
5.994942850176403736e-03
6.107653017945227983e-03
6.218953918899317035e-03
6.328348685766573868e-03
6.435342162082165543e-03
6.539443458351020151e-03
6.640168541856238810e-03
6.737042844134131896e-03
6.829603874515559857e-03
6.917403825944327608e-03
7.000012158893439973e-03
7.077018149096404517e-03
7.148033384478010011e-03
7.212694197360074860e-03
7.270664016757166434e-03
7.321635626753308056e-03
7.365333317777996575e-03
7.401514914659146696e-03
7.429973669264310944e-03
7.450540004214909959e-03
7.463083095230913996e-03
7.467512278297729414e-03
7.463778274041845545e-03
7.451874214261488584e-03
7.431836462917671901e-03
7.403745223438507050e-03
7.367724921623772932e-03
7.323944361173201356e-03
7.272616641060755671e-03
7.213998834296055963e-03
7.148391423852468347e-03
7.076137489014882979e-03
6.997621648928801195e-03
6.913268757240219504e-03
6.823542350896973953e-03
6.728942858937117522e-03
6.630005571879041965e-03
6.527298380324182692e-03
6.421419287094865501e-03
6.312993703243043042e-03
6.202671538321566022e-03
6.091124093108822579e-03
5.979040769708499764e-03
5.867125612851361617e-03
5.756093694131988320e-03
5.646667360309176771e-03
5.539572357759176870e-03
5.435533856025452117e-03
5.335272386892564271e-03
5.239499719926977300e-03
5.148914699011137262e-03
5.064199056849833999e-03
4.986013234254984411e-03
4.914992228270477145e-03
4.851741489431802938e-03
4.796832897727570238e-03
4.750800838254357755e-03
4.714138403248067412e-03
4.687293745206867063e-03
4.670666606579263781e-03
4.664605049576081575e-03
4.669402410333046635e-03
4.685294501770005324e-03
4.712457085253553973e-03
4.751003636522635118e-03
4.800983422795591926e-03
4.862379910589642758e-03
4.935109525979389407e-03
5.019020776710323567e-03
5.113893755143799486e-03
5.219440034947031917e-03
5.335302968035166016e-03
5.461058393167588301e-03
5.596215763136445399e-03
5.740219688058913194e-03
5.892451906245719899e-03
6.052233670253428024e-03
6.218828552957722175e-03
6.391445663928102539e-03
6.569243263700194277e-03
6.751332769880592950e-03
6.936783136233410155e-03
7.124625587881136882e-03
7.313858695922289752e-03
7.503453761385061108e-03
7.692360489144425134e-03
7.879512923102295965e-03
8.063835606487389923e-03
8.244249941769902015e-03
8.419680708460089771e-03
8.589062705073884432e-03
8.751347475731929143e-03
8.905510078777682456e-03
9.050555858276096086e-03
9.185527173478945373e-03
9.309510042040780586e-03
9.421640654982786980e-03
9.521111717772931873e-03
9.607178573391108103e-03
9.679165062475798831e-03
9.736469082454228541e-03
9.778567798703168001e-03
9.805022469444629046e-03
9.815482846039540882e-03
9.809691113666156939e-03
9.787485333486297887e-03
9.748802359356743136e-03
9.693680196493114840e-03
9.622259777810336298e-03
9.534786133790154258e-03
9.431608937922218369e-03
9.313182408411380814e-03
9.180064558609292436e-03
9.032915782973707439e-03
8.872496776979894167e-03
8.699665788675826558e-03
8.515375205574002640e-03
8.320667485303868613e-03
8.116670439295878628e-03
7.904591884797715004e-03
7.685713688323690847e-03
7.461385216237172331e-03
7.233016227438675630e-03
7.002069231187849768e-03
6.770051349464204123e-03
6.538505719228178761e-03
6.309002475646485059e-03
6.083129363496590086e-03
5.862482019631146124e-03
5.648653984562020461e-03
5.443226492960864631e-03
5.247758103544769050e-03
5.063774227687093191e-03
4.892756620538553543e-03
4.736132904050055839e-03
4.595266186021543416e-03
4.471444846631394097e-03
4.365872566316934128e-03
4.279658664567729393e-03
4.213808822829045661e-03
4.169216264521312734e-03
4.146653460272293513e-03
4.146764430305070921e-03
4.170057708504482964e-03
4.216900031424524430e-03
4.287510813950754472e-03
4.381957467345374765e-03
4.500151609967298870e-03
4.641846219238123135e-03
4.806633767346793137e-03
4.993945376482260799e-03
5.203051026913778701e-03
5.433060840166131084e-03
5.682927457647872667e-03
5.951449528287371463e-03
6.237276309465539931e-03
6.538913378937010606e-03
6.854729451833480730e-03
7.182964283168721993e-03
7.521737632227939833e-03
7.869059259290643940e-03
8.222839914467389849e-03
8.580903269658220200e-03
8.940998736695474070e-03
9.300815111822447606e-03
9.657994966319149305e-03
1.001014970604350782e-02
1.035487520622626820e-02
1.068976792336712861e-02
1.101244137531832631e-02
1.132054287602369744e-02
1.161177040608854169e-02
1.188388949483457253e-02
1.213474999030433009e-02
1.236230258939417098e-02
1.256461500402052817e-02
1.273988764126458319e-02
1.288646867919776041e-02
1.300286841943221021e-02
1.308777280801577680e-02
1.314005601540925092e-02
1.315879197263381505e-02
1.314326476901314829e-02
1.309297781701640982e-02
1.300766169855778129e-02
1.288728061745984463e-02
1.273203738593319152e-02
1.254237688276554560e-02
1.231898793415429905e-02
1.206280357210155751e-02
1.177499964199208923e-02
1.145699173719149158e-02
1.111043045588950076e-02
1.073719497788529730e-02
1.033938497944694029e-02
9.919310909358144968e-03
9.479482665379960343e-03
9.022596714414233415e-03
8.551521715090219106e-03
8.069282707631414073e-03
7.579043941447696428e-03
7.084090421071738593e-03
6.587808251072618110e-03
6.093663865965163323e-03
5.605182240154958639e-03
5.125924169198486403e-03
4.659462730740757466e-03
4.209359037106910617e-03
3.779137406250371572e-03
3.372260090300186353e-03
2.992101715916370940e-03
2.641923612044160159e-03
2.324848205622025502e-03
2.043833690755673255e-03
1.801649184657060695e-03
1.600850588469345751e-03
1.443757379693943327e-03
1.332430555362676319e-03
1.268651932081042320e-03
1.253904998435846282e-03
1.289357494214589915e-03
1.375845870965242091e-03
1.513861777739989407e-03
1.703540690445877470e-03
1.944652798081755469e-03
2.236596245274152100e-03
2.578392819346142246e-03
2.968686172683369234e-03
3.405742659342801508e-03
3.887454862328818851e-03
4.411347880000667313e-03
4.974588414895802016e-03
5.573996691608970079e-03
6.206061191797365879e-03
6.866956173320549334e-03
7.552561907578537667e-03
8.258487564595738337e-03
8.980096660006726267e-03
9.712534983283808640e-03
1.045076092649975356e-02
1.118957812723331627e-02
1.192367030585504521e-02
1.264763814524635932e-02
1.335603798327164929e-02
1.404342202422474879e-02
1.470437969979623317e-02
1.533357974563270311e-02
1.592581253393763122e-02
1.647603219890480739e-02
1.697939811718469916e-02
1.743131536886618690e-02
1.782747385905636417e-02
1.816388584271508289e-02
1.843692163294535433e-02
1.864334328507200739e-02
1.878033604806924467e-02
1.884553736180361733e-02
1.883706316145883006e-02
1.875353125503487900e-02
1.859408153650626144e-02
1.835839281300621212e-02
1.804669603753096541e-02
1.765978375164999753e-02
1.719901556184315686e-02
1.666631951018975391e-02
1.606418923290319975e-02
1.539567684347664667e-02
1.466438152111924562e-02
1.387443381707833406e-02
1.303047573359169403e-02
1.213763667230192272e-02
1.120150541381715464e-02
1.022809836298627442e-02
9.223824361542039621e-03
8.195446427550195229e-03
7.150040776152877947e-03
6.094953434809655471e-03
5.037754656668085550e-03
3.986191207477019112e-03
2.948136467787250848e-03
1.931538221662495438e-03
9.443639970749337234e-04
-5.456097246048531297e-06
-9.100889358073671219e-04
-1.761860040450103845e-03
-2.553316853931333983e-03
-3.277292954255583198e-03
-3.926972430767059104e-03
-4.495953524305873472e-03
-4.978310565696003609e-03
-5.368653195269522047e-03
-5.662181892964663656e-03
-5.854738988269009119e-03
-5.942854519590135692e-03
-5.923786525227994239e-03
-5.795555559424286386e-03
-5.556973407510297849e-03
-5.207666176542124353e-03
-4.748092071939167928e-03
-4.179554236701913533e-03
-3.504208926364263486e-03
-2.725069047175301094e-03
-1.846002722032704909e-03
-8.717261888049640355e-04
1.922098951809510291e-04
1.339441657002636565e-03
2.562821324955481643e-03
3.854454721994445780e-03
5.205746390353760411e-03
6.607451386132244531e-03
8.049732713573579113e-03
9.522223742791565901e-03
1.101409558023448351e-02
1.251412994477784334e-02
1.401079835984301442e-02
1.549234827246854379e-02
1.694689611200381890e-02
1.836252652397360810e-02
1.972739627236992296e-02
2.102984077014058428e-02
2.225848095019657830e-02
2.340232822505904434e-02
2.445088557289517434e-02
2.539424322046184013e-02
2.622316798274998070e-02
2.692918596289020639e-02
2.750465889599319064e-02
2.794285475936031382e-02
2.823801320338806611e-02
2.838540591831425000e-02
2.838139139135164787e-02
2.822346295207493055e-02
2.791028875096484424e-02
2.744174249071164307e-02
2.681892414198231225e-02
2.604417029861692823e-02
2.512105404163281208e-02
2.405437417004051975e-02
2.285013356901418463e-02
2.151550643117025596e-02
2.005879414932295116e-02
1.848936994224531505e-02
1.681761265470143110e-02
1.505483059553568148e-02
1.321317669675258974e-02
1.130555667906237363e-02
9.345532348541834428e-03
7.347222658599087200e-03
5.325205515877770579e-03
3.294423018672266740e-03
1.270091519285640631e-03
-7.323842848973867014e-04
-2.697496369362900690e-03
-4.609722230579526084e-03
-6.453622551696614612e-03
-8.213951564719325707e-03
-9.875781786311169097e-03
-1.142464194356900518e-02
-1.284666401795617544e-02
-1.412873321967193785e-02
-1.525863397358486959e-02
-1.622518580850516173e-02
-1.701836496150380823e-02
-1.762940980506744887e-02
-1.805091002689041338e-02
-1.827688035318930995e-02
-1.830281943825336557e-02
-1.812575395182332988e-02
-1.774426760111371543e-02
-1.715851538413070559e-02
-1.637022461660819078e-02
-1.538268566975586893e-02
-1.420073621830953738e-02
-1.283074271294512222e-02
-1.128058157183996039e-02
-9.559620293377252623e-03
-7.678695704549083276e-03
-5.650083833186561599e-03
-3.487454601207988416e-03
-1.205805564709595606e-03
1.178627900028383435e-03
3.648484486716824411e-03
6.185406314257319883e-03
8.770180343684265759e-03
1.138288807834067842e-02
1.400306246822315137e-02
1.660985286123825566e-02
1.918219890486071513e-02
2.169901294138428666e-02
2.413936903549322721e-02
2.648269630725616497e-02
2.870897441200349551e-02
3.079892868336332745e-02
3.273422088596102814e-02
3.449762945158958011e-02
3.607321221064395400e-02
3.744644647418444300e-02
3.860434581190966968e-02
3.953555815139959961e-02
4.023045306601653187e-02
4.068120521640488513e-02
4.088187596000968094e-02
4.082848869127082836e-02
4.051908916502564711e-02
3.995378226142383415e-02
3.913474102175162894e-02
3.806618952660927035e-02
3.675436499395867002e-02
3.520746466073408631e-02
3.343558023313877858e-02
3.145061926667433450e-02
2.926621094142213553e-02
2.689759387330411394e-02
2.436148487232745602e-02
2.167592883294357231e-02
1.886013130099500196e-02
1.593427747360605037e-02
1.291934444714260694e-02
9.836916236016528606e-03
6.709012163010111794e-03
3.557938113106077962e-03
4.061669596881975226e-04
-2.723750771897557200e-03
-5.809252113776520315e-03
-8.827816799080703131e-03
-1.175703259319378635e-02
-1.457469256541408208e-02
-1.725894123343898329e-02
-1.978847582290876872e-02
-2.214279479893263569e-02
-2.430247211864931811e-02
-2.624942684862841338e-02
-2.796715757314209919e-02
-2.944092042828566277e-02
-3.065784551171783778e-02
-3.160700247607325236e-02
-3.227943573565655172e-02
-3.266818967127545909e-02
-3.276833632956439868e-02
-3.257700761858621508e-02
-3.209342628167631550e-02
-3.131892740770998024e-02
-3.025696395245439096e-02
-2.891309299998055110e-02
-2.729494218358666929e-02
-2.541215772178748167e-02
-2.327633799126226088e-02
-2.090095968298284063e-02
-1.830130526790744658e-02
-1.549439783639911666e-02
-1.249894191368653047e-02
-9.335260160250118469e-03
-6.025211250298050450e-03
-2.592076203432574621e-03
9.395927489084113585e-04
4.544159172175742285e-03
8.195118544855547332e-03
1.186533453584217267e-02
1.552728622970959461e-02
1.915331738063762515e-02
2.271587918082199065e-02
2.618775963873599608e-02
2.954229706595841443e-02
3.275358243174955608e-02
3.579666220011044897e-02
3.864775419396732775e-02
4.128448020383435058e-02
4.368610285946285948e-02
4.583373993896294740e-02
4.771052759823826706e-02
4.930171912137101820e-02
5.059473060440641129e-02
5.157916492442543577e-02
5.224684823807833334e-02
5.259189770559163923e-02
5.261081486325117074e-02
5.230257981959901548e-02
5.166871626507191229e-02
5.071330612787191411e-02
4.944294814998731469e-02
4.786666779267251259e-02
4.599579177844816125e-02
4.384379991548305322e-02
4.142616331178926997e-02
3.876017481761070277e-02
3.586477528660611536e-02
3.276037722330936430e-02
2.946868498063259442e-02
2.601250846385233864e-02
2.241556684716541209e-02
1.870228150456634125e-02
1.489756313955835527e-02
1.102660486651162002e-02
7.114697623141946585e-03
3.187084316900888961e-03
-7.311361256134793225e-04
-4.615053284902843542e-03
-8.439949102706904155e-03
-1.218128430522030965e-02
-1.581470020576644306e-02
-1.931607174929154611e-02
-2.266164130999740595e-02
-2.582824632163858991e-02
-2.879363012633032876e-02
-3.153680073260779065e-02
-3.403838462815550470e-02
-3.628091968536002049e-02
-3.824904553728891710e-02
-3.992957809713097717e-02
-4.131148708728660246e-02
-4.238581870486003711e-02
-4.314561060304063222e-02
-4.358583296452747669e-02
-4.370336676628895634e-02
-4.349701126607646157e-02
-4.296750545572523838e-02
-4.211755174024910814e-02
-4.095183676245671422e-02
-3.947704691832483459e-02
-3.770187332419897702e-02
-3.563699680923408664e-02
-3.329504305166988004e-02
-3.069050345495054344e-02
-2.783962684419247213e-02
-2.476029561141549623e-02
-2.147190247921402367e-02
-1.799523877530672528e-02
-1.435239485942519343e-02
-1.056666381556972158e-02
-6.662435015689819641e-03
-2.665065162105483866e-03
1.399281495236943083e-03
5.503827203205422305e-03
9.621407324277122738e-03
1.372472180544441825e-02
1.778659678419297618e-02
2.178023547778141361e-02
2.567943566970188468e-02
2.945875706840111324e-02
3.309363677799861264e-02
3.656047147373254341e-02
3.983670198695730968e-02
4.290093904882480436e-02
4.573315164377574765e-02
4.831490629656004510e-02
5.062961283851471345e-02
5.266271918242444727e-02
5.440181410820479901e-02
5.583663496132294790e-02
5.695901523122848253e-02
5.776282482218939723e-02
5.824394652794943200e-02
5.840030448459386514e-02
5.823193054062433816e-02
5.774103620749368448e-02
5.693205603257655428e-02
5.581163932687289303e-02
5.438858327131664006e-02
5.267371409558702783e-02
5.067973040291793435e-02
4.842102400996786682e-02
4.591349141098820946e-02
4.317434567948402746e-02
4.022193531861305293e-02
3.707557319508589938e-02
3.375537530663764996e-02
3.028210655886092242e-02
2.667702989555292836e-02
2.296175639717389430e-02
1.915809691110559321e-02
1.528791952496012449e-02
1.137302055171694401e-02
7.435018532914185706e-03
3.495280052116207965e-03
-4.251174728688451843e-04
-4.305387211840355083e-03
-8.125007878924766364e-03
-1.186368987404231266e-02
-1.550135659171742418e-02
-1.901816686388407146e-02
-2.239460029729758647e-02
-2.561161641100422048e-02
-2.865088260396268446e-02
-3.149504877274098696e-02
-3.412803266689451442e-02
-3.653527429176776919e-02
-3.870392230180907944e-02
-4.062292995108642002e-02
-4.228305906674738324e-02
-4.367681150646768318e-02
-4.479832170072962222e-02
-4.564324629405223238e-02
-4.620867745292660950e-02
-4.649309020866915221e-02
-4.649631920805172985e-02
-4.621955274844645467e-02
-4.566533322369039499e-02
-4.483755913992013009e-02
-4.374148872298325164e-02
-4.238374515559043682e-02
-4.077231934150432613e-02
-3.891656156977959385e-02
-3.682715228676852748e-02
-3.451604563545172116e-02
-3.199638608836061909e-02
-2.928240548598457296e-02
-2.638931220257096505e-02
-2.333318433488075841e-02
-2.013087487380334911e-02
-1.679993069565445529e-02
-1.335852147919447917e-02
-9.825371172453672280e-03
-6.219683782601508060e-03
-2.561056254989370687e-03
1.130626875125440890e-03
4.835319891156183818e-03
8.532962853848248888e-03
1.220364417169033863e-02
1.582776874059873412e-02
1.938621725203891824e-02
2.286048069053623483e-02
2.623275711515985625e-02
2.948600621087605830e-02
3.260396930743162530e-02
3.557117481582890844e-02
3.837295603993882975e-02
4.099550559469712641e-02
4.342597718853338090e-02
4.565262554725595112e-02
4.766495720169855455e-02
4.945385740121641810e-02
5.101166547811995106e-02
5.233218921217613895e-02
5.341066934199506511e-02
5.424371915083177342e-02
5.482926621857692889e-02
5.516651516128200788e-02
5.525593679634936695e-02
5.509927672362125578e-02
5.469956897571737892e-02
5.406113932717435122e-02
5.318958679248122351e-02
5.209173820758949969e-02
5.077557696286909283e-02
4.925015121537062307e-02
4.752546870234615473e-02
4.561238510201964802e-02
4.352249161952705114e-02
4.126800589105621142e-02
3.886166871541105877e-02
3.631664762961756693e-02
3.364644705018308285e-02
3.086482387156379986e-02
2.798570725567587139e-02
2.502312187203762847e-02
2.199111478893118338e-02
1.890368725479098927e-02
1.577473345202286270e-02
1.261798875624766704e-02
9.446989977160672944e-03
6.275049394129156820e-03
3.115243159914688441e-03
-1.958714372252098629e-05
-3.116823122788998923e-03
-6.164053862849042283e-03
-9.149063204667066962e-03
-1.205982828353228953e-02
-1.488453726816415211e-02
-1.761163232618047358e-02
-2.022988037875494971e-02
-2.272846964696241881e-02
-2.509712516493256551e-02
-2.732623236790322069e-02
-2.940695552983827246e-02
-3.133133786599509585e-02
-3.309237266658207610e-02
-3.468403947184389713e-02
-3.610130511460081515e-02
-3.734009518790311344e-02
-3.839724577310495851e-02
-3.927044701266681204e-02
-3.995818896307325868e-02
-4.045971665287053515e-02
-4.077499679306272745e-02
-4.090469470796596896e-02
-4.085015799759887656e-02
-4.061340343262580255e-02
-4.019710495623775304e-02
-3.960458224075336098e-02
-3.883979000636327700e-02
-3.790730791139967915e-02
-3.681232964984278155e-02
-3.556064877760897747e-02
-3.415863843581039283e-02
-3.261322284261652243e-02
-3.093183996305128719e-02
-2.912239659675764161e-02
-2.719321866869380336e-02
-2.515300028102422647e-02
-2.301075489556837425e-02
-2.077577100197360721e-02
-1.845757314201472779e-02
-1.606588771291860007e-02
-1.361061194613728299e-02
-1.110178402300242284e-02
-8.549552352751326606e-03
-5.964142388849411405e-03
-3.355819805450033395e-03
-7.348492871162692203e-04
1.888551336700657404e-03
4.504261290624670885e-03
7.102310290716738576e-03
9.672933238514673168e-03
1.220662336390546110e-02
1.469418051042750348e-02
1.712675135461235940e-02
1.949585921022943535e-02
2.179342268352694664e-02
2.401176454713512681e-02
2.614361432274371275e-02
2.818210957468752012e-02
3.012080124851784085e-02
3.195366724855149693e-02
3.367513596591269892e-02
3.528011829300112950e-02
3.676404375138558195e-02
3.812289466082084688e-02
3.935323237007217617e-02
4.045221137405349138e-02
4.141758000442610776e-02
4.224766932556563853e-02
4.294137398823012070e-02
4.349812960037936077e-02
4.391789066289138177e-02
4.420111168858633505e-02
4.434873234087743921e-02
4.436216583856072981e-02
4.424328880524332208e-02
4.399443034331149138e-02
4.361835832188097617e-02
4.311826149924460894e-02
4.249772691375224010e-02
4.176071276846292368e-02
4.091151763180608802e-02
3.995474710897231607e-02
3.889527923260421155e-02
3.773822971614428090e-02
3.648891800600172208e-02
3.515283480706264674e-02
3.373561149318296537e-02
3.224299155607710660e-02
3.068080403537235337e-02
2.905493871419701640e-02
2.737132280139087034e-02
2.563589885022515835e-02
2.385460377209568106e-02
2.203334895150193054e-02
2.017800161672354819e-02
1.829436773451403181e-02
1.638817675586404232e-02
1.446506853573035524e-02
1.253058268466285437e-02
1.059015049804285478e-02
8.649089457799147979e-03
6.712600125449412133e-03
4.785765070229148002e-03
2.873549305256638091e-03
9.808015578211027891e-04
-8.877443992940748990e-04
-2.727469191902276782e-03
-4.533868880412799882e-03
-6.302558327545699536e-03
-8.029277478365780610e-03
-9.709900897301690023e-03
-1.134045062353925687e-02
-1.291711207557284628e-02
-1.443625241005849075e-02
-1.589444043560077000e-02
-1.728846695994431040e-02
-1.861536431245718395e-02
-1.987242378493840264e-02
-2.105720985363675191e-02
-2.216757029717358538e-02
-2.320164167456154405e-02
-2.415785003266134739e-02
-2.503490713045471855e-02
-2.583180283392665783e-02
-2.654779460154434861e-02
-2.718239510925257035e-02
-2.773535904587351442e-02
-2.820666995947268205e-02
-2.859652779269531223e-02
-2.890533747305865445e-02
-2.913369866623163884e-02
-2.928239661180412345e-02
-2.935239385327912537e-02
-2.934482264055434525e-02
-2.926097781174848145e-02
-2.910231000167618626e-02
-2.887041906483418796e-02
-2.856704761070370802e-02
-2.819407453961725318e-02
-2.775350843957369307e-02
-2.724748068578926319e-02
-2.667823808455719453e-02
-2.604813494038405244e-02
-2.535962448496204696e-02
-2.461524969672284832e-02
-2.381763362525725000e-02
-2.296946941329487679e-02
-2.207351025901599373e-02
-2.113255957304580740e-02
-2.014946155788951976e-02
-1.912709237921408206e-02
-1.806835201903735783e-02
-1.697615681802036591e-02
-1.585343264370307065e-02
-1.470310857036309649e-02
-1.352811093764143963e-02
-1.233135765855951187e-02
-1.111575266824196828e-02
-9.884180439125103690e-03
-8.639500517141610395e-03
-7.384542061967566511e-03
-6.122098388976905670e-03
-4.854921521334955130e-03
-3.585716766622766213e-03
-2.317137332802025017e-03
-1.051779006404716466e-03
2.078250762546789729e-04
1.459209520842281787e-03
2.699981569619909136e-03
3.927825727381489482e-03
5.140508032745127152e-03
6.335879892794891825e-03
7.511881400290213069e-03
8.666544077809534841e-03
9.797993016725688176e-03
1.090444841787176558e-02
1.198422657907958003e-02
1.303574041102662819e-02
1.405749959254145275e-02
1.504811049171491354e-02
1.600627598117462455e-02
1.693079525628772564e-02
1.782056373573678854e-02
1.867457307924306684e-02
1.949191130965583635e-02
2.027176298215341288e-02
2.101340930932860118e-02
2.171622812628910826e-02
2.237969358153462859e-02
2.300337545141513049e-02
2.358693800371298652e-02
2.413013837522692481e-02
2.463282446629480940e-02
2.509493239302179601e-02
2.551648356468207146e-02
2.589758147289516338e-02
2.623840828220238425e-02
2.653922130913412974e-02
2.680034946132043780e-02
2.702218969129245585e-02
2.720520349818572603e-02
2.734991349413144063e-02
2.745690003187895717e-02
2.752679788297399815e-02
2.756029294591540516e-02
2.755811896358475663e-02
2.752105423143465929e-02
2.744991828207427043e-02
2.734556854296629064e-02
2.720889696752754744e-02
2.704082665266760444e-02
2.684230846020698585e-02
2.661431766389051740e-02
2.635785064870045311e-02
2.607392168797632165e-02
2.576355982200276978e-02
2.542780586151966588e-02
2.506770953012005254e-02
2.468432676131318559e-02
2.427871715530261626e-02
2.385194159891606408e-02
2.340506004664975534e-02
2.293912945780344700e-02
2.245520188009603527e-02
2.195432267077468760e-02
2.143752884235823955e-02
2.090584752319963116e-02
2.036029452033621956e-02
1.980187297772130484e-02
1.923157212151074477e-02
1.865036608729360446e-02
1.805921282834057132e-02
1.745905310060408278e-02
1.685080952961512391e-02
1.623538575609670409e-02
1.561366566538393424e-02
1.498651270047668405e-02
1.435476926096234361e-02
1.371925618700239012e-02
1.308077232846495234e-02
1.244009419682257089e-02
1.179797569705156278e-02
1.115514793492663331e-02
1.051231909525508074e-02
9.870174384916562821e-03
9.229376034776266141e-03
8.590563353212239683e-03
7.954352826001473420e-03
7.321338254252725795e-03
6.692090925001001507e-03
6.067159808308996913e-03
5.447071774706953480e-03
4.832331828321187288e-03
4.223423350976846999e-03
3.620808352585808739e-03
3.024927725369545850e-03
2.436201498041511929e-03
1.855029088658526927e-03
1.281789553148127538e-03
7.168418299367119821e-04
1.605249788339921011e-04
-3.868415857417611568e-04
-9.249578657069871222e-04
-1.453543055027373566e-03
-1.972335318273272294e-03
-2.481091569928458532e-03
-2.979587253921053575e-03
-3.467616120129583118e-03
-3.944989996232181259e-03
-4.411538552170293434e-03
-4.867109055522843807e-03
-5.311566114686782844e-03
-5.744791408106484330e-03
-6.166683397674952057e-03
-6.577157023412517727e-03
-6.976143379436718778e-03
-7.363589368580432913e-03
-7.739457335214357074e-03
-8.103724676339692234e-03
-8.456383429715148489e-03
-8.797439840652716489e-03
-9.126913907342527887e-03
-9.444838906447920734e-03
-9.751260899930436904e-03
-1.004623822615279688e-02
-1.032984097647174707e-02
-1.060215046000170802e-02
-1.086325865968953627e-02
-1.111326768220637431e-02
-1.135228920398508728e-02
-1.158044391699326013e-02
-1.179786097603096988e-02
-1.200467745110117557e-02
-1.220103778634149504e-02
-1.238709326797204219e-02
-1.256300150307693153e-02
-1.272892591114538688e-02
-1.288503522928203041e-02
-1.303150303241880359e-02
-1.316850726957877367e-02
-1.329622981632828244e-02
-1.341485604445916656e-02
-1.352457440858027479e-02
-1.362557604998547965e-02
-1.371805441752314836e-02
-1.380220490545105289e-02
-1.387822450811534297e-02
-1.394631149047254916e-02
-1.400666507465634508e-02
-1.405948514188081963e-02
-1.410497194908238994e-02
-1.414332586004643511e-02
-1.417474709003069093e-02
-1.419943546399919827e-02
-1.421759018731811805e-02
-1.422940962906072034e-02
-1.423509111684238305e-02
-1.423483074314506325e-02
-1.422882318268067596e-02
-1.421726152024027287e-02
-1.420033708887654886e-02
-1.417823931799608479e-02
-1.415115559073729795e-02
-1.411927111131992124e-02
-1.408276878094085090e-02
-1.404182908275029319e-02
-1.399662997530433731e-02
-1.394734679454256825e-02
-1.389415216380762708e-02
-1.383721591208050480e-02
-1.377670499955199052e-02
-1.371278345126048306e-02
-1.364561229734731311e-02
-1.357534952117436453e-02
-1.350215001356638855e-02
-1.342616553418266023e-02
-1.334754467892807980e-02
-1.326643285357812820e-02
-1.318297225314339453e-02
-1.309730184695918377e-02
-1.300955736871804540e-02
-1.291987131190668915e-02
-1.282837292977105290e-02
-1.273518823981646154e-02
-1.264044003236220598e-02
-1.254424788331045051e-02
-1.244672817054841979e-02
-1.234799409363657695e-02
-1.224815569683240443e-02
-1.214731989525801720e-02
-1.204559050353281452e-02
-1.194306826732614499e-02
-1.183985089718725577e-02
-1.173603310443403942e-02
-1.163170663923769263e-02
-1.152696033059488062e-02
-1.142188012785374032e-02
-1.131654914387254796e-02
-1.121104769974719945e-02
-1.110545337068492323e-02
-1.099984103301629261e-02
-1.089428291242680938e-02
-1.078884863286830482e-02
-1.068360526658587197e-02
-1.057861738478115855e-02
-1.047394710875286690e-02
-1.036965416178256549e-02
-1.026579592133639030e-02
-1.016242747173346471e-02
-1.005960165704382347e-02
-9.957369134074304379e-03
-9.855778425718634758e-03
-9.754875974094998764e-03
-9.654706193935895867e-03
-9.555311525553009458e-03
-9.456732487962365638e-03
-9.359007731506855873e-03
-9.262174090463834095e-03
-9.166266635027673845e-03
-9.071318723179185028e-03
-8.977362051836771870e-03
-8.884426707706434209e-03
-8.792541217373085749e-03
-8.701732597046579060e-03
-8.612026401488153543e-03
-8.523446772297535445e-03
-8.436016485499426426e-03
-8.349756998425106325e-03
-8.264688495679734306e-03
-8.180829934549188609e-03
-8.098199089286516050e-03
-8.016812594732247721e-03
-7.936685989010400233e-03
-7.857833755413547519e-03
-7.780269363210829715e-03
-7.704005307631510424e-03
-7.629053149064172687e-03
-7.555423551013764477e-03
-7.483126317324530902e-03
-7.412170428474890160e-03
-7.342564076736541809e-03
-7.274314700502881870e-03
-7.207429017706970011e-03
-7.141913058110285414e-03
-7.077772194841944198e-03
-7.015011174703319335e-03
-6.953634147750527295e-03
-6.893644695850516951e-03
-6.835045860252288337e-03
-6.777840168213307252e-03
-6.722029658644836612e-03
-6.667615906919252371e-03
-6.614600048607201591e-03
-6.562982802370051667e-03
-6.512764491855581317e-03
-6.463945066637862349e-03
-6.416524122301405821e-03
-6.370500919572768053e-03
-6.325874402451484892e-03
-6.282643215451073730e-03
-6.240805719981361299e-03
-6.200360009664664281e-03
-6.161303924871992278e-03
-6.123635066205651740e-03
-6.087350807107629047e-03
-6.052448305554903631e-03
-6.018924514758312513e-03
0.000000000000000000e+00
