2.599889256718332931e-01
5.834506464780857618e-03
4.857024879086704189e-03
4.137660819442139613e-03
3.575092385867788009e-03
3.112257402048599058e-03
2.715936247268300411e-03
2.366044658772881171e-03
2.049937769454498321e-03
1.759319040830422450e-03
1.488522073287219978e-03
1.233529278579912529e-03
9.913946337954712262e-04
7.598934101086461364e-04
5.373027480492912657e-04
3.222597573336171296e-04
1.136668669461486647e-04
-8.937319082906892281e-05
-2.876032753785780043e-04
-4.816450497842513206e-04
-6.720235555112135262e-04
-8.591857580995162624e-04
-1.043514787268562567e-03
-1.225341038348968332e-03
-1.404950942500778240e-03
-1.582593976610881985e-03
-1.758488324339825722e-03
-1.932825489936032060e-03
-2.105774089783479189e-03
-2.277482991174029948e-03
-2.448083928794394896e-03
-2.617693699071656829e-03
-2.786416011171118610e-03
-2.954343056907871544e-03
-3.121556848486866861e-03
-3.288130364075197293e-03
-3.454128532749783410e-03
-3.619609084936276956e-03
-3.784623289445652322e-03
-3.949216594415876080e-03
-4.113429186575980404e-03
-4.277296480689194921e-03
-4.440849548947401609e-03
-4.604115498901563061e-03
-4.767117806400284624e-03
-4.929876609843101068e-03
-5.092408970396261267e-03
-5.254729102426541724e-03
-5.416848577741099902e-03
-5.578776506621526549e-03
-5.740519698268715769e-03
-5.902082802747784379e-03
-6.063468436440727985e-03
-6.224677292661216083e-03
-6.385708238518015591e-03
-6.546558399576424964e-03
-6.707223233106284280e-03
-6.867696590693020929e-03
-7.027970771334436997e-03
-7.188036565077557741e-03
-7.347883288155447785e-03
-7.507498809962951346e-03
-7.666869572087208970e-03
-7.825980599853024633e-03
-7.984815506568597107e-03
-8.143356490666569039e-03
-8.301584325941451653e-03
-8.459478344946133599e-03
-8.617016415733803197e-03
-8.774174911867785309e-03
-8.930928675951273557e-03
-9.087250976601301405e-03
-9.243113458800560761e-03
-9.398486088005687106e-03
-9.553337087573271838e-03
-9.707632869900482270e-03
-9.861337961210664416e-03
-1.001441492001594463e-02
-1.016682424931587836e-02
-1.031852430275656714e-02
-1.046947118489264389e-02
-1.061961864535215794e-02
-1.076891796788210023e-02
-1.091731785374562558e-02
-1.106476430028353192e-02
-1.121120047488842301e-02
-1.135656658485533974e-02
-1.150079974362179340e-02
-1.164383383408136921e-02
-1.178559936949565012e-02
-1.192602335310343625e-02
-1.206502913698726843e-02
-1.220253628146710130e-02
-1.233846041586847062e-02
-1.247271310214934092e-02
-1.260520170259221348e-02
-1.273582925284775375e-02
-1.286449434219728329e-02
-1.299109100253232479e-02
-1.311550860772404958e-02
-1.323763178558697712e-02
-1.335734034411080635e-02
-1.347450921413406721e-02
-1.358900841066135873e-02
-1.370070301502485446e-02
-1.380945317997525623e-02
-1.391511416020668919e-02
-1.401753637040553495e-02
-1.411656547307578620e-02
-1.421204249861946628e-02
-1.430380399930053677e-02
-1.439168223949254324e-02
-1.447550542395234160e-02
-1.455509796581995474e-02
-1.463028079559374611e-02
-1.470087171276507343e-02
-1.476668578057912032e-02
-1.482753576472680898e-02
-1.488323261636922273e-02
-1.493358599891540794e-02
-1.497840485861754584e-02
-1.501749803737114156e-02
-1.505067492661875048e-02
-1.507774616034364412e-02
-1.509852434455460045e-02
-1.511282482037517097e-02
-1.512046645737510041e-02
-1.512127247285198137e-02
-1.511507127299452358e-02
-1.510169731054060611e-02
-1.508099195413173388e-02
-1.505280436281985698e-02
-1.501699236046721668e-02
-1.497342330296560012e-02
-1.492197493196642868e-02
-1.486253620816856136e-02
-1.479500811742079716e-02
-1.471930444253875120e-02
-1.463535249425456861e-02
-1.454309379438830166e-02
-1.444248470515828962e-02
-1.433349699827355175e-02
-1.421611835840436502e-02
-1.409035281604332709e-02
-1.395622110492837978e-02
-1.381376094063815202e-02
-1.366302721701317599e-02
-1.350409211835607720e-02
-1.333704514583970886e-02
-1.316199305766594004e-02
-1.297905972360781542e-02
-1.278838589452820605e-02
-1.259012888983794022e-02
-1.238446220558830739e-02
-1.217157504688344549e-02
-1.195167178972759807e-02
-1.172497137724626791e-02
-1.149170665683913080e-02
-1.125212366399521227e-02
-1.100648086109512654e-02
-1.075504833696359040e-02
-1.049810697640480434e-02
-1.023594760613599428e-02
-9.968870125751271710e-03
-9.697182630963712205e-03
-9.421200536456848795e-03
-9.141245705940241259e-03
-8.857645595526111859e-03
-8.570732417036423800e-03
-8.280842326718940161e-03
-7.988314644421229752e-03
-7.693491107555136023e-03
-7.396715163477192607e-03
-7.098331303131091667e-03
-6.798684438227132684e-03
-6.498119323357112037e-03
-6.196980023606179014e-03
-5.895609428298339942e-03
-5.594348809410495081e-03
-5.293537424665866777e-03
-4.993512162397736182e-03
-4.694607227317423512e-03
-4.397153863867670973e-03
-4.101480114524155146e-03
-3.807910609963668404e-03
-3.516766388370433632e-03
-3.228364739082646706e-03
-2.943019068716819838e-03
-2.661038784908269141e-03
-2.382729194958453124e-03
-2.108391415422428486e-03
-1.838322289453126705e-03
-1.572814308971315616e-03
-1.312155537699128023e-03
-1.056629533017832898e-03
-8.065152636925162263e-04
-5.620870202668968446e-04
-3.236143171122781229e-04
-9.136178253312150777e-05
1.344109636203304030e-04
3.534494471481330110e-04
5.655044929975543318e-04
7.703323956038260478e-04
9.676951076017376030e-04
1.157360447310873961e-03
1.339102325578728041e-03
1.512700992036695915e-03
1.677943301073403070e-03
1.834622997151319577e-03
1.982541019236084938e-03
2.121505823363149454e-03
2.251333723409759506e-03
2.371849248133026371e-03
2.482885514143371754e-03
2.584284613067996169e-03
2.675898012141169052e-03
2.757586965698478887e-03
2.829222937136418540e-03
2.890688028662365648e-03
2.941875417653387614e-03
2.982689797335424421e-03
3.013047820335072475e-03
3.032878542441246137e-03
3.042123865665565148e-03
3.040738977381225294e-03
3.028692784526636726e-03
3.005968340667240866e-03
2.972563263364668296e-03
2.928490141191268485e-03
2.873776927125835066e-03
2.808467317600122672e-03
2.732621115009936652e-03
2.646314571811902387e-03
2.549640715194022647e-03
2.442709650016128102e-03
2.325648839101351808e-03
2.198603359616939021e-03
2.061736133197353098e-03
1.915228129991503828e-03
1.759278544491767616e-03
1.594104942041823722e-03
1.419943375938622580e-03
1.237048472596414400e-03
1.045693485670503263e-03
8.461703169696573740e-04
6.387895037245723204e-04
4.238801721962392154e-04
2.017899557980678237e-04
-2.711512185248499823e-05
-2.624508000553414308e-04
-5.038147706263066891e-04
-7.507869044702736652e-04
-1.002929515786872474e-03
-1.259787663652213972e-03
-1.520889492030318060e-03
-1.785746608269187137e-03
-2.053854500003134739e-03
-2.324692991039153684e-03
-2.597726736468118549e-03
-2.872405756723902040e-03
-3.148166011077862571e-03
-3.424430010085155376e-03
-3.700607467633175961e-03
-3.976095991710115740e-03
-4.250281814530921728e-03
-4.522540560942532248e-03
-4.792238055322535495e-03
-5.058731166875236190e-03
-5.321368691758765652e-03
-5.579492272668516370e-03
-5.832437354514391145e-03
-6.079534175930686839e-03
-6.320108794817241166e-03
-6.553484148514522774e-03
-6.778981145821262946e-03
-6.995919791211965486e-03
-7.203620338504411122e-03
-7.401404474157338709e-03
-7.588596527030292208e-03
-7.764524704267417900e-03
-7.928522350674734390e-03
-8.079929230156400466e-03
-8.218092826894247277e-03
-8.342369664156940035e-03
-8.452126638577991610e-03
-8.546742367394527529e-03
-8.625608545903705807e-03
-8.688131312670654971e-03
-8.733732619682301260e-03
-8.761851604601666663e-03
-8.771945961561049276e-03
-8.763493308030965989e-03
-8.735992544412997038e-03
-8.688965202090701695e-03
-8.621956777964033536e-03
-8.534538050805706363e-03
-8.426306375896813403e-03
-8.296886955094315980e-03
-8.145934077412490121e-03
-7.973132327084402060e-03
-7.778197755021717605e-03
-7.560879009570614651e-03
-7.320958422784131295e-03
-7.058253048302033823e-03
-6.772615646523521410e-03
-6.463935613576798390e-03
-6.132139849754478581e-03
-5.777193563392271983e-03
-5.399101006760822705e-03
-4.997906139614723305e-03
-4.573693216861607867e-03
-4.126587296327959703e-03
-3.656754663796920116e-03
-3.164403170505417171e-03
-2.649782480963933876e-03
-2.113184226921189894e-03
-1.554942065002298379e-03
-9.754316342560145903e-04
-3.750704120545592275e-04
2.456825356740252077e-04
8.863269112354766124e-04
1.546321651430964967e-03
2.225085505417293431e-03
2.921997725449185929e-03
3.636398872510931447e-03
4.367591736992306253e-03
5.114842376171134693e-03
5.877381268665929012e-03
6.654404585908955082e-03
7.445075580174124671e-03
8.248526090065228661e-03
9.063858160449266010e-03
9.890145777645183850e-03
1.072643671692336161e-02
1.157175450082696330e-02
1.242510046586589416e-02
1.328545593483873230e-02
1.415178449132926258e-02
1.502303435293382734e-02
1.589814083913545020e-02
1.677602892930512429e-02
1.765561590604367709e-02
1.853581407816784488e-02
1.941553357834002735e-02
2.029368522805756470e-02
2.116918346490095221e-02
2.204094932353087982e-02
2.290791346413750817e-02
2.376901924034864610e-02
2.462322579785185955e-02
2.546951119642937300e-02
2.630687554529352254e-02
2.713434414373408488e-02
2.795097061636385091e-02
2.875584003481098522e-02
2.954807201413743589e-02
3.032682377523397005e-02
3.109129316185284611e-02
3.184072160182695871e-02
3.257439700213639322e-02
3.329165656660221240e-02
3.399188952499809790e-02
3.467453976331245913e-02
3.533910834358808956e-02
3.598515590246890300e-02
3.661230491803958709e-02
3.722024183294063426e-02
3.780871902517768390e-02
3.837755661400363283e-02
3.892664409218077326e-02
3.945594177413191961e-02
3.996548205077171678e-02
4.045537044127857362e-02
4.092578643357847046e-02
4.137698410515107394e-02
4.180929251621291753e-02
4.222311586807285522e-02
4.261893342058997725e-02
4.299729916179399758e-02
4.335884122537021074e-02
4.370426105103145109e-02
4.403433228409497913e-02
4.434989941139717839e-02
4.465187613128771688e-02
4.494124345723025243e-02
4.521904755343624654e-02
4.548639730460920377e-02
4.574446162101390712e-02
4.599446648096576495e-02
4.623769171564261204e-02
4.647546753980946049e-02
4.670917083550228666e-02
4.694022119439256180e-02
4.717007672835879517e-02
4.740022965594340582e-02
4.763220167561876134e-02
4.786753913777114233e-02
4.810780802675791723e-02
4.835458876698187775e-02
4.860947086831753083e-02
4.887404742495606025e-02
4.914990948561093198e-02
4.943864031223598604e-02
4.974180954541911059e-02
5.006096729662855987e-02
5.039763818654564853e-02
5.075331535185233223e-02
5.112945444073470347e-02
5.152746762109073481e-02
5.194871762318824249e-02
5.239451184133526312e-02
5.286609651778950703e-02
5.336465103390528042e-02
5.389128233325109901e-02
5.444701950018163150e-02
5.503280852118555555e-02
5.564950725153324645e-02
5.629788061360602169e-02
5.697859605083305246e-02
5.769221926128607902e-02
5.843921023542683613e-02
5.921991962048726854e-02
6.003458543455582330e-02
6.088333015182557928e-02
6.176615817988874435e-02
6.268295374939575337e-02
6.363347923359349845e-02
6.461737391705441036e-02
6.563415322708264499e-02
6.668320844519377844e-02
6.776380690945671414e-02
6.887509271978239922e-02
7.001608795619695957e-02
7.118569441603024572e-02
7.238269587808340844e-02
7.360576089416483170e-02
7.485344611209414356e-02
7.612420012797094238e-02
7.741636786355632349e-02
7.872819546608268715e-02
8.005783571826874390e-02
8.140335395269421292e-02
8.276273445319427824e-02
8.413388733165001743e-02
8.551465585880400899e-02
8.690282423148688873e-02
8.829612575126180585e-02
8.969225138967659716e-02
9.108885871305341664e-02
9.248358113439748840e-02
9.387403746267390658e-02
9.525784171192053229e-02
9.663261313546003817e-02
9.799598644422108373e-02
9.934562217037973264e-02
1.006792171313155848e-01
1.019945149518905747e-01
1.032893165974981542e-01
1.045614908715816749e-01
1.058089848296334262e-01
1.070298340598312969e-01
1.082221727813621054e-01
1.093842437093093395e-01
1.105144076365173200e-01
1.116111526802508608e-01
1.126731031457670340e-01
1.136990279536514437e-01
1.146878485852117491e-01
1.156386464942431580e-01
1.165506699412219294e-01
1.174233402023490275e-01
1.182562571106594573e-01
1.190492038870237246e-01
1.198021512223527846e-01
1.205152605732089377e-01
1.211888866373915657e-01
1.218235789780000022e-01
1.224200827689323201e-01
1.229793386367054042e-01
1.235024815787738595e-01
1.239908389411660261e-01
1.244459274438808327e-01
1.248694492447922633e-01
1.252632870391335584e-01
1.256294981958868129e-01
1.259703079352314514e-01
1.262881015596764578e-01
1.265854157525959922e-01
1.268649289658308477e-01
1.271294509215261659e-01
1.273819112583236546e-01
1.276253473588958576e-01
1.278628913979701076e-01
1.280977566578165860e-01
1.283332231607484109e-01
1.285726226750502077e-01
1.288193231528015070e-01
1.290767126655787966e-01
1.293481829054174970e-01
1.296371123245061430e-01
1.299468489886882461e-01
1.302806932272683182e-01
1.306418801581075151e-01
1.310335621783470239e-01
1.314587915050915157e-01
1.319205028586107886e-01
1.324214963796293276e-01
1.329644208728955890e-01
1.335517574718111666e-01
1.341858038184292889e-01
1.348686588511284201e-01
1.356022082955395391e-01
1.363881109478739528e-01
1.372277858437025988e-01
1.381224003973405834e-01
1.390728595983878879e-01
1.400797963467566576e-01
1.411435630038300748e-01
1.422642242321370820e-01
1.434415511936721344e-01
1.446750171677321783e-01
1.459637946459414193e-01
1.473067539551566885e-01
1.487024634510001886e-01
1.501491913183772564e-01
1.516449090075066009e-01
1.531872963248616382e-01
1.547737481920986036e-01
1.564013830742995159e-01
1.580670530724388456e-01
1.597673556638937176e-01
1.614986470668672291e-01
1.632570571927959846e-01
1.650385061442291024e-01
1.668387222024882155e-01
1.686532612422700361e-01
1.704775275000180446e-01
1.723067956126282385e-01
1.741362338342292149e-01
1.759609283313684491e-01
1.777759084443427673e-01
1.795761727987347789e-01
1.813567161398238203e-01
1.831125567567441770e-01
1.848387643561749671e-01
1.865304882392286590e-01
1.881829856299933046e-01
1.897916499978208882e-01
1.913520392143834292e-01
1.928599033813140073e-01
1.943112121610696408e-01
1.957021814460548903e-01
1.970292991971114571e-01
1.982893502834943977e-01
1.994794401612125512e-01
2.005970172249585404e-01
2.016398936756800264e-01
2.026062647486418511e-01
2.034947261546647401e-01
2.043042895913129708e-01
2.050343961908634438e-01
2.056849277801188480e-01
2.062562158354376840e-01
2.067490480295532951e-01
2.071646722758889447e-01
2.075047981903732353e-01
2.077715959019981740e-01
2.079676921597871098e-01
2.080961636951002003e-01
2.081605278176641982e-01
2.081647302342050643e-01
2.081131300998764477e-01
2.080104823258690783e-01
2.078619171835308366e-01
2.076729172653685174e-01
2.074492918758005511e-01
2.071971489461602589e-01
2.069228645821374335e-01
2.066330503712209832e-01
2.063345185925684333e-01
2.060342454877601981e-01
2.057393327699688079e-01
2.054569675583828303e-01
2.051943809442552391e-01
2.049588054056674657e-01
2.047574313014973724e-01
2.045973626856568972e-01
2.044855726948257568e-01
2.044288587689559178e-01
2.044337979746447265e-01
2.045067027049732866e-01
2.046535770351216865e-01
2.048800740164081202e-01
2.051914541922048585e-01
2.055925456175153598e-01
2.060877056646892025e-01
2.066807848906061784e-01
2.073750932365412969e-01
2.081733688232186852e-01
2.090777495953793363e-01
2.100897480566050191e-01
2.112102293234028316e-01
2.124393927125704518e-01
2.137767570574673759e-01
2.152211499334118483e-01
2.167707009475045021e-01
2.184228392333933677e-01
2.201742952608241877e-01
2.220211070529928554e-01
2.239586308720143415e-01
2.259815564141777200e-01
2.280839265206197619e-01
2.302591613877692789e-01
2.325000872295290566e-01
2.347989693128645361e-01
2.371475492628926929e-01
2.395370864970290947e-01
2.419584036250579939e-01
2.444019356155818501e-01
2.468577825046374685e-01
2.493157653913950500e-01
2.517654854385535934e-01
2.541963855668645245e-01
2.565978145112209896e-01
2.589590928762674493e-01
2.612695808136188402e-01
2.635187469160490403e-01
2.656962379102670857e-01
2.677919487135135279e-01
2.697960924016408746e-01
2.716992696343903391e-01
2.734925370645289178e-01
2.751674742639670379e-01
2.767162486907633334e-01
2.781316782258725362e-01
2.794072908139884071e-01
2.805373807488817373e-01
2.815170611590325778e-01
2.823423122615341674e-01
2.830100249729483042e-01
2.835180394862856224e-01
2.838651784501245445e-01
2.840512744107897003e-01
2.840771912142165401e-01
2.839448390903474007e-01
2.836571831854715064e-01
2.832182453423626733e-01
2.826330989662685922e-01
2.819078568605243307e-01
2.810496519549245953e-01
2.800666108964670054e-01
2.789678205173868331e-01
2.777632872410605303e-01
2.764638895353502268e-01
2.750813235708363669e-01
2.736280422865716155e-01
2.721171881201459586e-01
2.705625197000930404e-01
2.689783328514828153e-01
2.673793763085483555e-01
2.657807625746344549e-01
2.641978744130225598e-01
2.626462674932754093e-01
2.611415697571417005e-01
2.596993781038742788e-01
2.583351530285543096e-01
2.570641118768463573e-01
2.559011214049358163e-01
2.548605903562196628e-01
2.539563627830153658e-01
2.532016128552009304e-01
2.526087419036209258e-01
2.521892784513879993e-01
2.519537819804478218e-01
2.519117511750375571e-01
2.520715373691305716e-01
2.524402639054141306e-01
2.530237520911931548e-01
2.538264544034266046e-01
2.548513955638603279e-01
2.561001220601280548e-01
2.575726606503634386e-01
2.592674863305787225e-01
2.611815001975459349e-01
2.633100175805152543e-01
2.656467667510570840e-01
2.681838984637179846e-01
2.709120065078601258e-01
2.738201593876715689e-01
2.768959431711542352e-01
2.801255154816004733e-01
2.834936705227287246e-01
2.869839149543590984e-01
2.905785543561478779e-01
2.942587899331752244e-01
2.980048250394996545e-01
3.017959810132336274e-01
3.056108217375491654e-01
3.094272862651852862e-01
3.132228287659669652e-01
3.169745649880548743e-01
3.206594243525839327e-01
3.242543067377929300e-01
3.277362429531937016e-01
3.310825578455842133e-01
3.342710349400700998e-01
3.372800814729110530e-01
3.400888926441755222e-01
3.426776138917143610e-01
3.450274999727553915e-01
3.471210696277016727e-01
3.489422546085590437e-01
3.504765418604435800e-01
3.517111076750266685e-01
3.526349426694418421e-01
3.532389664957225062e-01
3.535161312487223872e-01
3.534615126152680364e-01
3.530723878863836762e-01
3.523483000443300983e-01
3.512911072239611743e-01
3.499050169368523311e-01
3.481966045407304255e-01
3.461748155234972701e-01
3.438509512690203218e-01
3.412386380649731210e-01
3.383537792172582881e-01
3.352144902402012239e-01
3.318410171983657841e-01
3.282556383943779910e-01
3.244825497041297080e-01
3.205477339883805454e-01
3.164788151255209514e-01
3.123048973381149507e-01
3.080563906074045288e-01
3.037648230896088375e-01
2.994626415575967204e-01
2.951830009932276400e-01
2.909595445459476903e-01
2.868261751647218083e-01
2.828168203018272542e-01
2.789651911785567817e-01
2.753045382069537195e-01
2.718674042491923126e-01
2.686853774785568638e-01
2.657888456586460779e-01
2.632067536813049724e-01
2.609663662047990162e-01
2.590930372079674471e-01
2.576099882515966999e-01
2.565380972107197954e-01
2.558956992252946483e-01
2.556984015983252978e-01
2.559589143403392386e-01
2.566868979871803069e-01
2.578888302004644362e-01
2.595678924859098902e-01
2.617238781597324704e-01
2.643531224874947627e-01
2.674484557546547570e-01
2.709991799265933365e-01
2.749910695146263184e-01
2.794063972577865984e-01
2.842239851977092502e-01
2.894192816273394309e-01
2.949644641957770430e-01
3.008285691763328829e-01
3.069776465864263448e-01
3.133749405645702701e-01
3.199810941840725009e-01
3.267543777407986294e-01
3.336509394411640850e-01
3.406250772943997807e-01
3.476295308386633809e-01
3.546157911135808249e-01
3.615344270671840832e-01
3.683354263978878551e-01
3.749685486912239796e-01
3.813836885842356028e-01
3.875312465158563535e-01
3.933625044055377717e-01
3.988300033586045790e-01
4.038879203426731790e-01
4.084924407413741965e-01
4.126021237844911815e-01
4.161782579481400068e-01
4.191852034315048936e-01
4.215907186756335800e-01
4.233662677018930065e-01
4.244873049860070635e-01
4.249335348259103418e-01
4.246891427379330120e-01
4.237429971803496898e-01
4.220888205730640719e-01
4.197253289332605330e-01
4.166563393948659044e-01
4.128908445460216514e-01
4.084430521105384404e-01
4.033323882905114344e-01
3.975834632343466790e-01
3.912259976791309657e-01
3.842947106806344770e-01
3.768291691686994627e-01
3.688736005065117451e-01
3.604766691037050719e-01
3.516912176516842625e-01
3.425739731620936479e-01
3.331852181723374828e-01
3.235884283575536369e-01
3.138498789977990366e-01
3.040382235853436588e-01
2.942240477382916386e-01
2.844794004792610687e-01
2.748773035903648299e-01
2.654912392522354447e-01
2.563946172280264779e-01
2.476602252042124919e-01
2.393596684408107189e-01
2.315628064179131307e-01
2.243371941265962233e-01
2.177475342853165685e-01
2.118551446869311183e-01
2.067174427389552038e-01
2.023874475410536167e-01
1.989132991343159351e-01
1.963377955284652532e-01
1.946979510392253809e-01
1.940245835612826042e-01
1.943419416073707828e-01
1.956673819468900954e-01
1.980111046847576883e-01
2.013759463509576242e-01
2.057572262426819731e-01
2.111426392979127709e-01
2.175121903800286971e-01
2.248381687769618609e-01
2.330851665956408247e-01
2.422101492621672181e-01
2.521625886426412944e-01
2.628846675150362522e-01
2.743115580619138738e-01
2.863717691797066922e-01
2.989875517233929747e-01
3.120753505197337296e-01
3.255462971871389000e-01
3.393067448334342040e-01
3.532588494491429865e-01
3.673012008732419176e-01
3.813295012356215374e-01
3.952372860483502892e-01
4.089166853436899673e-01
4.222592268840934526e-01
4.351566846061532545e-01
4.475019689061040529e-01
4.591900426939954372e-01
4.701188355647419881e-01
4.801901263045222912e-01
4.893103747717603702e-01
4.973915035554513087e-01
5.043516463201986877e-01
5.101158807888833691e-01
5.146169458278975206e-01
5.177959162430603168e-01
5.196027982174241666e-01
5.199970256258361623e-01
5.189478699483024426e-01
5.164347955894220688e-01
5.124477825755242577e-01
5.069876128194196196e-01
5.000660990668404082e-01
4.917062359241604064e-01
4.819422585311852192e-01
4.708195963908339277e-01
4.583947140473129678e-01
4.447348465350021707e-01
4.299176572244339245e-01
4.140308465150754347e-01
3.971717146486748451e-01
3.794466524332400503e-01
3.609705278328862454e-01
3.418659588555092443e-01
3.222624938376427162e-01
3.022957361514302388e-01
2.821064435653836688e-01
2.618396114207449665e-01
2.416435292905151910e-01
2.216687927071000486e-01
2.020672506562975757e-01
1.829908672444000572e-01
1.645904793554839873e-01
1.470144624289584645e-01
1.304073744125866796e-01
1.149086889316111582e-01
1.006516981515487158e-01
8.776256742959040458e-02
7.635943287634799903e-02
6.655142418248469194e-02
5.843756938560021319e-02
5.210563401461906774e-02
4.763100729000140782e-02
4.507575507827692868e-02
4.448791883293352900e-02
4.590106671256649618e-02
4.933402786259705186e-02
5.479070505331634644e-02
6.225988904250706613e-02
7.171507108045516166e-02
8.311431043370207106e-02
9.640021430714648676e-02
1.115000427471075639e-01
1.283259223822743045e-01
1.467751738745723677e-01
1.667307973563721124e-01
1.880621619655709620e-01
2.106258910395242268e-01
2.342668646750344086e-01
2.588192427343571356e-01
2.841074707015352474e-01
3.099473229744550973e-01
3.361470850073130512e-01
3.625089363126416386e-01
3.888305035356749428e-01
4.149064865755440756e-01
4.405302775370531498e-01
4.654955693774175396e-01
4.895980077232743310e-01
5.126369251137438132e-01
5.344171473315653120e-01
5.547508405153558364e-01
5.734593680792088310e-01
5.903750841251397263e-01
6.053429163827168669e-01
6.182216072212052271e-01
6.288846436546293717e-01
6.372210759633774035e-01
6.431364068687928093e-01
6.465535347849786785e-01
6.474135680924802960e-01
6.456763662865177000e-01
6.413208484020339606e-01
6.343452257525081794e-01
6.247672458142199403e-01
6.126243717704156211e-01
5.979737444105999167e-01
5.808918433929323166e-01
5.614738990252516881e-01
5.398331861625984551e-01
5.161003102224938077e-01
4.904225020198315077e-01
4.629628457797616004e-01
4.338993448411254672e-01
4.034237963278158312e-01
3.717405276838556261e-01
3.390650508593547885e-01
3.056226154222434488e-01
2.716466037980452275e-01
2.373767853125183791e-01
2.030575346190763575e-01
1.689360817572770901e-01
1.352607480945337559e-01
1.022791321121667429e-01
7.023634501423761667e-02
3.937339288177876817e-02
9.925546418413994793e-03
-1.787963383534306797e-02
-4.382467454959928371e-02
-6.770452620598343962e-02
-8.932832568895965331e-02
-1.085205613711939243e-01
-1.251221425613086025e-01
-1.389917957808617377e-01
-1.500076686086829758e-01
-1.580686793317215288e-01
-1.630953352482512608e-01
-1.650301521293180695e-01
-1.638379892241347280e-01
-1.595064657231040073e-01
-1.520463724382034032e-01
-1.414918646729143858e-01
-1.279002749219190493e-01
-1.113515546441899012e-01
-9.194752618239460107e-02
-6.981116123255287631e-02
-4.508594583005148815e-02
-1.793516573572618775e-02
1.145913425509168318e-02
4.289760231060295997e-02
7.616526175772779517e-02
1.110331224246337845e-01
1.472595629101345338e-01
1.845915866536952665e-01
2.227661877100810262e-01
2.615119831563812447e-01
3.005511092219466662e-01
3.396013016372426696e-01
3.783781103476933083e-01
4.165972238773906211e-01
4.539768192946452285e-01
4.902397885817167400e-01
5.251157576822660378e-01
5.583429899138142583e-01
5.896703675077146212e-01
6.188595591904002546e-01
6.456872945000907693e-01
6.699475319737870915e-01
6.914532942915069258e-01
7.100380409747426569e-01
7.255566172030729621e-01
7.378859431936315438e-01
7.469255775108822881e-01
7.525981652699397229e-01
7.548497565629044281e-01
7.536500609428919972e-01
7.489927040377382106e-01
7.408954190696986908e-01
7.294000072476792829e-01
7.145719481295597086e-01
6.964996554775050308e-01
6.752934550654386969e-01
6.510843962723066314e-01
6.240229987242783549e-01
5.942779659705077488e-01
5.620348354940088997e-01
5.274945852150330072e-01
4.908723363151770158e-01
4.523962734846613820e-01
4.123066741364522225e-01
3.708547476307733626e-01
3.283011144151667393e-01
2.849140855555954421e-01
2.409680171953825778e-01
1.967417688407329945e-01
1.525170458640442706e-01
1.085765025556766628e-01
6.520176478042899459e-02
2.267160839172899234e-02
-1.873965547712208926e-02
-5.876371232953449264e-02
-9.713983405973394825e-02
-1.336166369507211238e-01
-1.679541195620280480e-01
-1.999259976703038066e-01
-2.293220829532841010e-01
-2.559502437829476729e-01
-2.796376605167504303e-01
-3.002315484479483043e-01
-3.175997832151351008e-01
-3.316316659283107260e-01
-3.422387085643334714e-01
-3.493552346681832455e-01
-3.529387853331603653e-01
-3.529704606992962734e-01
-3.494552231748228044e-01
-3.424219916167731692e-01
-3.319233040189830675e-01
-3.180344717209654948e-01
-3.008523607564700386e-01
-2.804940641855950823e-01
-2.570957062946476746e-01
-2.308114709703935896e-01
-2.018127500088592874e-01
-1.702871555596346953e-01
-1.364371345599258156e-01
-1.004781352267382494e-01
-6.263662835443500887e-02
-2.314847988896197653e-02
1.774207060360339858e-02
5.978309685234499404e-02
1.027158820677618878e-01
1.462762897014216190e-01
1.901963900044671973e-01
2.342059861728253423e-01
2.780339631974930170e-01
3.214096683322920645e-01
3.640645278809920837e-01
4.057339282071674713e-01
4.461592722209617445e-01
4.850900987326123848e-01
5.222861339868628550e-01
5.575191235060191763e-01
5.905743344990033172e-01
6.212517479010691845e-01
6.493671002263741165e-01
6.747529684088421353e-01
6.972599666437427901e-01
7.167579364808835951e-01
7.331369144907523561e-01
7.463077148753629597e-01
7.562020961786295459e-01
7.627726021400456080e-01
7.659922465316991724e-01
7.658542301970452382e-01
7.623717896308707109e-01
7.555780924539248211e-01
7.455259438738475186e-01
7.322870836466652822e-01
7.159510301792151310e-01
6.966236386394469848e-01
6.744256584632958296e-01
6.494915444893742951e-01
6.219685922876694306e-01
5.920162107630597692e-01
5.598050058213264180e-01
5.255155070708257270e-01
4.893367475920232801e-01
4.514651397259188959e-01
4.121038827698220719e-01
3.714626483114024658e-01
3.297570139611714080e-01
2.872073511405530688e-01
2.440373679222367087e-01
2.004727580433209033e-01
1.567402144140060960e-01
1.130666994827365934e-01
6.967869015463004634e-02
2.680121049422123924e-02
-1.534334843845413729e-02
-5.653651738302843677e-02
-9.656504644015342920e-02
-1.352221703049223678e-01
-1.723088587014026118e-01
-2.076350950179264299e-01
-2.410212092764381364e-01
-2.722992445316845256e-01
-3.013142753086352488e-01
-3.279255447012102698e-01
-3.520072874733490842e-01
-3.734491971810705024e-01
-3.921566369300356070e-01
-4.080507734102172268e-01
-4.210687598383597297e-01
-4.311639635329342357e-01
-4.383061565814788674e-01
-4.424816184955552290e-01
-4.436931670385334536e-01
-4.419601342099144237e-01
-4.373182226888164825e-01
-4.298191003722201531e-01
-4.195296144955736883e-01
-4.065306444183657830e-01
-3.909157755712943660e-01
-3.727900489131033557e-01
-3.522689672181844589e-01
-3.294777735722941303e-01
-3.045508701427330212e-01
-2.776311968916609363e-01
-2.488694404830164575e-01
-2.184230445536054499e-01
-1.864551011507854517e-01
-1.531332863926523624e-01
-1.186290104932156142e-01
-8.311684292723237055e-02
-4.677409822480903256e-02
-9.780369981932518497e-03
2.768312129120269194e-02
6.543431849108463649e-02
1.032910994358863938e-01
1.410719294217827324e-01
1.785964367063731517e-01
2.156860355418327158e-01
2.521646916291179208e-01
2.878598445935400818e-01
3.226034495833468019e-01
3.562330896830928628e-01
3.885931078721105436e-01
4.195356883178537055e-01
4.489217972882265095e-01
4.766219068131269387e-01
5.025164830343695765e-01
5.264963024349982312e-01
5.484627151117403843e-01
5.683279665448739415e-01
5.860156188632366092e-01
6.014610214002831245e-01
6.146117208738615112e-01
6.254277002401688046e-01
6.338813828326528288e-01
6.399574084269701313e-01
6.436522549798397996e-01
6.449738191906256857e-01
6.439410557510821809e-01
6.405837029195220467e-01
6.349420244694066184e-01
6.270664367440417220e-01
6.170169097305842065e-01
6.048621255244818196e-01
5.906784919052660010e-01
5.745491787764858138e-01
5.565633333810896533e-01
5.368155413866604331e-01
5.154054785955424212e-01
4.924376067553487002e-01
4.680207621011989172e-01
4.422675766690287169e-01
4.152938052973403349e-01
3.872177121262185828e-01
3.581596352515131199e-01
3.282417216323675335e-01
2.975877078322265445e-01
2.663226081818926283e-01
2.345722620667586578e-01
2.024628016463525526e-01
1.701201442407974940e-01
1.376695754638506686e-01
1.052354201130749900e-01
7.294075168810161547e-02
4.090708447339214127e-02
9.254010458461310595e-03
-2.190123121183886606e-02
-5.244424216947533163e-02
-8.226398546855101523e-02
-1.112533105315517135e-01
-1.393094606773934430e-01
-1.663345528901339909e-01
-1.922360279939759609e-01
-2.169270716138267663e-01
-2.403270040179084077e-01
-2.623616325789056014e-01
-2.829635547487900915e-01
-3.020723942731023959e-01
-3.196349551553384072e-01
-3.356052915353948674e-01
-3.499447123610698873e-01
-3.626217535784617141e-01
-3.736121462919481107e-01
-3.828987894852843299e-01
-3.904717151115693063e-01
-3.963280256604627683e-01
-4.004717917772892544e-01
-4.029139104024658802e-01
-4.036719300550858369e-01
-4.027698443992304700e-01
-4.002378430763894324e-01
-3.961120004996476207e-01
-3.904338876691080262e-01
-3.832501104195297215e-01
-3.746118021259889908e-01
-3.645741167613147926e-01
-3.531957686227673587e-01
-3.405386467202147216e-01
-3.266675038501997141e-01
-3.116496963037358459e-01
-2.955549394858226209e-01
-2.784550487036370758e-01
-2.604236481551652771e-01
-2.415358486559274487e-01
-2.218679111696449935e-01
-2.014969243546347044e-01
-1.805005250058535904e-01
-1.589566772645165382e-01
-1.369435034978127852e-01
-1.145391386036598153e-01
-9.182157354180170428e-02
-6.886846762214614281e-02
-4.575693334115978061e-02
-2.256331587999833854e-02
6.370095251001083730e-04
2.376981336926700314e-02
4.676216944829777317e-02
6.954261196209442220e-02
9.204130715230414428e-02
1.141902450231740140e-01
1.359234481546397477e-01
1.571771910352486035e-01
1.778902236821208738e-01
1.980039941815217863e-01
2.174628638970708128e-01
2.362143068572259141e-01
2.542090834851806203e-01
2.714013805027164494e-01
2.877489139673042873e-01
3.032129993643805088e-01
3.177585985552408010e-01
3.313543554796813950e-01
3.439726298429304219e-01
3.555895319405061317e-01
3.661849552453802503e-01
3.757425991449994118e-01
3.842499732918223110e-01
3.916983765643398119e-01
3.980828461883189617e-01
4.034020754339196491e-01
4.076583016768577927e-01
4.108571705496767423e-01
4.130075853562056309e-01
4.141215520367331759e-01
4.142140274716857862e-01
4.133027733757350108e-01
4.114082117814337747e-01
4.085532739843286687e-01
4.047632345806693177e-01
4.000655258178624774e-01
3.944895332822725975e-01
3.880663797222871358e-01
3.808287076691230788e-01
3.728104724650292967e-01
3.640467552793990036e-01
3.545736013456550761e-01
3.444278831397415419e-01
3.336471830489862178e-01
3.222696868368422063e-01
3.103340790809573924e-01
2.978794348799504443e-01
2.849451072342616964e-01
2.715706142982760585e-01
2.577955329036538124e-01
2.436594033744901300e-01
2.292016465943140235e-01
2.144614898751081855e-01
1.994778958110275668e-01
1.842894890858470247e-01
1.689344794404860628e-01
1.534505827754125973e-01
1.378749447291963415e-01
1.222440711071386271e-01
1.065937676050006666e-01
9.095908853927621440e-02
7.537429202892652336e-02
5.987279801047706851e-02
4.448714571283257646e-02
2.924894835520646871e-02
1.418884428219686737e-02
-6.635549797760482808e-04
-1.527971842023271090e-02
-2.963224928959101723e-02
-4.369493715126732125e-02
-5.744280669665596806e-02
-7.085216210534504844e-02
-8.390062613063130337e-02
-9.656717351278792938e-02
-1.088321587195677509e-01
-1.206773383118449061e-01
-1.320858883552041008e-01
-1.430424171904501052e-01
-1.535329735720253608e-01
-1.635450498256483809e-01
-1.730675794718426475e-01
-1.820909288775527379e-01
-1.906068829332961956e-01
-1.986086253339245933e-01
-2.060907144920748890e-01
-2.130490562238483432e-01
-2.194808740847092321e-01
-2.253846777529338596e-01
-2.307602293992281062e-01
-2.356085077371869174e-01
-2.399316694694870744e-01
-2.437330080492879913e-01
-2.470169099193780249e-01
-2.497888085510557854e-01
-2.520551366354856770e-01
-2.538232767054137695e-01
-2.551015103430851472e-01
-2.558989660124861287e-01
-2.562255654756033230e-01
-2.560919687321002169e-01
-2.555095174727030072e-01
-2.544901771696859161e-01
-2.530464781291281162e-01
-2.511914560665637897e-01
-2.489385929774774742e-01
-2.463017591919297034e-01
-2.432951574893764679e-01
-2.399332700017552944e-01
-2.362308083853484064e-01
-2.322026674596769091e-01
-2.278638822463974478e-01
-2.232295881450835906e-01
-2.183149838606062987e-01
-2.131352966559929007e-01
-2.077057495214232330e-01
-2.020415299194380787e-01
-1.961577598745327389e-01
-1.900694673126855916e-01
-1.837915587134209550e-01
-1.773387932773968778e-01
-1.707257589062060876e-01
-1.639668503013617662e-01
-1.570762493975542129e-01
-1.500679081664975656e-01
-1.429555336066923588e-01
-1.357525745360726177e-01
-1.284722096921867562e-01
-1.211273366560843834e-01
-1.137305612458818505e-01
-1.062941872315386338e-01
-9.883020643545141481e-02
-9.135028943803749635e-02
-8.386577716150146744e-02
-7.638767355436326678e-02
-6.892663947267863023e-02
-6.149298770105924433e-02
-5.409667892898595981e-02
-4.674731842857789144e-02
-3.945415318152983158e-02
-3.222606926380902626e-02
-2.507158938755245717e-02
-1.799887059754868082e-02
-1.101570219032261752e-02
-4.129503966371505033e-03
2.652675073880572838e-03
9.324157499514106745e-03
1.587863763073794204e-02
2.231018111164974338e-02
2.861322387582939525e-02
3.478257051148403445e-02
4.081339202635112656e-02
4.670122300152842326e-02
5.244195811344637415e-02
5.803184800733801607e-02
6.346749451962753474e-02
6.874584527179088134e-02
7.386418768566244131e-02
7.882014249250605953e-02
8.361165681815832529e-02
8.823699692185085763e-02
9.269474064930979806e-02
9.698376963609532664e-02
1.011032612725762253e-01
1.050526804239664130e-01
1.088317708900232578e-01
1.124405465909763258e-01
1.158792824740552119e-01
1.191485051475467405e-01
1.222489832595510528e-01
1.251817176467771575e-01
1.279479312830166804e-01
1.305490590586505795e-01
1.329867374229526111e-01
1.352627939228321918e-01
1.373792366722162706e-01
1.393382437890789693e-01
1.411421528394385672e-01
1.427934503258189158e-01
1.442947612582263228e-01
1.456488388409213075e-01
1.468585543034287011e-01
1.479268869010925969e-01
1.488569141035945287e-01
1.496518019896539153e-01
1.503147958613231250e-01
1.508492110926771546e-01
1.512584242256139189e-01
1.515458643269277095e-01
1.517150046186687140e-01
1.517693543951094126e-01
1.517124512357341248e-01
1.515478535238987401e-01
1.512791332775315079e-01
1.509098692957656640e-01
1.504436406249138880e-01
1.498840203434819440e-01
1.492345696670731858e-01
1.484988323715162872e-01
1.476803295332269617e-01
1.467825545852359526e-01
1.458089686864642021e-01
1.447629964023142146e-01
1.436480216925779818e-01
1.424673842032422311e-01
1.412243758556142592e-01
1.399222377272541507e-01
1.385641572157650936e-01
1.371532654769563875e-01
1.356926351268749331e-01
1.341852781967306230e-01
1.326341443288389377e-01
1.310421192013000169e-01
1.294120231687276579e-01
1.277466101059944459e-01
1.260485664424024765e-01
1.243205103738239531e-01
1.225649912404239011e-01
1.207844890590420717e-01
1.189814141992520391e-01
1.171581071938014862e-01
1.153168386741317830e-01
1.134598094235132054e-01
1.115891505404433270e-01
1.097069237058366786e-01
1.078151215483876546e-01
1.059156681023512570e-01
1.040104193530142773e-01
1.021011638646571879e-01
1.001896234864948360e-01
9.827745413168968713e-02
9.636624662515866357e-02
9.445752761498346639e-02
9.255276054362715499e-02
9.065334667339157437e-02
8.876062616234679792e-02
8.687587918563008382e-02
8.500032709762453398e-02
8.313513363047377036e-02
8.128140612447964930e-02
7.944019678550845454e-02
7.761250396537625051e-02
7.579927346063232430e-02
7.400139982558463780e-02
7.221972769558443472e-02
7.045505311677872917e-02
6.870812487884381259e-02
6.697964584733369364e-02
6.527027429304695094e-02
6.358062521548078772e-02
6.191127165856451925e-02
6.026274601629545702e-02
5.863554132710086658e-02
5.703011255536023089e-02
5.544687785886014825e-02
5.388621984165498091e-02
5.234848679111271663e-02
5.083399389861675832e-02
4.934302446358337230e-02
4.787583107985737135e-02
4.643263680429007140e-02
4.501363630692989393e-02
4.361899700244278172e-02
4.224886016206724770e-02
4.090334200624882316e-02
3.958253477685942656e-02
3.828650778923739506e-02
3.701530846339110004e-02
3.576896333405310546e-02
3.454747903955556615e-02
3.335084328891702032e-02
3.217902580742318386e-02
3.103197925991767886e-02
2.990964015232886256e-02
2.881192971070398873e-02
2.773875473826398208e-02
2.669000844973807088e-02
2.566557128377683350e-02
2.466531169255100492e-02
2.368908690933151096e-02
2.273674369346883120e-02
2.180811905331271616e-02
2.090304094688271580e-02
2.002132896036469545e-02
1.916279496490961437e-02
1.832724375142585904e-02
1.751447364389078359e-02
1.672427709142058558e-02
1.595644123897329777e-02
1.521074847740430669e-02
1.448697697281396170e-02
1.378490117567531328e-02
1.310429231000384033e-02
1.244491884297311765e-02
1.180654693512565682e-02
1.118894087186691512e-02
1.059186347634566774e-02
1.001507650425714421e-02
9.458341020864506621e-03
8.921417760749646500e-03
8.404067470603571177e-03
7.906051235481634937e-03
7.427130789029671998e-03
6.967068807897528263e-03
6.525629190901328404e-03
6.102577323453445973e-03
5.697680327244662897e-03
5.310707296129944799e-03
4.941429518253248263e-03
4.589620684813717003e-03
4.255057086221519097e-03
3.937517795535003078e-03
3.636784840025985080e-03
3.352643360804215700e-03
3.084881761408463010e-03
2.833291845213910080e-03
2.597668942277814828e-03
2.377812026003125849e-03
2.173523819857322344e-03
1.984610894489025317e-03
1.810883755527400952e-03
1.652156922699105817e-03
1.508248999853023953e-03
1.378982737185118455e-03
1.264185084855749298e-03
1.163687239287541659e-03
1.077324681582590444e-03
1.004937208848210228e-03
9.463689584466054502e-04
9.014684253740490229e-04
8.700884731567819653e-04
8.520863382365342128e-04
8.473236282661815704e-04
8.556663143316999270e-04
8.769847174018617977e-04
9.111534890358366154e-04
9.580515865789218481e-04
1.017562243070671080e-03
1.089572931745209222e-03
1.173975325493493331e-03
1.270665251239829320e-03
1.379542639338761931e-03
1.500511468214251387e-03
1.633479704027706106e-03
1.778359235738947650e-03
1.935065805270181401e-03
0.000000000000000000e+00
