8.477044445028362454e-04
8.486660358210010953e-04
7.785127263208496858e-04
7.189898126712711626e-04
6.688973005566113943e-04
6.261165275786875718e-04
5.890347197294507325e-04
5.564420479169539160e-04
5.274244191952613724e-04
5.012843405144018927e-04
4.774839769249625385e-04
4.556042396915239772e-04
4.353152470307038646e-04
4.163548345148432067e-04
3.985127821528720469e-04
3.816191257593882884e-04
3.655354083371146665e-04
3.501480658788533123e-04
3.353633768496368716e-04
3.211035681635866995e-04
3.073037846527200043e-04
2.939097097387809512e-04
2.808756814519827705e-04
2.681631890668571415e-04
2.557396645666976239e-04
2.435775044124931406e-04
2.316532726624616594e-04
2.199470480017433815e-04
2.084418855484809448e-04
1.971233710970141508e-04
1.859792499339448402e-04
1.749991163886112421e-04
1.641741529561941825e-04
1.534969101823555461e-04
1.429611201635338699e-04
1.325615377845776191e-04
1.222938052674718340e-04
1.121543359500112559e-04
1.021402143874133341e-04
9.224911007311832156e-05
8.247920281283634353e-05
7.282911780617927109e-05
6.329786921882742242e-05
5.388481083389742816e-05
4.458959306801524639e-05
3.541212509508665255e-05
2.635254182493247633e-05
1.741117488651047204e-05
8.588527202933469496e-06
-1.147493011350847589e-07
-8.697873081590505899e-06
-1.715995001035431532e-05
-2.549998782059647391e-05
-3.371690889839174400e-05
-4.180956091424391815e-05
-4.977672592546179023e-05
-5.761712775113142450e-05
-6.532943812511811887e-05
-7.291228140658661389e-05
-8.036423808077217015e-05
-8.768384724867321763e-05
-9.486960808210019211e-05
-1.019199802334488382e-04
-1.088333835641551754e-04
-1.156081970482125535e-04
-1.222427570913915858e-04
-1.287353550862838016e-04
-1.350842345684885170e-04
-1.412875879824626905e-04
-1.473435530254897977e-04
-1.532502087317472845e-04
-1.590055714078623646e-04
-1.646075903746358881e-04
-1.700541437109855439e-04
-1.753430340672373444e-04
-1.804719844191791760e-04
-1.854386342445271327e-04
-1.902405355940252883e-04
-1.948751498707805064e-04
-1.993398444632197392e-04
-2.036318902266804742e-04
-2.077484590787596571e-04
-2.116866221549925829e-04
-2.154433485468950445e-04
-2.190155043698515779e-04
-2.223998525750230820e-04
-2.255930531958090924e-04
-2.285916640751730190e-04
-2.313921423131066351e-04
-2.339908460837862309e-04
-2.363840369585194345e-04
-2.385678829309058183e-04
-2.405384616158408686e-04
-2.422917641946990591e-04
-2.438236993144575243e-04
-2.451300978553429483e-04
-2.462067176918700251e-04
-2.470492489495906504e-04
-2.476533192660509020e-04
-2.480144994706687776e-04
-2.481283094197949280e-04
-2.479902237937853856e-04
-2.475956783803116455e-04
-2.469400760890478946e-04
-2.460187932100121877e-04
-2.448271857217861275e-04
-2.433605957193609403e-04
-2.416143577226587266e-04
-2.395838052376247072e-04
-2.372642773075993522e-04
-2.346511250227216949e-04
-2.317397183712448260e-04
-2.285254530072554444e-04
-2.250037573118173016e-04
-2.211700992974544261e-04
-2.170199942007409294e-04
-2.125490120902961044e-04
-2.077527854218313725e-04
-2.026270174148347752e-04
-1.971674904466208338e-04
-1.913700746219733741e-04
-1.852307370904500232e-04
-1.787455516139039517e-04
-1.719107081767375198e-04
-1.647225235438089317e-04
-1.571774515846805008e-04
-1.492720946622387037e-04
-1.410032148305549618e-04
-1.323677455200455880e-04
-1.233628037113801521e-04
-1.139857023930389008e-04
-1.042339627845050915e-04
-9.410532752091520887e-05
-8.359777328220345364e-05
-7.270952402554326584e-05
-6.143906384614688111e-05
-4.978515022986761373e-05
-3.774682671696590210e-05
-2.532343599561667630e-05
-1.251463190306801569e-05
6.796079898093225041e-07
1.425897051150351497e-05
2.822279605577261602e-05
4.257006734519176792e-05
5.729939954480081697e-05
7.240903068608129788e-05
8.789681308731720182e-05
1.037602056972239389e-04
1.199962668430308609e-04
1.366016486469712882e-04
1.535725921567589430e-04
1.709049232991345646e-04
1.885940506965035448e-04
2.066349639929396459e-04
2.250222338532916725e-04
2.437500130894840753e-04
2.628120387908191528e-04
2.822016362324100626e-04
3.019117235156360511e-04
3.219348180858387751e-04
3.422630437304298532e-04
3.628881392145535262e-04
3.838014678861997485e-04
4.049940284825425969e-04
4.264564663682827213e-04
4.481790865233386710e-04
4.701518663869337449e-04
4.923644700435001256e-04
5.148062626022024925e-04
5.374663255289213173e-04
5.603334718598443733e-04
5.833962618717715778e-04
6.066430196060450036e-04
6.300618482796331793e-04
6.536406470523056528e-04
6.773671270680123703e-04
7.012288275676590698e-04
7.252131322146106217e-04
7.493072850075911499e-04
7.734984060267457127e-04
7.977735071697186504e-04
8.221195076105345051e-04
8.465232487615846407e-04
8.709715094974590944e-04
8.954510207108024467e-04
9.199484795411956746e-04
9.444505635078147363e-04
9.689439441054503895e-04
9.934153001069465517e-04
1.017851330627381765e-03
1.042238767295866186e-03
1.066564386546451412e-03
1.090815020905117451e-03
1.114977570851438671e-03
1.139039014643090887e-03
1.162986419144952871e-03
1.186806949374059504e-03
1.210487878187900112e-03
1.234016594911761019e-03
1.257380614348362329e-03
1.280567585071232814e-03
1.303565297536271681e-03
1.326361692106470518e-03
1.348944866792282839e-03
1.371303085436194075e-03
1.393424784817674485e-03
1.415298583223947165e-03
1.436913288131627664e-03
1.458257904565791541e-03
1.479321643692977197e-03
1.500093931526186352e-03
1.520564418273619590e-03
1.540722987702548667e-03
1.560559767302301983e-03
1.580065138795199581e-03
1.599229748838914243e-03
1.618044520778624340e-03
1.636500666132023173e-03
1.654589696982009580e-03
1.672303438760682501e-03
1.689634042961369459e-03
1.706574001222282890e-03
1.723116158596547801e-03
1.739253727637640095e-03
1.754980302746152535e-03
1.770289874428432634e-03
1.785176844132422029e-03
1.799636038396843938e-03
1.813662723720376770e-03
1.827252620411623030e-03
1.840401917727644719e-03
1.853107287244320882e-03
1.865365896821252149e-03
1.877175424133644896e-03
1.888534069862119000e-03
1.899440569917346241e-03
1.909894207916744023e-03
1.919894826370213692e-03
1.929442837646700229e-03
1.938539234213929692e-03
1.947185598522119601e-03
1.955384111270499006e-03
1.963137559962062611e-03
1.970449345847719805e-03
1.977323490407444269e-03
1.983764641104679167e-03
1.989778076040448016e-03
1.995369707528993168e-03
2.000546085507863558e-03
2.005314398805820193e-03
2.009682476636892763e-03
2.013658788486011493e-03
2.017252443217052230e-03
2.020473186720348445e-03
2.023331399327669630e-03
2.025838091116940239e-03
2.028004897021715072e-03
2.029844070387657774e-03
2.031368475648558276e-03
2.032591579299650609e-03
2.033527440354917278e-03
2.034190698975537562e-03
2.034596564725411894e-03
2.034760802259759967e-03
2.034699716887973520e-03
2.034430138771936049e-03
2.033969404885876617e-03
2.033335340806020821e-03
2.032546240400327775e-03
2.031620844609278824e-03
2.030578318803246286e-03
2.029438228961840101e-03
2.028220515894156237e-03
2.026945469537621072e-03
2.025633700336464810e-03
2.024306110491553429e-03
2.022983863859742319e-03
2.021688354230690571e-03
2.020441172511884976e-03
2.019264073627999746e-03
2.018178940697926051e-03
2.017207749752761205e-03
2.016372532690825694e-03
2.015695339294549995e-03
2.015198198211636937e-03
2.014903077668424389e-03
2.014831844934929228e-03
2.015006225269067898e-03
2.015447759503426802e-03
2.016177762415602079e-03
2.017217279524217109e-03
2.018587043350766191e-03
2.020307430386234730e-03
2.022398416243154865e-03
2.024879532200665744e-03
2.027769820437839640e-03
2.031087789988813945e-03
2.034851372516669702e-03
2.039077877945218078e-03
2.043783951431525983e-03
2.048985529132556042e-03
2.054697796228802369e-03
2.060935144093577198e-03
2.067711129466011984e-03
2.075038433270522727e-03
2.082928821259888603e-03
2.091393105686287831e-03
2.100441107717318338e-03
2.110081621514744380e-03
2.120322380188850026e-03
2.131170022029488850e-03
2.142630059953276253e-03
2.154706852222226972e-03
2.167403574643817811e-03
2.180722195585499141e-03
2.194663452800162291e-03
2.209226832665461653e-03
2.224410551930009958e-03
2.240211541791988642e-03
2.256625434893053811e-03
2.273646555183898247e-03
2.291267910308667031e-03
2.309481186921929271e-03
2.328276749923513696e-03
2.347643643653921780e-03
2.367569597171871338e-03
2.388041032758278330e-03
2.409043077095955089e-03
2.430559577215204558e-03
2.452573118573664335e-03
2.475065047528842224e-03
2.498015497279494190e-03
2.521403417119607270e-03
2.545206605592677078e-03
2.569401747071567606e-03
2.593964452333237525e-03
2.618869302661909655e-03
2.644089897031005540e-03
2.669598903474685279e-03
2.695368114221680361e-03
2.721368502871978918e-03
2.747570286779747479e-03
2.773942992042322149e-03
2.800455520778997488e-03
2.827076222786454197e-03
2.853772970084632061e-03
2.880513233389683358e-03
2.907264162265939082e-03
2.933992667429140017e-03
2.960665505050985320e-03
2.987249363957189454e-03
3.013710954429352565e-03
3.040017099122716004e-03
3.066134825011343837e-03
3.092031457269039333e-03
3.117674713221876490e-03
3.143032798960206618e-03
3.168074504282462033e-03
3.192769300226931672e-03
3.217087434573483954e-03
3.241000028217280032e-03
3.264479170585018152e-03
3.287498014548069589e-03
3.310030869739839007e-03
3.332053294343835081e-03
3.353542185206411126e-03
3.374475865731661316e-03
3.394834171344426714e-03
3.414598531761017190e-03
3.433752050575642617e-03
3.452279581186000739e-03
3.470167798561487032e-03
3.487405267298048991e-03
3.503982504758061840e-03
3.519892040002723949e-03
3.535128467068497822e-03
3.549688492882536496e-03
3.563570979857415538e-03
3.576776982433562280e-03
3.589309776866147095e-03
3.601174884766256308e-03
3.612380089941078561e-03
3.622935448717715633e-03
3.632853292745050981e-03
3.642148222932072976e-03
3.650837099171071187e-03
3.658939019643060557e-03
3.666475292699687173e-03
3.673469401621700693e-03
3.679946961397469792e-03
3.685935666980452198e-03
3.691465233704579671e-03
3.696567329300862181e-03
3.701275498603363856e-03
3.705625079957074099e-03
3.709653114013751821e-03
3.713398244384438600e-03
3.716900611344808522e-03
3.720201737392237352e-03
3.723344406580751231e-03
3.726372536277778626e-03
3.729331043236396893e-03
3.732265701697752656e-03
3.735222998307811265e-03
3.738249978422694339e-03
3.741394089839101753e-03
3.744703020625041873e-03
3.748224533034724519e-03
3.752006294131835645e-03
3.756095701880714666e-03
3.760539711508940550e-03
3.765384656918014869e-03
3.770676072237851700e-03
3.776458512997208413e-03
3.782775376310514373e-03
3.789668722241799296e-03
3.797179095870371456e-03
3.805345352958543811e-03
3.814204486018555121e-03
3.823791455852845918e-03
3.834139026991053786e-03
3.845277606561298394e-03
3.857235090845619746e-03
3.870036716649978385e-03
3.883704921703264035e-03
3.898259210823086691e-03
3.913716031982034452e-03
3.930088661479916833e-03
3.947387098777521870e-03
3.965617973387854968e-03
3.984784460028265377e-03
4.004886208695150607e-03
4.025919286230308751e-03
4.047876129627095247e-03
4.070745515325283927e-03
4.094512540226792792e-03
4.119158617893287251e-03
4.144661490223604770e-03
4.170995252393880359e-03
4.198130395219597938e-03
4.226033861395650688e-03
4.254669118730866270e-03
4.283996247466771018e-03
4.313972044849396885e-03
4.344550144149223782e-03
4.375681151014316692e-03
4.407312792704539198e-03
4.439390084629625879e-03
4.471855510140937580e-03
4.504649215670144397e-03
4.537709219108592394e-03
4.570971631294410038e-03
4.604370891330939602e-03
4.637840012058302985e-03
4.671310838146026240e-03
4.704714313599593807e-03
4.737980758752443830e-03
4.771040156463399358e-03
4.803822444609006856e-03
4.836257815399645429e-03
4.868277018402186740e-03
4.899811670138167624e-03
4.930794563353447721e-03
4.961159979441198860e-03
4.990843998346603319e-03
5.019784810751149601e-03
5.047923022481042368e-03
5.075201958728646490e-03
5.101567960103196159e-03
5.126970671257080961e-03
5.151363321172892917e-03
5.174702992803856261e-03
5.196950881762245344e-03
5.218072539365080191e-03
5.238038103743293886e-03
5.256822512442776985e-03
5.274405698827787543e-03
5.290772768804466279e-03
5.305914158182145450e-03
5.319825767618590467e-03
5.332509076291203423e-03
5.343971231521992861e-03
5.354225112887177687e-03
5.363289372206382286e-03
5.371188447310258976e-03
5.377952548208989568e-03
5.383617615895307240e-03
5.388225254063359719e-03
5.391822631961892646e-03
5.394462358782278234e-03
5.396202329997351610e-03
5.397105545169911082e-03
5.397239897193946596e-03
5.396677934395211276e-03
5.395496594449829264e-03
5.393776912842372304e-03
5.391603704422816973e-03
5.389065220126510077e-03
5.386252780242494105e-03
5.383260385202199086e-03
5.380184304902176085e-03
5.377122647956316878e-03
5.374174913952925285e-03
5.371441528183397429e-03
5.369023363529817905e-03
5.367021248916912721e-03
5.365535467968195714e-03
5.364665251135088651e-03
5.364508260152734027e-03
5.365160071095480092e-03
5.366713656925228143e-03
5.369258871980643957e-03
5.372881940637553450e-03
5.377664955518880047e-03
5.383685382796373625e-03
5.391015584628617088e-03
5.399722353947654201e-03
5.409866470263702265e-03
5.421502275152910791e-03
5.434677273030872821e-03
5.449431758213547743e-03
5.465798470960989835e-03
5.483802286390584285e-03
5.503459936279279409e-03
5.524779767738370768e-03
5.547761541444588829e-03
5.572396268683986811e-03
5.598666092915156010e-03
5.626544213615599851e-03
5.655994856870330892e-03
5.686973290755082018e-03
5.719425892247626680e-03
5.753290259111156456e-03
5.788495372441616882e-03
5.824961808897941712e-03
5.862602001532592373e-03
5.901320550306550158e-03
5.941014583022959442e-03
5.981574160418426725e-03
6.022882732046475757e-03
6.064817635594313416e-03
6.107250640324459953e-03
6.150048532994229454e-03
6.193073742977851445e-03
6.236185004225064735e-03
6.279238053479665495e-03
6.322086358264371493e-03
6.364581873370766564e-03
6.406575821102868280e-03
6.447919494457447082e-03
6.488465075183380906e-03
6.528066464521258168e-03
6.566580124875136086e-03
6.603865921169242877e-03
6.639787963926630648e-03
6.674215446428046275e-03
6.707023471156885533e-03
6.738093859806486112e-03
6.767315944919134567e-03
6.794587333377479638e-03
6.819814642853617125e-03
6.842914199949650007e-03
6.863812700892672411e-03
6.882447825417542346e-03
6.898768802881112723e-03
6.912736923815585716e-03
6.924325993806578101e-03
6.933522726561524609e-03
6.940327069031363566e-03
6.944752460239489965e-03
6.946826016795164781e-03
6.946588644722488139e-03
6.944095071973129668e-03
6.939413803542789777e-03
6.932626997377533754e-03
6.923830254459292788e-03
6.913132330199676413e-03
6.900654760898147430e-03
6.886531408804213994e-03
6.870907924574927786e-03
6.853941131022590026e-03
6.835798325698624889e-03
6.816656509226699800e-03
6.796701538542934684e-03
6.776127209739443540e-03
6.755134275924435522e-03
6.733929399815886604e-03
6.712724051362837369e-03
6.691733351857499790e-03
6.671174869968699711e-03
6.651267378729079117e-03
6.632229577335275843e-03
6.614278786286604747e-03
6.597629620008788054e-03
6.582492648767382382e-03
6.569073054248105933e-03
6.557569288858604642e-03
6.548171744236399271e-03
6.541061441110514359e-03
6.536408744924936468e-03
6.534372118982724811e-03
6.535096921623998259e-03
6.538714255046184851e-03
6.545339878159562273e-03
6.555073185951064245e-03
6.567996266991853530e-03
6.584173047563964508e-03
6.603648525579767364e-03
6.626448103661508257e-03
6.652577030828303248e-03
6.682019952380493025e-03
6.714740578912397478e-03
6.750681476267451388e-03
6.789763983447357279e-03
6.831888258031181861e-03
6.876933455499631941e-03
6.924758044525667483e-03
6.975200255003491390e-03
7.028078665672891912e-03
7.083192926502057674e-03
7.140324615404485160e-03
7.199238228583839522e-03
7.259682299351589464e-03
7.321390642620406210e-03
7.384083720741911085e-03
7.447470123412184423e-03
7.511248155262954286e-03
7.575107525228858864e-03
7.638731126483817510e-03
7.701796900457208266e-03
7.763979772989121342e-03
7.824953652969679138e-03
7.884393482337864051e-03
7.941977322642993289e-03
7.997388471178448061e-03
8.050317587460378496e-03
8.100464820917644554e-03
8.147541923439260286e-03
8.191274335299330092e-03
8.231403228944717335e-03
8.267687494255483022e-03
8.299905655156706447e-03
8.327857702005054055e-03
8.351366823344006513e-03
8.370281028528391704e-03
8.384474642358192079e-03
8.393849664388206011e-03
8.398336978130799615e-03
8.397897399113160577e-03
8.392522551549222443e-03
8.382235564859938370e-03
8.367091580170189780e-03
8.347178060908067021e-03
8.322614897810784798e-03
8.293554308165760128e-03
8.260180519858405235e-03
8.222709240700745714e-03
8.181386911874401202e-03
8.136489742658903346e-03
8.088322532010664909e-03
8.037217274089148225e-03
7.983531558607875542e-03
7.927646766959735303e-03
7.869966072551092678e-03
7.810912254283184503e-03
7.750925333312543020e-03
7.690460043525272453e-03
7.629983150204659378e-03
7.569970628937013231e-03
7.510904720418922972e-03
7.453270880008552694e-03
7.397554636284588148e-03
7.344238378996933124e-03
7.293798095273081733e-03
7.246700076116130776e-03
7.203397611434628027e-03
7.164327697725297525e-03
7.129907778871792147e-03
7.100532544962800258e-03
7.076570808130478243e-03
7.058362482135941730e-03
7.046215684820320881e-03
7.040403989807408544e-03
7.041163844772255209e-03
7.048692181367654901e-03
7.063144237325989089e-03
7.084631607231727662e-03
7.113220545116490968e-03
7.148930532590015013e-03
7.191733132392847186e-03
7.241551137732094544e-03
7.298258033587544380e-03
7.361677780407571529e-03
7.431584929474221307e-03
7.507705075376589453e-03
7.589715653255223703e-03
7.677247082498735165e-03
7.769884256724271521e-03
7.867168378237577447e-03
7.968599134604256382e-03
8.073637206462456334e-03
8.181707102552731800e-03
8.292200304400143551e-03
8.404478710175756692e-03
8.517878360536176863e-03
8.631713423334175933e-03
8.745280421787914732e-03
8.857862677250520622e-03
8.968734942614702346e-03
9.077168198153602943e-03
9.182434579343617953e-03
9.283812406131981138e-03
9.380591279958362672e-03
9.472077215100373898e-03
9.557597768238074859e-03
9.636507130562079262e-03
9.708191145445391537e-03
9.772072216624766439e-03
9.827614068519459345e-03
9.874326320918265162e-03
9.911768847515205205e-03
9.939555875767920948e-03
9.957359799067568018e-03
9.964914669242704720e-03
9.962019333612274000e-03
9.948540192206039787e-03
9.924413546003273828e-03
9.889647511497847224e-03
9.844323479874846766e-03
9.788597099896979153e-03
9.722698771778467627e-03
9.646933632026549049e-03
9.561681026628979230e-03
9.467393457749110480e-03
9.364595006115285225e-03
9.253879227339183514e-03
9.135906523073663438e-03
9.011400997398329865e-03
8.881146806841778638e-03
8.745984018608432553e-03
8.606803995742642530e-03
8.464544327840040766e-03
8.320183334849122481e-03
8.174734170219820351e-03
8.029238554241884332e-03
7.884760174392303755e-03
7.742377785025190626e-03
7.603178053470084630e-03
7.468248189519601649e-03
7.338668405704473069e-03
7.215504256968647070e-03
7.099798909403230718e-03
6.992565386401762215e-03
6.894778849636725403e-03
6.807368967805893858e-03
6.731212424718019741e-03
6.667125630109703438e-03
6.615857680754391387e-03
6.578083632149673080e-03
6.554398136253531369e-03
6.545309494597663195e-03
6.551234184430562366e-03
6.572491904166767249e-03
6.609301185354914294e-03
6.661775618686090195e-03
6.729920734876640789e-03
6.813631573494774787e-03
6.912690979979275660e-03
7.026768656751348693e-03
7.155420992100530210e-03
7.298091689148957124e-03
7.454113206585014778e-03
7.622709022779395639e-03
7.802996725546682173e-03
7.993991925250826247e-03
8.194612981838458182e-03
8.403686533325450264e-03
8.619953804535753633e-03
8.842077667116794368e-03
9.068650421024327529e-03
9.298202256330273183e-03
9.529210348071442960e-03
9.760108536135746887e-03
9.989297531769247840e-03
1.021515558473998220e-02
1.043604954742727992e-02
1.065034626005954832e-02
1.085642417946456294e-02
1.105268517427477476e-02
1.123756639600686537e-02
1.140955214618308115e-02
1.156718564576491096e-02
1.170908062408808868e-02
1.183393263259103177e-02
1.194053000151940047e-02
1.202776434808752563e-02
1.209464055681732861e-02
1.214028614688812333e-02
1.216395995451952788e-02
1.216506005011461049e-02
1.214313082663404791e-02
1.209786919305278971e-02
1.202912981234301529e-02
1.193692933377822271e-02
1.182144957005549883e-02
1.168303958088509967e-02
1.152221662758837195e-02
1.133966597330963305e-02
1.113623950809153156e-02
1.091295319083089924e-02
1.067098330212784031e-02
1.041166151343001813e-02
1.013646878445102761e-02
9.847028111436733830e-03
9.545096153336337860e-03
9.232553773419567220e-03
8.911395537039854334e-03
8.583718220692948889e-03
8.251708383819401568e-03
7.917629070557747825e-03
7.583805705160371821e-03
7.252611258804199379e-03
6.926450763410769290e-03
6.607745257380176138e-03
6.298915252271596391e-03
6.002363819081103433e-03
5.720459390096284923e-03
5.455518389640647350e-03
5.209787803571197008e-03
4.985427811202181557e-03
4.784494602797435478e-03
4.608923515322234550e-03
4.460512618965326720e-03
4.340906890374765514e-03
4.251583109864461030e-03
4.193835612103778178e-03
4.168763021187086616e-03
4.177256090836903822e-03
4.219986763857788876e-03
4.297398556310562737e-03
4.409698361368506389e-03
4.556849763339556464e-03
4.738567933742924947e-03
4.954316177840555058e-03
5.203304194348932522e-03
5.484488089678133879e-03
5.796572192805419035e-03
6.138012697258317905e-03
6.507023149043760640e-03
6.901581790056824164e-03
7.319440751318436258e-03
7.758137076429973480e-03
8.215005543325644075e-03
8.687193239873642822e-03
9.171675831380397478e-03
9.665275448306517858e-03
1.016468011044430186e-02
1.066646459039273520e-02
1.116711260144023603e-02
1.166304019019530694e-02
1.215062018453672357e-02
1.262620753536682072e-02
1.308616536606842934e-02
1.352689152802340894e-02
1.394484544236034018e-02
1.433657500180812207e-02
1.469874330123335966e-02
1.502815497676931664e-02
1.532178193231960479e-02
1.557678825875299933e-02
1.579055415121106629e-02
1.596069865375983332e-02
1.608510106308587428e-02
1.616192084291591391e-02
1.618961589731665943e-02
1.616695907553134318e-02
1.609305277714245808e-02
1.596734153722412924e-02
1.578962247602939961e-02
1.556005350344736790e-02
1.527915918030575519e-02
1.494783414127106268e-02
1.456734401334380119e-02
1.413932377175725411e-02
1.366577349867297182e-02
1.314905153286974847e-02
1.259186501202460597e-02
1.199725783894320733e-02
1.136859611321102900e-02
1.070955111813945773e-02
1.002407995461082092e-02
9.316403954875580526e-03
8.590985011672352956e-03
7.852499962989152593e-03
7.105813166967315728e-03
6.355947380993011257e-03
5.608053044776370108e-03
4.867376042805595521e-03
4.139224027324303785e-03
3.428931377529941850e-03
2.741822910309497149e-03
2.083176483589333459e-03
1.458184689041333928e-03
8.719158722602487468e-04
3.292747611052614489e-04
-1.650369699834552614e-04
-6.065598304237812847e-04
-9.911149159927013647e-04
-1.314841124059104756e-03
-1.574230714083524330e-03
-1.766162768749134169e-03
-1.887934173518977582e-03
-1.937287795456604225e-03
-1.912437615953667316e-03
-1.812090630460130641e-03
-1.635465405782868904e-03
-1.382307247599284328e-03
-1.052899989311656620e-03
-6.480744410844462055e-04
-1.692135266647246702e-04
3.817459441278660682e-04
1.002314995721302095e-03
1.689457922324043423e-03
2.439601699532257216e-03
3.248649590946474201e-03
4.111999075133766259e-03
5.024564057564207334e-03
5.980801175635544302e-03
6.974739911018512130e-03
8.000016194252649107e-03
9.049909290604825005e-03
1.011738191320296458e-02
1.119512366304190563e-02
1.227559797544754833e-02
1.335109270909138300e-02
1.441377433256075744e-02
1.545574539391685043e-02
1.646910468135947755e-02
1.744600922318373035e-02
1.837873713019642918e-02
1.925975023865931363e-02
2.008175556944781157e-02
2.083776477768081031e-02
2.152115096589459972e-02
2.212570247300861201e-02
2.264567347701858593e-02
2.307583138958156296e-02
2.341150108610933270e-02
2.364860596254354450e-02
2.378370568102659149e-02
2.381403033598030947e-02
2.373751067739559087e-02
2.355280398730212957e-02
2.325931523733348535e-02
2.285721318679601738e-02
2.234744111842193459e-02
2.173172195053681144e-02
2.101255751402937577e-02
2.019322185922292276e-02
1.927774853654067033e-02
1.827091184574372931e-02
1.717820208583048860e-02
1.600579488955794494e-02
1.476051478145712012e-02
1.344979320876738167e-02
1.208162143077790365e-02
1.066449887918203415e-02
9.207377881227527677e-03
7.719605911461651856e-03
6.210866645862934965e-03
4.691120889635326356e-03
3.170547910916325998e-03
1.659486986989360847e-03
1.683782988537225371e-04
-1.292298084416965273e-03
-2.712086423624801741e-03
-4.080623733671896042e-03
-5.387712870679018697e-03
-6.623400048329048002e-03
-7.778055820733122822e-03
-8.842457967280678913e-03
-9.807874348722711577e-03
-1.066614366933187584e-02
-1.140975218773283145e-02
-1.203190466676789736e-02
-1.252658821997768707e-02
-1.288862809688720232e-02
-1.311373478543371822e-02
-1.319854206200489141e-02
-1.314063583340376908e-02
-1.293857390006040477e-02
-1.259189721682042393e-02
-1.210113377320734367e-02
-1.146779669929137192e-02
-1.069437840606664303e-02
-9.784342314531424903e-03
-8.742113030785692712e-03
-7.573064809905636491e-03
-6.283507085718917015e-03
-4.880664990972502677e-03
-3.372652452933011264e-03
-1.768435797533279060e-03
-7.778678986264056126e-05
1.688774579219749512e-03
3.520045990634871301e-03
5.404215174329581560e-03
7.328936803970887565e-03
9.281412910051807519e-03
1.124847694370904178e-02
1.321668230892632592e-02
1.517239609909644404e-02
1.710189808612591275e-02
1.899148419211233590e-02
2.082757314350956734e-02
2.259681486511126020e-02
2.428619916863288680e-02
2.588316316737693940e-02
2.737569551877336305e-02
2.875243525810192158e-02
3.000276293849078041e-02
3.111688225645710404e-02
3.208589132786193732e-02
3.290184409166533458e-02
3.355780347481076425e-02
3.404788841950634470e-02
3.436731640448541236e-02
3.451244178539707858e-02
3.448078877657291541e-02
3.427107687347540066e-02
3.388323648410968697e-02
3.331841342563166691e-02
3.257896228347210987e-02
3.166842971756713560e-02
3.059152914954196140e-02
2.935410784519677796e-02
2.796310661431305328e-02
2.642651169137939446e-02
2.475329816845159986e-02
2.295336455298774281e-02
2.103745844943931409e-02
1.901709390439606032e-02
1.690446167308181161e-02
1.471233452765953638e-02
1.245397052675762707e-02
1.014301759765377786e-02
7.793422789854428760e-03
5.419349125792925076e-03
3.035102224843659775e-03
6.550675970427123152e-04
-1.706342407690930943e-03
-4.034735386279962241e-03
-6.315784988578983065e-03
-8.535283116441479134e-03
-1.067920465907753504e-02
-1.273378933557677874e-02
-1.468564211783395836e-02
-1.652184996624874933e-02
-1.823010885833077979e-02
-1.979885224386001424e-02
-2.121737100756788952e-02
-2.247591627312659629e-02
-2.356577973580547755e-02
-2.447935063859966315e-02
-2.521015260960655577e-02
-2.575286610635525025e-02
-2.610334252531712820e-02
-2.625861442295636047e-02
-2.621690365606742235e-02
-2.597762675280630359e-02
-2.554139537271420471e-02
-2.491000956094251151e-02
-2.408644233276472854e-02
-2.307481535879278914e-02
-2.188036669211551946e-02
-2.050941244755679835e-02
-1.896930509059364250e-02
-1.726839128802499373e-02
-1.541597170451787513e-02
-1.342226342636389062e-02
-1.129836321329187772e-02
-9.056207592416950711e-03
-6.708524998719916227e-03
-4.268776164796589737e-03
-1.751081232741735424e-03
8.298654587163681101e-04
3.458890229084810204e-03
6.120441336688417500e-03
8.798693961359882118e-03
1.147765715954590648e-02
1.414128180072875447e-02
1.677356863886934543e-02
1.935867528343520466e-02
2.188102054795473123e-02
2.432538505099679157e-02
2.667700814674738713e-02
2.892168265495152768e-02
3.104584937029403885e-02
3.303669222973103919e-02
3.488223243322677997e-02
3.657141694543691868e-02
3.809419531022993632e-02
3.944157973973342474e-02
4.060568689601627007e-02
4.157976424175735541e-02
4.235820719507705362e-02
4.293657398948366039e-02
4.331160281496269915e-02
4.348123163965442184e-02
4.344461701711720830e-02
4.320214591842688051e-02
4.275543492607398327e-02
4.210731350845703380e-02
4.126179123509052249e-02
4.022401130896988142e-02
3.900019394890915508e-02
3.759757299184054297e-02
3.602432819726496954e-02
3.428951475914562841e-02
3.240299080949259752e-02
3.037534326828810610e-02
2.821781209782163111e-02
2.594221274718191625e-02
2.356085637038069294e-02
2.108646748135252144e-02
1.853209930805405775e-02
1.591104825241197035e-02
1.323677020120176198e-02
1.052280243565857643e-02
7.782695096181707628e-03
5.029955402033591330e-03
2.278006261553371797e-03
-4.598411754635781871e-04
-3.170403792259317202e-03
-5.840636612186466195e-03
-8.457643537963870431e-03
-1.100869644605256478e-02
-1.348126999961286529e-02
-1.586309765754469886e-02
-1.814225105804540689e-02
-2.030724069634536055e-02
-2.234713140189690736e-02
-2.425166251249206636e-02
-2.601136078255399109e-02
-2.761763461099948219e-02
-2.906284119643347957e-02
-3.034032314693959481e-02
-3.144441660610486355e-02
-3.237043760036039525e-02
-3.311465579304034151e-02
-3.367426466737735713e-02
-3.404735481146885928e-02
-3.423289360903235268e-02
-3.423071157053225733e-02
-3.404149360791367679e-02
-3.366677289829034248e-02
-3.310892512815988981e-02
-3.237116123570338289e-02
-3.145751689950618962e-02
-3.037283700511279536e-02
-2.912275339494255905e-02
-2.771365473695998338e-02
-2.615264840064662061e-02
-2.444751565854859712e-02
-2.260666281659008681e-02
-2.063907149245987338e-02
-1.855425078720153095e-02
-1.636219269765750578e-02
-1.407333032791604349e-02
-1.169849705626607728e-02
-9.248884278273510756e-03
-6.735995696282374469e-03
-4.171596958198508891e-03
-1.567660321186227805e-03
1.063695372376828943e-03
3.710268770346587808e-03
6.359843262145370088e-03
9.000256214623292977e-03
1.161946854427151413e-02
1.420563247275188727e-02
1.674715497946094658e-02
1.923275462454326901e-02
2.165151028349198564e-02
2.399290190469892045e-02
2.624684533214691542e-02
2.840372486720095860e-02
3.045442784347262427e-02
3.239038452297593462e-02
3.420361418992641511e-02
3.588677512699114253e-02
3.743321342698005538e-02
3.883700446491840375e-02
4.009298187300630589e-02
4.119675170035873302e-02
4.214469298710359774e-02
4.293394888662215719e-02
4.356241375409075633e-02
4.402872100041099745e-02
4.433223447315545046e-02
4.447304355441858426e-02
4.445195994499016173e-02
4.427051286778979633e-02
4.393093932500386628e-02
4.343616690360035948e-02
4.278978800864101373e-02
4.199602581983568478e-02
4.105969334800958076e-02
3.998614754518112907e-02
3.878124052177734510e-02
3.745126970438640568e-02
3.600292839837285208e-02
3.444325779559230527e-02
3.277960104889803689e-02
3.101955962382866097e-02
2.917095177278609605e-02
2.724177273788180517e-02
2.524015620797112266e-02
2.317433666066683398e-02
2.105261248747378883e-02
1.888331014107259495e-02
1.667474990491721321e-02
1.443521415761273886e-02
1.217291913932832918e-02
9.895991155188988211e-03
7.612447884932460260e-03
5.330185032498157248e-03
3.056968006029365994e-03
8.004277356270525848e-04
-1.431940811385494419e-03
-3.632779308438928521e-03
-5.794868110625638752e-03
-7.911131895592457899e-03
-9.974650927751054635e-03
-1.197867947879158873e-02
-1.391667217401198337e-02
-1.578231805728098555e-02
-1.756958111582680726e-02
-1.927274498670870917e-02
-2.088645878248142698e-02
-2.240578054992997670e-02
-2.382621491646193940e-02
-2.514374203025416393e-02
-2.635483588543141922e-02
-2.745647141035870500e-02
-2.844612104267092711e-02
-2.932174268634049619e-02
-3.008176170569653793e-02
-3.072504983909213339e-02
-3.125090361729180449e-02
-3.165902418469470486e-02
-3.194949956303489574e-02
-3.212278961285602169e-02
-3.217971338616044258e-02
-3.212143830673951095e-02
-3.194947058586867367e-02
-3.166564637478466032e-02
-3.127212324773236130e-02
-3.077137161586621789e-02
-3.016616561319056949e-02
-2.945957291703147490e-02
-2.865494294492015523e-02
-2.775589297284376117e-02
-2.676629194159819633e-02
-2.569024203579874793e-02
-2.453205845328067583e-02
-2.329624806004330917e-02
-2.198748776807226898e-02
-2.061060344562313032e-02
-1.917054998204770905e-02
-1.767239282680213228e-02
-1.612129100267629261e-02
-1.452248132630244194e-02
-1.288126341636649207e-02
-1.120298504853617545e-02
-9.493027485606840565e-03
-7.756790530623233239e-03
-5.999677169486737280e-03
-4.227077757589648224e-03
-2.444353756881362943e-03
-6.568210629343796368e-04
1.130267008081937800e-03
2.911736953849974104e-03
4.682512346009515963e-03
6.437630829877704491e-03
8.172260484201852859e-03
9.881715105023749363e-03
1.156146796953288168e-02
1.320716371302019243e-02
1.481462810638512449e-02
1.637987574396711568e-02
1.789911590502097152e-02
1.936875708669263604e-02
2.078541086158167822e-02
2.214589574580735215e-02
2.344724165013753817e-02
2.468669523488445025e-02
2.586172615952493301e-02
2.697003386130230468e-02
2.800955422600664296e-02
2.897846536842205167e-02
2.987519177120823155e-02
3.069840621583328627e-02
3.144702924090640728e-02
3.212022618818238112e-02
3.271740219030279395e-02
3.323819563698642704e-02
3.368247072872746634e-02
3.405030966176578883e-02
3.434200485292142335e-02
3.455805142178260819e-02
3.469913996040707022e-02
3.476614946899979353e-02
3.476014023800210601e-02
3.468234642216134339e-02
3.453416807768255881e-02
3.431716249815000563e-02
3.403303478167494373e-02
3.368362765514801987e-02
3.327091067012857145e-02
3.279696894614883562e-02
3.226399167013850600e-02
3.167426056703284698e-02
3.103013854097814647e-02
3.033405865155395370e-02
2.958851355062258603e-02
2.879604546284864758e-02
2.795923674687880722e-02
2.708070104087874352e-02
2.616307495976884917e-02
2.520901029557546733e-02
2.422116665587392345e-02
2.320220448454638623e-02
2.215477841320629554e-02
2.108153091740064267e-02
1.998508626966847418e-02
1.886804480613687648e-02
1.773297753763920098e-02
1.658242115095403396e-02
1.541887344570834310e-02
1.424478925235112166e-02
1.306257686501220011e-02
1.187459500925618777e-02
1.068315034393760472e-02
9.490495481628946628e-03
8.298827485863980932e-03
7.110286789557646210e-03
5.926956463707342207e-03
4.750861750270645410e-03
3.583969770118431916e-03
2.428189311380130316e-03
1.285370604869342419e-03
1.573050012823187598e-04
-9.542755290862940708e-04
-2.047699135767255558e-03
-3.121355115154982041e-03
-4.173695253087817032e-03
-5.203235490285378767e-03
-6.208557895664948423e-03
-7.188312910975849096e-03
-8.141221810812289406e-03
-9.066079300582166253e-03
-9.961756161315650504e-03
-1.082720183885456725e-02
-1.166144686808676112e-02
-1.246360502252772881e-02
-1.323287508599474416e-02
-1.396854215428176144e-02
-1.466997839344589064e-02
-1.533664320369139064e-02
-1.596808276450426001e-02
-1.656392896327518738e-02
-1.712389773835740550e-02
-1.764778689072845144e-02
-1.813547343771199430e-02
-1.858691059748115298e-02
-1.900212449791138791e-02
-1.938121070532437817e-02
-1.972433066034724042e-02
-2.003170809968003729e-02
-2.030362552660319383e-02
-2.054042077859154908e-02
-2.074248372422059922e-02
-2.091025310976150561e-02
-2.104421356101445276e-02
-2.114489273938308100e-02
-2.121285864419023351e-02
-2.124871704840103695e-02
-2.125310905124284597e-02
-2.122670873207323228e-02
-2.117022088702881846e-02
-2.108437883137608687e-02
-2.096994224985496147e-02
-2.082769507983394525e-02
-2.065844341336594767e-02
-2.046301340735351415e-02
-2.024224919449767179e-02
-1.999701079228939637e-02
-1.972817201014144539e-02
-1.943661836211174609e-02
-1.912324499366614694e-02
-1.878895463543406655e-02
-1.843465560030035574e-02
-1.806125983765869900e-02
-1.766968106189771570e-02
-1.726083296777402090e-02
-1.683562754400591208e-02
-1.639497349236778215e-02
-1.593977475541285757e-02
-1.547092915263799731e-02
-1.498932712150124330e-02
-1.449585055643899320e-02
-1.399137173836885115e-02
-1.347675234440240399e-02
-1.295284252950358247e-02
-1.242048007081395650e-02
-1.188048956797047549e-02
-1.133368169239761664e-02
-1.078085248248016915e-02
-1.022278267994754242e-02
-9.660237107508006307e-03
-9.093964085463788344e-03
-8.524694888184192187e-03
-7.953143239587675412e-03
-7.380004848679977761e-03
-6.805956984550092653e-03
-6.231658091105725557e-03
-5.657747440635560454e-03
-5.084844825528150869e-03
-4.513550287842010497e-03
-3.944443884343518288e-03
-3.378085487933219725e-03
-2.815014622682199437e-03
-2.255750333577934315e-03
-1.700791088876714690e-03
-1.150614716273269753e-03
-6.056783719897492358e-04
-6.641854337503397341e-05
4.667489154235038296e-04
9.934287141089073996e-04
1.513246023127857477e-03
2.025846338413414029e-03
2.530895312218133311e-03
3.028078553876647257e-03
3.517101399530745201e-03
3.997688653345350153e-03
4.469584302278687728e-03
4.932551206600865185e-03
5.386370768095413361e-03
5.830842579189313840e-03
6.265784054833444146e-03
6.691030049944843988e-03
7.106432464398172895e-03
7.511859838032859324e-03
7.907196937179492013e-03
8.292344333913778676e-03
8.667217980170779240e-03
9.031748776333184403e-03
9.385882136025079994e-03
9.729577547086476486e-03
1.006280812885937750e-02
1.038556018628105683e-02
1.069783276037989186e-02
1.099963717593291368e-02
1.129099658577003250e-02
1.157194551231977703e-02
1.184252938668122618e-02
1.210280408559873122e-02
1.235283546744602237e-02
1.259269890714860042e-02
1.282247883187676366e-02
1.304226825778495580e-02
1.325216832915073958e-02
1.345228786125293556e-02
1.364274288739751942e-02
1.382365621200415742e-02
1.399515697000489403e-02
1.415738019407110186e-02
1.431046639025707577e-02
1.445456112278461699e-02
1.458981460896912469e-02
1.471638132394506929e-02
1.483441961699620559e-02
1.494409133865475317e-02
1.504556147939889107e-02
1.513899781971893461e-02
1.522457059228831192e-02
1.530245215565297599e-02
1.537281667962995396e-02
1.543583984254447324e-02
1.549169854019206635e-02
1.554057060574566204e-02
1.558263454212946084e-02
1.561806926443938537e-02
1.564705385448638547e-02
1.566976732587305882e-02
1.568638840005066523e-02
1.569709529343482970e-02
1.570206551474941439e-02
1.570147567309730305e-02
1.569550129643307312e-02
1.568431666014401260e-02
1.566809462600124089e-02
1.564700649058911250e-02
1.562122184392803793e-02
1.559090843756369416e-02
1.555623206190329122e-02
1.551735643283021215e-02
1.547444308718958633e-02
1.542765128712231607e-02
1.537713793259755032e-02
1.532305748211919803e-02
1.526556188143518566e-02
1.520480049957170093e-02
1.514092007221967337e-02
1.507406465201927524e-02
1.500437556527944687e-02
1.493199137530820328e-02
1.485704785142197282e-02
1.477967794365898750e-02
1.470001176279176619e-02
1.461817656554180445e-02
1.453429674443610167e-02
1.444849382224544336e-02
1.436088645044746384e-02
1.427159041191477205e-02
1.418071862717489723e-02
1.408838116416551850e-02
1.399468525137183977e-02
1.389973529405815617e-02
1.380363289318067149e-02
1.370647686731972688e-02
1.360836327673290574e-02
1.350938545030102439e-02
1.340963401419490060e-02
1.330919692272695964e-02
1.320815949138793091e-02
1.310660443121038250e-02
1.300461188508180571e-02
1.290225946532434428e-02
1.279962229294121130e-02
1.269677303773920907e-02
1.259378195995291584e-02
1.249071695263656925e-02
1.238764358491338015e-02
1.228462514630177319e-02
1.218172269153048465e-02
1.207899508579556025e-02
1.197649905083411973e-02
1.187428921109696077e-02
1.177241814039993797e-02
1.167093640862950331e-02
1.156989262859321743e-02
1.146933350305075032e-02
1.136930387140747990e-02
1.126984675660500958e-02
1.117100341154078115e-02
1.107281336534641884e-02
1.097531446937180348e-02
1.087854294283696621e-02
1.078253341770378168e-02
1.068731898349395415e-02
1.059293123135894923e-02
1.049940029744541280e-02
1.040675490597419914e-02
1.031502241133349686e-02
1.022422883964365335e-02
1.013439892961988734e-02
1.004555617258361816e-02
9.957722851817190149e-03
9.870920081096704046e-03
9.785167842439221678e-03
9.700485023045076274e-03
9.616889451281951037e-03
9.534397932129142980e-03
9.453026281478760229e-03
9.372789359783771646e-03
9.293701104834711790e-03
9.215774563598008035e-03
9.139021923348646451e-03
9.063454541895830593e-03
8.989082976958794047e-03
8.915917014707706173e-03
8.843965697624118702e-03
8.773237351288751262e-03
8.703739610612281491e-03
8.635479445207460900e-03
8.568463183858463297e-03
8.502696538429239254e-03
8.438184626851879047e-03
8.374931995379381738e-03
8.312942640285000614e-03
8.252220028620896666e-03
8.192767118470133114e-03
8.134586378360349201e-03
8.077679806145276337e-03
8.022048947170618352e-03
7.967694911796850687e-03
7.914618392420717449e-03
7.862819679702955436e-03
7.812298678419211072e-03
7.763054922612116181e-03
7.715087590255059052e-03
0.000000000000000000e+00
