-1.078372381173601765e-03
-9.791587918470002344e-04
-9.111471831833808542e-04
-8.543608116693767558e-04
-8.055268920880012196e-04
-7.626282900255786437e-04
-7.243051968545472690e-04
-6.896148131830028829e-04
-6.578857875744946416e-04
-6.286267461202022649e-04
-6.014677557927718523e-04
-5.761223266433385549e-04
-5.523624295586576681e-04
-5.300018685183121702e-04
-5.088850754865615993e-04
-4.888794606149910339e-04
-4.698701151281971223e-04
-4.517560849255203271e-04
-4.344477022059315546e-04
-4.178646361378795648e-04
-4.019344371848582523e-04
-3.865914240710999444e-04
-3.717758117721330991e-04
-3.574330114956952831e-04
-3.435130558159933635e-04
-3.299701165174651236e-04
-3.167620928780178315e-04
-3.038502546792579205e-04
-2.911989289085274626e-04
-2.787752220990661212e-04
-2.665487724954626408e-04
-2.544915275600981731e-04
-2.425775435693818124e-04
-2.307828044917975205e-04
-2.190850580709125472e-04
-2.074636673259862881e-04
-1.958994757857623534e-04
-1.843746853484984729e-04
-1.728727453840858284e-04
-1.613782521690985353e-04
-1.498768576391785198e-04
-1.383551865323206489e-04
-1.268007614021616353e-04
-1.152019343981472595e-04
-1.035478254487913404e-04
-9.182826619387271939e-05
-8.003374893740120217e-05
-6.815538041256448670e-05
-5.618483953432986170e-05
-4.411433916375758998e-05
-3.193659103716422500e-05
-1.964477388276479310e-05
-7.232504114177669495e-06
5.306190824452064741e-06
1.797689710927246020e-05
3.078483715069060871e-05
4.373489037699145390e-05
5.683161254099240072e-05
7.007925349359147866e-05
8.348177356778137390e-05
9.704285892994257581e-05
1.107659356223588863e-04
1.246541826117737685e-04
1.387105438028708216e-04
1.529377390623763103e-04
1.673382743937738728e-04
1.819144508638569438e-04
1.966683730052783520e-04
2.116019557917676267e-04
2.267169308483159241e-04
2.420148516730721041e-04
2.574970975650742698e-04
2.731648766349979935e-04
2.890192275078435702e-04
3.050610199293528986e-04
3.212909538743568974e-04
3.377095577322182670e-04
3.543171846365116896e-04
3.711140079389604407e-04
3.881000147460209743e-04
4.052749984111130716e-04
4.226385493710145829e-04
4.401900445573802721e-04
4.579286354917473027e-04
4.758532349251598233e-04
4.939625020476289723e-04
5.122548265545353923e-04
5.307283114033853420e-04
5.493807545983893370e-04
5.682096299492450783e-04
5.872120670440292246e-04
6.063848305014182469e-04
6.257242988201843371e-04
6.452264427915403505e-04
6.648868041228344575e-04
6.847004739937035539e-04
7.046620719764596199e-04
7.247657259099455880e-04
7.450050524244901775e-04
7.653731387111095122e-04
7.858625259551320049e-04
8.064651943611733393e-04
8.271725501915980520e-04
8.479754153820100908e-04
8.688640195427779940e-04
8.898279948712458677e-04
9.108563741814944183e-04
9.319375923741574086e-04
9.530594914852724264e-04
9.742093292394082751e-04
9.953737919345226511e-04
1.016539011182064503e-03
1.037690584677533135e-03
1.058813601617590193e-03
1.079892672049291265e-03
1.100911960697524127e-03
1.121855224976127515e-03
1.142705857103004392e-03
1.163446930276166484e-03
1.184061248834078917e-03
1.204531401701714648e-03
1.224839819335727005e-03
1.244968833733576044e-03
1.264900741211602737e-03
1.284617867085985094e-03
1.304102632394327568e-03
1.323337621960919350e-03
1.342305653347222261e-03
1.360989845791605755e-03
1.379373689132366550e-03
1.397441111759864952e-03
1.415176547167254625e-03
1.432564998467637449e-03
1.449592100122222777e-03
1.466244176776434647e-03
1.482508298032656716e-03
1.498372329091018744e-03
1.513824976530024364e-03
1.528855829143585792e-03
1.543455392744234270e-03
1.557615119511215201e-03
1.571327430698735757e-03
1.584585733514161420e-03
1.597384431019869839e-03
1.609718925476975003e-03
1.621585615870880809e-03
1.632981888415161679e-03
1.643906100943333870e-03
1.654357561892909117e-03
1.664336503102088836e-03
1.673844047925182772e-03
1.682882174543879911e-03
1.691453674694325679e-03
1.699562109400046695e-03
1.707211761336936348e-03
1.714407584393895512e-03
1.721155151663824115e-03
1.727460602091065479e-03
1.733330586062360908e-03
1.738772211222288332e-03
1.743792988152416314e-03
1.748400777273566038e-03
1.752603736601960130e-03
1.756410271298882147e-03
1.759828985138669599e-03
1.762868634407137401e-03
1.765538084432693349e-03
1.767846268094956392e-03
1.769802148597238471e-03
1.771414684183912234e-03
1.772692796343424988e-03
1.773645341605759864e-03
1.774281086220856141e-03
1.774608683998249751e-03
1.774636657912816249e-03
1.774373384424049547e-03
1.773827081513906691e-03
1.773005799398797832e-03
1.771917414592359165e-03
1.770569626827889990e-03
1.768969959086314500e-03
1.767125760147741443e-03
1.765044209780621811e-03
1.762732326811973678e-03
1.760196979112912171e-03
1.757444896165138992e-03
1.754482683415182001e-03
1.751316838293373677e-03
1.747953768587480342e-03
1.744399811204956283e-03
1.740661252864890169e-03
1.736744351350338932e-03
1.732655357688393490e-03
1.728400538637472460e-03
1.723986199784687326e-03
1.719418707762705549e-03
1.714704513165900019e-03
1.709850172483848556e-03
1.704862369744514434e-03
1.699747936829806589e-03
1.694513872949575829e-03
1.689167363498040144e-03
1.683715796458995885e-03
1.678166778277278160e-03
1.672528147614903322e-03
1.666807987705867366e-03
1.661014636985105007e-03
1.655156697844369605e-03
1.649243043470211695e-03
1.643282822871820845e-03
1.637285464500589510e-03
1.631260677401877692e-03
1.625218451061985828e-03
1.619169053231317087e-03
1.613123026195774010e-03
1.607091181333922432e-03
1.601084592328596125e-03
1.595114586452189018e-03
1.589192735172841346e-03
1.583330842607546867e-03
1.577540933234355134e-03
1.571835238686663475e-03
1.566226182831856632e-03
1.560726366707187313e-03
1.555348551989944005e-03
1.550105643821535987e-03
1.545010672941774660e-03
1.540076777686725813e-03
1.535317184503887881e-03
1.530745188719914935e-03
1.526374134480994963e-03
1.522217394668670112e-03
1.518288350047984538e-03
1.514600368539524913e-03
1.511166783968125645e-03
1.508000874612617798e-03
1.505115841822667793e-03
1.502524788170367170e-03
1.500240695599576977e-03
1.498276403495592615e-03
1.496644586812703346e-03
1.495357733628701735e-03
1.494428123380654770e-03
1.493867804552222872e-03
1.493688572266789472e-03
1.493901946490227076e-03
1.494519149966433511e-03
1.495551085674810907e-03
1.497008315422396294e-03
1.498901037519536055e-03
1.501239065405666259e-03
1.504031805909488307e-03
1.507288237752778476e-03
1.511016890610098916e-03
1.515225824214051862e-03
1.519922606950996130e-03
1.525114296494523534e-03
1.530807418979781556e-03
1.537007949845771871e-03
1.543721294081137549e-03
1.550952267885691467e-03
1.558705079913627655e-03
1.566983313740190602e-03
1.575789910365488038e-03
1.585127151869812493e-03
1.594996645269582342e-03
1.605399307154918662e-03
1.616335349472328674e-03
1.627804266037529085e-03
1.639804819296583182e-03
1.652335029060892366e-03
1.665392161273221688e-03
1.678972718495619267e-03
1.693072431391649726e-03
1.707686251118789968e-03
1.722808343469036567e-03
1.738432083761622029e-03
1.754550053311497047e-03
1.771154037844380018e-03
1.788235026510525327e-03
1.805783212956412528e-03
1.823787997845328392e-03
1.842237993243128411e-03
1.861121028684849937e-03
1.880424158202987066e-03
1.900133670043447406e-03
1.920235098350724871e-03
1.940713235346710596e-03
1.961552146660662001e-03
1.982735187958250753e-03
2.004245024061924747e-03
2.026063648886292611e-03
2.048172408387542980e-03
2.070552024802219549e-03
2.093182622706428811e-03
2.116043758047242776e-03
2.139114447700121886e-03
2.162373201662057699e-03
2.185798056824621045e-03
2.209366613310252778e-03
2.233056071227812901e-03
2.256843270528724552e-03
2.280704732074890443e-03
2.304616699850242645e-03
2.328555185818338962e-03
2.352496015747948879e-03
2.376414876204708485e-03
2.400287363745305224e-03
2.424089035114314599e-03
2.447795458012867222e-03
2.471382264353932240e-03
2.494825202904592861e-03
2.518100195265283222e-03
2.541183389819536703e-03
2.564051218662332082e-03
2.586680454079205715e-03
2.609048265793331451e-03
2.631132279059026757e-03
2.652910631193047993e-03
2.674362030640693114e-03
2.695465814374292581e-03
2.716202005631552108e-03
2.736551370792858918e-03
2.756495476078650326e-03
2.776016744024416370e-03
2.795098507988203786e-03
2.813725066661567752e-03
2.831881736661847043e-03
2.849554904131603589e-03
2.866732074847013877e-03
2.883401922065225234e-03
2.899554333004073902e-03
2.915180453042697829e-03
2.930272727714197754e-03
2.944824942379621786e-03
2.958832258669348309e-03
2.972291248668718164e-03
2.985199926548254799e-03
2.997557776074667290e-03
3.009365775334473664e-03
3.020626418600223274e-03
3.031343733217823841e-03
3.041523294296889779e-03
3.051172234098504035e-03
3.060299248415078704e-03
3.068914598929394204e-03
3.077030109550056222e-03
3.084659161075701400e-03
3.091816679263120413e-03
3.098519119486692341e-03
3.104784445649929475e-03
3.110632106292685918e-03
3.116083003572892810e-03
3.121159459743005470e-03
3.125885177374168426e-03
3.130285195064082086e-03
3.134385838461917033e-03
3.138214667127606043e-03
3.141800415571900391e-03
3.145172930252185077e-03
3.148363101801393647e-03
3.151402792546822637e-03
3.154324760149688437e-03
3.157162576746229150e-03
3.159950543001065898e-03
3.162723599889572575e-03
3.165517235142959428e-03
3.168367386629633315e-03
3.171310342544273429e-03
3.174382637767683181e-03
3.177620948621051860e-03
3.181061982649875317e-03
3.184742368115938728e-03
3.188698540694726198e-03
3.192966627812538708e-03
3.197582332029807323e-03
3.202580813896765098e-03
3.207996572760084871e-03
3.213863327497013846e-03
3.220213898687738358e-03
3.227080088859335047e-03
3.234492565084411391e-03
3.242480742511873876e-03
3.251072669430672170e-03
3.260294913606830332e-03
3.270172452645327913e-03
3.280728565688814484e-03
3.291984729909768880e-03
3.303960519518674057e-03
3.316673510076880924e-03
3.330139186344613540e-03
3.344370856893749688e-03
3.359379572227682350e-03
3.375174050655099789e-03
3.391760609706329001e-03
3.409143104370933666e-03
3.427322872411467727e-03
3.446298687938592793e-03
3.466066721656012144e-03
3.486620510654641139e-03
3.507950936210000280e-03
3.530046209827046588e-03
3.552891870110115764e-03
3.576470786240798158e-03
3.600763174369575517e-03
3.625746621041712851e-03
3.651396118369545397e-03
3.677684107910599368e-03
3.704580535461421149e-03
3.732052915921147979e-03
3.760066408634655469e-03
3.788583901973945501e-03
3.817566108738562093e-03
3.846971671686999668e-03
3.876757278462701455e-03
3.906877786427781843e-03
3.937286356250389342e-03
3.967934596206934734e-03
3.998772713160743397e-03
4.029749673984098571e-03
4.060813373133755587e-03
4.091910809078365754e-03
4.122988267862830181e-03
4.153991511479890666e-03
4.184865975103466140e-03
4.215556965795543877e-03
4.246009869729604549e-03
4.276170361054366237e-03
4.305984613160509025e-03
4.335399515514668477e-03
4.364362888937179177e-03
4.392823703146266599e-03
4.420732294214804563e-03
4.448040580706927316e-03
4.474702277667289008e-03
4.500673108789801993e-03
4.525911014483625754e-03
4.550376353538391344e-03
4.574032102669337019e-03
4.596844046310977726e-03
4.618780960301572050e-03
4.639814786872122933e-03
4.659920800938974553e-03
4.679077764309560322e-03
4.697268070467456626e-03
4.714477876331563642e-03
4.730697222040264500e-03
4.745920134924641598e-03
4.760144721552574641e-03
4.773373242603989007e-03
4.785612173072774714e-03
4.796872244602364173e-03
4.807168471625843965e-03
4.816520160543976033e-03
4.824950897956435496e-03
4.832488523584846721e-03
4.839165083451691177e-03
4.845016761646213713e-03
4.850083796708867107e-03
4.854410375753788302e-03
4.858044510573662940e-03
4.861037894196105526e-03
4.863445738213944061e-03
4.865326591846129076e-03
4.866742142513669558e-03
4.867756997833474694e-03
4.868438450850711904e-03
4.868856228124327987e-03
4.869082222437729097e-03
4.869190209371780133e-03
4.869255549990118837e-03
4.869354880842579648e-03
4.869565790892640619e-03
4.869966487741761788e-03
4.870635454878282505e-03
4.871651099572239622e-03
4.873091394330312728e-03
4.875033512657386998e-03
4.877553460870905425e-03
4.880725708641671205e-03
4.884622817620163336e-03
4.889315071754866786e-03
4.894870110471627456e-03
4.901352567001222328e-03
4.908823711558692703e-03
4.917341105839123476e-03
4.926958264384318636e-03
4.937724330371308541e-03
4.949683764432292500e-03
4.962876048949143096e-03
4.977335410374079602e-03
4.993090559998575664e-03
5.010164457184023389e-03
5.028574093689008873e-03
5.048330303088679333e-03
5.069437595427331994e-03
5.091894019160677839e-03
5.115691052205734862e-03
5.140813521518407606e-03
5.167239554589530236e-03
5.194940561751112094e-03
5.223881251918484868e-03
5.254019681193790141e-03
5.285307335421676050e-03
5.317689247617227513e-03
5.351104148624146600e-03
5.385484653230126519e-03
5.420757481275365053e-03
5.456843711507591843e-03
5.493659070488838420e-03
5.531114253067142064e-03
5.569115277277476503e-03
5.607563868121195026e-03
5.646357872010869181e-03
5.685391700530609792e-03
5.724556799660060827e-03
5.763742146075978220e-03
5.802834763590562078e-03
5.841720263999220820e-03
5.880283404085446565e-03
5.918408660494103857e-03
5.955980815539205220e-03
5.992885558507972388e-03
6.029010089970475092e-03
6.064243734484747739e-03
6.098478552738078456e-03
6.131609954647863903e-03
6.163537305783682411e-03
6.194164527294353413e-03
6.223400683230983534e-03
6.251160553622299443e-03
6.277365190000798109e-03
6.301942449277076093e-03
6.324827500369156578e-03
6.345963306548350544e-03
6.365301072935463517e-03
6.382800660343148323e-03
6.398430963002968257e-03
6.412170243108093574e-03
6.424006423336795640e-03
6.433937333134191056e-03
6.441970907294194623e-03
6.448125332307878127e-03
6.452429141413080875e-03
6.454921254882591344e-03
6.455650964875481873e-03
6.454677862186840830e-03
6.452071706196068832e-03
6.447912235606500543e-03
6.442288920945642670e-03
6.435300656353105248e-03
6.427055394848910606e-03
6.417669724857276610e-03
6.407268389679305134e-03
6.395983751222474034e-03
6.383955200209547043e-03
6.371328515468873202e-03
6.358255171610341545e-03
6.344891602005147194e-03
6.331398416405419928e-03
6.317939579763660538e-03
6.304681554509007635e-03
6.291792408195386391e-03
6.279440895361225114e-03
6.267795513865113272e-03
6.257023544103155338e-03
6.247290071594358007e-03
6.238757003423927965e-03
6.231582081059190877e-03
6.225917894253026746e-03
6.221910904353195396e-03
6.219700481403134251e-03
6.219417960603176518e-03
6.221185724299112610e-03
6.225116317483873549e-03
6.231311598953848119e-03
6.239861936530206876e-03
6.250845452714318823e-03
6.264327322972253198e-03
6.280359137207957784e-03
6.298978323594450930e-03
6.320207645016014987e-03
6.344054770321310224e-03
6.370511924700295210e-03
6.399555623385018432e-03
6.431146493026623431e-03
6.465229181776625290e-03
6.501732365398510578e-03
6.540568845073573695e-03
6.581635743587785706e-03
6.624814800258293362e-03
6.669972762494805717e-03
6.716961877443172399e-03
6.765620481439491539e-03
6.815773685161573107e-03
6.867234155115118505e-03
6.919802985676785055e-03
6.973270663024420252e-03
7.027418111197020895e-03
7.082017822954389877e-03
7.136835063863075646e-03
7.191629148818158047e-03
7.246154781868812192e-03
7.300163455764977979e-03
7.353404898520033567e-03
7.405628565296678428e-03
7.456585165546071592e-03
7.506028212389827606e-03
7.553715592616918988e-03
7.599411141419881374e-03
7.642886217216701000e-03
7.683921262046834559e-03
7.722307342043636773e-03
7.757847654376956274e-03
7.790358992577081122e-03
7.819673158670404148e-03
7.845638313954128584e-03
7.868120255636979615e-03
7.887003612481654005e-03
7.902192948592848959e-03
7.913613766609572595e-03
7.921213401627208786e-03
7.924961797877071168e-03
7.924852160252821021e-03
7.920901473939043549e-03
7.913150886304716122e-03
7.901665944273253764e-03
7.886536684729078539e-03
7.867877569888661118e-03
7.845827268944938898e-03
7.820548282532027370e-03
7.792226406033322603e-03
7.761070035451121327e-03
7.727309314815157364e-03
7.691195124371288938e-03
7.652997919921022095e-03
7.613006416267391503e-03
7.571526130198557095e-03
7.528877781954736864e-03
7.485395564165751164e-03
7.441425288313470096e-03
7.397322414423395352e-03
7.353449975382639857e-03
7.310176407364626233e-03
7.267873297240735712e-03
7.226913057889828955e-03
7.187666548699921110e-03
7.150500652358938308e-03
7.115775820850516430e-03
7.083843610792448994e-03
7.055044220016341849e-03
7.029704041516125941e-03
7.008133252994423745e-03
6.990623456955973557e-03
6.977445388299882353e-03
6.968846706440602959e-03
6.965049887831038788e-03
6.966250235881484704e-03
6.972614022078683742e-03
6.984276778176766280e-03
7.001341748100031910e-03
7.023878518897301755e-03
7.051921842553932063e-03
7.085470658338391577e-03
7.124487332083648435e-03
7.168897118808733281e-03
7.218587857295729465e-03
7.273409908502416303e-03
7.333176339305073899e-03
7.397663358602207459e-03
7.466611009727617751e-03
7.539724118042619334e-03
7.616673495397370715e-03
7.697097400512360223e-03
7.780603248301648858e-03
7.866769564341322823e-03
7.955148180637668445e-03
8.045266655714825021e-03
8.136630914107099641e-03
8.228728092923198040e-03
8.321029576324450588e-03
8.412994204435029696e-03
8.504071641524540287e-03
8.593705877809420732e-03
8.681338849445901021e-03
8.766414155022146312e-03
8.848380839079076493e-03
8.926697225439079661e-03
9.000834771751706903e-03
9.070281919522853176e-03
9.134547913424741900e-03
9.193166562588466276e-03
9.245699917575926283e-03
9.291741836515481079e-03
9.330921409806973779e-03
9.362906222338422679e-03
9.387405422408727496e-03
9.404172575296012790e-03
9.413008275949735770e-03
9.413762497006952085e-03
9.406336652161513545e-03
9.390685353652943046e-03
9.366817844441887447e-03
9.334799090982497105e-03
9.294750518264689038e-03
9.246850377367816717e-03
9.191333734282991497e-03
9.128492070750990339e-03
9.058672493925893493e-03
8.982276548525148022e-03
8.899758635169671001e-03
8.811624032490658273e-03
8.718426530664373161e-03
8.620765684580238702e-03
8.519283693193914486e-03
8.414661922578494865e-03
8.307617085399728735e-03
8.198897093501092415e-03
8.089276609568483642e-03
7.979552316047109489e-03
7.870537930560795453e-03
7.763058990965337330e-03
7.657947447761580435e-03
7.556036088172433246e-03
7.458152829802036990e-03
7.365114920595871965e-03
7.277723080548530350e-03
7.196755623818762264e-03
7.122962602333932775e-03
7.057060011169617730e-03
6.999724095601919313e-03
6.951585804119589200e-03
6.913225429162108901e-03
6.885167472389567764e-03
6.867875784090519790e-03
6.861749008139081743e-03
6.867116379733304195e-03
6.884233906591557921e-03
6.913280976224571613e-03
6.954357416771264622e-03
7.007481049225092185e-03
7.072585754005866580e-03
7.149520082138339019e-03
7.238046432848085215e-03
7.337840814642932093e-03
7.448493209008116844e-03
7.569508545407482164e-03
7.700308297139506902e-03
7.840232701324258147e-03
7.988543601847319237e-03
8.144427908779824921e-03
8.307001667971561365e-03
8.475314720681173877e-03
8.648355941083455886e-03
8.825059020343193825e-03
9.004308774479248892e-03
9.184947939925202504e-03
9.365784420260687623e-03
9.545598941091283651e-03
9.723153069873259960e-03
9.897197546884577493e-03
1.006648087657613724e-02
1.022975812112487254e-02
1.038579983844444693e-02
1.053340110048816766e-02
1.067139052847237979e-02
1.079863928161635574e-02
1.091406992976270453e-02
1.101666514621412948e-02
1.110547615235363966e-02
1.117963085016036341e-02
1.123834157548449231e-02
1.128091241269724328e-02
1.130674600745780120e-02
1.131534982118011581e-02
1.130634177134686585e-02
1.127945520807306125e-02
1.123454317715473841e-02
1.117158192976958758e-02
1.109067363621241142e-02
1.099204827287215275e-02
1.087606465390458799e-02
1.074321058258507697e-02
1.059410210629403368e-02
1.042948186276852068e-02
1.025021651331948017e-02
1.005729326279093498e-02
9.851815469090387939e-03
9.634997365063499575e-03
9.408157898205803463e-03
9.172713724219953846e-03
8.930171380840514275e-03
8.682118676974187599e-03
8.430215340985439121e-03
8.176182977857696446e-03
7.921794382513577468e-03
7.668862270687856926e-03
7.419227487824506945e-03
7.174746763955276718e-03
6.937280082555018906e-03
6.708677742688228321e-03
6.490767190243273109e-03
6.285339707323313665e-03
6.094137040549610015e-03
5.918838064426211812e-03
5.761045572826506943e-03
5.622273294735070231e-03
5.503933232220235144e-03
5.407323424137986355e-03
5.333616229680785900e-03
5.283847233539724388e-03
5.258904868500677635e-03
5.259520847138699634e-03
5.286261494060480459e-03
5.339520057930698810e-03
5.419510083444172358e-03
5.526259916995347223e-03
5.659608404664721870e-03
5.819201845158101030e-03
6.004492243242854840e-03
6.214736908951076083e-03
6.448999432527839464e-03
6.706152063044222567e-03
6.984879505270584314e-03
7.283684143455697313e-03
7.600892686218707443e-03
7.934664223577473502e-03
8.282999670998505981e-03
8.643752564749977024e-03
9.014641170120170008e-03
9.393261840132496529e-03
9.777103564350745485e-03
1.016356362675853789e-02
1.054996428974078540e-02
1.093357040015075637e-02
1.131160781455127322e-02
1.168128251634171361e-02
1.203980029930927509e-02
1.238438687212611161e-02
1.271230823583958600e-02
1.302089117862878162e-02
1.330754372451358608e-02
1.356977537777957939e-02
1.380521699969839734e-02
1.401164016340555353e-02
1.418697583418524616e-02
1.432933223027911020e-02
1.443701172925830264e-02
1.450852668537551404e-02
1.454261404004105959e-02
1.453824860750387027e-02
1.449465492805171972e-02
1.441131758877530616e-02
1.428798991817081462e-02
1.412470097050455044e-02
1.392176072191276572e-02
1.367976341391394408e-02
1.339958898715255288e-02
1.308240256239174421e-02
1.272965194119485624e-02
1.234306310874798245e-02
1.192463373815574185e-02
1.147662470880901273e-02
1.100154966721755660e-02
1.050216267726357920e-02
9.981444017406981145e-03
9.442584198748150276e-03
8.888966291636310468e-03
8.324146649921142227e-03
7.751834128444393124e-03
7.175867893664394925e-03
6.600193920127142740e-03
6.028840268390107601e-03
5.465891239044874672e-03
4.915460511971272636e-03
4.381663377593660383e-03
3.868588193307638187e-03
3.380267214811276139e-03
2.920646972875229428e-03
2.493558386690194507e-03
2.102686833054871491e-03
1.751542410844767524e-03
1.443430666183523597e-03
1.181424059080362059e-03
9.683344716954515267e-04
8.066870387471894270e-04
6.986955790179292429e-04
6.462398670834266015e-04
6.508449585106890374e-04
7.136627573227655869e-04
8.354559692281974051e-04
1.016584563254089050e-03
1.256994832174464531e-03
1.556211114895205815e-03
1.913330235883834362e-03
2.327018723112462845e-03
2.795512876540943124e-03
3.316621784934809924e-03
3.887733383285431159e-03
4.505823641835790191e-03
5.167468939412462464e-03
5.868861619659561900e-03
6.605828682439167897e-03
7.373853514332737516e-03
8.168100532541610823e-03
8.983442626475802995e-03
9.814491304265574381e-03
1.065562949029422689e-02
1.150104694233290009e-02
1.234477824353119590e-02
1.318074327346227190e-02
1.400278995422912787e-02
1.480473894896671035e-02
1.558042985461993019e-02
1.632376833595175492e-02
1.702877358972166785e-02
1.768962553143160060e-02
1.830071115723139880e-02
1.885666961569492511e-02
1.935243564806582092e-02
1.978328114267850074e-02
2.014485462088400763e-02
2.043321849591162725e-02
2.064488393951620718e-02
2.077684316261534103e-02
2.082659889299173089e-02
2.079219082088929263e-02
2.067221878992760858e-02
2.046586251483018329e-02
2.017289761342091689e-02
1.979370773829266031e-02
1.932929260207015554e-02
1.878127171370042037e-02
1.815188368950989770e-02
1.744398104557150220e-02
1.666102042499970071e-02
1.580704822754002564e-02
1.488668163632939946e-02
1.390508507496027862e-02
1.286794218648030889e-02
1.178142353535688650e-02
1.065215036187440803e-02
9.487154872232261490e-03
8.293837652840169161e-03
7.079922833794318957e-03
5.853411518915861006e-03
4.622533798002244863e-03
3.395699368659314300e-03
2.181446545028492470e-03
9.883892763138731486e-04
-1.748382228275555019e-04
-1.299639504789742561e-03
-2.377516641406292753e-03
-3.400133458195716673e-03
-4.359380730724033738e-03
-5.247442579757598431e-03
-6.056863154940300177e-03
-6.780612575812122039e-03
-7.412151025526169355e-03
-7.945489826898348429e-03
-8.375248351036113439e-03
-8.696705723032757684e-03
-8.905846514593213775e-03
-8.999399859595323681e-03
-8.974871684240952677e-03
-8.830570012970323859e-03
-8.565623655431692934e-03
-8.179994931110405251e-03
-7.674487371120763263e-03
-7.050749379727716537e-03
-6.311274605623611554e-03
-5.459399291521074837e-03
-4.499296260363778999e-03
-3.435964629807199567e-03
-2.275213980380450755e-03
-1.023641665227814071e-03
3.113976942117478611e-04
1.721830799859634838e-03
3.198911829404962708e-03
4.733274984345831396e-03
6.314992084207921193e-03
7.933634170203460872e-03
9.578336773654503103e-03
1.123786920651696948e-02
1.290070859828579969e-02
1.455511928848572667e-02
1.618923768959206963e-02
1.779116211061178982e-02
1.934904649150223296e-02
2.085119663723880926e-02
2.228616729267052579e-02
2.364285827057465220e-02
2.491060777998821418e-02
2.607928117758246539e-02
2.713935360823662921e-02
2.808198544451328757e-02
2.889909009722511912e-02
2.958339450852300045e-02
3.012849323602825868e-02
3.052889722224132879e-02
3.078007802901460560e-02
3.087850758942799201e-02
3.082169273624803252e-02
3.060820323279602947e-02
3.023769199584255135e-02
2.971090662972664109e-02
2.902969202916287628e-02
2.819698431001867872e-02
2.721679647505548943e-02
2.609419602155635398e-02
2.483527437822673906e-02
2.344710785097110090e-02
2.193770978799097771e-02
2.031597393050588868e-02
1.859160933924121351e-02
1.677506780665608682e-02
1.487746519126077055e-02
1.291049854086724624e-02
1.088636113402985557e-02
8.817657702526392541e-03
6.717322156725370925e-03
4.598540035767983113e-03
2.474677392106670697e-03
3.592165831064638142e-04
-1.734302387055520946e-03
-3.792338258587090241e-03
-5.801407223373898983e-03
-7.748148743266566191e-03
-9.619402347715189094e-03
-1.140229744993494568e-02
-1.308435575016940640e-02
-1.465360310602197708e-02
-1.609868541321068589e-02
-1.740898173006641403e-02
-1.857470807772372556e-02
-1.958700702357466655e-02
-2.043802077903992404e-02
-2.112094824465157381e-02
-2.163008840241664732e-02
-2.196087312968010227e-02
-2.210989191219663377e-02
-2.207490953794152139e-02
-2.185487648013213768e-02
-2.144993097954333433e-02
-2.086139206516707256e-02
-2.009174366964048067e-02
-1.914461109535782815e-02
-1.802473198488064449e-02
-1.673792441313253290e-02
-1.529105464466507143e-02
-1.369200633521390834e-02
-1.194965142481864417e-02
-1.007382090076572138e-02
-8.075271719180274546e-03
-5.965645341331196269e-03
-3.757414049232602523e-03
-1.463813255490669643e-03
9.012394435696598118e-04
3.323235717476294426e-03
5.787174917447426153e-03
8.277666477203460271e-03
1.077903469167962661e-02
1.327542555763481374e-02
1.575091584696949182e-02
1.818962416528891596e-02
2.057582292874415852e-02
2.289404979824950087e-02
2.512921752617678500e-02
2.726672208129475583e-02
2.929254947895126512e-02
3.119338122627558774e-02
3.295669665399605236e-02
3.457086851184732607e-02
3.602524724389364469e-02
3.731023023934049165e-02
3.841731503591371694e-02
3.933913885735288579e-02
4.006950941481852990e-02
4.060343228562948020e-02
4.093713813422200642e-02
4.106810950945050803e-02
4.099510362459474200e-02
4.071816593907903736e-02
4.023863009528123869e-02
3.955910222433419582e-02
3.868343048023853425e-02
3.761666262180222986e-02
3.636499497075312143e-02
3.493571534644920873e-02
3.333714135302257714e-02
3.157855434170951658e-02
2.967012886508353653e-02
2.762285740124473601e-02
2.544847023099540764e-02
2.315935040624972005e-02
2.076844384713444694e-02
1.828916511740916184e-02
1.573530052959630152e-02
1.312091165322869755e-02
1.046024344187948540e-02
7.767641484494130187e-03
5.057482155114801509e-03
2.344117836350730587e-03
-3.581627963537060456e-04
-3.035161967419328002e-03
-5.672792595734078673e-03
-8.257098015298719798e-03
-1.077428015657786071e-02
-1.321074437176101776e-02
-1.555316690781386943e-02
-1.778858720125801526e-02
-1.990452232239060815e-02
-2.188909601677151498e-02
-2.373117098156149463e-02
-2.542047135401990371e-02
-2.694768355316372321e-02
-2.830452753319786033e-02
-2.948379627248729623e-02
-3.047936725838685385e-02
-3.128619411986763299e-02
-3.190028820289904365e-02
-3.231869867404778968e-02
-3.253949658983650711e-02
-3.256176473759703205e-02
-3.238559219729343630e-02
-3.201207107551291842e-02
-3.144329255099193032e-02
-3.068233969053507301e-02
-2.973327495295747039e-02
-2.860112069725911921e-02
-2.729183147912848592e-02
-2.581225772068775071e-02
-2.417010159206978842e-02
-2.237386739219449777e-02
-2.043280975838241212e-02
-1.835688298332757359e-02
-1.615669334507119706e-02
-1.384345415893673860e-02
-1.142894123415476304e-02
-8.925445463358210041e-03
-6.345719650926900587e-03
-3.702917949839408529e-03
-1.010527704228301538e-03
1.717705475193795697e-03
4.467858051722616540e-03
7.225912809605762772e-03
9.977845372821474157e-03
1.270971110206113933e-02
1.540773007375692907e-02
1.805836755673048688e-02
2.064840760412475773e-02
2.316501842723060062e-02
2.559581007712944875e-02
2.792888714464727279e-02
3.015290076451986739e-02
3.225710420404107742e-02
3.423141431397165591e-02
3.606647756356897577e-02
3.775373565983891622e-02
3.928548354299069706e-02
4.065491303336203621e-02
4.185613856341270644e-02
4.288420599066067318e-02
4.373508955825917977e-02
4.440568399837152569e-02
4.489379802887212556e-02
4.519815258672719299e-02
4.531838346532274936e-02
4.525504495919684123e-02
4.500960961024657453e-02
4.458445943944702033e-02
4.398286567793573132e-02
4.320895621840267764e-02
4.226767197797512421e-02
4.116471461292008777e-02
3.990648844257986549e-02
3.850003924330296784e-02
3.695299208023249127e-02
3.527348976855183144e-02
3.347013299679546527e-02
3.155192259576988789e-02
2.952820391549223697e-02
2.740861286986196604e-02
2.520302301448955340e-02
2.292149311587581006e-02
2.057421504457718903e-02
1.817146240139260946e-02
1.572354093916186052e-02
1.324074236969007522e-02
1.073330339788421475e-02
8.211371669120014899e-03
5.684979776704505126e-03
3.164027601381532492e-03
6.582722130395372937e-04
-1.822676538468935960e-03
-4.269357595360544384e-03
-6.672461020529795936e-03
-9.022835018836080148e-03
-1.131150140808780298e-02
-1.352968252361928109e-02
-1.566884118100136947e-02
-1.772073349530789085e-02
-1.967747231359796151e-02
-2.153159709095294611e-02
-2.327614459949405371e-02
-2.490471422892975503e-02
-2.641152202238988486e-02
-2.779143900247458068e-02
-2.904001156055554395e-02
-3.015346427357645798e-02
-3.112868792836395726e-02
-3.196321721715700281e-02
-3.265520319187238674e-02
-3.320338507083916285e-02
-3.360706466808798670e-02
-3.386608505985874013e-02
-3.398081363923165926e-02
-3.395212876396851154e-02
-3.378140887544152371e-02
-3.347052305095205710e-02
-3.302182217571572598e-02
-3.243813003151861662e-02
-3.172273352311950900e-02
-3.087937110080015563e-02
-2.991221834057325446e-02
-2.882586978186342519e-02
-2.762531653191833275e-02
-2.631591976817795192e-02
-2.490338094655769607e-02
-2.339371007369224834e-02
-2.179319363285870878e-02
-2.010836360144736129e-02
-1.834596851063709927e-02
-1.651294682034051484e-02
-1.461640225163129622e-02
-1.266358030949463892e-02
-1.066184509837620441e-02
-8.618655661562902789e-03
-6.541541315246438004e-03
-4.438075708243394146e-03
-2.315849517287372691e-03
-1.824418147541406840e-04
1.954609768154903782e-03
4.087839844819914775e-03
6.209886630774728855e-03
8.313523217800978388e-03
1.039168790406995273e-02
1.243751256181181708e-02
1.444434802688680103e-02
1.640578571073481040e-02
1.831567508266177327e-02
2.016813728119135410e-02
2.195757577617585624e-02
2.367868552701497820e-02
2.532646230400805928e-02
2.689621363317728012e-02
2.838357220026306235e-02
2.978451162835281732e-02
3.109536357779626309e-02
3.231283438550240639e-02
3.343401918450445570e-02
3.445641170879153170e-02
3.537790870660356690e-02
3.619680884148732125e-02
3.691180685791884547e-02
3.752198441377843641e-02
3.802679918884575155e-02
3.842607368876725660e-02
3.871998468716762037e-02
3.890905364931926402e-02
3.899413792361877684e-02
3.897642208672919689e-02
3.885740864596455568e-02
3.863890733235947339e-02
3.832302241668866100e-02
3.791213777796841738e-02
3.740889976464670946e-02
3.681619816198902773e-02
3.613714575302359733e-02
3.537505704804094764e-02
3.453342674602589979e-02
3.361590842888371317e-02
3.262629387989701008e-02
3.156849330618286681e-02
3.044651661989203686e-02
2.926445582576675530e-02
2.802646846682278758e-02
2.673676201462490271e-02
2.539957905805888261e-02
2.401918315497600029e-02
2.259984525322065313e-02
2.114583064646683927e-02
1.966138650926056719e-02
1.815073010766258058e-02
1.661803783777226345e-02
1.506743525835885916e-02
1.350298827936181542e-02
1.192869563924325166e-02
1.034848274226889998e-02
8.766196865196090524e-03
7.185603653212991986e-03
5.610384753776290027e-03
4.044136356565645324e-03
2.490368353476569378e-03
9.525037846075010920e-04
-5.661217847684097033e-04
-2.062261309414072617e-03
-3.532758063753056645e-03
-4.974548473834985649e-03
-6.384666190277890445e-03
-7.760247516247283268e-03
-9.098538196353653587e-03
-1.039690145362093428e-02
-1.165282704505000988e-02
-1.286394099864033268e-02
-1.402801560273225084e-02
-1.514297916444225234e-02
-1.620692502682652761e-02
-1.721811935617921854e-02
-1.817500727531224172e-02
-1.907621701506002215e-02
-1.992056189524012838e-02
-2.070704009098403922e-02
-2.143483229551797903e-02
-2.210329752176462548e-02
-2.271196738874256549e-02
-2.326053930126407640e-02
-2.374886894009351629e-02
-2.417696245292705326e-02
-2.454496867050183495e-02
-2.485317158791855788e-02
-2.510198325935989946e-02
-2.529193717801622027e-02
-2.542368214467385923e-02
-2.549797658645594142e-02
-2.551568326325964753e-02
-2.547776429052345248e-02
-2.538527640247631445e-02
-2.523936638436606247e-02
-2.504126659803182844e-02
-2.479229052987343140e-02
-2.449382828625411984e-02
-2.414734196931226859e-02
-2.375436087517937209e-02
-2.331647647737964540e-02
-2.283533717993184442e-02
-2.231264285759055471e-02
-2.175013922737493652e-02
-2.114961212216186909e-02
-2.051288175505926875e-02
-1.984179707204655405e-02
-1.913823028289180633e-02
-1.840407164839719459e-02
-1.764122457904914246e-02
-1.685160106790954335e-02
-1.603711746071589950e-02
-1.519969053413288904e-02
-1.434123384374208325e-02
-1.346365429272447511e-02
-1.256884887210195541e-02
-1.165870153039784071e-02
-1.073508014331739889e-02
-9.799833561180359975e-03
-8.854788726654507988e-03
-7.901747860031400894e-03
-6.942485717048915012e-03
-5.978746923404280184e-03
-5.012243393635692178e-03
-4.044651836943242811e-03
-3.077611355586400664e-03
-2.112721138139656528e-03
-1.151538250638998182e-03
-1.955755347608260854e-04
7.537003806859077617e-04
1.694870940443593673e-03
2.626567380390102020e-03
3.547472284189081421e-03
4.456320961713953858e-03
5.351902631669324013e-03
6.233061396146013372e-03
7.098697000954063384e-03
7.947765381618012229e-03
8.779279002926580061e-03
9.592307008272430921e-03
1.038597520130468861e-02
1.115946588720684481e-02
1.191201760198382781e-02
1.264292475848592320e-02
1.335153723503526395e-02
1.403725992396698437e-02
1.469955225225408856e-02
1.533792767680125339e-02
1.595195314785422674e-02
1.654124852989682232e-02
1.710548596099271956e-02
1.764438913105631501e-02
1.815773246040475186e-02
1.864534016066501237e-02
1.910708516830761372e-02
1.954288794355806685e-02
1.995271513817456488e-02
2.033657813888860647e-02
2.069453150112503942e-02
2.102667129076386116e-02
2.133313335397084287e-02
2.161409153623249438e-02
2.186975587053276854e-02
2.210037075232200096e-02
2.230621311650729521e-02
2.248759062769409289e-02
2.264483989195021849e-02
2.277832469363611292e-02
2.288843426097367240e-02
2.297558155905154997e-02
2.304020160944457787e-02
2.308274983438800970e-02
2.310370042350450709e-02
2.310354472169621684e-02
2.308278963796926361e-02
2.304195607624890535e-02
2.298157738984885068e-02
2.290219786325561890e-02
2.280437122605125100e-02
2.268865920294616673e-02
2.255563010663697368e-02
2.240585747762951357e-02
2.223991877744822473e-02
2.205839413901622068e-02
2.186186517778505867e-02
2.165091386671191137e-02
2.142612147661290128e-02
2.118806758234804272e-02
2.093732913478560734e-02
2.067447959671503410e-02
2.040008814119980557e-02
2.011471890911675428e-02
1.981893032355056330e-02
1.951327445629323643e-02
1.919829644451608378e-02
1.887453395270587489e-02
1.854251667719713711e-02
1.820276589051453980e-02
1.785579402197817397e-02
1.750210427320278428e-02
1.714219026569220247e-02
1.677653572005238097e-02
1.640561416493973787e-02
1.602988867538726950e-02
1.564981163952531423e-02
1.526582455413519335e-02
1.487835784744493024e-02
1.448783072981817306e-02
1.409465107177338555e-02
1.369921530833713777e-02
1.330190836961719567e-02
1.290310363648241969e-02
1.250316292077931213e-02
1.210243646825861531e-02
1.170126298402531483e-02
1.129996967817844047e-02
1.089887233081947467e-02
1.049827537481282103e-02
1.009847199474107199e-02
9.699744240693416314e-03
9.302363155424124216e-03
8.906588912992495846e-03
8.512670968303383615e-03
8.120848215845147267e-03
7.731349156414294051e-03
7.344392070613389202e-03
6.960185198606767126e-03
6.578926924342132915e-03
6.200805964351948328e-03
5.826001559746730660e-03
5.454683670596637349e-03
5.087013172714866319e-03
4.723142055667316729e-03
4.363213621849942533e-03
4.007362685904256559e-03
3.655715774499054653e-03
3.308391326013207685e-03
2.965499889195281989e-03
2.627144321585924217e-03
2.293419987016967389e-03
1.964414951509241454e-03
1.640210178417729394e-03
1.320879721754452058e-03
1.006490918410970613e-03
6.971045787206438206e-04
3.927751753565364131e-04
9.355103060833414453e-05
-2.005254979053126103e-04
-4.894178330407741861e-04
-7.730949960211918421e-04
-1.051531425275455340e-03
-1.324706797643227657e-03
-1.592605850535721472e-03
-1.855218206231940654e-03
-2.112538197327800543e-03
-2.364564694265674453e-03
-2.611300934011219921e-03
-2.852754350666129261e-03
-3.088936407582428337e-03
-3.319862431132372237e-03
-3.545551446408438511e-03
-3.766026014433987434e-03
-3.981312071169296890e-03
-4.191438768509038980e-03
-4.396438317322838053e-03
-4.596345832180741796e-03
-4.791199178602191522e-03
-4.981038822064279628e-03
-5.165907679647456334e-03
-5.345850973888696331e-03
-5.520916089207443360e-03
-5.691152430796615931e-03
-5.856611286314015313e-03
-6.017345690350934737e-03
-6.173410291769972601e-03
-6.324861223968284221e-03
-6.471755978247501276e-03
-6.614153280433781451e-03
-6.752112970572080389e-03
-6.885695886014025005e-03
-7.014963747737147301e-03
-7.139979050333830277e-03
-7.260804955220776652e-03
-7.377505187346381811e-03
-7.490143935532761824e-03
-7.598785756273282108e-03
-7.703495481015172446e-03
-7.804338127026855254e-03
-7.901378811845211417e-03
-7.994682671074934688e-03
-8.084314779660459888e-03
-8.170340076723684591e-03
-8.252823293618401571e-03
-8.331828885521481987e-03
-8.407420966091620415e-03
-8.479663245383742970e-03
-8.548618971094767982e-03
-8.614350872712296311e-03
-8.676921108771992047e-03
-8.736391216998720677e-03
-8.792822067395601737e-03
-8.846273817995979963e-03
-8.896805873524120042e-03
-8.944476846481887872e-03
-8.989344520863471952e-03
-9.031465818342816060e-03
-9.070896766984633958e-03
-9.107692471975415913e-03
-9.141907088843886572e-03
-9.173593798638723582e-03
-9.202804785393842169e-03
-9.229591215344116334e-03
-9.254003218320342936e-03
-9.276089870680861993e-03
-9.295899180333629802e-03
-9.313478073181068878e-03
-9.328872381441886963e-03
-9.342126833394092528e-03
-9.353285044497887391e-03
-9.362389510291144884e-03
-9.369481600302926108e-03
-9.374601553450399860e-03
-9.377788474696696630e-03
-9.379080332698601016e-03
-9.378513958903839792e-03
-9.376125047399236356e-03
-9.371948156049657308e-03
-9.366016708378360756e-03
-9.358362996598113340e-03
-9.349018185257804495e-03
-9.338012316017333531e-03
-9.325374312907730098e-03
-9.311131988558811468e-03
-9.295312051025607369e-03
-9.277940111311302335e-03
-9.259040691508214904e-03
-9.238637233498211282e-03
-9.216752108275969718e-03
-9.193406625821166911e-03
-9.168621045332385477e-03
-9.142414586065527454e-03
-9.114805438519647807e-03
-9.085810776151549001e-03
-9.055446767435259420e-03
-9.023728588257669964e-03
-8.990670434657583449e-03
-8.956285536034959069e-03
-8.920586168535589444e-03
-8.883583668821609658e-03
-8.845288448136109580e-03
-8.805710006602081308e-03
-8.764856947826769884e-03
-8.722736993789882015e-03
-8.679356999958153657e-03
-8.634722970647389778e-03
-8.588840074636042501e-03
-8.541712661081311136e-03
0.000000000000000000e+00
