3.356057982947846519e-02
2.144424277841999182e-01
1.785729257710018947e-01
1.604100175467054468e-01
1.516004233767890286e-01
1.485224504799469714e-01
1.493761270332847058e-01
1.531594427598937658e-01
1.592614907630554855e-01
1.672820846017644969e-01
1.769438132718831325e-01
1.880455504053542282e-01
2.004361398438574693e-01
2.139986178766953573e-01
2.286402806934466625e-01
2.442861673119664234e-01
2.608746297425065808e-01
2.783542292705312726e-01
2.966815043359048998e-01
3.158193285253239613e-01
3.357356786543988503e-01
3.564026944619872461e-01
3.777959499278149003e-01
3.998938809615289469e-01
4.226773305079210008e-01
4.461291830921330082e-01
4.702340683770789287e-01
4.949781185916642956e-01
5.203487684536333147e-01
5.463345889338142580e-01
5.729251482057825529e-01
6.001108946086578522e-01
6.278830575659395397e-01
6.562335632507474426e-01
6.851549624377628600e-01
7.146403684861180050e-01
7.446834037901485237e-01
7.752781533448280804e-01
8.064191243177467605e-01
8.381012107154254265e-01
8.703196623889482009e-01
9.030700577510735183e-01
9.363482796800691732e-01
9.701504941699803375e-01
1.004473131356049320e+00
1.039312868601435458e+00
1.074666615378184975e+00
1.110531499715216697e+00
1.146904856018577057e+00
1.183784214097065357e+00
1.221167289249262211e+00
1.259051973287875992e+00
1.297436326393719419e+00
1.336318569705931880e+00
1.375697078566949560e+00
1.415570376351341197e+00
1.455937128816286119e+00
1.496796138919092467e+00
1.538146342054129034e+00
1.579986801666831253e+00
1.622316705207752063e+00
1.665135360393878328e+00
1.708442191748296368e+00
1.752236737392560473e+00
1.796518646069203085e+00
1.841287674374248562e+00
1.886543684182187430e+00
1.932286640247518950e+00
1.978516607969259322e+00
2.025233751305944629e+00
2.072438330830685072e+00
2.120130701916428162e+00
2.168311313043429500e+00
2.216980704221548582e+00
2.266139505520918362e+00
2.315788435705592896e+00
2.365928300965248532e+00
2.416559993740690082e+00
2.467684491639652755e+00
2.519302856439385785e+00
2.571416233173409172e+00
2.624025849299565394e+00
2.677133013947383233e+00
2.730739117241885339e+00
2.784845629702124903e+00
2.839454101711853529e+00
2.894566163060013242e+00
2.950183522548399218e+00
3.006307967663566671e+00
3.062941364309797798e+00
3.120085656599270063e+00
3.177742866695401958e+00
3.235915094704290951e+00
3.294604518609080657e+00
3.353813394240619417e+00
3.413544055277885292e+00
3.473798913269678934e+00
3.534580457669508569e+00
3.595891255873218118e+00
3.657733953248894387e+00
3.720111273147336028e+00
3.783026016879878384e+00
3.846481063649919374e+00
3.910479370422823564e+00
3.975023971718388172e+00
4.040117979308408103e+00
4.105764581801411239e+00
4.171967044095548083e+00
4.238728706679363967e+00
4.306052984760202484e+00
4.373943367198791066e+00
4.442403415228051600e+00
4.511436760934436130e+00
4.581047105479114201e+00
4.651238217037389155e+00
4.722013928434120267e+00
4.793378134454203021e+00
4.865334788807791355e+00
4.937887900730666857e+00
5.011041531202533150e+00
5.084799788767076834e+00
5.159166824939649842e+00
5.234146829191984374e+00
5.309744023504190835e+00
5.385962656479751587e+00
5.462806997020725142e+00
5.540281327565123703e+00
5.618389936892256742e+00
5.697137112506307943e+00
5.776527132612089943e+00
5.856564257703288590e+00
5.937252721786470566e+00
6.018596723270428051e+00
6.100600415555168077e+00
6.183267897358799559e+00
6.266603202827091046e+00
6.350610291473743452e+00
6.435293038004589405e+00
6.520655222082612390e+00
6.606700518095379948e+00
6.693432484987824616e+00
6.780854556228654850e+00
6.868970029978875402e+00
6.957782059532591212e+00
7.047293644102597732e+00
7.137507620021249721e+00
7.228426652427957677e+00
7.320053227512089755e+00
7.412389645378393510e+00
7.505438013598523916e+00
7.599200241507763742e+00
7.693678035302357721e+00
7.788872893986212631e+00
7.884786106210028400e+00
7.981418748038445976e+00
8.078771681674290051e+00
8.176845555160019430e+00
8.275640803068760931e+00
8.375157648188197967e+00
8.475396104192599367e+00
8.576355979288532438e+00
8.678036880811498932e+00
8.780438220742309952e+00
8.883559222103096786e+00
8.987398926185493409e+00
9.091956200556404966e+00
9.197229747778283837e+00
9.303218114777529024e+00
9.409919702786861961e+00
9.517332777783607867e+00
9.625455481343779596e+00
9.734285841826372021e+00
9.843821785803413604e+00
9.954061149648241624e+00
1.006500169119589572e+01
1.017664110139068256e+01
1.028897701583698421e+01
1.040200702617306305e+01
1.051572869119147313e+01
1.063013954763270696e+01
1.074523712058581637e+01
1.086101893343331426e+01
1.097748251728503455e+01
1.109462541985208084e+01
1.121244521371814074e+01
1.133093950397288729e+01
1.145010593517923070e+01
1.156994219765375753e+01
1.169044603304540075e+01
1.181161523920672352e+01
1.193344767435542586e+01
1.205594126053417448e+01
1.217909398637888430e+01
1.230290390921375376e+01
1.242736915649626184e+01
1.255248792663785196e+01
1.267825848923281384e+01
1.280467918472970190e+01
1.293174842358297205e+01
1.305946468492442492e+01
1.318782651479767409e+01
1.331683252399722406e+01
1.344648138555749917e+01
1.357677183193460912e+01
1.370770265192674131e+01
1.383927268737511440e+01
1.397148082968830707e+01
1.410432601623239357e+01
1.423780722662480613e+01
1.437192347897064693e+01
1.450667382607739420e+01
1.464205735168093270e+01
1.477807316671398929e+01
1.491472040564608115e+01
1.505199822292045120e+01
1.518990578951228976e+01
1.532844228962781941e+01
1.546760691756390571e+01
1.560739887474254672e+01
1.574781736693465994e+01
1.588886160168289230e+01
1.603053078593267244e+01
1.617282412387633528e+01
1.631574081501601725e+01
1.645928005244592640e+01
1.660344102135425715e+01
1.674822289774336781e+01
1.689362484736501457e+01
1.703964602486441748e+01
1.718628557312899474e+01
1.733354262283242520e+01
1.748141629216721427e+01
1.762990568675507319e+01
1.777900989972505741e+01
1.792872801195083454e+01
1.807905909243227782e+01
1.823000219881244632e+01
1.838155637801742870e+01
1.853372066700658749e+01
1.868649409362164704e+01
1.883987567752301828e+01
1.899386443119957590e+01
1.914845936104462609e+01
1.930365946848178638e+01
1.945946375113356908e+01
1.961587120402129614e+01
1.977288082078595011e+01
1.993049159492050748e+01
2.008870252100659215e+01
2.024751259594475172e+01
2.040692082017193343e+01
2.056692619886045392e+01
2.072752774308779422e+01
2.088872447097659801e+01
2.105051540879476946e+01
2.121289959201468989e+01
2.137587606632461856e+01
2.153944388859008896e+01
2.170360212776153830e+01
2.186834986572700856e+01
2.203368619810483509e+01
2.219961023497792851e+01
2.236612110156672273e+01
2.253321793884014568e+01
2.270089990406369651e+01
2.286916617128633433e+01
2.303801593176398299e+01
2.320744839432152773e+01
2.337746278565405689e+01
2.354805835056653152e+01
2.371923435215575893e+01
2.389099007193265933e+01
2.406332480988857725e+01
2.423623788450557370e+01
2.440972863271216653e+01
2.458379640978686353e+01
2.475844058920932156e+01
2.493366056246216189e+01
2.510945573878307258e+01
2.528582554486966316e+01
2.546276942453878434e+01
2.564028683833810618e+01
2.581837726311608705e+01
2.599704019154647483e+01
2.617627513161193065e+01
2.635608160604393646e+01
2.653645915172306502e+01
2.671740731903827992e+01
2.689892567120621436e+01
2.708101378355014788e+01
2.726367124274138831e+01
2.744689764600011017e+01
2.763069260025961071e+01
2.781505572129001891e+01
2.799998663278728728e+01
2.818548496542202386e+01
2.837155035585317719e+01
2.855818244570331288e+01
2.874538088049961715e+01
2.893314530857768219e+01
2.912147537995057789e+01
2.931037074514378560e+01
2.949983105399612882e+01
2.968985595442744696e+01
2.988044509117529657e+01
3.007159810449959636e+01
3.026331462885893586e+01
3.045559429155738940e+01
3.064843671136533132e+01
3.084184149711501988e+01
3.103580824627251999e+01
3.123033654348818189e+01
3.142542595912814463e+01
3.162107604778952208e+01
3.181728634679933521e+01
3.201405637470347187e+01
3.221138562974520880e+01
3.240927358833887695e+01
3.260771970353905402e+01
3.280672340351051020e+01
3.300628409000177754e+01
3.320640113682576811e+01
3.340707388834819369e+01
3.360830165799293923e+01
3.381008372676180329e+01
3.401241934177534176e+01
3.421530771483827493e+01
3.441874802103023256e+01
3.462273939732880024e+01
3.482728094126321849e+01
3.503237170960539970e+01
3.523801071710021660e+01
3.544419693523489912e+01
3.565092929105265540e+01
3.585820666601070172e+01
3.606602789488459138e+01
3.627439176471942517e+01
3.648329701382901646e+01
3.669274233084409076e+01
3.690272635380659949e+01
3.711324766931296182e+01
3.732430481170246139e+01
3.753589626229114629e+01
3.774802044864578221e+01
3.796067574390031041e+01
3.817386046610812400e+01
3.838757287762595638e+01
3.860181118453051141e+01
3.881657353605586280e+01
3.903185802405491245e+01
3.924766268247464751e+01
3.946398548684062746e+01
3.968082435374816441e+01
3.989817714035098106e+01
4.011604164384396398e+01
4.033441560093429956e+01
4.055329668729226000e+01
4.077268251698346546e+01
4.099257064186792121e+01
4.121295855096922622e+01
4.143384366980477296e+01
4.165522335967527567e+01
4.187709491691098407e+01
4.209945557206753364e+01
4.232230248907627157e+01
4.254563276434461017e+01
4.276944342580545566e+01
4.299373143191836277e+01
4.321849367062653613e+01
4.344372695826719877e+01
4.366942803844647614e+01
4.389559358087694818e+01
4.412222018019210878e+01
4.434930435473845023e+01
4.457684254535713109e+01
4.480483111416743469e+01
4.503326634335455481e+01
4.526214443398335163e+01
4.549146150484341433e+01
4.572121359134207808e+01
4.595139664445616745e+01
4.618200652976074849e+01
4.641303902654541247e+01
4.664448982703788005e+01
4.687635453574229416e+01
4.710862866891770295e+01
4.734130765420017894e+01
4.757438683039354999e+01
4.780786144743381527e+01
4.804172666654660162e+01
4.827597756060836787e+01
4.851060911472057313e+01
4.874561622701159536e+01
4.898099370967355526e+01
4.921673629024033403e+01
4.945283861311880713e+01
4.968929524137060838e+01
4.992610065875820169e+01
5.016324927204671980e+01
5.040073541357062936e+01
5.063855334405846520e+01
5.087669725571632284e+01
5.111516127556141953e+01
5.135393946900499174e+01
5.159302584366996314e+01
5.183241435344022818e+01
5.207209890272488906e+01
5.231207335092982902e+01
5.255233151711751560e+01
5.279286718484588903e+01
5.303367410716388264e+01
5.327474601175029534e+01
5.351607660617629847e+01
5.375765958327387750e+01
5.399948862658668247e+01
5.424155741588829471e+01
5.448385963274422750e+01
5.472638896609778669e+01
5.496913911785970441e+01
5.521210380848064858e+01
5.545527678248627979e+01
5.569865181395739029e+01
5.594222271193194729e+01
5.618598332571411902e+01
5.642992755007432493e+01
5.667404933031809122e+01
5.691834266721473057e+01
5.716280162176817470e+01
5.740742031981749705e+01
5.765219295645698594e+01
5.789711380026390941e+01
5.814217719732668144e+01
5.838737757506392256e+01
5.863270944583091193e+01
5.887816741030561474e+01
5.912374616065370958e+01
5.936944048346677505e+01
5.961524526247742273e+01
5.986115548104378803e+01
6.010716622441199775e+01
6.035327268175181104e+01
6.059947014797108977e+01
6.084575402531126542e+01
6.109211982472469771e+01
6.133856316703966627e+01
6.158507978391730120e+01
6.183166551860066562e+01
6.207831632646258413e+01
6.232502827535483192e+01
6.257179754576083042e+01
6.281862043075636137e+01
6.306549333577889627e+01
6.331241277820738844e+01
6.355937538675632936e+01
6.380637790068105630e+01
6.405341716879624414e+01
6.430049014830740362e+01
6.454759390345427050e+01
6.479472560396075664e+01
6.504188252329690556e+01
6.528906203674074504e+01
6.553626161924574944e+01
6.578347884310474569e+01
6.603071137541036251e+01
6.627795697530535790e+01
6.652521349102546822e+01
6.677247885672612426e+01
6.701975108909178402e+01
6.726702828373055354e+01
6.751430861134626582e+01
6.776159031369260788e+01
6.800887169931287701e+01
6.825615113905580245e+01
6.850342706138759752e+01
6.875069794749072116e+01
6.899796232616544955e+01
6.924521876853837909e+01
6.949246588258944257e+01
6.973970230750973087e+01
6.998692670790299530e+01
7.023413776784680351e+01
7.048133418483392632e+01
7.072851466360647521e+01
7.097567790991055858e+01
7.122282262418883647e+01
7.146994749523319967e+01
7.171705119382615123e+01
7.196413236638927913e+01
7.221118962866727031e+01
7.245822155946805765e+01
7.270522669448692454e+01
7.295220352023271460e+01
7.319915046808361581e+01
7.344606590848441385e+01
7.369294814531707516e+01
7.393979541044829773e+01
7.418660585847867139e+01
7.443337756170441821e+01
7.468010850530293965e+01
7.492679658274946064e+01
7.517343959147939358e+01
7.542003522879392108e+01
7.566658108801500759e+01
7.591307465490190509e+01
7.615951330430723942e+01
7.640589429709511649e+01
7.665221477730629829e+01
7.689847176956141084e+01
7.714466217671353832e+01
7.739078277772088654e+01
7.763683022575588666e+01
7.788280104651740032e+01
7.812869163675965467e+01
7.837449826300539257e+01
7.862021706045474900e+01
7.886584403205655747e+01
7.911137504775412310e+01
7.935680584387216641e+01
7.960213202266109533e+01
7.984734905196138754e+01
8.009245226500850379e+01
8.033743686035327869e+01
8.058229790190426911e+01
8.082703031908918945e+01
8.107162890713449599e+01
8.131608832747041049e+01
8.156040310826550410e+01
8.180456764510806522e+01
8.204857620183562972e+01
8.229242291154544375e+01
8.253610177779026458e+01
8.277960667599666067e+01
8.302293135512742595e+01
8.326606943961294860e+01
8.350901443159810356e+01
8.375175971352638271e+01
8.399429855111236520e+01
8.423662409672907359e+01
8.447872939326914832e+01
8.472060737850331691e+01
8.496225088999800334e+01
8.520365267061498571e+01
8.544480537465335601e+01
8.568570157465543957e+01
8.592633376892567298e+01
8.616669438978817652e+01
8.640677581260864315e+01
8.664657036561075643e+01
8.688607034049509537e+01
8.712526800387222181e+01
8.736415560950953818e+01
8.760272541138316171e+01
8.784096967751749219e+01
8.807888070457394747e+01
8.831645083316004730e+01
8.855367246378908419e+01
8.879053807343049698e+01
8.902704023257155086e+01
8.926317162267658034e+01
8.949892505396054787e+01
8.973429348333181110e+01
8.996927003238506870e+01
9.020384800529167535e+01
9.043802090645198177e+01
9.067178245773126832e+01
9.090512661514868853e+01
9.113804758483645685e+01
9.137053983812884894e+01
9.160259812562009074e+01
9.183421749004850199e+01
9.206539327785742444e+01
9.229612114931038036e+01
9.252639708702029964e+01
9.275621740277129845e+01
9.298557874252283284e+01
9.321447808947006308e+01
9.344291276506147881e+01
9.367088042786178903e+01
9.389837907016824659e+01
9.412540701227912621e+01
9.435196289434550465e+01
9.457804566573793181e+01
9.480365457188609923e+01
9.502878913856932286e+01
9.525344915368667387e+01
9.547763464653679932e+01
9.570134586472283900e+01
9.592458324879711995e+01
9.614734740483908126e+01
9.636963907518483552e+01
9.659145910757511899e+01
9.681280842302601286e+01
9.703368798274938456e+01
9.725409875449284414e+01
9.747404167866014291e+01
9.769351763459393112e+01
9.791252740740789307e+01
9.813107165572105828e+01
9.834915088065078237e+01
9.856676539638483803e+01
9.878391530262344133e+01
9.900060045914368345e+01
9.921682046270090893e+01
9.943257462643913414e+01
9.964786196193374224e+01
9.986268116395454797e+01
1.000770305979831107e+02
1.002909082904884315e+02
1.005043119219110110e+02
1.007172388222890191e+02
1.009296859694117501e+02
1.011416499893681902e+02
1.013531271593285226e+02
1.015641134123893892e+02
1.017746043442978845e+02
1.019845952218479539e+02
1.021940809927674962e+02
1.024030562969013829e+02
1.026115154784877603e+02
1.028194525993626343e+02
1.030268614529279603e+02
1.032337355787062307e+02
1.034400682773636930e+02
1.036458526260722408e+02
1.038510814940945721e+02
1.040557475585322180e+02
1.042598433201690824e+02
1.044633611193916067e+02
1.046662931521993585e+02
1.048686314863512621e+02
1.050703680777280908e+02
1.052714947870182272e+02
1.054720033968601598e+02
1.056718856295610891e+02
1.058711331655175911e+02
1.060697376624027726e+02
1.062676907751373108e+02
1.064649841765634903e+02
1.066616095786555576e+02
1.068575587539620386e+02
1.070528235568997957e+02
1.072473959444020153e+02
1.074412679953726979e+02
1.076344319283960260e+02
1.078268801171705746e+02
1.080186051032515451e+02
1.082095996058456393e+02
1.083998565285978515e+02
1.085893689635513510e+02
1.087781301927041682e+02
1.089661336878063764e+02
1.091533731091980002e+02
1.093398423045891121e+02
1.095255353086453312e+02
1.097104463441436195e+02
1.098945698251925478e+02
1.100779003627170027e+02
1.102604327719944024e+02
1.104421620816442413e+02
1.106230835430952339e+02
1.108031926392641822e+02
1.109824850910181624e+02
1.111609568599676834e+02
1.113386041462583336e+02
1.115154233803198593e+02
1.116914112078877679e+02
1.118665644680626912e+02
1.120408801646414645e+02
1.122143554313561964e+02
1.123869874920376475e+02
1.125587736169672866e+02
1.127297110768434578e+02
1.128997970958532306e+02
1.130690288052931010e+02
1.132374031991012515e+02
1.134049170925026999e+02
1.135715670847872190e+02
1.137373495270420847e+02
1.139022604954429738e+02
1.140662957705001048e+02
1.142294508224374567e+02
1.143917208026934702e+02
1.145531005413759829e+02
1.147135845503636205e+02
1.148731670316696665e+02
1.150318418906561391e+02
1.151896027536742508e+02
1.153464429897184260e+02
1.155023557356896475e+02
1.156573339248496666e+02
1.158113703179873255e+02
1.159644575367908885e+02
1.161165880988107517e+02
1.162677544534087559e+02
1.164179490180180068e+02
1.165671642140603694e+02
1.167153925018347707e+02
1.168626264136039907e+02
1.170088585840139075e+02
1.171540817767569251e+02
1.172982889062520115e+02
1.174414730529556721e+02
1.175836274709425879e+02
1.177247455865925048e+02
1.178648209876569837e+02
1.180038474026522834e+02
1.181418186713791272e+02
1.182787287083722987e+02
1.184145714621530487e+02
1.185493408741579344e+02
1.186830308420346825e+02
1.188156351924764778e+02
1.189471476686992020e+02
1.190775619368906604e+02
1.192068716143992617e+02
1.193350703200853928e+02
1.194621517442923277e+02
1.195881097327072240e+02
1.197129383753868268e+02
1.198366320900137083e+02
1.199591856874764062e+02
1.200805944085129653e+02
1.202008539225700474e+02
1.203199602841508380e+02
1.204379098474256864e+02
1.205546991462643120e+02
1.206703247533408643e+02
1.207847831376612220e+02
1.208980705437112135e+02
1.210101829163149034e+02
1.211211158925302414e+02
1.212308648750561986e+02
1.213394251912795312e+02
1.214467923296003278e+02
1.215529622321068217e+02
1.216579316125135790e+02
1.217616982627031632e+02
1.218642613115071924e+02
1.219656214055048480e+02
1.220657807923324043e+02
1.221647432998838099e+02
1.222625142172044548e+02
1.223591000925567442e+02
1.224545084696981547e+02
1.225487475847557590e+02
1.226418260439073862e+02
1.227337524979124481e+02
1.228245353247799443e+02
1.229141823279327070e+02
1.230027004549938994e+02
1.230900955421640077e+02
1.231763720907863018e+02
1.232615330850754418e+02
1.233455798614534871e+02
1.234285120385934107e+02
1.235103275119621884e+02
1.235910225077140581e+02
1.236705916807133150e+02
1.237490282344407291e+02
1.238263240407734145e+02
1.239024697471333525e+02
1.239774548749378198e+02
1.240512679299708907e+02
1.241238965533969747e+02
1.241953277351732794e+02
1.242655480899815359e+02
1.243345441681130694e+02
1.244023027539393951e+02
1.244688111044883243e+02
1.245340571030279904e+02
1.245980293376420320e+02
1.246607171449709028e+02
1.247221106678974110e+02
1.247822009573880280e+02
1.248409801117546039e+02
1.248984414103917686e+02
1.249545793824399311e+02
1.250093897621355836e+02
1.250628693155366165e+02
1.251150155605141094e+02
1.251658264248115131e+02
1.252152998853127173e+02
1.252634336084194757e+02
1.253102245810879793e+02
1.253556687036344783e+02
1.253997603234980573e+02
1.254424917263427517e+02
1.254838526547213746e+02
1.255238299707235115e+02
1.255624075911487694e+02
1.255995667857177267e+02
1.256352868450925939e+02
1.256695460225705858e+02
1.257023225718459400e+02
1.257335956800159096e+02
1.257633461438104945e+02
1.257915567354023523e+02
1.258182122994555812e+02
1.258432996589474726e+02
1.258668073627196264e+02
1.258887252213489205e+02
1.259090435340199008e+02
1.259277519821053630e+02
1.259448383564734257e+02
1.259602875018934469e+02
1.259740809629279568e+02
1.259861977046491432e+02
1.259966159741959331e+02
1.260053159903901161e+02
1.260122828626746241e+02
1.260175090674096907e+02
1.260209959746090362e+02
1.260227542479558309e+02
1.260228032941603686e+02
1.260211701636631290e+02
1.260178883151921525e+02
1.260129964771303293e+02
1.260065375963719703e+02
1.259985577110946053e+02
1.259891045976272324e+02
1.259782261876627985e+02
1.259659689107431717e+02
1.259523761649717244e+02
1.259374870093743652e+02
1.259213349710894079e+02
1.259039467231833953e+02
1.258853404641720601e+02
1.258655241521423420e+02
1.258444941693029904e+02
1.258222352376974698e+02
1.257987222124327928e+02
1.257739236757693106e+02
1.257478062617265806e+02
1.257203378316265940e+02
1.256914875831370608e+02
1.256612223333723932e+02
1.256295004276294947e+02
1.255962669648091605e+02
1.255614546517176393e+02
1.255249924144612237e+02
1.254868194725741546e+02
1.254468984882380624e+02
1.254052207077845082e+02
1.253617998833781826e+02
1.253166581324818623e+02
1.252698116182842512e+02
1.252212638141003680e+02
1.251710093100252692e+02
1.251190449008907564e+02
1.250653808975533678e+02
1.250100461105521532e+02
1.249530839356470437e+02
1.248945418219464898e+02
1.248344594297133909e+02
1.247728607217349861e+02
1.247097527698851849e+02
1.246451309572688757e+02
1.245789878651787603e+02
1.245113218210897656e+02
1.244421409435591670e+02
1.243714600171148419e+02
1.242992907986575801e+02
1.242256299591881543e+02
1.241504502238860397e+02
1.240736981558180076e+02
1.239952982720413672e+02
1.239151610177004272e+02
1.238331925447322419e+02
1.237493048355422047e+02
1.236634230348800543e+02
1.235754846994760072e+02
1.234854281606865669e+02
1.233931758275641641e+02
1.232986259939910809e+02
1.232016636647809236e+02
1.231021866393474937e+02
1.230001299823867100e+02
1.228954729810999993e+02
1.227882268213099621e+02
1.226784148906462519e+02
1.225660594739574520e+02
1.224511802591647012e+02
1.223338014699234293e+02
1.222139620459037133e+02
1.220917254305910689e+02
1.219671874896616686e+02
1.218404811320320817e+02
1.217117757681206029e+02
1.215812702185690313e+02
1.214491792683793108e+02
1.213157164179966401e+02
1.211810774431584008e+02
1.210454294751880724e+02
1.209089081176488634e+02
1.207716221269944867e+02
1.206336627314949652e+02
1.204951128244704535e+02
1.203560501441905899e+02
1.202165397778589266e+02
1.200766170424104047e+02
1.199362703694879144e+02
1.197954377025630066e+02
1.196540222123110055e+02
1.195119179834587015e+02
1.193690281226875811e+02
1.192252655826936234e+02
1.190805425514970750e+02
1.189347608904039646e+02
1.187878091186673544e+02
1.186395624095061123e+02
1.184898815491590369e+02
1.183386111996151300e+02
1.181855795174893871e+02
1.180306020547808572e+02
1.178734971863916030e+02
1.177141219312908191e+02
1.175524243273196845e+02
1.173884853875658365e+02
1.172225161201529176e+02
1.170548012808120433e+02
1.168856214469732464e+02
1.167151991774643136e+02
1.165436913026759669e+02
1.163712149089839869e+02
1.161978810552068353e+02
1.160238209315701141e+02
1.158492024426132048e+02
1.156742331960757042e+02
1.154991361006686788e+02
1.153240910417444240e+02
1.151491685254700030e+02
1.149743068842615514e+02
1.147993610284306669e+02
1.146241864975983731e+02
1.144486852147139331e+02
1.142727766875290456e+02
1.140963325654491598e+02
1.139191414553563106e+02
1.137409277733304549e+02
1.135613906546677470e+02
1.133802215327283136e+02
1.131970967792130836e+02
1.130116721329600722e+02
1.128235999107525345e+02
1.126325629994599922e+02
1.124383006779043797e+02
1.122406084211689716e+02
1.120393220652631356e+02
1.118343189835660070e+02
1.116255580519644752e+02
1.114131404876959976e+02
1.111973435787232347e+02
1.109785921354190350e+02
1.107573781116429501e+02
1.105341746828080574e+02
1.103093899002111158e+02
1.100833769605261949e+02
1.098564839769791917e+02
1.096290972134353439e+02
1.094016265175707474e+02
1.091744262729346104e+02
1.089477233057585579e+02
1.087216495974428767e+02
1.084963844789356244e+02
1.082722728842449271e+02
1.080497777472230325e+02
1.078292918598140346e+02
1.076109901430175597e+02
1.073948507850075487e+02
1.071807775314567124e+02
1.069686637013298451e+02
1.067583512182671939e+02
1.065495817917700379e+02
1.063420212999971852e+02
1.061353163448781061e+02
1.059291047222765201e+02
1.057229866119708817e+02
1.055165263953673787e+02
1.053093076019578973e+02
1.051009879623187260e+02
1.048913042456500904e+02
1.046800408619094611e+02
1.044670130899229008e+02
1.042520891331712107e+02
1.040352259417890224e+02
1.038164779211676461e+02
1.035959707639431855e+02
1.033738734740355767e+02
1.031503936736859970e+02
1.029257723248542646e+02
1.027002422217703241e+02
1.024739762701383654e+02
1.022471046650246507e+02
1.020198246156360398e+02
1.017925020778149445e+02
1.015656307780569989e+02
1.013396443883171969e+02
1.011147439619053614e+02
1.008909095767225352e+02
1.006680876825434723e+02
1.004463717235937708e+02
1.002260119522724295e+02
1.000072738880582790e+02
9.979030661201188934e+01
9.957513529493506610e+01
9.936173039415227493e+01
9.915002536235191144e+01
9.893984114252002371e+01
9.873080931085382872e+01
9.852240064352221793e+01
9.831405416633822369e+01
9.810530039682771530e+01
9.789578484062165842e+01
9.768519435504433091e+01
9.747316792014132147e+01
9.725926811730265342e+01
9.704302029648478367e+01
9.682396942690191111e+01
9.660171143203461952e+01
9.637590276032986480e+01
9.614627741546094342e+01
9.591268000286041229e+01
9.567509105922762558e+01
9.543362066811319266e+01
9.518847517652473300e+01
9.493992056050831252e+01
9.468825715253223052e+01
9.443380912511845793e+01
9.417693955075367285e+01
9.391810103979699420e+01
9.365788895831397554e+01
9.339702070201509798e+01
9.313620820848626636e+01
9.287601081983672202e+01
9.261680926403842307e+01
9.235893304406140203e+01
9.210280606719524599e+01
9.184894887441809885e+01
9.159783656627438120e+01
9.134977380039730122e+01
9.110491977847429723e+01
9.086342047302642300e+01
9.062549320432624711e+01
9.039137444800770993e+01
9.016119163393371139e+01
8.993488481537210077e+01
8.971223493044276154e+01
8.949295245138451094e+01
8.927674743545897229e+01
8.906334334357303817e+01
8.885245201224211087e+01
8.864374462634496865e+01
8.843683426819386284e+01
8.823126687020271675e+01
8.802651988014611106e+01
8.782201724188267633e+01
8.761716572529151392e+01
8.741140329607397064e+01
8.720424163754412916e+01
8.699529148549142121e+01
8.678427392834531418e+01
8.657102515892370320e+01
8.635548709830230507e+01
8.613766391759440921e+01
8.591755081807532690e+01
8.569509351805484698e+01
8.547023921525629930e+01
8.524305372366843869e+01
8.501378859538442612e+01
8.478280853305979292e+01
8.455042997895667156e+01
8.431682692686030123e+01
8.408209961744350380e+01
8.384642870855734031e+01
8.361014439709038015e+01
8.337363352121128912e+01
8.313717763634791424e+01
8.290087512112972945e+01
8.266470627152315842e+01
8.242866907161894119e+01
8.219287031195328552e+01
8.195751971615959519e+01
8.172286517097003866e+01
8.148914029308471640e+01
8.125655853235053883e+01
8.102533533187413184e+01
8.079570308797278244e+01
8.056790218731323705e+01
8.034215374710475999e+01
8.011862929109560127e+01
7.989743291887508292e+01
7.967860426984063338e+01
7.946213653780203856e+01
7.924799420531796557e+01
7.903611958270283822e+01
7.882642776757771230e+01
7.861879253425014724e+01
7.841302254127471372e+01
7.820883229351757393e+01
7.800582746297995129e+01
7.780352829754177435e+01
7.760142936820959392e+01
7.739905630501097278e+01
7.719597456942125291e+01
7.699174911911842401e+01
7.678590570089129130e+01
7.657794531898565538e+01
7.636740726340208596e+01
7.615392296438795938e+01
7.593721390983273523e+01
7.571705240270125614e+01
7.549324830103260808e+01
7.526569179111729113e+01
7.503440815719514490e+01
7.479955753281970487e+01
7.456137335831530777e+01
7.432010385547866349e+01
7.407601261097217105e+01
7.382941933268610057e+01
7.358071608935971142e+01
7.333033009263043311e+01
7.307866797740972231e+01
7.282609182266907055e+01
7.257293832425416724e+01
7.231955131407463000e+01
7.206629293904826739e+01
7.181352523682114963e+01
7.156158129894603803e+01
7.131075023210375718e+01
7.106128488751357963e+01
7.081342502016744334e+01
7.056742252211780908e+01
7.032355595758603783e+01
7.008212523796430560e+01
6.984342613122096566e+01
6.960771594348099711e+01
6.937518702148061323e+01
6.914595896183557500e+01
6.892008923286806521e+01
6.869759447939870256e+01
6.847847361467800908e+01
6.826272439170509188e+01
6.805034565734965213e+01
6.784132350378729370e+01
6.763561356793876200e+01
6.743314173763057795e+01
6.723383385077151786e+01
6.703765326957689297e+01
6.684460363479911393e+01
6.665467380007893894e+01
6.646775435340990157e+01
6.628358989997776973e+01
6.610180761995255239e+01
6.592199838417234048e+01
6.574378322573467415e+01
6.556681626733642076e+01
6.539073581078676511e+01
6.521512004719026834e+01
6.503949285042884298e+01
6.486337337632927813e+01
6.468632284094107376e+01
6.450794907795166466e+01
6.432787148456783655e+01
6.414568284549461907e+01
6.396094248959568063e+01
6.377320641218178565e+01
6.358207287928973273e+01
6.338721603591890386e+01
6.318839416342171944e+01
6.298543834068448888e+01
6.277823611439049500e+01
6.256672024241381536e+01
6.235086361362381524e+01
6.213067731801552185e+01
6.190621003225075469e+01
6.167754825339463309e+01
6.144481593805867448e+01
6.120817122178133474e+01
6.096779988788179594e+01
6.072390897103844765e+01
6.047672541925356171e+01
6.022650198581771264e+01
5.997352746125332601e+01
5.971813494494907104e+01
5.946070238555869736e+01
5.920164324611815942e+01
5.894138940381540692e+01
5.868037156416048106e+01
5.841900419717138959e+01
5.815768174349088326e+01
5.789678902332784105e+01
5.763672102797828956e+01
5.737789946052630086e+01
5.712077250585909383e+01
5.686579382934304050e+01
5.661339118022052475e+01
5.636394279504766303e+01
5.611777388615833218e+01
5.587517002798443855e+01
5.563639173219305434e+01
5.540167526695023525e+01
5.517121799836232299e+01
5.494516059424785936e+01
5.472358088228005357e+01
5.450650295367091758e+01
5.429391077362545559e+01
5.408575157302662717e+01
5.388192428360768815e+01
5.368226250436907776e+01
5.348652644297170866e+01
5.329441000912989068e+01
5.310555673218735251e+01
5.291957341277059612e+01
5.273603625677725404e+01
5.255449315978098213e+01
5.237446917186395723e+01
5.219547831797308390e+01
5.201703870205045632e+01
5.183868476330902553e+01
5.165997260000614233e+01
5.148047919850695564e+01
5.129980022876323886e+01
5.111755122549688934e+01
5.093337400393572523e+01
5.074694671514333777e+01
5.055799420003278044e+01
5.036629541543227617e+01
5.017168569996614025e+01
4.997405298713673716e+01
4.977332883286270260e+01
4.956947703082821022e+01
4.936248367496072120e+01
4.915235192229954464e+01
4.893910256135864500e+01
4.872277902359056156e+01
4.850345405146656930e+01
4.828123527650312496e+01
4.805626780170450729e+01
4.782873274929711016e+01
4.759884166462502719e+01
4.736682820655469328e+01
4.713294053223827262e+01
4.689743872906006317e+01
4.666059985181952641e+01
4.642272856887849031e+01
4.618416664379684988e+01
4.594529316356545223e+01
4.570651150032094279e+01
4.546822658599177913e+01
4.523082231101178508e+01
4.499464926753107363e+01
4.476002705109232949e+01
4.452725679676969861e+01
4.429663412533874833e+01
4.406845353958409106e+01
4.384300152711536924e+01
4.362054282475296674e+01
4.340130785105475297e+01
4.318548736029009660e+01
4.297323482229714386e+01
4.276467196075380883e+01
4.255989157258215272e+01
4.235895455661802345e+01
4.216188253918958395e+01
4.196865041712020172e+01
4.177918295073645538e+01
4.159335697626291761e+01
4.141100790058074210e+01
4.123193759892930643e+01
4.105592114768833056e+01
4.088271133996879314e+01
4.071204148849074755e+01
4.054362770013062089e+01
4.037717146217083553e+01
4.021236259700290816e+01
4.004888216713948879e+01
3.988640505084874377e+01
3.972460238545441769e+01
3.956314438835433833e+01
3.940170394005167509e+01
3.923996087475434535e+01
3.907760652313186966e+01
3.891434795226706456e+01
3.874991154826756912e+01
3.858404588456987483e+01
3.841652400799365807e+01
3.824714528839456307e+01
3.807573688161460268e+01
3.790215475052114158e+01
3.772628413786316770e+01
3.754803939869963614e+01
3.736736315965023891e+01
3.718422485021210377e+01
3.699861873142044288e+01
3.681056162743421112e+01
3.662009064523661550e+01
3.642726122591656690e+01
3.623214586083931010e+01
3.603483367478022359e+01
3.583543081340199876e+01
3.563406124308984602e+01
3.543086732002399941e+01
3.522600946117401577e+01
3.501966451482382325e+01
3.481202290227368223e+01
3.460328508398382041e+01
3.439365816443080348e+01
3.418335335672693986e+01
3.397258462027890147e+01
3.376156826078086937e+01
3.355052289617736250e+01
3.333966912201064758e+01
3.312922846446486602e+01
3.291942163231116325e+01
3.271046643385942332e+01
3.250257582485651398e+01
3.229595636237716860e+01
3.209080699532842118e+01
3.188731785514839245e+01
3.168566870249113165e+01
3.148602694871441443e+01
3.128854553168468300e+01
3.109336113786039846e+01
3.090059317548935169e+01
3.071034356550157796e+01
3.052269704226937819e+01
3.033772147978472944e+01
3.015546787875063472e+01
2.997596997583182699e+01
2.979924376045239498e+01
2.962528731986072827e+01
2.945408131848083144e+01
2.928559013480544593e+01
2.911976338959228272e+01
2.895653744967091470e+01
2.879583654451658958e+01
2.863757334808777344e+01
2.848164914628453914e+01
2.832795390896593801e+01
2.817636663676762865e+01
2.802675625163017870e+01
2.787898310556206383e+01
2.773290098282871341e+01
2.758835933973820076e+01
2.744520549461874737e+01
2.730328653593000610e+01
2.716245082017191592e+01
2.702254904111739364e+01
2.688343493729569289e+01
2.674496575218134353e+01
2.660700257274433511e+01
2.646941065705548723e+01
2.633205983252096871e+01
2.619482501211894743e+01
2.605758684194153219e+01
2.592023246212484366e+01
2.578265633697528258e+01
2.564476109086117361e+01
2.550645827607518967e+01
2.536766899871592784e+01
2.522832433944927288e+01
2.508836552797779262e+01
2.494774386193635607e+01
2.480642039911042218e+01
2.466436548967606512e+01
2.452155824369108572e+01
2.437798603939662101e+01
2.423364416421286904e+01
2.408853564276173387e+01
2.394267125206303248e+01
2.379606966629948062e+01
2.364875762756467026e+01
2.350077001778278429e+01
2.335214971719654642e+01
2.320294717485684899e+01
2.305321967699349628e+01
2.290303036519800983e+01
2.275244711154689625e+01
2.260154138800544743e+01
2.245038726458249556e+01
2.229906063507453595e+01
2.214763871000148399e+01
2.199619974934379485e+01
2.184482295119991591e+01
2.169358838177309323e+01
2.154257683479733387e+01
2.139186954229772297e+01
2.124154771196646507e+01
2.109169192264287673e+01
2.094238145167332377e+01
2.079369362484375117e+01
2.064570326819801593e+01
2.049848230733690002e+01
2.035209951609415313e+01
2.020662037714896186e+01
2.006210699378692297e+01
1.991861799016175283e+01
1.977620835522974829e+01
1.963492921534762203e+01
1.949482755184620686e+01
1.935594590314779495e+01
1.921832210033575805e+01
1.908198907969934410e+01
1.894697479927510742e+01
1.881330226506732828e+01
1.868098965303697412e+01
1.855005050004554334e+01
1.842049393288697701e+01
1.829232490860525928e+01
1.816554444855854555e+01
1.804014985936170845e+01
1.791613494249207861e+01
1.779349019892720918e+01
1.767220303539046355e+01
1.755225797578578550e+01
1.743363687722063915e+01
1.731631914661275573e+01
1.720028195258778325e+01
1.708550042848154149e+01
1.697194786514026887e+01
1.685959589564224004e+01
1.674841467676517226e+01
1.663837307306651780e+01
1.652943884856080459e+01
1.642157886851156334e+01
1.631475931066284346e+01
1.620894588224895472e+01
1.610410403715733452e+01
1.600019918705201505e+01
1.589719690105339289e+01
1.579506309027857647e+01
1.569376417558149051e+01
1.559326723861355823e+01
1.549354015747597479e+01
1.539455172860584042e+01
1.529627177626546519e+01
1.519867125033644939e+01
1.510172231239697105e+01
1.500539840954757231e+01
1.490967433531007913e+01
1.481452627717471415e+01
1.471993185090429357e+01
1.462587012235110784e+01
1.453232161811327749e+01
1.443926832669740712e+01
1.434669369191952093e+01
1.425458260006580424e+01
1.416292136195546902e+01
1.407169769061351872e+01
1.398090067488928590e+01
1.389052074912446777e+01
1.380054965891525853e+01
1.371098042309772502e+01
1.362180729226475862e+01
1.353302570432285101e+01
1.344463223776469540e+01
1.335662456341581006e+01
1.326900139540925849e+01
1.318176244205237246e+01
1.309490835710077583e+01
1.300844069177844808e+01
1.292236184770706409e+01
1.283667503075032457e+01
1.275138420565775377e+01
1.266649405130358730e+01
1.258200991626367404e+01
1.249793777445232479e+01
1.241428418054550420e+01
1.233105622495201814e+01
1.224826148814747917e+01
1.216590799427121539e+01
1.208400416398241717e+01
1.200255876669189092e+01
1.192158087240594178e+01
1.184107980353575051e+01
1.176106508712703302e+01
1.168154640803024336e+01
1.160253356356365906e+01
1.152403642020055408e+01
1.144606487275119200e+01
1.136862880640144624e+01
1.129173806183713857e+01
1.121540240353247242e+01
1.113963149113161499e+01
1.106443485372269997e+01
1.098982186670377637e+01
1.091580173088122763e+01
1.084238345342644116e+01
1.076957583034123545e+01
1.069738743014254112e+01
1.062582657856103552e+01
1.055490134413877890e+01
1.048461952470581693e+01
1.041498863479179704e+01
1.034601589408634226e+01
1.027770821709747118e+01
1.021007220416026051e+01
1.014311413393439310e+01
1.007683995749437855e+01
1.001125529406779258e+01
9.946365428427565547e+00
9.882175309891257697e+00
9.818689552837794210e+00
9.755912438615769844e+00
9.693847918695718491e+00
9.632499618905486116e+00
9.571870844589465577e+00
9.511964586539278343e+00
9.452783527558523247e+00
9.394330049544196370e+00
9.336606240986327521e+00
9.279613904809083991e+00
9.223354566494226248e+00
9.167829482444465938e+00
9.113039648555881556e+00
9.058985808978510690e+00
9.005668465051062554e+00
8.953087884396387253e+00
8.901244110168510915e+00
8.850136970438862605e+00
8.799766087706647255e+00
8.750130888517162475e+00
8.701230613165716221e+00
8.653064325462453965e+00
8.605630922529426741e+00
8.558929144598351968e+00
8.512957584774365927e+00
8.467714698731699130e+00
8.423198814303555437e+00
8.379408140932163462e+00
8.336340778943355900e+00
8.293994728615436074e+00
8.252367899010296881e+00
8.211458116544045893e+00
8.171263133273187762e+00
8.131780634878888137e+00
8.093008248336346355e+00
8.054943549258902991e+00
8.017584068911377315e+00
7.980927300891248244e+00
7.944970707477455818e+00
7.909711725651614067e+00
7.875147772796728951e+00
7.841276252081532228e+00
7.808094557538199254e+00
7.775600078843700302e+00
7.743790205812929983e+00
7.712662332614754312e+00
7.682213861718099501e+00
7.652442207578278754e+00
7.623344800069724592e+00
7.594919087673425828e+00
7.567162540424721584e+00
7.540072652627164196e+00
7.513646945337259631e+00
7.487882968625301672e+00
7.462778303615770881e+00
7.438330564311590010e+00
7.414537399207172363e+00
7.391396492692621223e+00
7.368905566255398831e+00
7.347062379483022987e+00
7.325864730872350350e+00
7.305310458451183209e+00
7.285397440217714404e+00
7.266123594405682340e+00
7.247486879580723240e+00
7.229485294576927679e+00
7.212116878280959931e+00
7.195379709271866986e+00
7.179271905325939507e+00
7.163791622795094405e+00
7.148937055867774504e+00
7.134706435721956730e+00
7.121098029579446376e+00
7.108110139670251293e+00
7.095741102116697618e+00
7.083989285746389086e+00
7.072853090842691870e+00
7.062330947841431339e+00
7.052421315982778438e+00
7.043122681926249129e+00
7.034433558337181758e+00
7.026352482452401738e+00
7.018878014633023632e+00
7.012008736910958717e+00
7.005743251537507987e+00
7.000080179539917680e+00
6.995018159292939686e+00
6.990555845111854794e+00
6.986691905873430919e+00
6.983425023670188025e+00
6.980753892504537816e+00
6.978677217027860813e+00
6.977193711330196280e+00
6.976302097785554324e+00
6.976001105958347992e+00
6.976289471574706802e+00
6.977165935564457300e+00
6.978629243177401520e+00
6.980678143177892814e+00
6.983311387122306257e+00
