1.928393434673796123e-03
1.899226100319928857e-05
2.117102604411326468e-05
2.702994446613937537e-05
3.644744739820354583e-05
4.953299586706226906e-05
6.631426318098834381e-05
8.679227392147737051e-05
1.109622869503887289e-04
1.388203938117933993e-04
1.703649117489192534e-04
2.055961279561078960e-04
2.445156981380413545e-04
2.871261118865663250e-04
3.334303105911160425e-04
3.834314405467282704e-04
4.371327027632688719e-04
4.945372655044160586e-04
5.556482153099866943e-04
6.204685307911391194e-04
6.890010695658880559e-04
7.612485626317089769e-04
8.372136128769942266e-04
9.168986958556750314e-04
1.000306161768717630e-03
1.087438238063305864e-03
1.178297032320988142e-03
1.272884535253240119e-03
1.371202623703170892e-03
1.473253063598415052e-03
1.579037512824785390e-03
1.688557524004835868e-03
1.801814547175138422e-03
1.918809932357515031e-03
2.039544932026697479e-03
2.164020703474981398e-03
2.292238311076506829e-03
2.424198728455831918e-03
2.559902840563294934e-03
2.699351445662090572e-03
2.842545257229560276e-03
2.989484905778428542e-03
3.140170940599427193e-03
3.294603831431190503e-03
3.452783970059000642e-03
3.614711671845940045e-03
3.780387177200879908e-03
3.949810652984579382e-03
4.122982193856490618e-03
4.299901823566555301e-03
4.480569496193033928e-03
4.664985097327507997e-03
4.853148445211783943e-03
5.045059291827544076e-03
5.240717323938300434e-03
5.440122164088725606e-03
5.643273371561453346e-03
5.850170443292950981e-03
6.060812814748858281e-03
6.275199860761756544e-03
6.493330896331924763e-03
6.715205177392205224e-03
6.940821901537479015e-03
7.170180208720971018e-03
7.403279181917622916e-03
7.640117847756016517e-03
7.880695177118307929e-03
8.125010085711576943e-03
8.373061434608300088e-03
8.624848030759394227e-03
8.880368627479928723e-03
9.139621924905772313e-03
9.402606570425827218e-03
9.669321159087798309e-03
9.939764233978786237e-03
1.021393428658122493e-02
1.049182975710477063e-02
1.077344903479527695e-02
1.105879045822011353e-02
1.134785231553131664e-02
1.164063284470816077e-02
1.193713023377550482e-02
1.223734262100176391e-02
1.254126809507881239e-02
1.284890469527915149e-02
1.316025041159293342e-02
1.347530318484800246e-02
1.379406090680702565e-02
1.411652142024977588e-02
1.444268251903436245e-02
1.477254194814196439e-02
1.510609740370190066e-02
1.544334653300197084e-02
1.578428693447641792e-02
1.612891615768336992e-02
1.647723170326310937e-02
1.682923102287674569e-02
1.718491151913464215e-02
1.754427054550189435e-02
1.790730540619643943e-02
1.827401335606540847e-02
1.864439160044853092e-02
1.901843729502562114e-02
1.939614754565409729e-02
1.977751940818719620e-02
2.016254988827958367e-02
2.055123594118212285e-02
2.094357447152087395e-02
2.133956233306671946e-02
2.173919632848644867e-02
2.214247320909317265e-02
2.254938967457666144e-02
2.295994237272716218e-02
2.337412789915338518e-02
2.379194279698669534e-02
2.421338355658320465e-02
2.463844661521978271e-02
2.506712835678038057e-02
2.549942511144506416e-02
2.593533315537686207e-02
2.637484871040481418e-02
2.681796794371428191e-02
2.726468696753402837e-02
2.771500183883729776e-02
2.816890855904442825e-02
2.862640307373230317e-02
2.908748127236686007e-02
2.955213898803307412e-02
3.002037199720044777e-02
3.049217601948543341e-02
3.096754671744967810e-02
3.144647969641144181e-02
3.192897050428735589e-02
3.241501463144996070e-02
3.290460751062040945e-02
3.339774451678821643e-02
3.389442096715334501e-02
3.439463212110927676e-02
3.489837318024194973e-02
3.540563928837628382e-02
3.591642553164116347e-02
3.643072693856659605e-02
3.694853848021027731e-02
3.746985507032214030e-02
3.799467156551768893e-02
3.852298276549343675e-02
3.905478341325071406e-02
3.959006819535497435e-02
4.012883174219483012e-02
4.067106862827734454e-02
4.121677337250995166e-02
4.176594043851579452e-02
4.231856423492896119e-02
4.287463911570554842e-02
4.343415938043636987e-02
4.399711927463088867e-02
4.456351299000849142e-02
4.513333466477280342e-02
4.570657838386051747e-02
4.628323817917701088e-02
4.686330802980080007e-02
4.744678186216708116e-02
4.803365355021146227e-02
4.862391691549437095e-02
4.921756572728092777e-02
4.981459370259146840e-02
5.041499450621516470e-02
5.101876175068206787e-02
5.162588899620448174e-02
5.223636975058283671e-02
5.285019746906467752e-02
5.346736555418944714e-02
5.408786735557839787e-02
5.471169616970892463e-02
5.533884523965162949e-02
5.596930775479325854e-02
5.660307685051698540e-02
5.724014560788345113e-02
5.788050705327974638e-02
5.852415415806432736e-02
5.917107983819134415e-02
5.982127695384167887e-02
6.047473830902937164e-02
6.113145665123329714e-02
6.179142467101199354e-02
6.245463500161922005e-02
6.312108021865821261e-02
6.379075283970928045e-02
6.446364532399798120e-02
6.513975007206149193e-02
6.581905942544935550e-02
6.650156566641930722e-02
6.718726101768809911e-02
6.787613764216927914e-02
6.856818764276149947e-02
6.926340306214691378e-02
6.996177588261563718e-02
7.066329802592022369e-02
7.136796135316085532e-02
7.207575766467028133e-02
7.278667869996682804e-02
7.350071613769346146e-02
7.421786159560320173e-02
7.493810663055600063e-02
7.566144273855486546e-02
7.638786135478808914e-02
7.711735385369844487e-02
7.784991154906988065e-02
7.858552569414510580e-02
7.932418748174498158e-02
8.006588804439675189e-02
8.081061845451249781e-02
8.155836972453141265e-02
8.230913280711618651e-02
8.306289859532077491e-02
8.381965792280490768e-02
8.457940156401924647e-02
8.534212023442262762e-02
8.610780459067564341e-02
8.687644523086403281e-02
8.764803269470987368e-02
8.842255746375965453e-02
8.920000996162762152e-02
8.998038055417401093e-02
9.076365954972023808e-02
9.154983719924707219e-02
9.233890369658281916e-02
9.313084917860366130e-02
9.392566372540821218e-02
9.472333736049881603e-02
9.552386005096698274e-02
9.632722170762970937e-02
9.713341218523383058e-02
9.794242128257939217e-02
9.875423874270516933e-02
9.956885425300440740e-02
1.003862574454044976e-01
1.012064378964886713e-01
1.020293851276505570e-01
1.028550886052193025e-01
1.036835377406214453e-01
1.045147218904969033e-01
1.053486303568521437e-01
1.061852523871979898e-01
1.070245771746875241e-01
1.078665938582726164e-01
1.087112915228348603e-01
1.095586591993438080e-01
1.104086858650089736e-01
1.112613604434527920e-01
1.121166718048325350e-01
1.129746087660550707e-01
1.138351600909130595e-01
1.146983144902810614e-01
1.155640606222821803e-01
1.164323870924695442e-01
1.173032824540324870e-01
1.181767352079838157e-01
1.190527338033461752e-01
1.199312666373784225e-01
1.208123220557502375e-01
1.216958883527886337e-01
1.225819537716633240e-01
1.234705065046207834e-01
1.243615346932018806e-01
1.252550264284734705e-01
1.261509697512430417e-01
1.270493526523166772e-01
1.279501630727063743e-01
1.288533889038934455e-01
1.297590179880599992e-01
1.306670381183423491e-01
1.315774370390609405e-01
1.324902024460054561e-01
1.334053219866737916e-01
1.343227832605330963e-01
1.352425738192891413e-01
1.361646811671651802e-01
1.370890927611516930e-01
1.380157960112996240e-01
1.389447782809923870e-01
1.398760268872474843e-01
1.408095291009973105e-01
1.417452721473797528e-01
1.426832432060279876e-01
1.436234294113971632e-01
1.445658178530632165e-01
1.455103955760131962e-01
1.464571495809933455e-01
1.474060668247994810e-01
1.483571342206192190e-01
1.493103386383609343e-01
1.502656669049576565e-01
1.512231058047321663e-01
1.521826420797154911e-01
1.531442624300025646e-01
1.541079535140688628e-01
1.550737019491409963e-01
1.560414943115315534e-01
1.570113171369943439e-01
1.579831569210741193e-01
1.589570001194535176e-01
1.599328331483131083e-01
1.609106423846823064e-01
1.618904141668040253e-01
1.628721347944736830e-01
1.638557905293828443e-01
1.648413675955062441e-01
1.658288521794392678e-01
1.668182304307389563e-01
1.678094884622867988e-01
1.688026123506183862e-01
1.697975881362821515e-01
1.707944018241762951e-01
1.717930393839034453e-01
1.727934867500594551e-01
1.737957298226222580e-01
1.747997544672362513e-01
1.758055465155617392e-01
1.768130917655906520e-01
1.778223759819534955e-01
1.788333848962244954e-01
1.798461042072513338e-01
1.808605195814496636e-01
1.818766166530672024e-01
1.828943810245090840e-01
1.839137982666161908e-01
1.849348539189271945e-01
1.859575334899666588e-01
1.869818224574909815e-01
1.880077062687573464e-01
1.890351703407680273e-01
1.900642000605052284e-01
1.910947807851738345e-01
1.921268978423961438e-01
1.931605365304892297e-01
1.941956821185628068e-01
1.952323198468033927e-01
1.962704349266209958e-01
1.973100125408373262e-01
1.983510378437893795e-01
1.993934959615666636e-01
2.004373719920939101e-01
2.014826510052721287e-01
2.025293180430935702e-01
2.035773581197777571e-01
2.046267562218404279e-01
2.056774973081941793e-01
2.067295663102421688e-01
2.077829481319251881e-01
2.088376276498123962e-01
2.098935897131641026e-01
2.109508191439343483e-01
2.120093007369062421e-01
2.130690192596190191e-01
2.141299594525128414e-01
2.151921060288743970e-01
2.162554436749323239e-01
2.173199570498350330e-01
2.183856307856785750e-01
2.194524494875616794e-01
2.205203977335805088e-01
2.215894600748381515e-01
2.226596210354689909e-01
2.237308651126734826e-01
2.248031767767152689e-01
2.258765404709563995e-01
2.269509406118831174e-01
2.280263615890812112e-01
2.291027877652969946e-01
2.301802034764808269e-01
2.312585930317511140e-01
2.323379407134545660e-01
2.334182307772066090e-01
2.344994474518933003e-01
2.355815749397011660e-01
2.366645974161667720e-01
2.377484990301882706e-01
2.388332639040606498e-01
2.399188761335068198e-01
2.410053197877129738e-01
2.420925789093801850e-01
2.431806375147123889e-01
2.442694795934595153e-01
2.453590891089863224e-01
2.464494499982548270e-01
2.475405461718650502e-01
2.486323615141077525e-01
2.497248798829310723e-01
2.508180851100326736e-01
2.519119610008395682e-01
2.530064913345450028e-01
2.541016598641143154e-01
2.551974503163176866e-01
2.562938463917277532e-01
2.573908317647693456e-01
2.584883900837097181e-01
2.595865049706627681e-01
2.606851600216402165e-01
2.617843388065167476e-01
2.628840248691204362e-01
2.639842017271979424e-01
2.650848528724275566e-01
2.661859617704907532e-01
2.672875118610346656e-01
2.683894865578171918e-01
2.694918692486277245e-01
2.705946432954030589e-01
2.716977920342792951e-01
2.728012987755916718e-01
2.739051468040535897e-01
2.750093193787572776e-01
2.761137997333113492e-01
2.772185710759241806e-01
2.783236165895585090e-01
2.794289194320340175e-01
2.805344627362170162e-01
2.816402296101948033e-01
2.827462031374492479e-01
2.838523663770713967e-01
2.849587023640003380e-01
2.860651941092922645e-01
2.871718246004194008e-01
2.882785768015078687e-01
2.893854336537317606e-01
2.904923780756358265e-01
2.915993929635447013e-01
2.927064611919469317e-01
2.938135656139586604e-01
2.949206890617904198e-01
2.960278143472060419e-01
2.971349242621092457e-01
2.982420015790685497e-01
2.993490290519006392e-01
3.004559894162856515e-01
3.015628653904684486e-01
3.026696396758318253e-01
3.037762949577113569e-01
3.048828139060348330e-01
3.059891791761714663e-01
3.070953734096183441e-01
3.082013792349381220e-01
3.093071792684893295e-01
3.104127561153246506e-01
3.115180923701196813e-01
3.126231706180402914e-01
3.137279734356545613e-01
3.148324833919123322e-01
3.159366830490779599e-01
3.170405549637366760e-01
3.181440816877957323e-01
3.192472457694129351e-01
3.203500297540522457e-01
3.214524161855322193e-01
3.225543876069980609e-01
3.236559265619320391e-01
3.247570155952316795e-01
3.258576372541798216e-01
3.269577740894720752e-01
3.280574086562365599e-01
3.291565235150341051e-01
3.302551012327809010e-01
3.313531243837777862e-01
3.324505755506166338e-01
3.335474373251588465e-01
3.346436923093679683e-01
3.357393231162567604e-01
3.368343123706382114e-01
3.379286427100623991e-01
3.390222967854945035e-01
3.401152572620739223e-01
3.412075068198633931e-01
3.422990281544766034e-01
3.433898039777026900e-01
3.444798170180704000e-01
3.455690500213977057e-01
3.466574857512402241e-01
3.477451069893210400e-01
3.488318965359323287e-01
3.499178372101969248e-01
3.510029118504127132e-01
3.520871033141868556e-01
3.531703944786489524e-01
3.542527682405250400e-01
3.553342075162251312e-01
3.564146952417466263e-01
3.574942143727156130e-01
3.585727478842206661e-01
3.596502787706729598e-01
3.607267900455458642e-01
3.618022647412099668e-01
3.628766859085322261e-01
3.639500366165915879e-01
3.650222999522940159e-01
3.660934590199113603e-01
3.671634969407028271e-01
3.682323968523907309e-01
3.693001419086587300e-01
3.703667152787045724e-01
3.714321001466479033e-01
3.724962797109974133e-01
3.735592371841518489e-01
3.746209557918376842e-01
3.756814187725741050e-01
3.767406093772047715e-01
3.777985108682871407e-01
3.788551065197313106e-01
3.799103796163338376e-01
3.809643134532628705e-01
3.820168913357980256e-01
3.830680965788985093e-01
3.841179125069527633e-01
3.851663224535307184e-01
3.862133097611706867e-01
3.872588577812275945e-01
3.883029498738103658e-01
3.893455694077281315e-01
3.903866997605550671e-01
3.914263243186933416e-01
3.924644264775289937e-01
3.935009896417068775e-01
3.945359972253469349e-01
3.955694326524062387e-01
3.966012793570419803e-01
3.976315207841933375e-01
3.986601403899578955e-01
3.996871216422493989e-01
4.007124480213515860e-01
4.017361030206651473e-01
4.027580701473300051e-01
4.037783329230394957e-01
4.047968748848220222e-01
4.058136795857755219e-01
4.068287305960291422e-01
4.078420115034961380e-01
4.088535059148314943e-01
4.098631974562984559e-01
4.108710697746503770e-01
4.118771065379902008e-01
4.128812914367965825e-01
4.138836081846679615e-01
4.148840405192827374e-01
4.158825722032509220e-01
4.168791870249661247e-01
4.178738687994511536e-01
4.188666013690813816e-01
4.198573686044795861e-01
4.208461544051751990e-01
4.218329427003983390e-01
4.228177174497751434e-01
4.238004626439426659e-01
4.247811623052960561e-01
4.257598004885400633e-01
4.267363612813049878e-01
4.277108288047504758e-01
4.286831872141158573e-01
4.296534206992906890e-01
4.306215134853820237e-01
4.315874498331487286e-01
4.325512140396231553e-01
4.335127904386864572e-01
4.344721634014528377e-01
4.354293173369978009e-01
4.363842366927562222e-01
4.373369059552205118e-01
4.382873096504520949e-01
4.392354323447072439e-01
4.401812586450786768e-01
4.411247732001379873e-01
4.420659607005865688e-01
4.430048058799675448e-01
4.439412935153636552e-01
4.448754084281604237e-01
4.458071354847146228e-01
4.467364595971752284e-01
4.476633657242785058e-01
4.485878388719989895e-01
4.495098640945319191e-01
4.504294264949187387e-01
4.513465112258922551e-01
4.522611034906554583e-01
4.531731885436837137e-01
4.540827516913655826e-01
4.549897782928648549e-01
4.558942537607725276e-01
4.567961635617018845e-01
4.576954932170851920e-01
4.585922283035686053e-01
4.594863544537221012e-01
4.603778573564241694e-01
4.612667227573543083e-01
4.621529364593057743e-01
4.630364843224802907e-01
4.639173522647058734e-01
4.647955262615464100e-01
4.656709923464365519e-01
4.665437366105590900e-01
4.674137452027152806e-01
4.682810043292413016e-01
4.691455002536603636e-01
4.700072192963392625e-01
4.708661478340339657e-01
4.717222722995859097e-01
4.725755791812088491e-01
4.734260550220364960e-01
4.742736864195673530e-01
4.751184600250490941e-01
4.759603625428708851e-01
4.767993807300575093e-01
4.776355013957011564e-01
4.784687114005309327e-01
4.792989976564207000e-01
4.801263471260988625e-01
4.809507468228818583e-01
4.817721838105838428e-01
4.825906452033267291e-01
4.834061181657487993e-01
4.842185899131265514e-01
4.850280477116677424e-01
4.858344788789478730e-01
4.866378707845108176e-01
4.874382108504678457e-01
4.882354865522942067e-01
4.890296854196888865e-01
4.898207950375049746e-01
4.906088030468672145e-01
4.913936971461202452e-01
4.921754650919858975e-01
4.929540947007841067e-01
4.937295738494695829e-01
4.945018904768044843e-01
4.952710325844107975e-01
4.960369882379469519e-01
4.967997455679589169e-01
4.975592927708596402e-01
4.983156181097179727e-01
4.990687099149876960e-01
4.998185565852260592e-01
5.005651465875099460e-01
5.013084684578031913e-01
5.020485108013128528e-01
5.027852622924940951e-01
5.035187116750462488e-01
5.042488477616917653e-01
5.049756594337627691e-01
5.056991356405812210e-01
5.064192653985899462e-01
5.071360377903066929e-01
5.078494419628551970e-01
5.085594671263385935e-01
5.092661025518515627e-01
5.099693375689299257e-01
5.106691615629092018e-01
5.113655639717100687e-01
5.120585342823354980e-01
5.127480620267412803e-01
5.134341367775572262e-01
5.141167481433249753e-01
5.147958857631760310e-01
5.154715393016642278e-01
5.161436984427794084e-01
5.168123528841367387e-01
5.174774923307632335e-01
5.181391064890014109e-01
5.187971850601414969e-01
5.194517177343572767e-01
5.201026941845730001e-01
5.207501040605041487e-01
5.213939369830894455e-01
5.220341825390996116e-01
5.226708302761008396e-01
5.233038696978346005e-01
5.239332902600416508e-01
5.245590813667739827e-01
5.251812323672662153e-01
5.257997325532099975e-01
5.264145711569373498e-01
5.270257373498820064e-01
5.276332202420509487e-01
5.282370088819846599e-01
5.288370922576693944e-01
5.294334592980813881e-01
5.300260988756576586e-01
5.306149998096819642e-01
5.312001508704656816e-01
5.317815407843882181e-01
5.323591582398308208e-01
5.329329918941205779e-01
5.335030303811708619e-01
5.340692623198892708e-01
5.346316763235186009e-01
5.351902610094377843e-01
5.357450050097801730e-01
5.362958969825840638e-01
5.368429256232503111e-01
5.373860796766309900e-01
5.379253479491875600e-01
5.384607193215128484e-01
5.389921827607994098e-01
5.395197273332470456e-01
5.400433422164084840e-01
5.405630167109016782e-01
5.410787402517219791e-01
5.415905024189601180e-01
5.420982929473836531e-01
5.426021017351059239e-01
5.431019188509037532e-01
5.435977345404239269e-01
5.440895392307658618e-01
5.445773235338013940e-01
5.450610782478971794e-01
5.455407943586026986e-01
5.460164630378048223e-01
5.464880756419503438e-01
5.469556237094631568e-01
5.474190989574728716e-01
5.478784932780182970e-01
5.483337987341010411e-01
5.487850075558786678e-01
5.492321121365421055e-01
5.496751050289920837e-01
5.501139789424794868e-01
5.505487267397723983e-01
5.509793414346986218e-01
5.514058161897292809e-01
5.518281443137866837e-01
5.522463192597838466e-01
5.526603346217110468e-01
5.530701841309886291e-01
5.534758616516555207e-01
5.538773611741557579e-01
5.542746768075862418e-01
5.546678027700142621e-01
5.550567333771394551e-01
5.554414630288760923e-01
5.558219861947656382e-01
5.561982973976399292e-01
5.565703911968824524e-01
5.569382621707223979e-01
5.573019048989874547e-01
5.576613139456313428e-01
5.580164838423289364e-01
5.583674090724304317e-01
5.587140840562117017e-01
5.590565031365904991e-01
5.593946605655700788e-01
5.597285504913893650e-01
5.600581669458176703e-01
5.603835038314110006e-01
5.607045549092227743e-01
5.610213137860905475e-01
5.613337739020751727e-01
5.616419285180768162e-01
5.619457707038196803e-01
5.622452933269046493e-01
5.625404890428906679e-01
5.628313502876108876e-01
5.631178692718369350e-01
5.634000379791253010e-01
5.636778481673768715e-01
5.639512913744700873e-01
5.642203589281876708e-01
5.644850419606517455e-01
5.647453314267892877e-01
5.650012181267157763e-01
5.652526927315381089e-01
5.654997458119730425e-01
5.657423678692615754e-01
5.659805493683177646e-01
5.662142807725799587e-01
5.664435525813439343e-01
5.666683553689541020e-01
5.668886798270922345e-01
5.671045168101019884e-01
5.673158573835257457e-01
5.675226928753844824e-01
5.677250149294409409e-01
5.679228155584937765e-01
5.681160871954509251e-01
5.683048227392344387e-01
5.684890155923384425e-01
5.686686596873012922e-01
5.688437494994519339e-01
5.690142800453891203e-01
5.691802468666409265e-01
5.693416460004588897e-01
5.694984739398901707e-01
5.696507275866019571e-01
5.697984041995267646e-01
5.699415013423495546e-01
5.700800168320969696e-01
5.702139486906105947e-01
5.703432950994370421e-01
5.704680543590189279e-01
5.705882248528314493e-01
5.707038050173958155e-01
5.708147933198265411e-01
5.709211882450404563e-01
5.710229882943949065e-01
5.711201919977695329e-01
5.712127979394987509e-01
5.713008047971650516e-01
5.713842113903800923e-01
5.714630167345308154e-01
5.715372200925233903e-01
5.716068210173876896e-01
5.716718193773334677e-01
5.717322153578000554e-01
5.717880094377052469e-01
5.718392023401489555e-01
5.718857949635637317e-01
5.719277883018009101e-01
5.719651833641389294e-01
5.719979811058737429e-01
5.720261823774942522e-01
5.720497878962260696e-01
5.720687982388905635e-01
5.720832138500834274e-01
5.720930350583978141e-01
5.720982620909093042e-01
5.720988950795087291e-01
5.720949340546203077e-01
5.720863789252976783e-01
5.720732294480240787e-01
5.720554851865540247e-01
5.720331454647009650e-01
5.720062093128772673e-01
5.719746754052011939e-01
5.719385419830029793e-01
5.718978067604939541e-01
5.718524668115890774e-01
5.718025184415649331e-01
5.717479570546926126e-01
5.716887770342599095e-01
5.716249716559090865e-01
5.715565330532345056e-01
5.714834522503258185e-01
5.714057192648350769e-01
5.713233232742898071e-01
5.712362528279195661e-01
5.711444960779026303e-01
5.710480410032823251e-01
5.709468756024732583e-01
5.708409880382809831e-01
5.707303667299918892e-01
5.706150003962480177e-01
5.704948780616818649e-01
5.703699890477272882e-01
5.702403229752797120e-01
5.701058698121627133e-01
5.699666200011667128e-01
5.698225646965664470e-01
5.696736961175938863e-01
5.695200079941024063e-01
5.693614960413162507e-01
5.691981583682086399e-01
5.690299957151730981e-01
5.688570114395983257e-01
5.686792112211308536e-01
5.684966025274788004e-01
5.683091939455130470e-01
5.681169945148349942e-01
5.679200131948665131e-01
5.677182585492596134e-01
5.675117386613700576e-01
5.673004612248176981e-01
5.670844337046464512e-01
5.668636634516730499e-01
5.666381576782053564e-01
5.664079232557254207e-01
5.661729663613183083e-01
5.659332920557176294e-01
5.656889039062733548e-01
5.654398037649558395e-01
5.651859917733746963e-01
5.649274666126740119e-01
5.646642259642637995e-01
5.643962671179649782e-01
5.641235876613536204e-01
5.638461861947455800e-01
5.635640630206943946e-01
5.632772207436119727e-01
5.629856646907829276e-01
5.626894030582801909e-01
5.623884467224751216e-01
5.620828087363419767e-01
5.617725036282343876e-01
5.614575466854588859e-01
5.611379534035618732e-01
5.608137392126160137e-01
5.604849194880099361e-01
5.601515097614406802e-01
5.598135260003659353e-01
5.594709848239451944e-01
5.591239035535989776e-01
5.587723000374337223e-01
5.584161922342445461e-01
5.580555975979434313e-01
5.576905323681154991e-01
5.573210109339021834e-01
5.569470454631079148e-01
5.565686459458411006e-01
5.561858206781251646e-01
5.557985770340988507e-01
5.554069222087937296e-01
5.550108635445706318e-01
5.546104081442155831e-01
5.542055617129549860e-01
5.537963268730794475e-01
5.533827014268314359e-01
5.529646771048946086e-01
5.525422392105368008e-01
5.521153673019846275e-01
5.516840367554807223e-01
5.512482208261592076e-01
5.508078927646533618e-01
5.503630276501850771e-01
5.499136037879568395e-01
5.494596036811352224e-01
5.490010146667523294e-01
5.485378293117100235e-01
5.480700456213331018e-01
5.475976670469182572e-01
5.471207022291280087e-01
5.466391644311262565e-01
5.461530707126215356e-01
5.456624409994231817e-01
5.451672972246209836e-01
5.446676626575097657e-01
5.441635614895189432e-01
5.436550187746210794e-01
5.431420608406531958e-01
5.426247161443747968e-01
5.421030162348813297e-01
5.415769962341876465e-01
5.410466943132710149e-01
5.405121500794343170e-01
5.399734023447937403e-01
5.394304870438010324e-01
5.388834359231200466e-01
5.383322761698788872e-01
5.377770307081595202e-01
5.372177187344480132e-01
5.366543561879626445e-01
5.360869560800196609e-01
5.355155287586422785e-01
5.349400822110362830e-01
5.343606224621928469e-01
5.337771540786975244e-01
5.331896807626091972e-01
5.325982060096424719e-01
5.320027337910770981e-01
5.314032692107362177e-01
5.307998191292200296e-01
5.301923928481614423e-01
5.295810030177288130e-01
5.289656668433936337e-01
5.283464074203992888e-01
5.277232547965283738e-01
5.270962463653473540e-01
5.264654264378242354e-01
5.258308451576859666e-01
5.251925571323158293e-01
5.245506201842413674e-01
5.239050944879063421e-01
5.232560420557332836e-01
5.226035262066011100e-01
5.219476105655488363e-01
5.212883574697085853e-01
5.206258261682263910e-01
5.199600714329669637e-01
5.192911429117469391e-01
5.186190850408479713e-01
5.179439370531996323e-01
5.172657327213388001e-01
5.165844997079147571e-01
5.159002585555679810e-01
5.152130215074417485e-01
5.145227916095889142e-01
5.138295626906970170e-01
5.131333205499857275e-01
5.124340451229383309e-01
5.117317130130978331e-01
5.110262998189818440e-01
5.103177818855865189e-01
5.096061371617439661e-01
5.088913448898720882e-01
5.081733842388153066e-01
5.074522326642139092e-01
5.067278652005410278e-01
5.060002555870432017e-01
5.052693791876448071e-01
5.045352166552432571e-01
5.037977568359068847e-01
5.030569977923373681e-01
5.023129458232387101e-01
5.015656133475507872e-01
5.008150169067893120e-01
5.000611761611475359e-01
4.993041139891934432e-01
4.985438571917304995e-01
4.977804371190973631e-01
4.970138897036803227e-01
4.962442546786137720e-01
4.954715740864161222e-01
4.946958904527939405e-01
4.939172450843963835e-01
4.931356767587162238e-01
4.923512207832009269e-01
4.915639083594716130e-01
4.907737664772890418e-01
4.899808187532148085e-01
4.891850872272827111e-01
4.883865943155469846e-01
4.875853637768746141e-01
4.867814202957012060e-01
4.859747885382982857e-01
4.851654929968102214e-01
4.843535590024336535e-01
4.835390138714636410e-01
4.827218867117010204e-01
4.819022064061672106e-01
4.810799987344558382e-01
4.802552842073061212e-01
4.794280776404168942e-01
4.785983894311100495e-01
4.777662277225324106e-01
4.769316004240290452e-01
4.760945162976167322e-01
4.752549848688854550e-01
4.744130156183899993e-01
4.735686174164814299e-01
4.727217990633993394e-01
4.718725709998211615e-01
4.710209472577751577e-01
4.701669463618472489e-01
4.693105905976907022e-01
4.684519043058680277e-01
4.675909124709355935e-01
4.667276402562031135e-01
4.658621130295754753e-01
4.649943561540537118e-01
4.641243946551161237e-01
4.632522536270917701e-01
4.623779597214569548e-01
4.615015427070159881e-01
4.606230355494445594e-01
4.597424726022150132e-01
4.588598872521847394e-01
4.579753108417323193e-01
4.570887733583153811e-01
4.562003046807978079e-01
4.553099348586806538e-01
4.544176931106249095e-01
4.535236064827889435e-01
4.526276991386192772e-01
4.517299923235498227e-01
4.508305043717064087e-01
4.499292503243530472e-01
4.490262413286381094e-01
4.481214842103444784e-01
4.472149813352699343e-01
4.463067305432243392e-01
4.453967249146590923e-01
4.444849523315713147e-01
4.435713949454287430e-01
4.426560286717835524e-01
4.417388228074733969e-01
4.408197399460244692e-01
4.398987365073150912e-01
4.389757641931556487e-01
4.380507723580482904e-01
4.371237107391169885e-01
4.361945316172240461e-01
4.352631906596943767e-01
4.343296463853807965e-01
4.333938588992056751e-01
4.324557887483784779e-01
4.315153964090200911e-01
4.305726424596137969e-01
4.296274883628621866e-01
4.286798978943334171e-01
4.277298391848547432e-01
4.267772868950377441e-01
4.258222236414737627e-01
4.248646400306874127e-01
4.239045334981306201e-01
4.229419068529452486e-01
4.219767673559736143e-01
4.210091264899494812e-01
4.200390000734563478e-01
4.190664084809084255e-01
4.180913771567960069e-01
4.171139377125273606e-01
4.161341294331701857e-01
4.151520004355867544e-01
4.141676076685265051e-01
4.131810155905274451e-01
4.121922941821095088e-01
4.112015172304508970e-01
4.102087613629027407e-01
4.092141055621149048e-01
4.082176305191241861e-01
4.072194174144104228e-01
4.062195462579503147e-01
4.052180942715941092e-01
4.042151347237517567e-01
4.032107362783961535e-01
4.022049626238452524e-01
4.011978720985825420e-01
4.001895171795787354e-01
3.991799438572283254e-01
3.981691909755247782e-01
3.971572896139274333e-01
3.961442626524159794e-01
3.951301247774384184e-01
3.941148831392982665e-01
3.930985385140448596e-01
3.920810863954856118e-01
3.910625174665696702e-01
3.900428175337917192e-01
3.890219676746096700e-01
3.879999452627386769e-01
3.869767256833952507e-01
3.859522838266897793e-01
3.849265946535995742e-01
3.838996330293137915e-01
3.828713736282418623e-01
3.818417914444643402e-01
3.808108626846096745e-01
3.797785654094928964e-01
3.787448795812544122e-01
3.777097867706685763e-01
3.766732700576395088e-01
3.756353143950187379e-01
3.745959072164042891e-01
3.735550388348575224e-01
3.725127023817808580e-01
3.714688934440084633e-01
3.704236097931213889e-01
3.693768514942089576e-01
3.683286213764014327e-01
3.672789256038817007e-01
3.662277740485196942e-01
3.651751802871108232e-01
3.641211612096870720e-01
3.630657363579358199e-01
3.620089272051915663e-01
3.609507566330030226e-01
3.598912488153075406e-01
3.588304295601194571e-01
3.577683269236360264e-01
3.567049717328913960e-01
3.556403976742972262e-01
3.545746408686724083e-01
3.535077392245501993e-01
3.524397320871261452e-01
3.513706605788010084e-01
3.503005685816282799e-01
3.492295038099486604e-01
3.481575182041498628e-01
3.470846671161013641e-01
3.460110073291220445e-01
3.449365945262621302e-01
3.438614810662588006e-01
3.427857147278717820e-01
3.417093385849500065e-01
3.406323916812635799e-01
3.395549099520035474e-01
3.384769269402528868e-01
3.373984741235293572e-01
3.363195808857028513e-01
3.352402742476259800e-01
3.341605784573739579e-01
3.330805145181723326e-01
3.320000997237276263e-01
3.309193472529483038e-01
3.298382658424365843e-01
3.287568595429853913e-01
3.276751275982777156e-01
3.265930645343007033e-01
3.255106605501122408e-01
3.244279022147430469e-01
3.233447733305823690e-01
3.222612557064156724e-01
3.211773295842307308e-01
3.200929736066364106e-01
3.190081644294588403e-01
3.179228762546564280e-01
3.168370805879328622e-01
3.157507464095485328e-01
3.146638407665084403e-01
3.135763296512041887e-01
3.124881789838065416e-01
3.113993555541074709e-01
3.103098278507829266e-01
3.092195667630879274e-01
3.081285461634922784e-01
3.070367433858490758e-01
3.059441396234533483e-01
3.048507202954428008e-01
3.037564754535198031e-01
3.026614002942417669e-01
3.015654957860011143e-01
3.004687693272384275e-01
2.993712352761008222e-01
2.982729151981843296e-01
2.971738377861754543e-01
2.960740385549548437e-01
2.949735594978279418e-01
2.938724488309940597e-01
2.927707607993219607e-01
2.916685554019662896e-01
2.905658979279878151e-01
2.894628583392233612e-01
2.883595106556590126e-01
2.872559324684597626e-01
2.861522045534655168e-01
2.850484104244743744e-01
2.839446356696007090e-01
2.828409670418280397e-01
2.817374914105632566e-01
2.806342947206624805e-01
2.795314610447920955e-01
2.784290717311396768e-01
2.773272046155124126e-01
2.762259332979417059e-01
2.751253265323463371e-01
2.740254477898066976e-01
2.729263550170750174e-01
2.718281005463171196e-01
2.707307310681792978e-01
2.696342875881944101e-01
2.685388053393948371e-01
2.674443136904268159e-01
2.663508361259082635e-01
2.652583903682913524e-01
2.641669886649070098e-01
2.630766382093158162e-01
2.619873416278298839e-01
2.608990974524039719e-01
2.598119005161377837e-01
2.587257422375295879e-01
2.576406107938015166e-01
2.565564912169687739e-01
2.554733654726504821e-01
2.543912125960559045e-01
2.533100089536876043e-01
2.522297286694106244e-01
2.511503442050168622e-01
2.500718270323935566e-01
2.489941483000227274e-01
2.479172793987533263e-01
2.468411923764913807e-01
2.457658602207960785e-01
2.446912570917531005e-01
2.436173586105968292e-01
2.425441422775075628e-01
2.414715880159177541e-01
2.403996787552977465e-01
2.393284009111297517e-01
2.382577446254363074e-01
2.371877036955648832e-01
2.361182752157834908e-01
2.350494590505705916e-01
2.339812573111551275e-01
2.329136740018935836e-01
2.318467149407819061e-01
2.307803879635902666e-01
2.297147033296295660e-01
2.286496741906108021e-01
2.275853169806074383e-01
2.265216516285168125e-01
2.254587015601656197e-01
2.243964935192518939e-01
2.233350572722128391e-01
2.222744252676119026e-01
2.212146323009155924e-01
2.201557152050515331e-01
2.190977125593617514e-01
2.180406643945198009e-01
2.169846118720973882e-01
2.159295969325845388e-01
2.148756619273246848e-01
2.138228492677225479e-01
2.127712011309154105e-01
2.117207592517724724e-01
2.106715648088224868e-01
2.096236583852241486e-01
2.085770799641006312e-01
2.075318689087917723e-01
2.064880638849202199e-01
2.054457027014544024e-01
2.044048220738516886e-01
2.033654573368102458e-01
2.023276421486187859e-01
2.012914082314405106e-01
2.002567851820417910e-01
1.992238003719364048e-01
1.981924789386557140e-01
1.971628438568961694e-01
1.961349160706388484e-01
1.951087146652030202e-01
1.940842570590070870e-01
1.930615591977055678e-01
1.920406357352114624e-01
1.910215001894357001e-01
1.900041650637550317e-01
1.889886419305956133e-01
1.879749414803002783e-01
1.869630735454272386e-01
1.859530471161320031e-01
1.849448703641390634e-01
1.839385506899883227e-01
1.829340948012825596e-01
1.819315088196407915e-01
1.809307984041473027e-01
1.799319688724033695e-01
1.789350252990936641e-01
1.779399725775470675e-01
1.769468154400442861e-01
1.759555584450453181e-01
1.749662059486512267e-01
1.739787620807970725e-01
1.729932307421972737e-01
1.720096156288563605e-01
1.710279202804941556e-01
1.700481481426207031e-01
1.690703026313435109e-01
1.680943871940893952e-01
1.671204053655546418e-01
1.661483608224268160e-01
1.651782574403901638e-01
1.642100993537105591e-01
1.632438910136471411e-01
1.622796372395808595e-01
1.613173432575132071e-01
1.603570147242877331e-01
1.593986577394511661e-01
1.584422788489957268e-01
1.574878850452038070e-01
1.565354837644598596e-01
1.555850828827002041e-01
1.546366907068907892e-01
1.536903159617156178e-01
1.527459677728620346e-01
1.518036556506356105e-01
1.508633894792434371e-01
1.499251795163810963e-01
1.489890364052772198e-01
1.480549711979438632e-01
1.471229953849186312e-01
1.461931209247624708e-01
1.452653602665694155e-01
1.443397263606493175e-01
1.434162326555214195e-01
1.424948930829049165e-01
1.415757220348816958e-01
1.406587343383012834e-01
1.397439452313677943e-01
1.388313703453382397e-01
1.379210256922656919e-01
1.370129276573688604e-01
1.361070929931922358e-01
1.352035388121506088e-01
1.343022825742367643e-01
1.334033420677006865e-01
1.325067353819306959e-01
1.316124808729579598e-01
1.307205971234454145e-01
1.298311028993076599e-01
1.289440171059277329e-01
1.280593587461418548e-01
1.271771468821511486e-01
1.262974006025738005e-01
1.254201389950969914e-01
1.245453811246187981e-01
1.236731460160016144e-01
1.228034526402549259e-01
1.219363199026695516e-01
1.210717666314104074e-01
1.202098115651024091e-01
1.193504733385433170e-01
1.184937704659199814e-01
1.176397213215980841e-01
1.167883441193121735e-01
1.159396568908042380e-01
1.150936774654657963e-01
1.142504234524668039e-01
1.134099122265376652e-01
1.125721609179932692e-01
1.117371864068827519e-01
1.109050053202906422e-01
1.100756340310713594e-01
1.092490886560534141e-01
1.084253850513598599e-01
1.076045388030655720e-01
1.067865652118295261e-01
1.059714792711709958e-01
1.051592956399768491e-01
1.043500286109029784e-01
1.035436920772001418e-01
1.027402995008707826e-01
1.019398638852992839e-01
1.011423977553500553e-01
1.003479131470235292e-01
9.955642160810115882e-02
9.876793420990827299e-02
9.798246156940722262e-02
9.720001387978439988e-02
9.642060094702468998e-02
9.564423222975865224e-02
9.487091687938598028e-02
9.410066377819686911e-02
9.333348157346765817e-02
9.256937870639724009e-02
9.180836343553223922e-02
9.105044385481121660e-02
9.029562790719253274e-02
8.954392339492395214e-02
8.879533798770118669e-02
8.804987923001682260e-02
8.730755454862146325e-02
8.656837126080486888e-02
8.583233658382564968e-02
8.509945764557101666e-02
8.436974149620643515e-02
8.364319512047706240e-02
8.291982545029032148e-02
8.219963937725835446e-02
8.148264376489863792e-02
8.076884546047599645e-02
8.005825130649667221e-02
7.935086815192191056e-02
7.864670286333300120e-02
7.794576233612920957e-02
7.724805350591593123e-02
7.655358335999321029e-02
7.586235894885720588e-02
7.517438739745641030e-02
7.448967591594375659e-02
7.380823180946703699e-02
7.313006248673098453e-02
7.245517546699445366e-02
7.178357838522358980e-02
7.111527899533606756e-02
7.045028517144275026e-02
6.978860490721279508e-02
6.913024631348911597e-02
6.847521761441527355e-02
6.782352714234923807e-02
6.717518333181775325e-02
6.653019471283171116e-02
6.588856990376912304e-02
6.525031760407100367e-02
6.461544658693288423e-02
6.398396569205944129e-02
6.335588381865855934e-02
6.273120991866426577e-02
6.210995299025443006e-02
6.149212207170746264e-02
6.087772623550469220e-02
6.026677458278851401e-02
5.965927623804260366e-02
5.905524034402754446e-02
5.845467605696261920e-02
5.785759254184938416e-02
5.726399896795590638e-02
5.667390450441713717e-02
5.608731831592581735e-02
5.550424955847663849e-02
5.492470737515683238e-02
5.434870089193966775e-02
5.377623921353236885e-02
5.320733141920543779e-02
5.264198655866750287e-02
5.208021364794353236e-02
5.152202166530687327e-02
5.096741954724968299e-02
5.041641618452426948e-02
4.986902041824214232e-02
4.932524103608262878e-02
4.878508676857344628e-02
4.824856628550636128e-02
4.771568819243000859e-02
4.718646102728350084e-02
4.666089325716155783e-02
4.613899327518006244e-02
4.562076939747744531e-02
4.510622986034824866e-02
4.459538281749323568e-02
4.408823633740819453e-02
4.358479840088586021e-02
4.308507689864703172e-02
4.258907962908918543e-02
4.209681429616326381e-02
4.160828850737463558e-02
4.112350977189733331e-02
4.064248549881790268e-02
4.016522299550447789e-02
3.969172946609723224e-02
3.922201201014563487e-02
3.875607762137229378e-02
3.829393318657731138e-02
3.783558548469862642e-02
3.738104118600934361e-02
3.693030685148220027e-02
3.648338893231464763e-02
3.604029376958895609e-02
3.560102759412988455e-02
3.516559652648776346e-02
3.473400657709469624e-02
3.430626364656665789e-02
3.388237352615679904e-02
3.346234189832911210e-02
3.304617433747311650e-02
3.263387631072519474e-02
3.222545317889775190e-02
3.182091019750716426e-02
3.142025251786181167e-02
3.102348518823896256e-02
3.063061315510207799e-02
3.024164126435880534e-02
2.985657426266317624e-02
2.947541679872540954e-02
2.909817342463097076e-02
2.872484859717600036e-02
2.835544667917741860e-02
2.798997194078703746e-02
2.762842856077343465e-02
2.727082062778693819e-02
2.691715214161051473e-02
2.656742701435552134e-02
2.622164907164632394e-02
2.587982205377420755e-02
2.554194961680185741e-02
2.520803533364923341e-02
2.487808269514961076e-02
2.455209511106209996e-02
2.423007591106336039e-02
2.391202834570714530e-02
2.359795558735813120e-02
2.328786073109464713e-02
2.298174679559343916e-02
2.267961672397744016e-02
2.238147338465742986e-02
2.208731957213363323e-02
2.179715800778910320e-02
2.151099134065505986e-02
2.122882214816140117e-02
2.095065293685705737e-02
2.067648614312314267e-02
2.040632413386391994e-02
2.014016920716760195e-02
1.987802359296508489e-02
1.961988945365851153e-02
1.936576888474051197e-02
1.911566391538602194e-02
1.886957650903432412e-02
1.862750856395103613e-02
1.838946191377422573e-02
1.815543832804303662e-02
1.792543951271460476e-02
1.769946711066548370e-02
1.747752270217292625e-02
1.725960780538999748e-02
1.704572387681007120e-02
1.683587231170954185e-02
1.663005444459547330e-02
1.642827154963233741e-02
1.623052484106162624e-02
1.603681547362399012e-02
1.584714454296405964e-02
1.566151308603950382e-02
1.547992208152119444e-02
1.530237245018686507e-02
1.512886505532679178e-02
1.495940070313603841e-02
1.479398014311251487e-02
1.463260406845388883e-02
1.447527311645981779e-02
1.432198786893391224e-02
1.417274885259212774e-02
1.402755653947457097e-02
1.388641134735634809e-02
1.374931364017800521e-02
1.361626372846620053e-02
1.348726186976833760e-02
1.336230826909668400e-02
1.324140307937147175e-02
1.312454640187911935e-02
1.301173828672974077e-02
1.290297873332920363e-02
1.279826769085319095e-02
1.269760505873184474e-02
1.260099068713864227e-02
1.250842437748742215e-02
1.241990588293757913e-02
1.233543490889995806e-02
1.225501111355743571e-02
1.217863410838014582e-02
1.210630345865513179e-02
