2.620910338198693679e-01
1.646389336668646619e+00
1.342129594588651775e+00
1.159565718735386497e+00
1.038275506889808408e+00
9.521390059103932435e-01
8.883184191485961057e-01
8.397945890239344457e-01
8.023857559436529119e-01
7.734244224257558198e-01
7.511139285664757415e-01
7.341902438889511551e-01
7.217321097471058877e-01
7.130483725490308622e-01
7.076079007335320803e-01
7.049942062233162110e-01
7.048750348464239979e-01
7.069813758440945950e-01
7.110925968419911092e-01
7.170256791429988619e-01
7.246272684605405967e-01
7.337677028227134191e-01
7.443364569698277533e-01
7.562386197845382130e-01
7.693921371932447295e-01
7.837256304486357461e-01
7.991766525232039120e-01
8.156902820109110941e-01
8.332179798104017987e-01
8.517166523998657146e-01
8.711478789768927200e-01
8.914772696388217899e-01
9.126739291475245430e-01
9.347100063641362588e-01
9.575603136487436107e-01
9.812020037464527222e-01
1.005614294175982915e+00
1.030778231080559548e+00
1.056676486026714157e+00
1.083293180442594039e+00
1.110613733347078025e+00
1.138624728788540486e+00
1.167313800030875814e+00
1.196669528024177698e+00
1.226681352105426059e+00
1.257339491206404203e+00
1.288634874120519358e+00
1.320559077604977816e+00
1.353104271282386195e+00
1.386263168460959427e+00
1.420028982122699013e+00
1.454395385437814214e+00
1.489356476255450978e+00
1.524906745098016936e+00
1.561041046252378939e+00
1.597754571606567309e+00
1.635042826928631676e+00
1.672901610324510902e+00
1.711326992647073553e+00
1.750315299658083301e+00
1.789863095770922508e+00
1.829967169223879919e+00
1.870624518553377413e+00
1.911832340252765938e+00
1.953588017517085662e+00
1.995889109986174859e+00
2.038733344409895842e+00
2.082118606167694175e+00
2.126042931583789208e+00
2.170504500984928420e+00
2.215501632454643488e+00
2.261032776242038800e+00
2.307096509787992300e+00
2.353691533334576480e+00
2.400816666086704743e+00
2.448470842897310096e+00
2.496653111448865481e+00
2.545362629905521867e+00
2.594598665011401462e+00
2.644360590610483897e+00
2.694647886564480732e+00
2.745460138044470533e+00
2.796797035172552182e+00
2.848658372988076337e+00
2.901044051714259275e+00
2.953954077298016845e+00
3.007388562196913639e+00
3.061347726384780366e+00
3.115831898547351653e+00
3.170841517437851920e+00
3.226377133361508776e+00
3.282439409756905846e+00
3.339029124841200069e+00
3.396147173285440246e+00
3.453794567884870492e+00
3.511972441189362915e+00
3.570682047057696984e+00
3.629924762099522528e+00
3.689702086968560835e+00
3.750015647470544167e+00
3.810867195449527234e+00
3.872258609416974640e+00
3.934191894888354302e+00
3.996669184392684926e+00
4.059692737122853501e+00
4.123264938193987206e+00
4.187388297480865162e+00
4.252065448005957649e+00
4.317299143852340038e+00
4.383092257578761419e+00
4.449447777115656422e+00
4.516368802125335868e+00
4.583858539811734190e+00
4.651920300169234856e+00
4.720557490663579436e+00
4.789773610341741872e+00
4.859572243371985678e+00
4.929957052019415364e+00
5.000931769067213928e+00
5.072500189697633388e+00
5.144666162852228553e+00
5.217433582095711841e+00
5.290806376011500056e+00
5.364788498163817643e+00
5.439383916663901530e+00
5.514596603384780416e+00
5.590430522871834285e+00
5.666889621002638044e+00
5.743977813452143089e+00
5.821698974024955398e+00
5.900056922918930802e+00
5.979055414988521555e+00
6.058698128078296108e+00
6.138988651500355331e+00
6.219930474731057757e+00
6.301526976402607616e+00
6.383781413667317217e+00
6.466696912010883480e+00
6.550276455590834601e+00
6.634522878173944704e+00
6.719438854745082068e+00
6.805026893855034231e+00
6.891289330772296218e+00
6.978228321497842224e+00
7.065845837696813625e+00
7.154143662593463127e+00
7.243123387871194474e+00
7.332786411607632004e+00
7.423133937270758764e+00
7.514166973790304738e+00
7.605886336710852014e+00
7.698292650423398165e+00
7.791386351463527760e+00
7.885167692853358723e+00
7.979636749457101885e+00
8.074793424309948620e+00
8.170637455871931465e+00
8.267168426150389493e+00
8.364385769627485701e+00
8.462288782922419372e+00
8.560876635112498079e+00
8.660148378632026578e+00
8.760102960663976646e+00
8.860739234937215159e+00
8.962055973838662482e+00
9.064051880749655510e+00
9.166725602515699123e+00
9.270075741958493154e+00
9.374100870341774083e+00
9.478799539705045518e+00
9.584170294981264604e+00
9.690211685818965748e+00
9.796922278035031795e+00
9.904300664626374484e+00
1.001234547627768556e+01
1.012105539130501697e+01
1.023042914498326894e+01
1.034046553821192305e+01
1.045116344547714249e+01
1.056252182208030810e+01
1.067453971060392526e+01
1.078721624659676692e+01
1.090055066346517698e+01
1.101454229656335926e+01
1.112919058648382453e+01
1.124449508155297828e+01
1.136045543954364767e+01
1.147707142862293495e+01
1.159434292755687679e+01
1.171226992519891574e+01
1.183085251929482240e+01
1.195009091463773387e+01
1.206998542061323576e+01
1.219053644817462789e+01
1.231174450629380246e+01
1.243361019793136180e+01
1.255613421557503528e+01
1.267931733639365177e+01
1.280316041705436270e+01
1.292766438825371722e+01
1.305283024900948163e+01
1.317865906076131211e+01
1.330515194132814472e+01
1.343231005876649320e+01
1.356013462517458379e+01
1.368862689048475545e+01
1.381778813628382707e+01
1.394761966970094313e+01
1.407812281739750482e+01
1.420929891969379710e+01
1.434114932486366989e+01
1.447367538362478889e+01
1.460687844385193834e+01
1.474075984553581087e+01
1.487532091600894901e+01
1.501056296545642432e+01
1.514648728272804412e+01
1.528309513146467857e+01
1.542038774654995237e+01
1.555836633089638710e+01
1.569703205257189182e+01
1.583638604227141222e+01
1.597642939113672966e+01
1.611716314892349899e+01
1.625858832251624264e+01
1.640070587478674469e+01
1.654351672379303295e+01
1.668702174231201241e+01
1.683122175769859297e+01
1.697611755206397888e+01
1.712170986276185047e+01
1.726799938317244099e+01
1.741498676377230836e+01
1.756267261347636932e+01
1.771105750123836131e+01
1.786014195789429948e+01
1.800992647823232318e+01
1.816041152327226982e+01
1.831159752273576657e+01
1.846348487768905144e+01
1.861607396333557318e+01
1.876936513194002387e+01
1.892335871585925133e+01
1.907805503065780783e+01
1.923345437828205107e+01
1.938955705027070664e+01
1.954636333097065304e+01
1.970387350073494659e+01
1.986208783907034103e+01
2.002100662770772743e+01
2.018063015356316470e+01
2.034095871155683710e+01
2.050199260725959860e+01
2.066373215933063179e+01
2.082617770171305338e+01
2.098932958555219486e+01
2.115318818079995111e+01
2.131775387746888484e+01
2.148302708650000881e+01
2.164900824020704917e+01
2.181569779226148498e+01
2.198309621718266627e+01
2.215120400929763278e+01
2.232002168113885787e+01
2.248954976124722549e+01
2.265978879135257884e+01
2.283073932290420061e+01
2.300240191293004344e+01
2.317477711920252048e+01
2.334786549470155848e+01
2.352166758135986413e+01
2.369618390308789913e+01
2.387141495808186065e+01
2.404736121041992192e+01
2.422402308096335233e+01
2.440140093758329343e+01
2.457949508474361267e+01
2.475830575247501386e+01
2.493783308478825234e+01
2.511807712757548217e+01
2.529903781606324742e+01
2.548071496188373075e+01
2.566310823983958755e+01
2.584621717444494138e+01
2.603004112633104228e+01
2.621457927860997827e+01
2.639983062329692487e+01
2.658579394789149930e+01
2.677246782222725230e+01
2.695985058569054615e+01
2.714794033492654890e+01
2.733673491212873685e+01
2.752623189402731185e+01
2.771642858166983814e+01
2.790732199110058431e+01
2.809890884502266672e+01
2.829118556553452990e+01
2.848414826801398192e+01
2.867779275622136126e+01
2.887211451867904799e+01
2.906710872637622600e+01
2.926277023183812886e+01
2.945909356958560821e+01
2.965607295800113263e+01
2.985370230260658531e+01
3.005197520074490569e+01
3.025088494765042313e+01
3.045042454387980868e+01
3.065058670406674324e+01
3.085136386695653954e+01
3.105274820666537750e+01
3.125473164510357904e+01
3.145730586549799668e+01
3.166046232693778251e+01
3.186419227986926828e+01
3.206848678245610529e+01
3.227333671772127133e+01
3.247873281138450352e+01
3.268466565030509230e+01
3.289112570143858960e+01
3.309810333121813386e+01
3.330558882526514708e+01
3.351357240833829820e+01
3.372204426442631586e+01
3.393099455689079491e+01
3.414041344856882887e+01
3.435029112173742050e+01
3.456061779785341770e+01
3.477138375697352046e+01
3.498257935676647179e+01
3.519419505102908374e+01
3.540622140762097558e+01
3.561864912573388153e+01
3.583146905241719082e+01
3.604467219828581648e+01
3.625824975233861380e+01
3.647219309582426661e+01
3.668649381509948171e+01
3.690114371342621524e+01
3.711613482167150835e+01
3.733145940787457562e+01
3.754710998566059033e+01
3.776307932148989721e+01
3.797936044074261730e+01
3.819594663264588519e+01
3.841283145406949728e+01
3.863000873222012643e+01
3.884747256627824186e+01
3.906521732803156510e+01
3.928323766156982089e+01
3.950152848211224921e+01
3.972008497404797822e+01
3.993890258828049156e+01
4.015797703896348025e+01
4.037730429972958035e+01
4.059688059950984496e+01
4.081670241804484078e+01
4.103676648118714354e+01
4.125706975609458738e+01
4.147760944640662473e+01
4.169838298749388628e+01
4.191938804186275291e+01
4.214062249479048461e+01
4.236208445025288682e+01
4.258377222720189792e+01
4.280568435623536772e+01
4.302781957668936030e+01
4.325017683417455316e+01
4.347275527855864397e+01
4.369555426239269025e+01
4.391857333975876543e+01
4.414181226550770276e+01
4.436527099484428760e+01
4.458894968320162633e+01
4.481284868634499219e+01
4.503696856062568799e+01
4.526131006330341933e+01
4.548587415285260249e+01
4.571066198915079326e+01
4.593567493345897645e+01
4.616091454808827166e+01
4.638638259565538391e+01
4.661208103782632151e+01
4.683801203345098685e+01
4.706417793599615607e+01
4.729058129019139045e+01
4.751722482780058954e+01
4.774411146245684989e+01
4.797124428348652714e+01
4.819862654867467455e+01
4.842626167592942465e+01
4.865415323380871371e+01
4.888230493089678674e+01
4.911072060401826178e+01
4.933940420529812343e+01
4.956835978808701526e+01
4.979759149178070743e+01
5.002710352558226248e+01
5.025690015126336618e+01
5.048698566499265183e+01
5.071736437832205269e+01
5.094804059841618482e+01
5.117901860764341393e+01
5.141030264263930860e+01
5.164189687297771059e+01
5.187380537959145954e+01
5.210603213308865378e+01
5.233858097213309435e+01
5.257145558204990010e+01
5.280465947383798664e+01
5.303819596377102386e+01
5.327206815377083871e+01
5.350627891274845638e+01
5.374083085909878577e+01
5.397572634454483165e+01
5.421096743951266461e+01
5.444655592022255064e+01
5.468249325766737456e+01
5.491878060863722055e+01
5.515541880893759696e+01
5.539240836892906827e+01
5.562974947149345439e+01
5.586744197250774135e+01
5.610548540388197836e+01
5.634387897918171006e+01
5.658262160182806610e+01
5.682171187582410710e+01
5.706114811893434080e+01
5.730092837818482820e+01
5.754105044753314502e+01
5.778151188750108957e+01
5.802231004653787494e+01
5.826344208383775936e+01
5.850490499330260974e+01
5.874669562831712000e+01
5.898881072696381267e+01
5.923124693730136414e+01
5.947400084229887796e+01
5.971706898401967578e+01
5.996044788664345759e+01
6.020413407791698290e+01
6.044812410864271612e+01
6.069241456982857130e+01
6.093700210715713439e+01
6.118188343245503091e+01
6.142705533190164857e+01
6.167251467074557070e+01
6.191825839436560841e+01
6.216428352555906400e+01
6.241058715800402723e+01
6.265716644590612106e+01
6.290401858990452411e+01
6.315114081936361146e+01
6.339853037125677560e+01
6.364618446589124545e+01
6.389410027978337325e+01
6.414227491604552256e+01
6.439070537268692362e+01
6.463938850926727753e+01
6.488832101237538552e+01
6.513749936042100330e+01
6.538691978825053752e+01
6.563657825209688212e+01
6.588647039536981254e+01
6.613659151579116724e+01
6.638693653435021247e+01
6.663749996653707797e+01
6.688827589627717884e+01
6.713925795294782972e+01
6.739043929181919168e+01
6.764181257821107351e+01
6.789336997560565123e+01
6.814510313789412521e+01
6.839700320589736293e+01
6.864906080821293699e+01
6.890126606641314311e+01
6.915360860453904479e+01
6.940607756279112550e+01
6.965866161525453037e+01
6.991134899146084081e+01
7.016412750152032629e+01
7.041698456454194854e+01
7.066990723999329305e+01
7.092288226165172205e+01
7.117589607374726768e+01
7.142893486889168742e+01
7.168198462737994703e+01
7.193503115743185106e+01
7.218806013596277182e+01
7.244105714946419994e+01
7.269400773459680920e+01
7.294689741813155592e+01
7.319971175588383971e+01
7.345243637033708239e+01
7.370505698667140848e+01
7.395755946698375283e+01
7.420992984249019742e+01
7.446215434359204721e+01
7.471421942769941893e+01
7.496611180476955383e+01
7.521781846056622101e+01
7.546932667767453040e+01
7.572062405436039967e+01
7.597169852138672752e+01
7.622253835694168345e+01
7.647313219984290811e+01
7.672346906120660037e+01
7.697353833479529328e+01
7.722332980622698528e+01
7.747283366127010140e+01
7.772204049341151233e+01
7.797094131087413871e+01
7.821952754326188995e+01
7.846779104795794524e+01
7.871572411639856170e+01
7.896331948030132253e+01
7.921057031789757730e+01
7.945747026018113957e+01
7.970401339715894551e+01
7.995019428403486472e+01
8.019600794724432546e+01
8.044144989020669811e+01
8.068651609863637475e+01
8.093120304523880293e+01
8.117550769356749640e+01
8.141942750083069313e+01
8.166296041941031092e+01
8.190610489684473805e+01
8.214885987405752132e+01
8.239122478158640206e+01
8.263319953362602632e+01
8.287478451968567583e+01
8.311598059371486613e+01
8.335678906057312076e+01
8.359721165976215218e+01
8.383725054636741447e+01
8.407690826920129723e+01
8.431618774617254530e+01
8.455509223693864840e+01
8.479362531293517691e+01
8.503179082489776874e+01
8.526959286802255633e+01
8.550703574493837777e+01
8.574412392668331506e+01
8.598086201191152611e+01
8.621725468457171360e+01
8.645330667033856287e+01
8.668902269211163514e+01
8.692440742492644290e+01
8.715946545065557416e+01
8.739420121293971988e+01
8.762861897278857271e+01
8.786272276536223558e+01
8.809651635844426210e+01
8.833000321314416681e+01
8.856318644737392276e+01
8.879606880262845436e+01
8.902865261458433110e+01
8.926093978797736384e+01
8.949293177618910988e+01
8.972462956587511940e+01
8.995603366691005931e+01
9.018714410782253310e+01
9.041796043679291017e+01
9.064848172820256877e+01
9.087870659458953071e+01
9.110863320379293384e+01
9.133825930095467527e+01
9.156758223495967286e+01
9.179659898880990454e+01
9.202530621336035210e+01
9.225370026378031696e+01
9.248177723805497408e+01
9.270953301680590641e+01
9.293696330368990743e+01
9.316406366562905816e+01
9.339082957212640679e+01
9.361725643295160637e+01
9.384333963351515706e+01
9.406907456729160799e+01
9.429445666474099141e+01
9.451948141822239791e+01
9.474414440252428449e+01
9.496844129068900031e+01
9.519236786495147840e+01
9.541592002269230477e+01
9.563909377741263995e+01
9.586188525484031686e+01
9.608429068436124965e+01
9.630630638604895921e+01
9.652792875363947189e+01
9.674915423387402313e+01
9.696997930268423715e+01
9.719040043877619439e+01
9.741041409521332639e+01
9.763001666969420000e+01
9.784920447426765122e+01
9.806797370528261126e+01
9.828632041443378853e+01
9.850424048176533631e+01
9.872172959147883375e+01
9.893878321134789644e+01
9.915539657641001270e+01
9.937156467746498834e+01
9.958728225468614426e+01
9.980254379641475282e+01
1.000173435429479412e+02
1.002316754948683126e+02
1.004455334252501615e+02
1.006589108949095106e+02
1.008718012697955260e+02
1.010841977396280669e+02
1.012960933370234642e+02
1.015074809565478091e+02
1.017183533734456233e+02
1.019287032621074758e+02
1.021385232146617597e+02
1.023478057603745697e+02
1.025565433866893557e+02
1.027647285628220430e+02
1.029723537666741890e+02
1.031794115155723262e+02
1.033858944008745055e+02
1.035917951259363292e+02
1.037971065463133300e+02
1.040018217104776284e+02
1.042059338988507875e+02
1.044094366586434717e+02
1.046123238319395057e+02
1.048145895746797294e+02
1.050162283646194084e+02
1.052172349970568916e+02
1.054176045678606926e+02
1.056173324441682553e+02
1.058164142239043031e+02
1.060148456858483854e+02
1.062126227324614405e+02
1.064097413278830402e+02
1.066061974335621869e+02
1.068019869438493004e+02
1.069971056236508105e+02
1.071915490499260954e+02
1.073853125584891757e+02
1.075783911972461908e+02
1.077707796866887975e+02
1.079624723881796484e+02
1.081534632802957532e+02
1.083437459432350352e+02
1.085333135510709610e+02
1.087221588714447051e+02
1.089102742721561299e+02
1.090976517340679521e+02
1.092842828697407498e+02
1.094701589473013854e+02
1.096552709190615360e+02
1.098396094544402075e+02
1.100231649765983661e+02
1.102059277020267984e+02
1.103878876820928525e+02
1.105690348453719167e+02
1.107493590395821599e+02
1.109288500721055328e+02
1.111074977484209256e+02
1.112852919081862098e+02
1.114622224590002588e+02
1.116382794079418659e+02
1.118134528907270067e+02
1.119877331977959471e+02
1.121611107959767253e+02
1.123335763438023207e+02
1.125051206982497121e+02
1.126757349107840014e+02
1.128454102111498543e+02
1.130141379783349294e+02
1.131819096994590410e+02
1.133487169189117481e+02
1.135145511818301003e+02
1.136794039778011438e+02
1.138432666922604710e+02
1.140061305741632225e+02
1.141679867285703978e+02
1.143288261415306550e+02
1.144886397416829453e+02
1.146474184985053597e+02
1.148051535515256205e+02
1.149618363590196140e+02
1.151174588497483882e+02
1.152720135582512029e+02
1.154254937237858627e+02
1.155778933355279321e+02
1.157292071118563541e+02
1.158794304089693838e+02
1.160285590629563615e+02
1.161765891790097811e+02
1.163235168909015158e+02
1.164693381220674127e+02
1.166140483852029348e+02
1.167576426584349605e+02
1.169001153712888197e+02
1.170414605219231703e+02
1.171816719290797977e+02
1.173207436005097009e+02
1.174586701783096458e+02
1.175954474056372305e+02
1.177310725527106712e+02
1.178655447449222322e+02
1.179988651513973537e+02
1.181310370146225353e+02
1.182620655254825124e+02
1.183919575677110174e+02
1.185207213677947635e+02
1.186483660895815433e+02
1.187749014087980584e+02
1.189003370940936151e+02
1.190246826113269094e+02
1.191479467588981294e+02
1.192701373355691317e+02
1.193912608392844703e+02
1.195113221964379875e+02
1.196303245256137728e+02
1.197482689465421686e+02
1.198651544507557389e+02
1.199809778508915912e+02
1.200957338173605820e+02
1.202094149939833443e+02
1.203220121632904238e+02
1.204335144172129191e+02
1.205439092907716230e+02
1.206531828407565712e+02
1.207613196932736344e+02
1.208683031259665910e+02
1.209741152687264361e+02
1.210787374824389389e+02
1.211821509096167802e+02
1.212843371087892592e+02
1.213852786276932250e+02
1.214849593744555705e+02
1.215833647186210129e+02
1.216804813648386983e+02
1.217762971358764048e+02
1.218708008277995845e+02
1.219639822425667290e+02
1.220558323913856782e+02
1.221463437557437999e+02
1.222355104485078385e+02
1.223233281569619066e+02
1.224097938491803177e+02
1.224949053294635775e+02
1.225786607820226379e+02
1.226610584172426996e+02
1.227420962451880087e+02
1.228217718931068418e+02
1.229000823159017557e+02
1.229770232643884782e+02
1.230525884827700196e+02
1.231267687656434759e+02
1.231995511438801856e+02
1.232709185126834228e+02
1.233408499238261129e+02
1.234093215565979875e+02
1.234763081348274767e+02
1.235417843767091597e+02
1.236057260432805265e+02
1.236681103252541476e+02
1.237289156188687116e+02
1.237881210405910650e+02
1.238457061375714403e+02
1.239016510663879984e+02
1.239559371159751322e+02
1.240085470934938314e+02
1.240594650491349427e+02
1.241086751780023718e+02
1.241561603103605478e+02
1.242019008210956201e+02
1.242458747753459107e+02
1.242880596738828842e+02
1.243284355150936591e+02
1.243669883680393724e+02
1.244037134718443980e+02
1.244386170949479578e+02
1.244717168979902198e+02
1.245030411108305231e+02
1.245326271749528786e+02
1.245605204436351983e+02
1.245867731426109515e+02
1.246114433567980058e+02
1.246345936213270846e+02
1.246562888597562875e+02
1.246765937868106988e+02
1.246955702134629149e+02
1.247132747458292101e+02
1.247297571089050763e+02
1.247450588959322886e+02
1.247592122191987016e+02
1.247722377844321926e+02
1.247841424136707786e+02
1.247949167940034272e+02
1.248045347801812284e+02
1.248129554568861295e+02
1.248201281778729879e+02
1.248259992172139192e+02
1.248305172108940582e+02
1.248336341962941702e+02
1.248353005855381923e+02
1.248354558364503788e+02
1.248340204230711379e+02
1.248308961862148152e+02
1.248259789840842728e+02
1.248191803878856518e+02
1.248104482219533651e+02
1.247997744116997865e+02
1.247871850401022158e+02
1.247727180933849382e+02
1.247564017867179444e+02
1.247382453505411632e+02
1.247182458408530152e+02
1.246964050763516525e+02
1.246727460906518843e+02
1.246473201999221345e+02
1.246202016360470850e+02
1.245914729679502813e+02
1.245612082475503968e+02
1.245294608197350925e+02
1.244962598758260413e+02
1.244616159774584503e+02
1.244255322985099212e+02
1.243880157512590898e+02
1.243490813907767887e+02
1.243087462337837366e+02
1.242670149843013832e+02
1.242238660880639998e+02
1.241792462976976594e+02
1.241330747881945769e+02
1.240852506912339237e+02
1.240356583027751753e+02
1.239841710640926919e+02
1.239306592560618157e+02
1.238750008633848410e+02
1.238170866041499778e+02
1.237568116488320840e+02
1.236940604276044695e+02
1.236287022636974626e+02
1.235606088653336769e+02
1.234896846355004101e+02
1.234158883455329629e+02
1.233392325157039267e+02
1.232597652715673178e+02
1.231775498779921776e+02
1.230926528269951206e+02
1.230051411101805883e+02
1.229150842419622052e+02
1.228225589300052434e+02
1.227276584580753109e+02
1.226305085934054517e+02
1.225312857928567354e+02
1.224302266393459888e+02
1.223276174364593203e+02
1.222237630070628285e+02
1.221189476521071242e+02
1.220134066230619254e+02
1.219073181819701830e+02
1.218008132333255986e+02
1.216939929777469445e+02
1.215869452936497481e+02
1.214797511911410197e+02
1.213724737755330096e+02
1.212651302921221799e+02
1.211576628008771621e+02
1.210499313806032688e+02
1.209417418589486743e+02
1.208328936657192685e+02
1.207232170250539127e+02
1.206125796747690373e+02
1.205008702851356759e+02
1.203879803217942879e+02
1.202737957657510321e+02
1.201581926511051535e+02
1.200410290736725898e+02
1.199221378747124760e+02
1.198013279948824845e+02
1.196783953788624331e+02
1.195531427887135294e+02
1.194254161455933740e+02
1.192951618442532151e+02
1.191624818814364630e+02
1.190276404188288808e+02
1.188909966973153303e+02
1.187528962936680585e+02
1.186135891916495382e+02
1.184732204550773247e+02
1.183318810431883890e+02
1.181896700997277492e+02
1.180467339333091559e+02
1.179032815959704550e+02
1.177595842758572218e+02
1.176159424289102162e+02
1.174726022141905304e+02
1.173296544213354622e+02
1.171869999228462831e+02
1.170444277985727126e+02
1.169017408275769156e+02
1.167588087006420778e+02
1.166155094770139442e+02
1.164716416490101949e+02
1.163269060276383016e+02
1.161809600090256964e+02
1.160334673094795477e+02
1.158840923603828656e+02
1.157324653217542476e+02
1.155781732840427196e+02
1.154207981993882584e+02
1.152599744946808187e+02
1.150954245947370111e+02
1.149269539747206039e+02
1.147544257045299645e+02
1.145777559191869415e+02
1.143969553041991247e+02
1.142121969154596002e+02
1.140238557335658527e+02
1.138324745340679414e+02
1.136386611353966600e+02
1.134429762202835974e+02
1.132458857889319006e+02
1.130478069943882673e+02
1.128491920378190656e+02
1.126505440962860405e+02
1.124523171371164807e+02
1.122547929481590359e+02
1.120580984291566580e+02
1.118623970970143233e+02
1.116680697888205316e+02
1.114756678322322472e+02
1.112856610310530385e+02
1.110982353003750518e+02
1.109133250864887970e+02
1.107307861871527592e+02
1.105504850770184788e+02
1.103722420655672636e+02
1.101957652283341389e+02
1.100206823679409069e+02
1.098466097761412499e+02
1.096731564518487403e+02
1.094998803676563597e+02
1.093262867125870486e+02
1.091518914624370495e+02
1.089762866381091300e+02
1.087991531948984516e+02
1.086202372913770091e+02
1.084393384340346955e+02
1.082563269770559060e+02
1.080711632221272964e+02
1.078838887736325063e+02
1.076946051736351677e+02
1.075034772018782974e+02
1.073107480443109125e+02
1.071167010891834082e+02
1.069215592447770291e+02
1.067254311403397935e+02
1.065284090601283395e+02
1.063307465847008189e+02
1.061329062019053566e+02
1.059353777917064150e+02
1.057384295222838944e+02
1.055420518067460875e+02
1.053461566764643607e+02
1.051508214385415556e+02
1.049563331133972781e+02
1.047630238737511377e+02
1.045711024288618347e+02
1.043806446835772022e+02
1.041916908541300586e+02
1.040042797494054838e+02
1.038183585475267847e+02
1.036336781511878655e+02
1.034498057655119823e+02
1.032662558354183489e+02
1.030826237179899323e+02
1.028986150752641606e+02
1.027139673515175815e+02
1.025283514273438925e+02
1.023413387766401712e+02
1.021524382882446673e+02
1.019611460867419908e+02
1.017669732200622121e+02
1.015694709686037385e+02
1.013682783434192345e+02
1.011631693964114902e+02
1.009540554312444698e+02
1.007409396289425274e+02
1.005238716503113210e+02
1.003029376083213720e+02
1.000782730214194203e+02
9.985008313837987259e+01
9.961868945760758720e+01
9.938459828765245163e+01
9.914850558787219370e+01
9.891116124836068479e+01
9.867317485583268422e+01
9.843496075292195258e+01
9.819689527114793748e+01
9.795950971580330702e+01
9.772348826374903297e+01
9.748947107042000937e+01
9.725789019469048924e+01
9.702900763727910771e+01
9.680308001712712951e+01
9.658044960186722960e+01
9.636147204285018120e+01
9.614637565242730943e+01
9.593519665852542744e+01
9.572783085642808487e+01
9.552413344759884239e+01
9.532398503314533400e+01
9.512729372645826231e+01
9.493395430526393852e+01
9.474379839810308113e+01
9.455655456205741416e+01
9.437182578193279880e+01
9.418909378864621829e+01
9.400775752324463497e+01
9.382719678494143523e+01
9.364683446732219352e+01
9.346617246755756980e+01
9.328480109862267966e+01
9.310240214583392060e+01
9.291874736078752051e+01
9.273365814035454946e+01
9.254691490665649667e+01
9.235819479149164124e+01
9.216714351050026721e+01
9.197355595233582903e+01
9.177748395205337317e+01
9.157913158347091098e+01
9.137862924948838383e+01
9.117592974625125635e+01
9.097094062070152631e+01
9.076373433230305920e+01
9.055458987898303747e+01
9.034381876994817162e+01
9.013156199416317804e+01
8.991775153522844732e+01
8.970224668468065943e+01
8.948500203972031386e+01
8.926613184088606090e+01
8.904585713837094829e+01
8.882442274083473421e+01
8.860206528608701149e+01
8.837903827454346128e+01
8.815564714484915498e+01
8.793225491417661033e+01
8.770925217261125795e+01
8.748700885589187237e+01
8.726583566647369139e+01
8.704597924703342926e+01
8.682765274136650646e+01
8.661107769517784050e+01
8.639650841573795503e+01
8.618422476217791939e+01
8.597449278120753036e+01
8.576750061485327592e+01
8.556329558531805901e+01
8.536176895306135748e+01
8.516271445151068065e+01
8.496591675217874240e+01
8.477117978627173045e+01
8.457825710019261578e+01
8.438675574144531311e+01
8.419612288087668617e+01
8.400573658670593602e+01
8.381500676016813145e+01
8.362338591695541368e+01
8.343030438879098654e+01
8.323514376004229121e+01
8.303731710685677569e+01
8.283638464465219897e+01
8.263208019557957584e+01
8.242423254111017172e+01
8.221269344917351418e+01
8.199736095548961146e+01
8.177825148067664429e+01
8.155551538835396741e+01
8.132937368403658240e+01
8.110004913498468682e+01
8.086775664458959056e+01
8.063274278770458636e+01
8.039531967682285085e+01
8.015585674740850664e+01
7.991474054360347168e+01
7.967233903222897595e+01
7.942899632172525060e+01
7.918505712464704516e+01
7.894090340138789941e+01
7.869698009038683040e+01
7.845378848763101587e+01
7.821184154373534625e+01
7.797160163448856451e+01
7.773343477737287799e+01
7.749760180550306643e+01
7.726428237649543007e+01
7.703361563422859604e+01
7.680574286414041296e+01
7.658083698217073731e+01
7.635910198073698041e+01
7.614074274528323372e+01
7.592594039121105709e+01
7.571487716497964016e+01
7.550780405456883670e+01
7.530507425207596839e+01
7.510706778689838359e+01
7.491403351699864288e+01
7.472597351850940584e+01
7.454266959604791509e+01
7.436381740711497912e+01
7.418913532417533929e+01
7.401835536836104268e+01
7.385113037854681295e+01
7.368696799192046853e+01
7.352525746569263276e+01
7.336535147149136549e+01
7.320661568686935539e+01
7.304840509922874503e+01
7.289000476601135858e+01
7.273060179603837128e+01
7.256931929745567800e+01
7.240529000685938854e+01
7.223772417867353113e+01
7.206594148047099679e+01
7.188936823874429649e+01
7.170752113162573949e+01
7.151999532033093487e+01
7.132646166645955077e+01
7.112667033820675044e+01
7.092045768736153377e+01
7.070775192338214765e+01
7.048857026960689609e+01
7.026300319021579810e+01
7.003119215069129666e+01
6.979331696798402618e+01
6.954960532315931232e+01
6.930036036233848051e+01
6.904598646726452671e+01
6.878699236888802204e+01
6.852396480880999263e+01
6.825752293456692144e+01
6.798827351329750002e+01
6.771678812110393153e+01
6.744361562729331183e+01
6.716932484433452544e+01
6.689454919940224897e+01
6.661999675787957642e+01
6.634641035090076855e+01
6.607450204839798857e+01
6.580490848253721481e+01
6.553819527471762285e+01
6.527489550188464307e+01
6.501553899822498295e+01
6.476064215827118176e+01
6.451066834794146132e+01
6.426599710622274131e+01
6.402692867212576289e+01
6.379371195833519437e+01
6.356655917614934026e+01
6.334562442693652429e+01
6.313096065753384067e+01
6.292248980411611115e+01
6.272000520009110147e+01
6.252319410173769398e+01
6.233165586493595356e+01
6.214490606868967149e+01
6.196237670400503106e+01
6.178342620167459387e+01
6.160736159751029817e+01
6.143346324350825682e+01
6.126100084951098523e+01
6.108923790046029723e+01
6.091743149587506423e+01
6.074483805852200646e+01
6.057073041323486962e+01
6.039442379054887056e+01
6.021530337679000411e+01
6.003284527540527904e+01
5.984662433981639396e+01
5.965630602585392239e+01
5.946162575069220679e+01
5.926236566818565166e+01
5.905834024241988800e+01
5.884939649940064754e+01
5.863542639043146210e+01
5.841638367030905954e+01
5.819229828650844638e+01
5.796328405910121973e+01
5.772953685163021476e+01
5.749132200065648846e+01
5.724895522806513526e+01
5.700278890404682386e+01
5.675321671545284374e+01
5.650069798830693912e+01
5.624578403024222695e+01
5.598911965411635094e+01
5.573140588873952339e+01
5.547333810062676918e+01
5.521555432759841864e+01
5.495862272867029219e+01
5.470306861770501428e+01
5.444941410117400693e+01
5.419819831691061296e+01
5.394996505103787143e+01
5.370522982164636971e+01
5.346445060568705543e+01
5.322801849756586279e+01
5.299626610158190232e+01
5.276947822607103689e+01
5.254789065612320798e+01
5.233167493028519601e+01
5.212091873229773853e+01
5.191561394407402474e+01
5.171565796528449965e+01
5.152086545312778298e+01
5.133098327263913774e+01
5.114570254353889567e+01
5.096466581140666108e+01
5.078747101338116465e+01
5.061367480487054848e+01
5.044279641478828324e+01
5.027432178192024992e+01
5.010770785321854248e+01
4.994238799374113569e+01
4.977777979512917739e+01
4.961329544807461644e+01
4.944835317479957126e+01
4.928238751814210872e+01
4.911485721372614677e+01
4.894525118615357684e+01
4.877309445165017365e+01
4.859795541539916996e+01
4.841945446162777245e+01
4.823727201608063098e+01
4.805115359676340603e+01
4.786091015357993683e+01
4.766641368553667490e+01
4.746758975657322566e+01
4.726440942989642480e+01
4.705688317376248619e+01
4.684505861362067947e+01
4.662902272341248988e+01
4.640890726439344149e+01
4.618489447174858498e+01
4.595721916650630590e+01
4.572616458369959958e+01
4.549205214868343461e+01
4.525522866280297762e+01
4.501605578636860372e+01
4.477490524452953480e+01
4.453215968641536193e+01
4.428821587857339637e+01
4.404348599633379280e+01
4.379839462532233085e+01
4.355337224945919417e+01
4.330884823255745175e+01
4.306524612615769598e+01
4.282298184907494942e+01
4.258246269885690793e+01
4.234408428298873872e+01
4.210822398875237838e+01
4.187523234384014614e+01
4.164542538070408284e+01
4.141908052556282627e+01
4.119643614374564322e+01
4.097769265971674457e+01
4.076301279816137679e+01
4.055251998474879116e+01
4.034629588687737112e+01
4.014437895744093510e+01
3.994676520704103950e+01
3.975341095897473309e+01
3.956423615957704953e+01
3.937912667362071772e+01
3.919793487488920647e+01
3.902047910045289569e+01
3.884654337799265988e+01
3.867587881673904349e+01
3.850820730629801147e+01
3.834322721802146106e+01
3.818062015514329488e+01
3.802005763498232938e+01
3.786120678905665216e+01
3.770373453413951381e+01
3.754731008343445353e+01
3.739160608826438192e+01
3.723629906292740799e+01
3.708106993700543796e+01
3.692560550296050792e+01
3.676960118120740617e+01
3.661276503412081951e+01
3.645482252044283911e+01
3.629552125198172519e+01
3.613463503323466597e+01
3.597196665347890843e+01
3.580734915444903521e+01
3.564064556746317436e+01
3.547174741385111219e+01
3.530057258613796733e+01
3.512706347833245246e+01
3.495118624021926479e+01
3.477293165973088662e+01
3.459231747003015300e+01
3.440939109549037056e+01
3.422423137611845334e+01
3.403694794336136198e+01
3.384767769102010959e+01
3.365657889696888816e+01
3.346382450568301437e+01
3.326959642042497478e+01
3.307408219813475370e+01
3.287747449040293901e+01
3.267997241660184926e+01
3.248178332080342301e+01
3.228312336698724039e+01
3.208421612008262969e+01
3.188528927198209928e+01
3.168657050135311337e+01
3.148828372682735477e+01
3.129064665097434528e+01
3.109386974230360678e+01
3.089815607877053338e+01
3.070370113603265949e+01
3.051069176968595897e+01
3.031930416459136524e+01
3.012970109847758238e+01
2.994202920613637886e+01
2.975641691397227717e+01
2.957297341473844909e+01
2.939178865718719891e+01
2.921293402341616741e+01
2.903646326218856899e+01
2.886241333574997370e+01
2.869080503565090368e+01
2.852164341618460952e+01
2.835491819519301870e+01
2.819060425680559945e+01
2.802866229913423624e+01
2.786903957459592363e+01
2.771167063138130970e+01
2.755647799797295860e+01
2.740337282958016374e+01
2.725225560556192050e+01
2.710301699030896572e+01
2.695553893706807713e+01
2.680969604585592947e+01
2.666535711803740583e+01
2.652238680965928808e+01
2.638064728202507681e+01
2.623999977128876182e+01
2.610030603083386325e+01
2.596142962638703366e+01
2.582323707908953736e+01
2.568559885891669126e+01
2.554839023518420760e+01
2.541149199572354433e+01
2.527479105142245075e+01
2.513818094568170025e+01
2.500156228628970467e+01
2.486484310972353029e+01
2.472793917744233738e+01
2.459077419511559270e+01
2.445327994356299683e+01
2.431539631651387268e+01
2.417707127319660287e+01
2.403826072821608406e+01
2.389892841122516742e+01
2.375904573028119415e+01
2.361859166454522097e+01
2.347755269654760468e+01
2.333592277617000477e+01
2.319370329256124919e+01
2.305090302005973157e+01
2.290753800166942256e+01
2.276363133894520629e+01
2.261921286910941831e+01
2.247431872668432362e+01
2.232899080482655663e+01
2.218327614740960740e+01
2.203722631329663528e+01
2.189089675670361146e+01
2.174434626119792568e+01
2.159763645089861583e+01
2.145083138396609712e+01
2.130399721487194142e+01
2.115720189782116734e+01
2.101051489754285129e+01
2.086400687677114618e+01
2.071774934070515428e+01
2.057181423385476293e+01
2.042627349920477897e+01
2.028119861942376900e+01
2.013666016287882243e+01
1.999272735401426004e+01
1.984946768087266733e+01
1.970694654547413904e+01
1.956522695795678501e+01
1.942436927353352161e+01
1.928443097141251883e+01
1.914546647492829123e+01
1.900752701066507910e+01
1.887066050102292891e+01
1.873491148070062096e+01
1.860032102498926676e+01
1.846692667846416924e+01
1.833476237728823577e+01
1.820385836594269691e+01
1.807424111749044116e+01
1.794593327267654104e+01
1.781895361508197340e+01
1.769331709628632510e+01
1.756903491732083111e+01
1.744611466270940880e+01
1.732456047382041220e+01
1.720437324166740467e+01
1.708555079736179749e+01
1.696808808152780301e+01
1.685197728123167948e+01
1.673720793247286309e+01
1.662376699571318284e+01
1.651163891911971504e+01
1.640080570769779200e+01
1.629124701575898726e+01
1.618294027571863580e+01
1.607586086931939917e+01
1.596998233971977044e+01
1.586527663612968198e+01
1.576171437805232500e+01
1.565926512432622353e+01
1.555789763300527184e+01
1.545758010106928637e+01
1.535828037712090044e+01
1.525996614461861611e+01
1.516260507700270388e+01
1.506616496875269284e+01
1.497061384779126136e+01
1.487592007480344591e+01
1.478205243429532700e+01
1.468898022095621059e+01
1.459667332349312652e+01
1.450510230686542457e+01
1.441423849292656989e+01
1.432405403892266627e+01
1.423452201306246678e+01
1.414561646635432801e+01
1.405731249999819354e+01
1.396958632772134656e+01
1.388241533249722970e+01
1.379577811707439139e+01
1.370965454767201841e+01
1.362402579013088655e+01
1.353887433778487193e+01
1.345418403038367750e+01
1.336994006358863629e+01
1.328612898886235882e+01
1.320273870396428428e+01
1.311975843468865044e+01
1.303717870888133312e+01
1.295499132408778920e+01
1.287318931036753611e+01
1.279176688983754318e+01
1.271071943437693896e+01
1.263004342266092372e+01
1.254973639733785618e+01
1.246979692277197316e+01
1.239022454339723467e+01
1.231101974242176844e+01
1.223218390040977432e+01
1.215371925317494473e+01
1.207562884843855855e+01
1.199791650082513428e+01
1.192058674495478954e+01
1.184364478661433040e+01
1.176709645221615652e+01
1.169094813694791313e+01
1.161520675216523202e+01
1.153987967266252923e+01
1.146497468447448753e+01
1.139049993382035098e+01
1.131646387770963180e+01
1.124287523660659360e+01
1.116974294941426216e+01
1.109707613090213130e+01
1.102488403158710106e+01
1.095317599998378100e+01
1.088196144708257229e+01
1.081124981288662035e+01
1.074105053483618200e+01
1.067137301797336946e+01
1.060222660673059991e+01
1.053362055826831245e+01
1.046556401732173747e+01
1.039806599255052255e+01
1.033113533440518950e+01
1.026478071453901464e+01
1.019901060679605287e+01
1.013383326980817856e+01
1.006925673122233356e+01
1.000528877357421997e+01
9.941936921812311923e+00
9.879208432465103940e+00
9.817110284432525091e+00
9.755649171371105766e+00
9.694831495628223550e+00
9.634663363665925573e+00
9.575150582901979845e+00
9.516298659880165545e+00
9.458112799667643955e+00
9.400597906368313161e+00
9.343758584633805597e+00
9.287599142047342937e+00
9.232123592264892764e+00
9.177335658797867168e+00
9.123238779337675908e+00
9.069836110535971940e+00
9.017130533171295426e+00
8.965124657650534346e+00
8.913820829809990798e+00
8.863221136996472183e+00
8.813327414419637407e+00
8.764141251775200203e+00
8.715664000142522738e+00
8.667896779161036847e+00
8.620840484486995692e+00
8.574495795526141606e+00
8.528863183432150663e+00
8.483942919351258993e+00
8.439735082886519635e+00
8.396239570747445313e+00
8.353456105544001531e+00
8.311384244680352751e+00
8.270023389299655747e+00
8.229372793230636418e+00
8.189431571887554995e+00
8.150198711076351188e+00
8.111673075663766497e+00
8.073853418071035293e+00
8.036738386556724123e+00
8.000326533261514328e+00
7.964616321989900882e+00
7.929606135711835257e+00
7.895294283769884736e+00
7.861679008783561962e+00
7.828758493245485894e+00
7.796530865807356214e+00
7.764994207256819436e+00
7.734146556188412625e+00
7.703985914372665000e+00
7.674510251829892660e+00
7.645717511615246487e+00
7.617605614321936613e+00
7.590172462310746049e+00
7.563415943673247099e+00
7.537333935936346485e+00
7.511924309515896070e+00
7.487184930926980897e+00
7.463113665757972193e+00
7.439708381416020089e+00
7.416966949650739771e+00
7.394887248863437179e+00
7.373467166209092483e+00
7.352704599497404736e+00
7.332597458901427778e+00
7.313143668478725878e+00
7.294341167514841295e+00
7.276187911693730470e+00
7.258681874103978693e+00
7.241821046087800084e+00
7.225603437939849272e+00
7.210027079463318778e+00
7.195090020391059049e+00
7.180790330678712863e+00
7.167126100677345235e+00
7.154095441193393690e+00
7.141696483442709464e+00
7.129927378906510071e+00
7.118786299096188763e+00
7.108271435234500224e+00
7.098380997860306962e+00
7.089113216363717385e+00
7.080466338458991871e+00
7.072438629602353366e+00
7.065028372360964148e+00
7.058233865740755952e+00
7.052053424479481691e+00
7.046485378311523107e+00
7.041528071211507367e+00
7.037179860623231420e+00
7.033439116679988778e+00
7.030304221422849054e+00
7.027773568023816253e+00
7.025845560018668223e+00
7.024518610556868659e+00
7.023791141673674687e+00
7.023661583590478763e+00
7.024128374048874690e+00
7.025189957684185416e+00
7.026844785442844632e+00
7.029091314049753514e+00
