1.023549521565633681e-05
2.650564185826199827e-06
5.584404350724930773e-06
1.166841964168709740e-05
2.127055885308628283e-05
3.452859623391622140e-05
5.147979729831723142e-05
7.212678227910239708e-05
9.646390389822117912e-05
1.244860937889503071e-04
1.561908961817772327e-04
1.915782545341421098e-04
2.306497915111543147e-04
2.734081490655605089e-04
3.198565142831619364e-04
3.699983145251094251e-04
4.238370343967027046e-04
4.813761115629603608e-04
5.426188805335557114e-04
6.075685444212864349e-04
6.762281624758999937e-04
7.486006462409704404e-04
8.246887602601371417e-04
9.044951250673372977e-04
9.880222212277315220e-04
1.075272393773840738e-03
1.166247856697938965e-03
1.260950697333392901e-03
1.359382880547871288e-03
1.461546252719609111e-03
1.567442545490693685e-03
1.677073379304212233e-03
1.790440266735802846e-03
1.907544615633377993e-03
2.028387732077483255e-03
2.152970823176759974e-03
2.281294999708445483e-03
2.413361278617076611e-03
2.549170585379941477e-03
2.688723756249391302e-03
2.832021540380440586e-03
2.979064601850505214e-03
3.129853521579522777e-03
3.284388799155794555e-03
3.442670854573683190e-03
3.604700029889223219e-03
3.770476590796575326e-03
3.940000728131787429e-03
4.113272559307505974e-03
4.290292129680454113e-03
4.471059413857951699e-03
4.655574316944954653e-03
4.843836675733971184e-03
5.035846259842430631e-03
5.231602772798006271e-03
5.431105853075346782e-03
5.634355075085951958e-03
5.841349950122802503e-03
6.052089927263193392e-03
6.266574394228140166e-03
6.484802678203853768e-03
6.706774046623854499e-03
6.932487707914116414e-03
7.161942812204231089e-03
7.395138452001339888e-03
7.632073662833459629e-03
7.872747423859389679e-03
8.117158658447551009e-03
8.365306234724778980e-03
8.617188966095959760e-03
8.872805611736377801e-03
9.132154877053072495e-03
9.395235414124290460e-03
9.662045822109055493e-03
9.932584647633583425e-03
1.020685038515024498e-02
1.048484147727754556e-02
1.076655631511074657e-02
1.105199323851431374e-02
1.134115053638844878e-02
1.163402644691536800e-02
1.193061915778702818e-02
1.223092680640433007e-02
1.253494748006330969e-02
1.284267921611752759e-02
1.315412000212190860e-02
1.346926777595605293e-02
1.378812042592836296e-02
1.411067579086372481e-02
1.443693166017070463e-02
1.476688577388878681e-02
1.510053582272488301e-02
1.543787944806174900e-02
1.577891424195843398e-02
1.612363774713030870e-02
1.647204745690697761e-02
1.682414081518629825e-02
1.717991521635746019e-02
1.753936800521980338e-02
1.790249647687832887e-02
1.826929787662732313e-02
1.863976939981938641e-02
1.901390819171497673e-02
1.939171134732426208e-02
1.977317591122812815e-02
2.015829887739078313e-02
2.054707718895387378e-02
2.093950773802245174e-02
2.133558736543626419e-02
2.173531286052911987e-02
2.213868096087773588e-02
2.254568835204295157e-02
2.295633166729453556e-02
2.337060748733443480e-02
2.378851234001077772e-02
2.421004270002322795e-02
2.463519498862535781e-02
2.506396557332543282e-02
2.549635076757738802e-02
2.593234683048089434e-02
2.637194996647415635e-02
2.681515632503508537e-02
2.726196200038662892e-02
2.771236303120338390e-02
2.816635540033032500e-02
2.862393503451515428e-02
2.908509780414523724e-02
2.954983952301059452e-02
3.001815594807042895e-02
3.049004277924878548e-02
3.096549565924264225e-02
3.144451017336077209e-02
3.192708184938054111e-02
3.241320615743083916e-02
3.290287850990573915e-02
3.339609426140281029e-02
3.389284870869168492e-02
3.439313709071097763e-02
3.489695458860211236e-02
3.540429632575979590e-02
3.591515736792880165e-02
3.642953272331916903e-02
3.694741734275037992e-02
3.746880611983154086e-02
3.799369389115624107e-02
3.852207543652737959e-02
3.905394547920822829e-02
3.958929868617877545e-02
4.012812966842338458e-02
4.067043298121992417e-02
4.121620312445023471e-02
4.176543454290486401e-02
4.231812162659726734e-02
4.287425871108426628e-02
4.343384007776366490e-02
4.399685995418211454e-02
4.456331251431894236e-02
4.513319187886063316e-02
4.570649211545387003e-02
4.628320723893820932e-02
4.686333121154883513e-02
4.744685794309921184e-02
4.803378129112366446e-02
4.862409506099788642e-02
4.921779300602023566e-02
4.981486882745599087e-02
5.041531617454731579e-02
5.101912864449643231e-02
5.162629978238706535e-02
5.223682308110977335e-02
5.285069198121250533e-02
5.346789987074090922e-02
5.408844008504557627e-02
5.471230590655080245e-02
5.533949056449886245e-02
5.596998723468002424e-02
5.660378903911948006e-02
5.724088904577075143e-02
5.788128026816444921e-02
5.852495566507875252e-02
5.917190814016180106e-02
5.982213054158554838e-02
6.047561566166046593e-02
6.113235623647941125e-02
6.179234494556055945e-02
6.245557441146882410e-02
6.312203719948425440e-02
6.379172581725187086e-02
6.446463271447033794e-02
6.514075028257709787e-02
6.582007085445787387e-02
6.650258670417651119e-02
6.718829004673099181e-02
6.787717303782232758e-02
6.856922777365044575e-02
6.926444629074918202e-02
6.996282056581805409e-02
7.066434251560607671e-02
7.136900399680579099e-02
7.207679680598036431e-02
7.278771267951070212e-02
7.350174329357926639e-02
7.421888026416381678e-02
7.493911514706452781e-02
7.566243943795217253e-02
7.638884457243816373e-02
7.711832192616979720e-02
7.785086281493641680e-02
7.858645849480533352e-02
7.932510016226204663e-02
8.006677895437125381e-02
8.081148594896662984e-02
8.155921216482603375e-02
8.230994856188710018e-02
8.306368604143951617e-02
8.382041544635061847e-02
8.458012756129430765e-02
8.534281311296480765e-02
8.610846277031995732e-02
8.687706714481463477e-02
8.764861679062388444e-02
8.842310220487685501e-02
8.920051382790544769e-02
8.998084204344791726e-02
9.076407717888648752e-02
9.155020950546764735e-02
9.233922923851314857e-02
9.313112653763430671e-02
9.392589150692871869e-02
9.472351419518670879e-02
9.552398459607668035e-02
9.632729264834002936e-02
9.713342823595931541e-02
9.794238118833699380e-02
9.875414128047245443e-02
9.956869823311829959e-02
1.003860417129387173e-01
1.012061613326667442e-01
1.020290466512730615e-01
1.028546871740847746e-01
1.036830723529649639e-01
1.045141915864282872e-01
1.053480342198132580e-01
1.061845895454096994e-01
1.070238468026113027e-01
1.078657951780518515e-01
1.087104238057599870e-01
1.095577217673014830e-01
1.104076780919305278e-01
1.112602817567356767e-01
1.121155216868023052e-01
1.129733867553517068e-01
1.138338657839086943e-01
1.146969475424531176e-01
1.155626207495907137e-01
1.164308740726975461e-01
1.173016961281047738e-01
1.181750754812520565e-01
1.190510006468470938e-01
1.199294600890543766e-01
1.208104422216360330e-01
1.216939354081662400e-01
1.225799279621434534e-01
1.234684081472084832e-01
1.243593641772888225e-01
1.252527842167893701e-01
1.261486563807471539e-01
1.270469687350097854e-01
1.279477092964117491e-01
1.288508660329503175e-01
1.297564268639412599e-01
1.306643796601927865e-01
1.315747122442066652e-01
1.324874123903209133e-01
1.334024678249036422e-01
1.343198662265162047e-01
1.352395952260989631e-01
1.361616424071423193e-01
1.370859953058773117e-01
1.380126414114414557e-01
1.389415681660747526e-01
1.398727629653010729e-01
1.408062131581106491e-01
1.417419060471557524e-01
1.426798288889325472e-01
1.436199688939976404e-01
1.445623132271278422e-01
1.455068490075520082e-01
1.464535633091481326e-01
1.474024431606364149e-01
1.483534755457885379e-01
1.493066474036541524e-01
1.502619456287719590e-01
1.512193570713546709e-01
1.521788685375539962e-01
1.531404667896567595e-01
1.541041385463332303e-01
1.550698704828414876e-01
1.560376492312707253e-01
1.570074613807969643e-01
1.579792934778760649e-01
1.589531320265503700e-01
1.599289634886377209e-01
1.609067742840086801e-01
1.618865507908354984e-01
1.628682793458351985e-01
1.638519462445466868e-01
1.648375377415756682e-01
1.658250400508411160e-01
1.668144393458852737e-01
1.678057217600997797e-01
1.687988733870258162e-01
1.697938802805868119e-01
1.707907284553880356e-01
1.717894038870128315e-01
1.727898925122581530e-01
1.737921802294287443e-01
1.747962528986418407e-01
1.758020963420595661e-01
1.768096963442497560e-01
1.778190386523927635e-01
1.788301089766137220e-01
1.798428929902824713e-01
1.808573763302900872e-01
1.818735445973102827e-01
1.828913833561568170e-01
1.839108781360228595e-01
1.849320144308236047e-01
1.859547776994520396e-01
1.869791533660938865e-01
1.880051268205058246e-01
1.890326834183343740e-01
1.900618084813796016e-01
1.910924872979190836e-01
1.921247051229590108e-01
1.931584471785255108e-01
1.941936986539752608e-01
1.952304447062375437e-01
1.962686704600994925e-01
1.973083610084710449e-01
1.983495014126619715e-01
1.993920767026110263e-01
2.004360718771714678e-01
2.014814719043367675e-01
2.025282617214933800e-01
2.035764262356645204e-01
2.046259503236841637e-01
2.056768188325135693e-01
2.067290165793948253e-01
2.077825283520912669e-01
2.088373389090859567e-01
2.098934329797897957e-01
2.109507952647499129e-01
2.120094104358338505e-01
2.130692631364229928e-01
2.141303379816220931e-01
2.151926195583893364e-01
2.162560924257714012e-01
2.173207411150535062e-01
2.183865501299210587e-01
2.194535039466606330e-01
2.205215870143103218e-01
2.215907837548043158e-01
2.226610785631505385e-01
2.237324558075994008e-01
2.248048998297689227e-01
2.258783949448115724e-01
2.269529254415590114e-01
2.280284755826729459e-01
2.291050296047732471e-01
2.301825717185825015e-01
2.312610861090682313e-01
2.323405569355738998e-01
2.334209683319523332e-01
2.345023044066568696e-01
2.355845492429252397e-01
2.366676868988469018e-01
2.377517014075319901e-01
2.388365767771792325e-01
2.399222969911999626e-01
2.410088460083770479e-01
2.420962077629242315e-01
2.431843661645896881e-01
2.442733050987893895e-01
2.453630084267059419e-01
2.464534599854284747e-01
2.475446435879506968e-01
2.486365430233787310e-01
2.497291420569837661e-01
2.508224244303344230e-01
2.519163738613897086e-01
2.530109740445627420e-01
2.541062086509118800e-01
2.552020613281914541e-01
2.562985157009820547e-01
2.573955553708329180e-01
2.584931639163177697e-01
2.595913248932243400e-01
2.606900218346771547e-01
2.617892382512373994e-01
2.628889576310963205e-01
2.639891634401865250e-01
2.650898391223371342e-01
2.661909680994790084e-01
2.672925337717874106e-01
2.683945195178868981e-01
2.694969086949718373e-01
2.705996846391026667e-01
2.717028306653355152e-01
2.728063300680274583e-01
2.739101661209857874e-01
2.750143220777220843e-01
2.761187811717348839e-01
2.772235266167819567e-01
2.783285416071135665e-01
2.794338093177503590e-01
2.805393129048180945e-01
2.816450355058477961e-01
2.827509602400802846e-01
2.838570702087858666e-01
2.849633484956622387e-01
2.860697781671395212e-01
2.871763422727424131e-01
2.882830238455007521e-01
2.893898059023258251e-01
2.904966714443920628e-01
2.916036034575797409e-01
2.927105849128859849e-01
2.938175987668356637e-01
2.949246279619545663e-01
2.960316554272162115e-01
2.971386640784617894e-01
2.982456368189692619e-01
2.993525565398066357e-01
3.004594061204112765e-01
3.015661684290646405e-01
3.026728263233582350e-01
3.037793626507449551e-01
3.048857602490562257e-01
3.059920019469618557e-01
3.070980705645475206e-01
3.082039489138513333e-01
3.093096197993419061e-01
3.104150660185012733e-01
3.115202703623277669e-01
3.126252156158880191e-01
3.137298845588387119e-01
3.148342599659770258e-01
3.159383246077692720e-01
3.170420612508939584e-01
3.181454526587499942e-01
3.192484815919998109e-01
3.203511308090843390e-01
3.214533830667674064e-01
3.225552211205931497e-01
3.236566277254592783e-01
3.247575856360490065e-01
3.258580776073545238e-01
3.269580863951742078e-01
3.280575947565547712e-01
3.291565854502631061e-01
3.302550412372275424e-01
3.313529448810091926e-01
3.324502791481351305e-01
3.335470268086476175e-01
3.346431706363533487e-01
3.357386934093219422e-01
3.368335779101781502e-01
3.379278069264719520e-01
3.390213632510475361e-01
3.401142296822880495e-01
3.412063890244773079e-01
3.422978240880708012e-01
3.433885176899078018e-01
3.444784526535129010e-01
3.455676118093342075e-01
3.466559779949309750e-01
3.477435340551572329e-01
3.488302628423967100e-01
3.499161472166602560e-01
3.510011700458289252e-01
3.520853142056758478e-01
3.531685625801150863e-01
3.542508980612161795e-01
3.553323035493887172e-01
3.564127619534164237e-01
3.574922561905628515e-01
3.585707691866616975e-01
3.596482838761589917e-01
3.607247832022125733e-01
3.618002501168071094e-01
3.628746675806481803e-01
3.639480185634617060e-01
3.650202860438382935e-01
3.660914530094935837e-01
3.671615024571943109e-01
3.682304173929193958e-01
3.692981808319499293e-01
3.703647757989654288e-01
3.714301853280903565e-01
3.724943924631122227e-01
3.735573802575677393e-01
3.746191317749102412e-01
3.756796300886484086e-01
3.767388582825713095e-01
3.777967994509379146e-01
3.788534366986845980e-01
3.799087531416784347e-01
3.809627319069932017e-01
3.820153561332046421e-01
3.830666089706339372e-01
3.841164735817105824e-01
3.851649331414082611e-01
3.862119708374273097e-01
3.872575698707720337e-01
3.883017134560809436e-01
3.893443848220614067e-01
3.903855672119190268e-01
3.914252438839210257e-01
3.924633981118242354e-01
3.935000131853676475e-01
3.945350724108427909e-01
3.955685591116245292e-01
3.966004566286942534e-01
3.976307483212391247e-01
3.986594175671949736e-01
3.996864477638417679e-01
4.007118223284300562e-01
4.017355246986474837e-01
4.027575383333552583e-01
4.037778467131001858e-01
4.047964333407150228e-01
4.058132817418867444e-01
4.068283754657558426e-01
4.078416980854417395e-01
4.088532331986738377e-01
4.098629644282383300e-01
4.108708754225722792e-01
4.118769498562253051e-01
4.128811714303913250e-01
4.138835238733304389e-01
4.148839909408288951e-01
4.158825564166928057e-01
4.168792041130283121e-01
4.178739178707234769e-01
4.188666815597201776e-01
4.198574790794312728e-01
4.208462943590150496e-01
4.218331113575440883e-01
4.228179140644724443e-01
4.238006864997470036e-01
4.247814127140175922e-01
4.257600767889552218e-01
4.267366628373332471e-01
4.277111550033028120e-01
4.286835374624793915e-01
4.296537944221991423e-01
4.306219101216863243e-01
4.315878688321801437e-01
4.325516548572176379e-01
4.335132525327669017e-01
4.344726462275024792e-01
4.354298203430335135e-01
4.363847593142350378e-01
4.373374476095803209e-01
4.382878697314727123e-01
4.392360102167066627e-01
4.401818536369361823e-01
4.411253845991962574e-01
4.420665877465583815e-01
4.430054477587914707e-01
4.439419493530298300e-01
4.448760772846906963e-01
4.458078163483534251e-01
4.467371513787566362e-01
4.476640672517813724e-01
4.485885488857080383e-01
4.495105812423326741e-01
4.504301493283093816e-01
4.513472381965277780e-01
4.522618329474676346e-01
4.531739187307672889e-01
4.540834807466876399e-01
4.549905042477359052e-01
4.558949745402591236e-01
4.567968769860161204e-01
4.576961970038748162e-01
4.585929200714132237e-01
4.594870317264955206e-01
4.603785175689134590e-01
4.612673632617655950e-01
4.621535545331365569e-01
4.630370771773208993e-01
4.639179170561539833e-01
4.647960601003177650e-01
4.656714923103430492e-01
4.665441997576205146e-01
4.674141685853264727e-01
4.682813850090359331e-01
4.691458353174250973e-01
4.700075058725947108e-01
4.708663831104383246e-01
4.717224535408279240e-01
4.725757037474962452e-01
4.734261203880922309e-01
4.742736901938180982e-01
4.751183999689146953e-01
4.759602365903581878e-01
4.767991870070981131e-01
4.776352382393426188e-01
4.784683773777070881e-01
4.792985915823544940e-01
4.801258680819551206e-01
4.809501941726869179e-01
4.817715572170824800e-01
4.825899446429042228e-01
4.834053439420478715e-01
4.842177426693125564e-01
4.850271284412113748e-01
4.858334889347954988e-01
4.866368118865427861e-01
4.874370850910716979e-01
4.882342964001296637e-01
4.890284337214235166e-01
4.898194850175447979e-01
4.906074383049255361e-01
4.913922816527636628e-01
4.921740031821043582e-01
4.929525910648625553e-01
4.937280335228511063e-01
4.945003188268772276e-01
4.952694352958446622e-01
4.960353712958877614e-01
4.967981152395054001e-01
4.975576555846361604e-01
4.983139808337192500e-01
4.990670795328736031e-01
4.998169402709055631e-01
5.005635516782943606e-01
5.013069024261519457e-01
5.020469812251616704e-01
5.027837768244143302e-01
5.035172780100359846e-01
5.042474736039784800e-01
5.049743524624824564e-01
5.056979034745802126e-01
5.064181155604461360e-01
5.071349776695786016e-01
5.078484787789466770e-01
5.085586078910614427e-01
5.092653540318837768e-01
5.099687062486417677e-01
5.106686536075235594e-01
5.113651851914580160e-01
5.120582900976681229e-01
5.127479574353891456e-01
5.134341763233120082e-01
5.141169358873149964e-01
5.147962252580251530e-01
5.154720335685045729e-01
5.161443499520543821e-01
5.168131635401501667e-01
5.174784634603007971e-01
5.181402388344872323e-01
5.187984787772959017e-01
5.194531723946396173e-01
5.201043087824881450e-01
5.207518770260000096e-01
5.213958661988604693e-01
5.220362653628186633e-01
5.226730635677698800e-01
5.233062498521033890e-01
5.239358132431479742e-01
5.245617427582723868e-01
5.251840274063472869e-01
5.258026561893294204e-01
5.264176181044877278e-01
5.270289021469345414e-01
5.276364973125458047e-01
5.282403926011545181e-01
5.288405770203683520e-01
5.294370395894110182e-01
5.300297693436117896e-01
5.306187553390470102e-01
5.312039866574532754e-01
5.317854524115515069e-01
5.323631417504585128e-01
5.329370438654444930e-01
5.335071479956157159e-01
5.340734434339878822e-01
5.346359195333452163e-01
5.351945657124298483e-01
5.357493714618296599e-01
5.363003263498663520e-01
5.368474200284315545e-01
5.373906422384281401e-01
5.379299828152503959e-01
5.384654316936683394e-01
5.389969789126412003e-01
5.395246146195251669e-01
5.400483290740298870e-01
5.405681126515914370e-01
5.410839558464757282e-01
5.415958492741601571e-01
5.421037836734051707e-01
5.426077499078374444e-01
5.431077389669516364e-01
5.436037419668469095e-01
5.440957501503349558e-01
5.445837548868458500e-01
5.450677476717541436e-01
5.455477201255790609e-01
5.460236639926373536e-01
5.464955711395425020e-01
5.469634335532806979e-01
5.474272433392131099e-01
5.478869927184858435e-01
5.483426740252165255e-01
5.487942797037469456e-01
5.492418023048877274e-01
5.496852344822685810e-01
5.501245689882993117e-01
5.505597986693925305e-01
5.509909164610836685e-01
5.514179153824937396e-01
5.518407885305240956e-01
5.522595290734985118e-01
5.526741302444653225e-01
5.530845853340380369e-01
5.534908876830770819e-01
5.538930306749361154e-01
5.542910077277189984e-01
5.546848122861727237e-01
5.550744378138974255e-01
5.554598777852143288e-01
5.558411256774237197e-01
5.562181749630832339e-01
5.565910191026038900e-01
5.569596515371019185e-01
5.573240656815453553e-01
5.576842549183536057e-01
5.580402125913647149e-01
5.583919320002876940e-01
5.587394063956395707e-01
5.590826289742623079e-01
5.594215928756443024e-01
5.597562911785810558e-01
5.600867168992187395e-01
5.604128629893374569e-01
5.607347223361168753e-01
5.610522877628965066e-01
5.613655520308478142e-01
5.616745078422636928e-01
5.619791478449677191e-01
5.622794646382119899e-01
5.625754507797166015e-01
5.628670987945912918e-01
5.631544011851912224e-01
5.634373504425977952e-01
5.637159390594077557e-01
5.639901595436317416e-01
5.642600044338551557e-01
5.645254663154662955e-01
5.647865378377082690e-01
5.650432117317221170e-01
5.652954808289815114e-01
5.655433380802800114e-01
5.657867765748422206e-01
5.660257895594428268e-01
5.662603704568779373e-01
5.664905128836882353e-01
5.667162106668379717e-01
5.669374578584375213e-01
5.671542487486549433e-01
5.673665778763213874e-01
5.675744400366341536e-01
5.677778302860592152e-01
5.679767439445051469e-01
5.681711765942735193e-01
5.683611240763638550e-01
5.685465824843740634e-01
5.687275481560938317e-01
5.689040176635424828e-01
5.690759878015488882e-01
5.692434555757428516e-01
5.694064181901890009e-01
5.695648730351211553e-01
5.697188176753444910e-01
5.698682498393279339e-01
5.700131674099545576e-01
5.701535684161860296e-01
5.702894510265075212e-01
5.704208135437912608e-01
5.705476544015151141e-01
5.706699721609151954e-01
5.707877655087872926e-01
5.709010332553804412e-01
5.710097743316246977e-01
5.711139877852736690e-01
5.712136727754815180e-01
5.713088285649763343e-01
5.713994545103052713e-01
5.714855500496962559e-01
5.715671146888046117e-01
5.716441479853801022e-01
5.717166495328753761e-01
5.717846189440662918e-01
5.718480558352413423e-01
5.719069598113807329e-01
5.719613304527066955e-01
5.720111673025608523e-01
5.720564698562825567e-01
5.720972375508364127e-01
5.721334697542308501e-01
5.721651657546895642e-01
5.721923247484700381e-01
5.722149458262643096e-01
5.722330279579113110e-01
5.722465699748801038e-01
5.722555705515161018e-01
5.722600281845686698e-01
5.722599411719425655e-01
5.722553075912799603e-01
5.722461252793992204e-01
5.722323918133046528e-01
5.722141044943255261e-01
5.721912603364064376e-01
5.721638560596112866e-01
5.721318880899026738e-01
5.720953525655089189e-01
5.720542453504738889e-01
5.720085620546887517e-01
5.719582980598921784e-01
5.719034485505775089e-01
5.718440085489481239e-01
5.717799729525496755e-01
5.717113365744600495e-01
5.716380941857560627e-01
5.715602405607944636e-01
5.714777705267909402e-01
5.713906790187295304e-01
5.712989611414316382e-01
5.712026122398223826e-01
5.711016279776205407e-01
5.709960044225687037e-01
5.708857381355730842e-01
5.707708262581697722e-01
5.706512665917410354e-01
5.705270576611612965e-01
5.703981987559976208e-01
5.702646899437653349e-01
5.701265320536673675e-01
5.699837266314959905e-01
5.698362758706683184e-01
5.696841825269091109e-01
5.695274498246603034e-01
5.693660813631109541e-01
5.692000810277026979e-01
5.690294529102006837e-01
5.688542012370504386e-01
5.686743303048110709e-01
5.684898444195801703e-01
5.683007478388527600e-01
5.681070447161050696e-01
5.679087390507405742e-01
5.677058346486572038e-01
5.674983350998360487e-01
5.672862437797601132e-01
5.670695638795839599e-01
5.668482984672500447e-01
5.666224505772191611e-01
5.663920233215198330e-01
5.661570200105676687e-01
5.659174442673987615e-01
5.656733001180377363e-01
5.654245920419330718e-01
5.651713249713438136e-01
5.649135042373093496e-01
5.646511354701040375e-01
5.643842244723674684e-01
5.641127770894441840e-01
5.638367991017964043e-01
5.635562961597885279e-01
5.632712737694671734e-01
5.629817373249138557e-01
5.626876921720335156e-01
5.623891436810953826e-01
5.620860973054232490e-01
5.617785586097058248e-01
5.614665332606705306e-01
5.611500269840936639e-01
5.608290455004730779e-01
5.605035944554342953e-01
5.601736793587827057e-01
5.598393055386295947e-01
5.595004781060151089e-01
5.591572019149909645e-01
5.588094814954378542e-01
5.584573209366349156e-01
5.581007237075594762e-01
5.577396924170082704e-01
5.573742285362557336e-01
5.570043321258515423e-01
5.566300016186530586e-01
5.562512337094801529e-01
5.558680233871338139e-01
5.554803641201414566e-01
5.550882481789990441e-01
5.546916670510869674e-01
5.542906118896628875e-01
5.538850739350967833e-01
5.534750448597626216e-01
5.530605170094484713e-01
5.526414835378931079e-01
5.522179384485491616e-01
5.517898765649191795e-01
5.513572934517985136e-01
5.509201853135685667e-01
5.504785489076996496e-01
5.500323815322911702e-01
5.495816811605237495e-01
5.491264467844717556e-01
5.486666789837125746e-01
5.482023806549390921e-01
5.477335577509037101e-01
5.472602198206870661e-01
5.467823801523701288e-01
5.463000554029685540e-01
5.458132647417904826e-01
5.453220286794759897e-01
5.448263678510828489e-01
5.443263020300890265e-01
5.438218495686385490e-01
5.433130273190124315e-01
5.427998509454786680e-01
5.422823354317721778e-01
5.417604955545395340e-01
5.412343461275356260e-01
5.407039019071949726e-01
5.401691771564353095e-01
5.396301849675071427e-01
5.390869365191072182e-01
5.385394404754034747e-01
5.379877027075511409e-01
5.374317264398796867e-01
5.368715128102566903e-01
5.363070617323578704e-01
5.357383728954555613e-01
5.351654467513340396e-01
5.345882853976110516e-01
5.340068933252233307e-01
5.334212780153118061e-01
5.328314503507028954e-01
5.322374247825351068e-01
5.316392192080457990e-01
5.310368545814585506e-01
5.304303543623410944e-01
5.298197439486809213e-01
5.292050502128268219e-01
5.285863011759891483e-01
5.279635257786784441e-01
5.273367536849505877e-01
5.267060150967114440e-01
5.260713406037685891e-01
5.254327611009779186e-01
5.247903077440956299e-01
5.241440118324736108e-01
5.234939044622619608e-01
5.228400158410408949e-01
5.221823742907785171e-01
5.215210051436589556e-01
5.208559298689114936e-01
5.201871657832820572e-01
5.195147265443796902e-01
5.188386233302576533e-01
5.181588662745522100e-01
5.174754655274554915e-01
5.167884313870275692e-01
5.160977733034044501e-01
5.154034980411714706e-01
5.147056076526245194e-01
5.140040980155355932e-01
5.132989585142244682e-01
5.125901730911354148e-01
5.118777224681334559e-01
5.111615869525467648e-01
5.104417490607704444e-01
5.097181953410223620e-01
5.089909172045978814e-01
5.082599110404051324e-01
5.075251781149299202e-01
5.067867246540013193e-01
5.060445621843090436e-01
5.052987079072901455e-01
5.045491847579421929e-01
5.037960209260841093e-01
5.030392488952799557e-01
5.022789043057909186e-01
5.015150249956710216e-01
5.007476503809791257e-01
4.999768210618791842e-01
4.992025784199585758e-01
4.984249641055166213e-01
4.976440195627270802e-01
4.968597858397314493e-01
4.960723037538104507e-01
4.952816141600596134e-01
4.944877578976461519e-01
4.936907751453858961e-01
4.928907043178971659e-01
4.920875809645982590e-01
4.912814371206278286e-01
4.904723012127294446e-01
4.896601982464267588e-01
4.888451499114322973e-01
4.880271744712411652e-01
4.872062865894882244e-01
4.863824973275673313e-01
4.855558144168896084e-01
4.847262427549695607e-01
4.838937850537707308e-01
4.830584426458153779e-01
4.822202165035359145e-01
4.813791084782708674e-01
4.805351226471593074e-01
4.796882665457066763e-01
4.788385520478738999e-01
4.779859957759743372e-01
4.771306191299864441e-01
4.762724481742152682e-01
4.754115136016811571e-01
4.745478508381479887e-01
4.736815001784857038e-01
4.728125067573270557e-01
4.719409201585310076e-01
4.710667935656071004e-01
4.701901825624553721e-01
4.693111439177152788e-01
4.684297347133515310e-01
4.675460118791511799e-01
4.666600317884143645e-01
4.657718494874048543e-01
4.648815175270560873e-01
4.639890848578066551e-01
4.630945962760243395e-01
4.621980924012272229e-01
4.612996096632149823e-01
4.603991798430426829e-01
4.594968292452541458e-01
4.585925779604781982e-01
4.576864395311966982e-01
4.567784209475078683e-01
4.558685227988801270e-01
4.549567396459994750e-01
4.540430608190835771e-01
4.531274716176919015e-01
4.522099545572201285e-01
4.512904903153337477e-01
4.503690583713775286e-01
4.494456375674509840e-01
4.485202066749903183e-01
4.475927447496284017e-01
4.466632310266636652e-01
4.457316444571697289e-01
4.447979633910847941e-01
4.438621659805280228e-01
4.429242315101795113e-01
4.419841423159635019e-01
4.410418856036035229e-01
4.400974545390208825e-01
4.391508483747597613e-01
4.382020718244986623e-01
4.372511341259946449e-01
4.362980481878883099e-01
4.353428300370301707e-01
4.343854986552103670e-01
4.334260762336183959e-01
4.324645887597114990e-01
4.315010666344571977e-01
4.305355448579683553e-01
4.295680624467373976e-01
4.285986611515286704e-01
4.276273839190680714e-01
4.266542735544804343e-01
4.256793717258002818e-01
4.247027181820904884e-01
4.237243501481769425e-01
4.227443021817109403e-01
4.217626068686904373e-01
4.207792963068169856e-01
4.197944036715481886e-01
4.188079639218286743e-01
4.178200132255892596e-01
4.168305875858127063e-01
4.158397216370445237e-01
4.148474482293974530e-01
4.138537985787354434e-01
4.128588022096303378e-01
4.118624861008920446e-01
4.108648731274357480e-01
4.098659804606205603e-01
4.088658186459247501e-01
4.078643916998946350e-01
4.068616981096778162e-01
4.058577323296129191e-01
4.048524862843173588e-01
4.038459504464956829e-01
4.028381142515443103e-01
4.018289659351229615e-01
4.008184922308334897e-01
3.998066785237774368e-01
3.987935098425939295e-01
3.977789725376156271e-01
3.967630559697007953e-01
3.957457534532577426e-01
3.947270621947254754e-01
3.937069826782247373e-01
3.926855182425760815e-01
3.916626752017518531e-01
3.906384632054982764e-01
3.896128953230973413e-01
3.885859877708154331e-01
3.875577597559418108e-01
3.865282339002004686e-01
3.854974370865130173e-01
3.844654009908807235e-01
3.834321616556894963e-01
3.823977581857957442e-01
3.813622313257878926e-01
3.803256226855956101e-01
3.792879747482971742e-01
3.782493311312083994e-01
3.772097364529101160e-01
3.761692356059748166e-01
3.751278727600357854e-01
3.740856905554005851e-01
3.730427296619254207e-01
3.719990285170426403e-01
3.709546229499579018e-01
3.699095455632138707e-01
3.688638249642069988e-01
3.678174850249801286e-01
3.667705442912090330e-01
3.657230155658514059e-01
3.646749056451979443e-01
3.636262151787789110e-01
3.625769386225688451e-01
3.615270642425494341e-01
3.604765741302948800e-01
3.594254442456391030e-01
3.583736445976655749e-01
3.573211397619134866e-01
3.562678899205449223e-01
3.552138524510335960e-01
3.541589838201932294e-01
3.531032413158652350e-01
3.520465841320950529e-01
3.509889735712818370e-01
3.499303725134056964e-01
3.488707446035818061e-01
3.478100536571474000e-01
3.467482635824452597e-01
3.456853388397029825e-01
3.446212452742979937e-01
3.435559511462341065e-01
3.424894282313933891e-01
3.414216528718193033e-01
3.403526067879452666e-01
3.392822774455083179e-01
3.382106578917182804e-01
3.371377461891744143e-01
3.360635447257109831e-01
3.349880596517024745e-01
3.339113005424343417e-01
3.328332802527445011e-01
3.317540149229118440e-01
3.306735241693618543e-01
3.295918315271884613e-01
3.285089651203279559e-01
3.274249583634301075e-01
3.263398503832951048e-01
3.252536859064492081e-01
3.241665145874169651e-01
3.230783900091203642e-01
3.219893687064794285e-01
3.208995094758632094e-01
3.198088730129620694e-01
3.187175217237731562e-01
3.176255194945120652e-01
3.165329312915483584e-01
3.154398226040778797e-01
3.143462588353457821e-01
3.132523047458314336e-01
3.121580239822701608e-01
3.110634786564961951e-01
3.099687289187882944e-01
3.088738325046523903e-01
3.077788442830185489e-01
3.066838158582017027e-01
3.055887952560107923e-01
3.044938266789159464e-01
3.033989502898555846e-01
3.023042020106476158e-01
3.012096133837550149e-01
3.001152115854007207e-01
2.990210196361759998e-01
2.979270567462298791e-01
2.968333386465617507e-01
2.957398777889637120e-01
2.946466834412099778e-01
2.935537618380791858e-01
2.924611165434815030e-01
2.913687490216596010e-01
2.902766592405992552e-01
2.891848460928412856e-01
2.880933075498688378e-01
2.870020406488698050e-01
2.859110414919318055e-01
2.848203053683913133e-01
2.837298269701274411e-01
2.826396005829941993e-01
2.815496201672904597e-01
2.804598793429290415e-01
2.793703713790693377e-01
2.782810892865776320e-01
2.771920260345250853e-01
2.761031748196530744e-01
2.750145292795843632e-01
2.739260835785168324e-01
2.728378323769267144e-01
2.717497707672867358e-01
2.706618942724420829e-01
2.695741989617573831e-01
2.684866816747539797e-01
2.673993402918222739e-01
2.663121739779343855e-01
2.652251833435148587e-01
2.641383704980516667e-01
2.630517390037050429e-01
2.619652937582302998e-01
2.608790408535421323e-01
2.597929874637966430e-01
2.587071418154178737e-01
2.576215132731294877e-01
2.565361125433786582e-01
2.554509519559455821e-01
2.543660457535881214e-01
2.532814103136405426e-01
2.521970642529565709e-01
2.511130284210426611e-01
2.500293258418693210e-01
2.489459816950327919e-01
2.478630234107025432e-01
2.467804808929013050e-01
2.456983868061274612e-01
2.446167767985061026e-01
2.435356895230096630e-01
2.424551663643834398e-01
2.413752508696117571e-01
2.402959879757934625e-01
2.392174231949371344e-01
2.381396019256111496e-01
2.370625690127505791e-01
2.359863685917085452e-01
2.349110441636821645e-01
2.338366387905328470e-01
2.327631952848695784e-01
2.316907563020504102e-01
2.306193642928927034e-01
2.295490613264059288e-01
2.284798888231903691e-01
2.274118872489809540e-01
2.263450958098566779e-01
2.252795521735303230e-01
2.242152922237255208e-01
2.231523498424566598e-01
2.220907567109379477e-01
2.210305421264098791e-01
2.199717328449437015e-01
2.189143529735493865e-01
2.178584239402472644e-01
2.168039645632287016e-01
2.157509912202776603e-01
2.146995180934108960e-01
2.136495574419407795e-01
2.126011198471955133e-01
2.115542143804317599e-01
2.105088486684841831e-01
2.094650288628270296e-01
2.084227595452754211e-01
2.073820436192334582e-01
2.063428822346308755e-01
2.053052747806085321e-01
2.042692189592157925e-01
2.032347109344436187e-01
2.022017455385939633e-01
2.011703165143452210e-01
2.001404167735146566e-01
1.991120386582253543e-01
1.980851741942646349e-01
1.970598153274925324e-01
1.960359541347078960e-01
1.950135830013305649e-01
1.939926947616923136e-01
1.929732828038727976e-01
1.919553411488794381e-01
1.909388645193286216e-01
1.899238484147823536e-01
1.889102892076213458e-01
1.878981842649849188e-01
1.868875320916019711e-01
1.858783324790007074e-01
1.848705866402535480e-01
1.838642973110878875e-01
1.828594688051856376e-01
1.818561070237126875e-01
1.808542194307498352e-01
1.798538150134895985e-01
1.788549042459713079e-01
1.778574990674803014e-01
1.768616128763727535e-01
1.758672605308429504e-01
1.748744583446656675e-01
1.738832240690467712e-01
1.728935768578795107e-01
1.719055372196924836e-01
1.709191269612614916e-01
1.699343691250002342e-01
1.689512879178610982e-01
1.679699086259620611e-01
1.669902575099983799e-01
1.660123616807643865e-01
1.650362489594606463e-01
1.640619477310097940e-01
1.630894867988424701e-01
1.621188952459752530e-01
1.611502023032258257e-01
1.601834372218994273e-01
1.592186291487219241e-01
1.582558070026963415e-01
1.572949993579619288e-01
1.563362343391850318e-01
1.553795395367820187e-01
1.544249419466698636e-01
1.534724679349902254e-01
1.525221432233423158e-01
1.515739928866805530e-01
1.506280413551075448e-01
1.496843124126260582e-01
1.487428291893156673e-01
1.478036141478441257e-01
1.468666890681890602e-01
1.459320750362058383e-01
1.449997924410019179e-01
1.440698609841519207e-01
1.431422997009242637e-01
1.422171269912392011e-01
1.412943606563129562e-01
1.403740179362829299e-01
1.394561155448700018e-01
1.385406696979365471e-01
1.376276961348810446e-01
1.367172101329243439e-01
1.358092265157604395e-01
1.349037596587583376e-01
1.340008234930869790e-01
1.331004315110873026e-01
1.322025967746207620e-01
1.313073319276621131e-01
1.304146492135725144e-01
1.295245604968860709e-01
1.286370772888494329e-01
1.277522107754840153e-01
1.268699718466208826e-01
1.259903711242643387e-01
1.251134189888298276e-01
1.242391256022387785e-01
1.233675009273226264e-01
1.224985547438239980e-01
1.216322966620390911e-01
1.207687361355006261e-01
1.199078824745352517e-01
1.190497448622475224e-01
1.181943323739001184e-01
1.173416539999515285e-01
1.164917186718057995e-01
1.156445352883865157e-01
1.148001127410828576e-01
1.139584599341064708e-01
1.131195857976491914e-01
1.122834992919398145e-01
1.114502094012253530e-01
1.106197251183310831e-01
1.097920554215825184e-01
1.089672092469919917e-01
1.081451954596403114e-01
1.073260228281215506e-01
1.065097000058414095e-01
1.056962355219832478e-01
1.048856377838755516e-01
1.040779150909151157e-01
1.032730756590223842e-01
1.024711276530947124e-01
1.016720792244817789e-01
1.008759385498032152e-01
1.000827138677464617e-01
9.929241351098785917e-02
9.850504593119202568e-02
9.772061971597698071e-02
9.693914359781402590e-02
9.616062645558239030e-02
9.538507731014173041e-02
9.461250531560438937e-02
9.384291974808801895e-02
9.307632999347600911e-02
9.231274553539026151e-02
9.155217594420361760e-02
9.079463086741570987e-02
9.004012002139202830e-02
8.928865318419858255e-02
8.854024018930690965e-02
8.779489091974158887e-02
8.705261530255120617e-02
8.631342330360586290e-02
8.557732492279356007e-02
8.484433018994406994e-02
8.411444916173353714e-02
8.338769191982624285e-02
8.266406857041425082e-02
8.194358924516678688e-02
8.122626410329544799e-02
8.051210333449287937e-02
7.980111716218706019e-02
7.909331584664101855e-02
7.838870968727007504e-02
7.768730902387263604e-02
7.698912423626889934e-02
7.629416574233929826e-02
7.560244399430773865e-02
7.491396947352349511e-02
7.422875268388370862e-02
7.354680414429590196e-02
7.286813438054982883e-02
7.219275391689855548e-02
7.152067326774982914e-02
7.085190292966361825e-02
7.018645337392118155e-02
6.952433503977618889e-02
6.886555832844756808e-02
6.821013359792857389e-02
6.755807115853830480e-02
6.690938126926600227e-02
6.626407413473119068e-02
6.562215990284844813e-02
6.498364866296363340e-02
6.434855044449386274e-02
6.371687521595521819e-02
6.308863288425453630e-02
6.246383329422687536e-02
6.184248622828302649e-02
6.122460140612877300e-02
6.061018848443812390e-02
5.999925705648460200e-02
5.939181665163348334e-02
5.878787673466804448e-02
5.818744670495809568e-02
5.759053589544345375e-02
5.699715357141145466e-02
5.640730892914620764e-02
5.582101109441021947e-02
5.523826912079011359e-02
5.465909198802193503e-02
5.408348860016756049e-02
5.351146778383433084e-02
5.294303828637018927e-02
5.237820877407838027e-02
5.181698783047011120e-02
5.125938395459269520e-02
5.070540555938845423e-02
5.015506097017274900e-02
4.960835842314000738e-02
4.906530606397398880e-02
4.852591194650587858e-02
4.799018403145085404e-02
4.745813018517779786e-02
4.692975817856857856e-02
4.640507568589926496e-02
4.588409028378730159e-02
4.536680945017339261e-02
4.485324056339690807e-02
4.434339090128032457e-02
4.383726764036028484e-02
4.333487785514442830e-02
4.283622851750938654e-02
4.234132649621080713e-02
4.185017855652167079e-02
4.136279136001539541e-02
4.087917146451171962e-02
4.039932532418036293e-02
3.992325928982191907e-02
3.945097960930417369e-02
3.898249242818213611e-02
3.851780379046160913e-02
3.805691963953473922e-02
3.759984581921833879e-02
3.714658807495666015e-02
3.669715205508294192e-02
3.625154331219963139e-02
3.580976730461638696e-02
3.537182939781822327e-02
3.493773486598438643e-02
3.450748889350922777e-02
3.408109657650893604e-02
3.365856292431811114e-02
3.323989286095534873e-02
3.282509122654107131e-02
3.241416277865946660e-02
3.200711219368213012e-02
3.160394406801785711e-02
3.120466291930825559e-02
3.080927318755622910e-02
3.041777923619679719e-02
3.003018535312359377e-02
2.964649575163520734e-02
2.926671457135090679e-02
2.889084587908056015e-02
2.851889366963562128e-02
2.815086186662762308e-02
2.778675432320972319e-02
2.742657482280037515e-02
2.707032707978465624e-02
2.671801474017151609e-02
2.636964138225834572e-02
2.602521051724254394e-02
2.568472558983998788e-02
2.534818997886306019e-02
2.501560699779558153e-02
2.468697989533503306e-02
2.436231185592018650e-02
2.404160600023695638e-02
2.372486538569855072e-02
2.341209300689702302e-02
2.310329179604965477e-02
2.279846462340074861e-02
2.249761429760144260e-02
2.220074356607010593e-02
2.190785511532543361e-02
2.161895157128870121e-02
2.133403549956420023e-02
2.105310940569035671e-02
2.077617573538212414e-02
2.050323687472742004e-02
2.023429515038976598e-02
1.996935282976818049e-02
1.970841212114871760e-02
1.945147517384950703e-02
1.919854407834009971e-02
1.894962086634978393e-02
1.870470751097445122e-02
1.846380592677008756e-02
1.822691796983564802e-02
1.799404543790355734e-02
1.776519007041981596e-02
1.754035354862452933e-02
1.731953749563514347e-02
1.710274347653123472e-02
1.688997299844150618e-02
1.668122751064319426e-02
1.647650840465770053e-02
1.627581701435470637e-02
1.607915461607576160e-02
1.588652242875255097e-02
1.569792161404498163e-02
1.551335327648612449e-02
1.533281846363688215e-02
1.515631816625695981e-02
1.498385331848576391e-02
1.481542479803403707e-02
1.465103342639179594e-02
1.449067996905037750e-02
1.433436513573554949e-02
1.418208958065713364e-02
1.403385390277420326e-02
1.388965864606579205e-02
1.374950429983322689e-02
1.361339129900062880e-02
1.348132002443820643e-02
1.335329080330133200e-02
1.322930390938326962e-02
1.310935956347652857e-02
1.299345793375802569e-02
1.288159913618165502e-02
1.277378323488866790e-02
1.267001024263100101e-02
1.257028012120589046e-02
1.247459278190463094e-02
1.238294808597202416e-02
1.229534584508245633e-02
1.221178582182189283e-02
1.213226773017837476e-02
1.205679123605338070e-02
1.198535595776752984e-02
