5.125890672592965831e-04
1.677438566552819316e-04
1.671641022214229231e-04
1.703993994869079426e-04
1.774759139370159829e-04
1.884327568222262685e-04
2.032503706809767790e-04
2.218972781163197757e-04
2.443454654006172204e-04
2.705737666102618426e-04
3.005673121509486005e-04
3.343160525681768917e-04
3.718133642466714254e-04
4.130549829437596366e-04
4.580382542822182958e-04
5.067616261401385394e-04
5.592243089363974984e-04
6.154260473939251281e-04
6.753669649696889508e-04
7.390474555571372069e-04
8.064681062374227938e-04
8.776296407944407258e-04
9.525328774469131628e-04
1.031178696574379340e-03
1.113568015658830679e-03
1.199701769568250771e-03
1.289580894882811322e-03
1.383206317340518986e-03
1.480578941725669640e-03
1.581699643697526050e-03
1.686569263173016324e-03
1.795188598967796881e-03
1.907558404460888346e-03
2.023679384097821707e-03
2.143552190584297433e-03
2.267177422649892943e-03
2.394555623284840007e-03
2.525687278369872710e-03
2.660572815634202910e-03
2.799212603886534669e-03
2.941606952475273821e-03
3.087756110940724583e-03
3.237660268826617060e-03
3.391319555626118743e-03
3.548734040839328450e-03
3.709903734125073738e-03
3.874828585528569506e-03
4.043508485774402819e-03
4.215943266611243273e-03
4.392132701199421424e-03
4.572076504532758892e-03
4.755774333887658779e-03
4.943225789292065610e-03
5.134430414010978001e-03
5.329387695042238707e-03
5.528097063617855821e-03
5.730557895710563718e-03
5.936769512538113240e-03
6.146731181066559212e-03
6.360442114508369806e-03
6.577901472811975916e-03
6.799108363144453632e-03
7.024061840362776608e-03
7.252760907473197738e-03
7.485204516078001157e-03
7.721391566808088504e-03
7.961320909741000443e-03
8.204991344802056719e-03
8.452401622150830865e-03
8.703550442549440672e-03
8.958436457713712595e-03
9.217058270646068252e-03
9.479414435951113993e-03
9.745503460132132895e-03
1.001532380186905512e-02
1.028887387227726824e-02
1.056615203514790768e-02
1.084715660716971571e-02
1.113188585812979227e-02
1.142033801109879065e-02
1.171251124259296839e-02
1.200840368272150169e-02
1.230801341531100393e-02
1.261133847801671620e-02
1.291837686241027044e-02
1.322912651405192853e-02
1.354358533254435004e-02
1.386175117156812110e-02
1.418362183890123362e-02
1.450919509642009490e-02
1.483846866008472001e-02
1.517144019990451960e-02
1.550810733989181102e-02
1.584846765799468454e-02
1.619251868601997296e-02
1.654025790953454755e-02
1.689168276775523600e-02
1.724679065342109643e-02
1.760557891265283892e-02
1.796804484479725544e-02
1.833418570225805663e-02
1.870399869030974979e-02
1.907748096690169495e-02
1.945462964244571227e-02
1.983544177958955490e-02
2.021991439298164578e-02
2.060804444901826599e-02
2.099982886558185782e-02
2.139526451176176555e-02
2.179434820756723928e-02
2.219707672363273668e-02
2.260344678090018058e-02
2.301345505030243446e-02
2.342709815243076282e-02
2.384437265719436053e-02
2.426527508346941475e-02
2.468980189874725104e-02
2.511794951876564902e-02
2.554971430714369010e-02
2.598509257500727226e-02
2.642408058061421552e-02
2.686667452897618588e-02
2.731287057148399158e-02
2.776266480553417695e-02
2.821605327415323619e-02
2.867303196564335507e-02
2.913359681321761249e-02
2.959774369466075528e-02
3.006546843199771682e-02
3.053676679117551043e-02
3.101163448176159215e-02
3.149006715666591294e-02
3.197206041188373205e-02
3.245760978626083260e-02
3.294671076128688481e-02
3.343935876091483350e-02
3.393554915140888778e-02
3.443527724122685124e-02
3.493853828093126945e-02
3.544532746313609067e-02
3.595563992248195645e-02
3.646947073565230679e-02
3.698681492142099486e-02
3.750766744072026732e-02
3.803202319676365212e-02
3.855987703518302251e-02
3.909122374419843338e-02
3.962605805481706628e-02
4.016437464105646060e-02
4.070616812018503644e-02
4.125143305299091429e-02
4.180016394406117081e-02
4.235235524206436980e-02
4.290800134006639982e-02
4.346709657582097791e-02
4.402963523208291291e-02
4.459561153690269619e-02
4.516501966393306200e-02
4.573785373270214394e-02
4.631410780888856743e-02
4.689377590457110417e-02
4.747685197845062655e-02
4.806332993606949461e-02
4.865320362997109516e-02
4.924646685985691053e-02
4.984311337269645842e-02
5.044313686280831738e-02
5.104653097191011457e-02
5.165328928912268219e-02
5.226340535094805423e-02
5.287687264121032626e-02
5.349368459095384803e-02
5.411383457832702470e-02
5.473731592840521548e-02
5.536412191300997543e-02
5.599424575048028013e-02
5.662768060543255794e-02
5.726441958849523561e-02
5.790445575600108863e-02
5.854778210970323221e-02
5.919439159644029891e-02
5.984427710781711068e-02
6.049743147984285724e-02
6.115384749261023462e-02
6.181351786994367797e-02
6.247643527905329813e-02
6.314259233019679785e-02
6.381198157634994372e-02
6.448459551287798186e-02
6.516042657723408738e-02
6.583946714866148464e-02
6.652170954789946022e-02
6.720714603693282718e-02
6.789576881874001546e-02
6.858757003706408839e-02
6.928254177620742082e-02
6.998067606084062975e-02
7.068196485584776756e-02
7.138640006616475686e-02
7.209397353666370523e-02
7.280467705204779483e-02
7.351850233675691348e-02
7.423544105492221878e-02
7.495548481029490340e-02
7.567862514622671066e-02
7.640485354565780540e-02
7.713416143111362366e-02
7.786654016471307449e-02
7.860198104821380927e-02
7.934047532302102024e-02
8.008201417026054869e-02
8.082658871081353780e-02
8.157419000539034570e-02
8.232480905458353093e-02
8.307843679893620048e-02
8.383506411901932298e-02
8.459468183549487263e-02
8.535728070918083277e-02
8.612285144110651269e-02
8.689138467260058840e-02
8.766287098531201638e-02
8.843730090127759069e-02
8.921466488296447839e-02
8.999495333329464442e-02
9.077815659567477213e-02
9.156426495401240317e-02
9.235326863271531295e-02
9.314515779670276552e-02
9.393992255138858272e-02
9.473755294265569227e-02
9.553803895683489478e-02
9.634137052066606144e-02
9.714753750124163756e-02
9.795652970597287790e-02
9.876833688252205368e-02
9.958294871873943355e-02
1.004003548426058851e-01
1.012205448221482895e-01
1.020435081653758569e-01
1.028692343202085302e-01
1.036977126744016570e-01
1.045289325554833865e-01
1.053628832306718749e-01
1.061995539068281286e-01
1.070389337303913335e-01
1.078810117873365837e-01
1.087257771031170800e-01
1.095732186426527782e-01
1.104233253102859247e-01
1.112760859497980565e-01
1.121314893443903088e-01
1.129895242166940178e-01
1.138501792288304781e-01
1.147134429824338137e-01
1.155793040187166609e-01
1.164477508185482041e-01
1.173187718025592713e-01
1.181923553312417968e-01
1.190684897050945934e-01
1.199471631647643782e-01
1.208283638912261426e-01
1.217120800059676849e-01
1.225982995711826784e-01
1.234870105900462145e-01
1.243782010069066357e-01
1.252718587075925538e-01
1.261679715196993290e-01
1.270665272128872758e-01
1.279675134992202812e-01
1.288709180335206872e-01
1.297767284137358312e-01
1.306849321813324249e-01
1.315955168217030069e-01
1.325084697646181919e-01
1.334237783846750347e-01
1.343414300017551355e-01
1.352614118815400612e-01
1.361837112360189950e-01
1.371083152240432090e-01
1.380352109518436787e-01
1.389643854736575257e-01
1.398958257922826021e-01
1.408295188597247505e-01
1.417654515778348501e-01
1.427036107989410330e-01
1.436439833265529542e-01
1.445865559160305902e-01
1.455313152753341666e-01
1.464782480657329244e-01
1.474273409025621262e-01
1.483785803559849181e-01
1.493319529517766475e-01
1.502874451721459004e-01
1.512450434565280888e-01
1.522047342024248906e-01
1.531665037662620632e-01
1.541303384642125629e-01
1.550962245731298816e-01
1.560641483313517375e-01
1.570340959396621661e-01
1.580060535621491402e-01
1.589800073271424030e-01
1.599559433281175502e-01
1.609338476246227889e-01
1.619137062432220997e-01
1.628955051783911034e-01
1.638792303934968608e-01
1.648648678217052854e-01
1.658524033669271369e-01
1.668418229047536616e-01
1.678331122833837674e-01
1.688262573245503939e-01
1.698212438244227074e-01
1.708180575545865110e-01
1.718166842628430224e-01
1.728171096741877022e-01
1.738193194916406725e-01
1.748232993971283455e-01
1.758290350523319390e-01
1.768365120995032680e-01
1.778457161622918059e-01
1.788566328465230060e-01
1.798692477409654655e-01
1.808835464180612029e-01
1.818995144346466364e-01
1.829171373326218819e-01
1.839364006395858842e-01
1.849572898694942791e-01
1.859797905231878601e-01
1.870038880889657307e-01
1.880295680430281724e-01
1.890568158500061102e-01
1.900856169632879067e-01
1.911159568254305885e-01
1.921478208684702371e-01
1.931811945141495290e-01
1.942160631741334798e-01
1.952524122501588522e-01
1.962902271341340765e-01
1.973294932081540443e-01
1.983701958444928914e-01
1.994123204054941423e-01
2.004558522434471413e-01
2.015007767003590688e-01
2.025470791077000621e-01
2.035947447860713133e-01
2.046437590447933441e-01
2.056941071814842592e-01
2.067457744815259513e-01
2.077987462175271971e-01
2.088530076486764808e-01
2.099085440200888775e-01
2.109653405621187694e-01
2.120233824895457475e-01
2.130826550008045328e-01
2.141431432771482846e-01
2.152048324817620040e-01
2.162677077588811836e-01
2.173317542328466467e-01
2.183969570071546407e-01
2.194633011635852837e-01
2.205307717611250939e-01
2.215993538350976289e-01
2.226690323961760809e-01
2.237397924294092233e-01
2.248116188933594883e-01
2.258844967191057651e-01
2.269584108094502839e-01
2.280333460380075672e-01
2.291092872484124243e-01
2.301862192535669982e-01
2.312641268349018286e-01
2.323429947416802144e-01
2.334228076904540095e-01
2.345035503643973784e-01
2.355852074129087537e-01
2.366677634510870876e-01
2.377512030593986747e-01
2.388355107833434188e-01
2.399206711331685338e-01
2.410066685837503053e-01
2.420934875743589176e-01
2.431811125086632275e-01
2.442695277546512167e-01
2.453587176446743734e-01
2.464486664754959033e-01
2.475393585084199599e-01
2.486307779694459374e-01
2.497229090493997550e-01
2.508157359041711110e-01
2.519092426549273123e-01
2.530034133883094505e-01
2.540982321566688795e-01
2.551936829782986971e-01
2.562897498376721650e-01
2.573864166855898694e-01
2.584836674394183076e-01
2.595814859831652166e-01
2.606798561676612058e-01
2.617787618105756331e-01
2.628781866965019254e-01
2.639781145768936854e-01
2.650785291700059609e-01
2.661794141608335718e-01
2.672807532008359410e-01
2.683825299077890469e-01
2.694847278654561307e-01
2.705873306232579045e-01
2.716903216958805323e-01
2.727936845628580742e-01
2.738974026680243146e-01
2.750014594190453576e-01
2.761058381868436440e-01
2.772105223049546874e-01
2.783154950689378238e-01
2.794207397357522660e-01
2.805262395230697092e-01
2.816319776086254612e-01
2.827379371296028232e-01
2.838441011819701210e-01
2.849504528198729125e-01
2.860569750550722712e-01
2.871636508563992773e-01
2.882704631492414293e-01
2.893773948151779352e-01
2.904844286915383433e-01
2.915915475711709504e-01
2.926987342022066008e-01
2.938059712879855789e-01
2.949132414869558572e-01
2.960205274128435704e-01
2.971278116347906839e-01
2.982350766776754591e-01
2.993423050225048065e-01
3.004494791070131399e-01
3.015565813262411354e-01
3.026635940334077013e-01
3.037704995407584097e-01
3.048772801206168226e-01
3.059839180065074826e-01
3.070903953945586795e-01
3.081966944447714352e-01
3.093027972826025707e-01
3.104086860006082804e-01
3.115143426601845733e-01
3.126197492934134625e-01
3.137248879050668626e-01
3.148297404746018269e-01
3.159342889583754976e-01
3.170385152918058780e-01
3.181424013917534266e-01
3.192459291588909953e-01
3.203490804801120140e-01
3.214518372311182537e-01
3.225541812789000651e-01
3.236560944843915322e-01
3.247575587051353407e-01
3.258585557979088443e-01
3.269590676214384484e-01
3.280590760391333127e-01
3.291585629217567144e-01
3.302575101502161492e-01
3.313558996181909522e-01
3.324537132349045798e-01
3.335509329277340229e-01
3.346475406449388457e-01
3.357435183581727878e-01
3.368388480651308692e-01
3.379335117919968767e-01
3.390274915959496371e-01
3.401207695675029230e-01
3.412133278328441932e-01
3.423051485560608120e-01
3.433962139412729542e-01
3.444865062346561535e-01
3.455760077264133923e-01
3.466647007525625046e-01
3.477525676966640167e-01
3.488395909913658000e-01
3.499257531198258775e-01
3.510110366170368090e-01
3.520954240709120442e-01
3.531788981232875102e-01
3.542614414706926618e-01
3.553430368649801996e-01
3.564236671137734347e-01
3.575033150806494753e-01
3.585819636852689007e-01
3.596595959031492762e-01
3.607361947653642820e-01
3.618117433579293163e-01
3.628862248210655839e-01
3.639596223481681436e-01
3.650319191846538858e-01
3.661030986265688680e-01
3.671731440189521800e-01
3.682420387541200935e-01
3.693097662697157890e-01
3.703763100465169988e-01
3.714416536062135621e-01
3.725057805090111751e-01
3.735686743510237551e-01
3.746303187617422426e-01
3.756906974012617639e-01
3.767497939574482313e-01
3.778075921432909601e-01
3.788640756938627119e-01
3.799192283636677048e-01
3.809730339237811236e-01
3.820254761590951564e-01
3.830765388657088044e-01
3.841262058483078667e-01
3.851744609177943368e-01
3.862212878888550138e-01
3.872666705780106744e-01
3.883105928015047614e-01
3.893530383734796207e-01
3.903939911045816169e-01
3.914334348004503972e-01
3.924713532606397548e-01
3.935077302777033603e-01
3.945425496365463913e-01
3.955757951139938777e-01
3.966074504786145094e-01
3.976374994908340454e-01
3.986659259031298808e-01
3.996927134606503285e-01
4.007178459019259398e-01
4.017413069598530506e-01
4.027630803628385325e-01
4.037831498361267313e-01
4.048014991033788701e-01
4.058181118881964422e-01
4.068329719160357349e-01
4.078460629159741391e-01
4.088573686227300330e-01
4.098668727787328492e-01
4.108745591360531968e-01
4.118804114586668286e-01
4.128844135243361912e-01
4.138865491268143293e-01
4.148868020778045396e-01
4.158851562088787257e-01
4.168815953734048563e-01
4.178761034483103320e-01
4.188686643357168449e-01
4.198592619646135948e-01
4.208478802922566153e-01
4.218345033054773374e-01
4.228191150219129946e-01
4.238016994911007473e-01
4.247822407954113255e-01
4.257607230509142249e-01
4.267371304080136984e-01
4.277114470522266898e-01
4.286836572045954474e-01
4.296537451222628423e-01
4.306216950987917236e-01
4.315874914646841698e-01
4.325511185876084741e-01
4.335125608729117896e-01
4.344718027639727920e-01
4.354288287427066084e-01
4.363836233300373846e-01
4.373361710865966701e-01
4.382864566132782524e-01
4.392344645522140434e-01
4.401801795875164847e-01
4.411235864462776934e-01
4.420646698996858470e-01
4.430034147641159770e-01
4.439398059022469090e-01
4.448738282242553632e-01
4.458054666889659789e-01
4.467347063049270095e-01
4.476615321314429408e-01
4.485859292793422104e-01
4.495078829118249741e-01
4.504273782449044194e-01
4.513444005476376364e-01
4.522589351423303983e-01
4.531709674041204394e-01
4.540804827607413663e-01
4.549874666915754706e-01
4.558919047268343294e-01
4.567937824462959817e-01
4.576930854778194502e-01
4.585897994958993418e-01
4.594839102197857961e-01
4.603754034116875893e-01
4.612642648747868335e-01
4.621504804512095443e-01
4.630340360200695948e-01
4.639149174952294508e-01
4.647931108234252817e-01
4.656686019820981404e-01
4.665413769773458230e-01
4.674114218420120093e-01
4.682787226336637687e-01
4.691432654326296303e-01
4.700050363402483167e-01
4.708640214769268528e-01
4.717202069805288556e-01
4.725735790047447815e-01
4.734241237176688988e-01
4.742718273004679075e-01
4.751166759464306444e-01
4.759586558600958361e-01
4.767977532569348531e-01
4.776339543631147322e-01
4.784672454158283572e-01
4.792976126640138279e-01
4.801250423694758962e-01
4.809495208084990092e-01
4.817710342739545681e-01
4.825895690777836089e-01
4.834051115538683940e-01
4.842176480616079415e-01
4.850271649894983272e-01
4.858336487595477649e-01
4.866370858316018677e-01
4.874374627083478129e-01
4.882347659404275286e-01
4.890289821319999675e-01
4.898200979462395410e-01
4.906081001114970808e-01
4.913929754271705308e-01
4.921747107697936330e-01
4.929532930992394091e-01
4.937287094645529395e-01
4.945009470097780357e-01
4.952699929792723221e-01
4.960358347226915265e-01
4.967984596993074708e-01
4.975578554818220756e-01
4.983140097593983797e-01
4.990669103399754669e-01
4.998165451521016101e-01
5.005629022457571686e-01
5.013059697931259162e-01
5.020457360886021458e-01
5.027821895486085380e-01
5.035153187113076134e-01
5.042451122363880156e-01
5.049715589048409115e-01
5.056946476191441775e-01
5.064143674036725162e-01
5.071307074053859054e-01
5.078436568952239272e-01
5.085532052693404470e-01
5.092593420508332303e-01
5.099620568912803797e-01
5.106613395720237536e-01
5.113571800049504512e-01
5.120495682321640762e-01
5.127384944245977350e-01
5.134239488785958816e-01
5.141059220108626926e-01
5.147844043507214806e-01
5.154593865301431155e-01
5.161308592709535903e-01
5.167988133698850906e-01
5.174632396809576429e-01
5.181241290963281010e-01
5.187814725253429016e-01
5.194352608729658760e-01
5.200854850177599742e-01
5.207321357901403269e-01
5.213752039513861458e-01
5.220146801737421960e-01
5.226505550220781338e-01
5.232828189368807781e-01
5.239114622189802173e-01
5.245364750158205691e-01
5.251578473089697496e-01
5.257755689026260004e-01
5.263896294132481835e-01
5.270000182598337801e-01
5.276067246546843892e-01
5.282097375948836548e-01
5.288090458542963335e-01
5.294046379763529542e-01
5.299965022679600235e-01
5.305846267949045902e-01
5.311689993793041742e-01
5.317496075995942206e-01
5.323264387936670339e-01
5.328994800658146680e-01
5.334687182973366637e-01
5.340341401615903427e-01
5.345957321429560816e-01
5.351534805592899069e-01
5.357073715878247766e-01
5.362573912929804454e-01
5.368035256560310664e-01
5.373457606052680635e-01
5.378840820466243011e-01
5.384184758939286608e-01
5.389489280991787146e-01
5.394754246830624211e-01
5.399979517660142836e-01
5.405164956011015986e-01
5.410310426086587521e-01
5.415415794134851302e-01
5.420480928840872847e-01
5.425505701732424857e-01
5.430489987584361522e-01
5.435433664794468989e-01
5.440336615713160517e-01
5.445198726889021179e-01
5.450019889217551095e-01
5.454799997970699588e-01
5.459538952704806603e-01
5.464236657055587809e-01
5.468893018438110154e-01
5.473507947679411290e-01
5.478081358613836604e-01
5.482613167670283838e-01
5.487103293477654242e-01
5.491551656503780299e-01
5.495958178737604394e-01
5.500322783426858653e-01
5.504645394866040098e-01
5.508925938251436616e-01
5.513164339608949138e-01
5.517360525812230465e-01
5.521514424706095436e-01
5.525625965349301172e-01
5.529695078382268481e-01
5.533721696506939125e-01
5.537705755056673285e-01
5.541647192601346639e-01
5.545545951532615536e-01
5.549401978544366010e-01
5.553215224932827043e-01
5.556985646646145360e-01
5.560713204040207414e-01
5.564397861325381944e-01
5.568039585744221087e-01
5.571638346549264709e-01
5.575194113887613767e-01
5.578706857710611366e-01
5.582176546813609752e-01
5.585603148080855451e-01
5.588986625970723265e-01
5.592326942217709096e-01
5.595624055706598377e-01
5.598877922437887067e-01
5.602088495515608058e-01
5.605255725095776853e-01
5.608379558269888099e-01
5.611459938872707109e-01
5.614496807230425768e-01
5.617490099856342622e-01
5.620439749091916681e-01
5.623345682668896561e-01
5.626207823139933728e-01
5.629026087132652512e-01
5.631800384389467062e-01
5.634530616615437415e-01
5.637216676216856293e-01
5.639858445096735950e-01
5.642455793710456913e-01
5.645008580611582394e-01
5.647516652658071123e-01
5.649979845975312553e-01
5.652397987638069221e-01
5.654770897917209549e-01
5.657098392845403279e-01
5.659380286798931792e-01
5.661616394812469810e-01
5.663806534401836235e-01
5.665950526773028129e-01
5.668048197396980958e-01
5.670099376039479111e-01
5.672103896428568603e-01
5.674061595818953307e-01
5.675972314783542805e-01
5.677835897605920668e-01
5.679652193623349055e-01
5.681421059726849965e-01
5.683142363979171163e-01
5.684815989927693991e-01
5.686441840853101448e-01
5.688019842959590733e-01
5.689549946577414641e-01
5.691032124805924797e-01
5.692466369631559164e-01
5.693852686214256886e-01
5.695191086527445767e-01
5.696481583677854843e-01
5.697724187974670951e-01
5.698918905228126386e-01
5.700065737054205162e-01
5.701164682353002666e-01
5.702215738823404045e-01
5.703218903452940136e-01
5.704174171362630386e-01
5.705081533040253783e-01
5.705940970645624333e-01
5.706752454522122653e-01
5.707515941097314194e-01
5.708231373042071954e-01
5.708898681943495035e-01
5.709517793162761645e-01
5.710088632159013855e-01
5.710611131507387084e-01
5.711085237988068330e-01
5.711510919229474403e-01
5.711888169318154462e-01
5.712217012554255957e-01
5.712497504448649233e-01
5.712729729354922847e-01
5.712913794916388843e-01
5.713049824428713119e-01
5.713137948882194284e-01
5.713178300445364011e-01
5.713171008498282299e-01
5.713116198373819898e-01
5.713013992105461236e-01
5.712864510050090772e-01
5.712667872220852372e-01
5.712424198382716201e-01
5.712133606294699240e-01
5.711796207878193643e-01
5.711412103648714211e-01
5.710981376439004942e-01
5.710504086091620080e-01
5.709980267016234734e-01
5.709409929984033960e-01
5.708793068109025981e-01
5.708129665040636569e-01
5.707419701747261653e-01
5.706663157916224138e-01
5.705860005455644091e-01
5.705010194538109314e-01
5.704113635798681026e-01
5.703170184264793052e-01
5.702179630474654148e-01
5.701141702112012544e-01
5.700056076206820865e-01
5.698922398849679549e-01
5.697740307707248597e-01
5.696509452983632427e-01
5.695229514239560364e-01
5.693900212447718934e-01
5.692521317874218445e-01
5.691092654713563181e-01
5.689614103159335023e-01
5.688085599024436112e-01
5.686507130503528629e-01
5.684878731686289211e-01
5.683200473270009212e-01
5.681472452057136913e-01
5.679694781327920827e-01
5.677867583754845349e-01
5.675990987895828122e-01
5.674065129136763863e-01
5.672090155700899583e-01
5.670066238723577845e-01
5.667993582427393040e-01
5.665872428262209715e-01
5.663703048138560847e-01
5.661485726832381493e-01
5.659220739327754934e-01
5.656908331341700125e-01
5.654548708854183481e-01
5.652142037230351024e-01
5.649688446248978257e-01
5.647188036537622580e-01
5.644640884888015853e-01
5.642047048376043206e-01
5.639406568340461501e-01
5.636719474949033470e-01
5.633985792294580186e-01
5.631205543560134918e-01
5.628378756042087261e-01
5.625505466170563906e-01
5.622585724742277247e-01
5.619619602584465801e-01
5.616607197332855739e-01
5.613548642624610618e-01
5.610444120464004314e-01
5.607293875165776376e-01
5.604098224647772186e-01
5.600857564405784528e-01
5.597572362081874031e-01
5.594243144412415214e-01
5.590870481123020319e-01
5.587454970708055635e-01
5.583997230826904801e-01
5.580497891907711949e-01
5.576957588912087038e-01
5.573376946639215790e-01
5.569756559314812394e-01
5.566096971205388710e-01
5.562398665578779378e-01
5.558662063611625737e-01
5.554887528302457911e-01
5.551075366618325457e-01
5.547225825737082117e-01
5.543339082580617250e-01
5.539415228553350445e-01
5.535454254788604311e-01
5.531456046207290367e-01
5.527420391111174114e-01
5.523347006021305239e-01
5.519235568353096921e-01
5.515085747669520311e-01
5.510897228579312301e-01
5.506669720618116992e-01
5.502402952534537484e-01
5.498096653732379435e-01
5.493750533738877007e-01
5.489364275093533418e-01
5.484937550105349890e-01
5.480470058942733536e-01
5.475961573502545754e-01
5.471411967192494341e-01
5.466821218346327171e-01
5.462189389713971721e-01
5.457516598379604789e-01
5.452802992124061721e-01
5.448048740323059302e-01
5.443254037189633188e-01
5.438419109204203350e-01
5.433544218270236481e-01
5.428629655347271266e-01
5.423675724129601861e-01
5.418682719342124976e-01
5.413650906724806200e-01
5.408580509481846210e-01
5.403471701168282015e-01
5.398324603530192389e-01
5.393139291616111386e-01
5.387915810756773727e-01
5.382654203615833133e-01
5.377354534738232328e-01
5.372016898972997723e-01
5.366641414588083636e-01
5.361228217915821048e-01
5.355777474594300980e-01
5.350289402489217805e-01
5.344764284661539522e-01
5.339202455902185562e-01
5.333604268035857521e-01
5.327970055538846506e-01
5.322300120609291252e-01
5.316594741612794550e-01
5.310854194967958852e-01
5.305078775754341613e-01
5.299268805888988076e-01
5.293424627413346739e-01
5.287546588606097941e-01
5.281635036388174775e-01
5.275690323983631691e-01
5.269712829157172651e-01
5.263702966475534151e-01
5.257661179478652080e-01
5.251587915402079476e-01
5.245483599598937952e-01
5.239348622766140107e-01
5.233183336943928454e-01
5.226988049031683348e-01
5.220763013160539812e-01
5.214508436633477073e-01
5.208224505231950907e-01
5.201911409689721211e-01
5.195569347496080681e-01
5.189198497370903773e-01
5.182798993170995017e-01
5.176370924641993110e-01
5.169914363071268504e-01
5.163429385021345297e-01
5.156916074080103440e-01
5.150374506692301235e-01
5.143804741315227691e-01
5.137206819346227249e-01
5.130580770414299163e-01
5.123926613116194240e-01
5.117244351828250659e-01
5.110533975360466163e-01
5.103795458806791308e-01
5.097028764319019301e-01
5.090233836908167886e-01
5.083410595484328942e-01
5.076558921470667451e-01
5.069678646718318582e-01
5.062769542679992352e-01
5.055831315583518837e-01
5.048863614337401051e-01
5.041866054019474852e-01
5.034838247945582212e-01
5.027779833112029362e-01
5.020690475926723462e-01
5.013569857498494375e-01
5.006417649759301591e-01
4.999233495287029871e-01
4.992016996404706752e-01
4.984767713598620698e-01
4.977485174994127348e-01
4.970168900403557632e-01
4.962818436040823955e-01
4.955433383991078022e-01
4.948013409743273194e-01
4.940558227144805636e-01
4.933067577637009760e-01
4.925541221047870510e-01
4.917978940227030193e-01
4.910380550387202780e-01
4.902745907870083575e-01
4.895074923450703497e-01
4.887367586095455740e-01
4.879623991550367523e-01
4.871844360059004453e-01
4.864029032419465715e-01
4.856178450049294382e-01
4.848293135797440701e-01
4.840373686929635988e-01
4.832420776679495766e-01
4.824435151793002863e-01
4.816417618264560163e-01
4.808369019101756403e-01
4.800290214440302017e-01
4.792182070720840681e-01
4.784045457170427729e-01
4.775881242736843002e-01
4.767690287960705819e-01
4.759473430654834747e-01
4.751231467153648191e-01
4.742965132094808522e-01
4.734675081796669849e-01
4.726361887930499717e-01
4.718026043305265649e-01
4.709667970183645802e-01
4.701288016677099835e-01
4.692886439565716050e-01
4.684463390946680961e-01
4.676018926283396215e-01
4.667553028866107678e-01
4.659065627754333527e-01
4.650556596104782892e-01
4.642025741372620695e-01
4.633472807221713508e-01
4.624897491056210730e-01
4.616299462911879758e-01
4.607678372231864272e-01
4.599033844760328504e-01
4.590365482448663936e-01
4.581672874019935837e-01
4.572955610887726174e-01
4.564213297550160364e-01
4.555445552173579271e-01
4.546652003265250208e-01
4.537832291340902491e-01
4.528986078812701765e-01
4.520113063811771470e-01
4.511212990793504463e-01
4.502285653065838944e-01
4.493330886693794879e-01
4.484348559291723713e-01
4.475338560209820571e-01
4.466300799334137483e-01
4.457235218271237698e-01
4.448141810243829708e-01
4.439020638081616621e-01
4.429871839677421708e-01
4.420695619551878730e-01
4.411492237687967277e-01
4.402262011531472563e-01
4.393005337740290006e-01
4.383722722747106504e-01
4.374414799690276023e-01
4.365082314008678632e-01
4.355726078120510381e-01
4.346346913680390056e-01
4.336945605297131134e-01
4.327522879765936525e-01
4.318079408425832821e-01
4.308615819417356274e-01
4.299132707301085987e-01
4.289630635104431655e-01
4.280110129854495793e-01
4.270571673616956332e-01
4.261015691179488862e-01
4.251442536091158408e-01
4.241852477841240865e-01
4.232245692282328720e-01
4.222622255493991283e-01
4.212982140704402134e-01
4.203325219198519869e-01
4.193651267075357292e-01
4.183959977886614334e-01
4.174250977239823412e-01
4.164523832859409747e-01
4.154778055534294467e-01
4.145013092333522109e-01
4.135228319196844748e-01
4.125423041130372170e-01
4.115596504121631360e-01
4.105747916843341949e-01
4.095876476329161631e-01
4.085981391840194932e-01
4.076061903918619667e-01
4.066117298715640760e-01
4.056146919363633474e-01
4.046150176377174001e-01
4.036126558836502509e-01
4.026075648114146310e-01
4.015997135413812424e-01
4.005890842080420677e-01
3.995756738027294031e-01
3.985594952078065356e-01
3.975405771686601475e-01
3.965189636426939557e-01
3.954947132995777492e-01
3.944678994726253940e-01
3.934386100437523570e-01
3.924069465538825852e-01
3.913730225525974271e-01
3.903369619743716767e-01
3.892988981866122855e-01
3.882589734516410096e-01
3.872173379331301235e-01
3.861741476888601032e-01
3.851295618619573480e-01
3.840837396748064680e-01
3.830368376129110186e-01
3.819890068104493941e-01
3.809403905599357265e-01
3.798911220503845554e-01
3.788413225714867272e-01
3.777911003059507000e-01
3.767405495688028183e-01
3.756897501932247030e-01
3.746387668568020302e-01
3.735876484086347871e-01
3.725364274748549920e-01
3.714851206259848770e-01
3.704337291976197433e-01
3.693822406068216213e-01
3.683306298343501650e-01
3.672788607048751985e-01
3.662268866903455877e-01
3.651746511719433652e-01
3.641220873849002060e-01
3.630691185328200343e-01
3.620156586341931604e-01
3.609616144336599275e-01
3.599068882202625663e-01
3.588513809045976166e-01
3.577949945545149113e-01
3.567376339421078346e-01
3.556792073281980215e-01
3.546196272345574219e-01
3.535588119249983841e-01
3.524966877151830547e-01
3.514331914768302756e-01
3.503682723249832431e-01
3.493018917440314786e-01
3.482340221475684339e-01
3.471646446360682203e-01
3.460937470853711617e-01
3.450213234808118812e-01
3.439473747376733392e-01
3.428719104959183084e-01
3.417949509601401203e-01
3.407165279690176907e-01
3.396366849759579476e-01
3.385554761501808896e-01
3.374729650727743557e-01
3.363892234409411319e-01
3.353043299491949014e-01
3.342183692793551653e-01
3.331314310245330201e-01
3.320436084171404234e-01
3.309549968708377921e-01
3.298656924934715295e-01
3.287757907914252709e-01
3.276853857268290926e-01
3.265945691320560895e-01
3.255034303129070716e-01
3.244120555736066391e-01
3.233205274279143393e-01
3.222289234153731252e-01
3.211373146469867490e-01
3.200457643643816463e-01
3.189543268376389129e-01
3.178630468387009800e-01
3.167719597605908044e-01
3.156810922807747333e-01
3.145904633482494717e-01
3.135000852362024859e-01
3.124099644407558607e-01
3.113201023001623824e-01
3.102304953242154273e-01
3.091411353290461905e-01
3.080520095408416648e-01
3.069631008503505565e-01
3.058743883601576230e-01
3.047858482714005945e-01
3.036974550197861222e-01
3.026091824383830842e-01
3.015210046691135792e-01
3.004328966272362123e-01
2.993448340299218469e-01
2.982567932188621707e-01
2.971687510854582603e-01
2.960806852782387200e-01
2.949925746318369790e-01
2.939043995986576618e-01
2.928161425133462559e-01
2.917277877121691176e-01
2.906393216775284283e-01
2.895507333509889092e-01
2.884620145965068883e-01
2.873731606561198970e-01
2.862841704318767611e-01
2.851950465306589133e-01
2.841057951166146012e-01
2.830164256544624446e-01
2.819269506012090365e-01
2.808373850721003762e-01
2.797477465065987823e-01
2.786580543827717471e-01
2.775683300360355932e-01
2.764785966101926395e-01
2.753888791099990963e-01
2.742992044741840441e-01
2.732096015755324792e-01
2.721201010901725947e-01
2.710307352428575345e-01
2.699415374923637145e-01
2.688525422426755740e-01
2.677637846451923487e-01
2.666753005090441997e-01
2.655871262856158710e-01
2.644992990600330551e-01
2.634118564742852220e-01
2.623248365228513790e-01
2.612382771965827133e-01
2.601522159952134872e-01
2.590666893748700406e-01
2.579817322308267102e-01
2.568973775239329349e-01
2.558136561326029290e-01
2.547305969519284563e-01
2.536482271855192150e-01
2.525665727141459538e-01
2.514856584057720834e-01
2.504055082716136194e-01
2.493261454563051593e-01
2.482475921402007846e-01
2.471698694809764951e-01
2.460929977037665528e-01
2.450169963673707874e-01
2.439418847302045890e-01
2.428676820636464784e-01
2.417944077503614564e-01
2.407220810668150579e-01
2.396507206578508131e-01
2.385803438224031736e-01
2.375109658026975934e-01
2.364425992758771577e-01
2.353752541867889236e-01
2.343089379534827599e-01
2.332436559644993912e-01
2.321794122090868329e-01
2.311162098660521913e-01
2.300540517218456205e-01
2.289929403709393130e-01
2.279328782324089864e-01
2.268738674684883105e-01
2.258159098993205161e-01
2.247590069803315493e-01
2.237031598640555063e-01
2.226483695261304852e-01
2.215946369127710369e-01
2.205419630679902043e-01
2.194903492200837303e-01
2.184397968364780451e-01
2.173903076804145351e-01
2.163418839120370973e-01
2.152945282656520409e-01
2.142482443095808931e-01
2.132030367640677382e-01
2.121589118283097042e-01
2.111158774580789432e-01
2.100739435426142165e-01
2.090331219524429740e-01
2.079934264582316561e-01
2.069548725481463458e-01
2.059174771886055910e-01
2.048812585771405681e-01
2.038462359290188486e-01
2.028124293233537212e-01
2.017798596172412362e-01
2.007485484213955285e-01
1.997185181208219473e-01
1.986897919190750983e-01
1.976623938843443951e-01
1.966363489778336082e-01
1.956116830487248937e-01
1.945884227853043047e-01
1.935665956183028891e-01
1.925462295798054113e-01
1.915273531291395714e-01
1.905099949633844714e-01
1.894941838337480255e-01
1.884799483879799065e-01
1.874673170531965805e-01
1.864563179632055812e-01
1.854469789227071175e-01
1.844393273903165154e-01
1.834333904569273588e-01
1.824291947978214645e-01
1.814267665859987944e-01
1.804261313682767320e-01
1.794273139191014943e-01
1.784303380952617923e-01
1.774352267141870720e-01
1.764420014699535355e-01
1.754506828884151437e-01
1.744612903117285507e-01
1.734738418982869068e-01
1.724883546265735812e-01
1.715048442990532440e-01
1.705233255495649525e-01
1.695438118608948441e-01
1.685663155972053351e-01
1.675908480508138954e-01
1.666174194978765621e-01
1.656460392555232919e-01
1.646767157347339694e-01
1.637094564872869640e-01
1.627442682482942715e-01
1.617811569778201397e-01
1.608201279039290221e-01
1.598611855683015059e-01
1.589043338737738398e-01
1.579495761337059989e-01
1.569969151245833028e-01
1.560463531452294939e-01
1.550978920873440359e-01
1.541515335212923499e-01
1.532072787985963025e-01
1.522651291690028108e-01
1.513250859061841536e-01
1.503871504340877352e-01
1.494513244457037204e-01
1.485176100078523242e-01
1.475860096490648754e-01
1.466565264313089978e-01
1.457291640091745999e-01
1.448039266815502879e-01
1.438808194404798679e-01
1.429598480201995370e-01
1.420410189468596374e-01
1.411243395871799589e-01
1.402098181925159337e-01
1.392974639341426901e-01
1.383872869260529548e-01
1.374792982325852009e-01
1.365735098601638664e-01
1.356699347339972439e-01
1.347685866622048145e-01
1.338694802907439974e-01
1.329726310530185418e-01
1.320780551176690687e-01
1.311857693376617950e-01
1.302957912024227949e-01
1.294081387942904171e-01
1.285228307490452748e-01
1.276398862197516693e-01
1.267593248424828956e-01
1.258811667020498515e-01
1.250054322960360287e-01
1.241321424955826591e-01
1.232613185018315016e-01
1.223929817979898249e-01
1.215271540973764941e-01
1.206638572890797317e-01
1.198031133829295242e-01
1.189449444562064723e-01
1.180893726038683006e-01
1.172364198939507690e-01
1.163861083284064152e-01
1.155384598089890941e-01
1.146934961065767949e-01
1.138512388315939122e-01
1.130117094029582797e-01
1.121749290128848525e-01
1.113409185859135647e-01
1.105096987310971030e-01
1.096812896878515964e-01
1.088557112671340449e-01
1.080329827907277190e-01
1.072131230322393297e-01
1.063961501636167956e-01
1.055820817108957810e-01
1.047709345221349425e-01
1.039627247493312423e-01
1.031574678449436178e-01
1.023551785721105167e-01
1.015558710266174086e-01
1.007595586675791161e-01
9.996625435364760170e-02
9.917597038116394981e-02
9.838871852143539487e-02
9.760451005474338193e-02
9.682335579982716267e-02
9.604526613828522075e-02
9.527025103430820929e-02
9.449832005074562669e-02
9.372948236287202695e-02
9.296374677125533725e-02
9.220112171512573340e-02
9.144161528720097520e-02
9.068523525061988888e-02
8.993198905811404520e-02
8.918188387326902999e-02
8.843492659340548845e-02
8.769112387353596161e-02
8.695048215079205500e-02
8.621300766893226497e-02
8.547870650259724312e-02
8.474758458121804672e-02
8.401964771270561960e-02
8.329490160703412194e-02
8.257335189991722724e-02
8.185500417675152518e-02
8.113986399680571393e-02
8.042793691757173236e-02
7.971922851898236018e-02
7.901374442706413093e-02
7.831149033656857605e-02
7.761247203206922407e-02
7.691669540694727469e-02
7.622416647993161820e-02
7.553489140893092368e-02
7.484887650196016262e-02
7.416612822519362547e-02
7.348665320834477099e-02
7.281045824753737405e-02
7.213755030607993390e-02
7.146793651338553821e-02
7.080162416253620028e-02
7.013862070668881732e-02
6.947893375467784072e-02
6.882257106604505736e-02
6.816954054565313448e-02
6.751985023806464370e-02
6.687350832173209747e-02
6.623052310312721458e-02
6.559090301077401264e-02
6.495465658926898034e-02
6.432179249326926140e-02
6.369231948145240296e-02
6.306624641043782897e-02
6.244358222866831093e-02
6.182433597021611688e-02
6.120851674853303170e-02
6.059613375007128627e-02
5.998719622785043948e-02
5.938171349488149953e-02
5.877969491747794817e-02
5.818114990849065915e-02
5.758608792042285013e-02
5.699451843848635235e-02
5.640645097358940041e-02
5.582189505529582679e-02
5.524086022478619934e-02
5.466335602784587466e-02
5.408939200788393659e-02
5.351897769903508906e-02
5.295212261936112913e-02
5.238883626418041478e-02
5.182912809951552985e-02
5.127300755570813467e-02
5.072048402119787303e-02
5.017156683649631743e-02
4.962626528832557449e-02
4.908458860398422913e-02
4.854654594589416505e-02
4.801214640637761072e-02
4.748139900264605751e-02
4.695431267198422326e-02
4.643089626717737672e-02
4.591115855214208952e-02
4.539510819778219686e-02
4.488275377806251465e-02
4.437410376628516534e-02
4.386916653164514568e-02
4.336795033596142768e-02
4.287046333066572845e-02
4.237671355404237783e-02
4.188670892870016704e-02
4.140045725931094239e-02
4.091796623062128602e-02
4.043924340571083270e-02
3.996429622454429620e-02
3.949313200278409958e-02
3.902575793088574468e-02
3.856218107345125296e-02
3.810240836887097970e-02
3.764644662918497503e-02
3.719430254021895144e-02
3.674598266192573293e-02
3.630149342894851278e-02
3.586084115136781159e-02
3.542403201563731896e-02
3.499107208565973431e-02
3.456196730399352379e-02
3.413672349318413318e-02
3.371534635717458178e-02
3.329784148281485223e-02
3.288421434138703164e-02
3.247447029022054038e-02
3.206861457430763840e-02
3.166665232793441226e-02
3.126858857633464661e-02
3.087442823732351391e-02
3.048417612293306822e-02
3.009783694102783833e-02
2.971541529690231026e-02
2.933691569485410294e-02
2.896234253973482137e-02
2.859170013847751532e-02
2.822499270159519250e-02
2.786222434465667266e-02
2.750339908973348235e-02
2.714852086683040150e-02
2.679759351527193079e-02
2.645062078509164555e-02
2.610760633837588135e-02
2.576855375059693837e-02
2.543346651191156008e-02
2.510234802844978075e-02
2.477520162355580438e-02
2.445203053903301574e-02
2.413283793633371616e-02
2.381762689773824285e-02
2.350640042750071559e-02
2.319916145296003346e-02
2.289591282562714741e-02
2.259665732223365212e-02
2.230139764574873285e-02
2.201013642635908651e-02
2.172287622241906441e-02
2.143961952136130833e-02
2.116036874057054470e-02
2.088512622822934553e-02
2.061389426411593812e-02
2.034667506037909565e-02
2.008347076226758496e-02
1.982428344884509114e-02
1.956911513364840288e-02
1.931796776533454760e-02
1.907084322828668174e-02
1.882774334320336945e-02
1.858866986765204607e-02
1.835362449660214723e-02
1.812260886293944051e-02
1.789562453794989530e-02
1.767267303179992366e-02
1.745375579398031687e-02
1.723887421375339818e-02
1.702802962057429342e-02
1.682122328450851370e-02
1.661845641663418222e-02
1.641973016943376953e-02
1.622504563718643600e-02
1.603440385634868556e-02
1.584780580593263960e-02
1.566525240787752446e-02
1.548674452742637361e-02
1.531228297349287830e-02
1.514186849903810875e-02
1.497550180143782279e-02
1.481318352286114214e-02
1.465491425064970911e-02
1.450069451769113102e-02
1.435052480281025396e-02
1.420440553115816934e-02
1.406233707460738912e-02
1.392431975215044186e-02
1.379035383030959537e-02
1.366043952355058821e-02
1.353457699470121157e-02
1.341276635538470215e-02
1.329500766644869936e-02
1.318130093841125838e-02
1.307164613191172213e-02
1.296604315816537838e-02
1.286449187943186807e-02
1.276699210948230127e-02
1.267354361408472990e-02
1.258414611148394278e-02
1.249879927289674827e-02
1.241750272300882856e-02
1.234025604048019815e-02
1.226705875845035716e-02
