2.321032607691457484e-04
2.511541624687696876e-05
2.757694962536978928e-05
3.326441406854254763e-05
4.251422131481874577e-05
5.545539957040132600e-05
7.211865974360903079e-05
9.250127960441927619e-05
1.165934189888941845e-04
1.443868103632542387e-04
1.758765755977448905e-04
2.110608109325013272e-04
2.499397081893446984e-04
2.925147791817053343e-04
3.387883002181162864e-04
3.887629507000409513e-04
4.424415906536188032e-04
4.998271286847375591e-04
5.609224457139288123e-04
6.257303519966047299e-04
6.942535635854559005e-04
7.664946899973248441e-04
8.424562282865403866e-04
9.221405607670856569e-04
1.005549954809961026e-03
1.092686563819058546e-03
1.183552428872484226e-03
1.278149480732592097e-03
1.376479542052162167e-03
1.478544329672110179e-03
1.584345456948961983e-03
1.693884436072348688e-03
1.807162680348285482e-03
1.924181506432213942e-03
2.044942136502259263e-03
2.169445700366275705e-03
2.297693237499485314e-03
2.429685699010661858e-03
2.565423949536702140e-03
2.704908769065176785e-03
2.848140854687199793e-03
2.995120822280760830e-03
3.145849208126946274e-03
3.300326470460669681e-03
3.458552990958333340e-03
3.620529076164174295e-03
3.786254958857565144e-03
3.955730799362947546e-03
4.128956686805127993e-03
4.305932640311874865e-03
4.486658610165039293e-03
4.671134478902532611e-03
4.859360062373616757e-03
5.051335110748116086e-03
5.247059309481328683e-03
5.446532280237380633e-03
5.649753581771697203e-03
5.856722710773668190e-03
6.067439102670502300e-03
6.281902132397503349e-03
6.500111115129169476e-03
6.722065306978512213e-03
6.947763905662285647e-03
7.177206051135641938e-03
7.410390826193965011e-03
7.647317257045403022e-03
7.887984313856583746e-03
8.132390911268071176e-03
8.380535908881844506e-03
8.632418111725322779e-03
8.888036270688333060e-03
9.147389082934088977e-03
9.410475192288858190e-03
9.677293189605260318e-03
9.947841613104059511e-03
1.022211894869379592e-02
1.050012363026871579e-02
1.078185403998269121e-02
1.106730850850670515e-02
1.135648531526439742e-02
1.164938268864250566e-02
1.194599880619072983e-02
1.224633179479392084e-02
1.255037973082883881e-02
1.285814064030418868e-02
1.316961249897555600e-02
1.348479323244845991e-02
1.380368071626018531e-02
1.412627277594224323e-02
1.445256718706930919e-02
1.478256167528737772e-02
1.511625391632251576e-02
1.545364153597741930e-02
1.579472211010605337e-02
1.613949316457473360e-02
1.648795217520445180e-02
1.684009656769841837e-02
1.719592371754868898e-02
1.755543094993240738e-02
1.791861553958711689e-02
1.828547471067532015e-02
1.865600563663015465e-02
1.903020543998515043e-02
1.940807119219302088e-02
1.978959991342601685e-02
2.017478857236827336e-02
2.056363408598838038e-02
2.095613331930380394e-02
2.135228308513193937e-02
2.175208014382962532e-02
2.215552120302526420e-02
2.256260291733648560e-02
2.297332188808299744e-02
2.338767466299264755e-02
2.380565773589856174e-02
2.422726754643518554e-02
2.465250047972802894e-02
2.508135286607929282e-02
2.551382098066289073e-02
2.594990104320904836e-02
2.638958921770002963e-02
2.683288161206735800e-02
2.727977427789561593e-02
2.773026321013691634e-02
2.818434434683711118e-02
2.864201356887265126e-02
2.910326669969715008e-02
2.956809950511950225e-02
3.003650769308438204e-02
3.050848691348308564e-02
3.098403275798491951e-02
3.146314075988878439e-02
3.194580639400771555e-02
3.243202507657100969e-02
3.292179216516505358e-02
3.341510295869509067e-02
3.391195269737767859e-02
3.441233656276845160e-02
3.491624967781408601e-02
3.542368710694412254e-02
3.593464385617841511e-02
3.644911487327431865e-02
3.696709504790113981e-02
3.748857921183903347e-02
3.801356213919706434e-02
3.854203854666851670e-02
3.907400309379261555e-02
3.960945038323934048e-02
4.014837496111359899e-02
4.069077131726220320e-02
4.123663388559906107e-02
4.178595704442673170e-02
4.233873511676364970e-02
4.289496237067044748e-02
4.345463301956771496e-02
4.401774122255012328e-02
4.458428108467177992e-02
4.515424665724221409e-02
4.572763193807559412e-02
4.630443087173335970e-02
4.688463734973984803e-02
4.746824521076228875e-02
4.805524824077172380e-02
4.864564017316980182e-02
4.923941468887558376e-02
4.983656541639105292e-02
5.043708593181966265e-02
5.104096975886460164e-02
5.164821036878116528e-02
5.225880118030729049e-02
5.287273555955647464e-02
5.349000681987469558e-02
5.411060822168524409e-02
5.473453297229773779e-02
5.536177422569014961e-02
5.599232508227089400e-02
5.662617858863615294e-02
5.726332773729591458e-02
5.790376546639588312e-02
5.854748465942508084e-02
5.919447814492746068e-02
5.984473869619773984e-02
6.049825903099060459e-02
6.115503181122237258e-02
6.181504964268494384e-02
6.247830507476905687e-02
6.314479060019564938e-02
6.381449865475734284e-02
6.448742161709127008e-02
6.516355180845387340e-02
6.584288149252102984e-02
6.652540287521339912e-02
6.721110810453656548e-02
6.789998927045542976e-02
6.859203840478197978e-02
6.928724748109670040e-02
6.998560841469163296e-02
7.068711306254119031e-02
7.139175322329707751e-02
7.209952063731472904e-02
7.281040698669664912e-02
7.352440389536692156e-02
7.424150292916180394e-02
7.496169559595422527e-02
7.568497334580662206e-02
7.641132757111353258e-02
7.714074960680021575e-02
7.787323073051329037e-02
7.860876216284501394e-02
7.934733506757003785e-02
8.008894055188056638e-02
8.083356966665324050e-02
8.158121340671974087e-02
8.233186271114291410e-02
8.308550846349820052e-02
8.384214149216719092e-02
8.460175257062825527e-02
8.536433241775667757e-02
8.612987169810863708e-02
8.689836102223669201e-02
8.766979094695670494e-02
8.844415197565468068e-02
8.922143455856916539e-02
9.000162909305634007e-02
9.078472592387273887e-02
9.157071534343710906e-02
9.235958759207886504e-02
9.315133285829503562e-02
9.394594127898273084e-02
9.474340293966219961e-02
9.554370787470367610e-02
9.634684606754043146e-02
9.715280745085073943e-02
9.796158190675785526e-02
9.877315926702454063e-02
9.958752931319812818e-02
1.004046817768052963e-01
1.012246063394824924e-01
1.020472926331420921e-01
1.028727302401139937e-01
1.037009086932660501e-01
1.045318174761573488e-01
1.053654460231558954e-01
1.062017837195420034e-01
1.070408199016544132e-01
1.078825438569844392e-01
1.087269448242915298e-01
1.095740119936885054e-01
1.104237345067787535e-01
1.112761014567361095e-01
1.121311018884039445e-01
1.129887247983866055e-01
1.138489591351322938e-01
1.147117937990491526e-01
1.155772176425642062e-01
1.164452194702088328e-01
1.173157880386944546e-01
1.181889120570061291e-01
1.190645801864531061e-01
1.199427810407340256e-01
1.208235031860147579e-01
1.217067351409857473e-01
1.225924653769016187e-01
1.234806823176499563e-01
1.243713743397885790e-01
1.252645297725904217e-01
1.261601368980919402e-01
1.270581839511228106e-01
1.279586591193330458e-01
1.288615505432316177e-01
1.297668463162221786e-01
1.306745344846037271e-01
1.315846030476316431e-01
1.324970399575204627e-01
1.334118331194599494e-01
1.343289703916437094e-01
1.352484395853008614e-01
1.361702284647073324e-01
1.370943247472157511e-01
1.380207161032550034e-01
1.389493901564115841e-01
1.398803344834039786e-01
1.408135366141233247e-01
1.417489840316842609e-01
1.426866641724484630e-01
1.436265644260469598e-01
1.445686721354518256e-01
1.455129745969901967e-01
1.464594590604262891e-01
1.474081127289613713e-01
1.483589227593422044e-01
1.493118762618939055e-01
1.502669603005687693e-01
1.512241618930539877e-01
1.521834680108072047e-01
1.531448655791567415e-01
1.541083414773679050e-01
1.550738825387455444e-01
1.560414755507074924e-01
1.570111072548909803e-01
1.579827643472598020e-01
1.589564334781682353e-01
1.599321012525489194e-01
1.609097542299552652e-01
1.618893789247110859e-01
1.628709618060216191e-01
1.638544892981181889e-01
1.648399477803759172e-01
1.658273235874562213e-01
1.668166030094281327e-01
1.678077722919180115e-01
1.688008176362682522e-01
1.697957251996821404e-01
1.707924810953319883e-01
1.717910713925689670e-01
1.727914821170258852e-01
1.737936992508423428e-01
1.747977087327389212e-01
1.758034964582469162e-01
1.768110482798323779e-01
1.778203500070748844e-01
1.788313874068405140e-01
1.798441462034287841e-01
1.808586120787516460e-01
1.818747706725149516e-01
1.828926075823794906e-01
1.839121083641021281e-01
1.849332585317634281e-01
1.859560435578877791e-01
1.869804488736445669e-01
1.880064598690215083e-01
1.890340618929551852e-01
1.900632402535580301e-01
1.910939802182250180e-01
1.921262670138521311e-01
1.931600858269792720e-01
1.941954218039295688e-01
1.952322600510232042e-01
1.962705856346930733e-01
1.973103835816737983e-01
1.983516388791363994e-01
1.993943364748864411e-01
2.004384612774622321e-01
2.014839981563616989e-01
2.025309319421349785e-01
2.035792474266001073e-01
2.046289293629821593e-01
2.056799624660887171e-01
2.067323314124526745e-01
2.077860208405470921e-01
2.088410153509480949e-01
2.098972995065237768e-01
2.109548578326248813e-01
2.120136748172735675e-01
2.130737349114202317e-01
2.141350225291093201e-01
2.151975220477533868e-01
2.162612178083597736e-01
2.173260941157719450e-01
2.183921352389511239e-01
2.194593254112806591e-01
2.205276488308175187e-01
2.215970896606266893e-01
2.226676320290731093e-01
2.237392600302164358e-01
2.248119577241261824e-01
2.258857091372324932e-01
2.269604982627501377e-01
2.280363090610555143e-01
2.291131254601074252e-01
2.301909313558939685e-01
2.312697106128592528e-01
2.323494470643686083e-01
2.334301245132077152e-01
2.345117267320650789e-01
2.355942374640398185e-01
2.366776404231949460e-01
2.377619192950736204e-01
2.388470577372767134e-01
2.399330393800420125e-01
2.410198478267961131e-01
2.421074666548161114e-01
2.431958794158169679e-01
2.442850696365844176e-01
2.453750208196373572e-01
2.464657164438729953e-01
2.475571399652653215e-01
2.486492748175331835e-01
2.497421044128265988e-01
2.508356121424626939e-01
2.519297813776348316e-01
2.530245954701521027e-01
2.541200377531628862e-01
2.552160915418890674e-01
2.563127401344556522e-01
2.574099668125207074e-01
2.585077548421833016e-01
2.596060874746586311e-01
2.607049479470687769e-01
2.618043194832638809e-01
2.629041852945357971e-01
2.640045285804216713e-01
2.651053325295087970e-01
2.662065803201342229e-01
2.673082551212031532e-01
2.684103400929315209e-01
2.695128183876137062e-01
2.706156731503069346e-01
2.717188875196498987e-01
2.728224446285096860e-01
2.739263276047144702e-01
2.750305195717785423e-01
2.761350036494816251e-01
2.772397629546289877e-01
2.783447806016514647e-01
2.794500397031717820e-01
2.805555233706832352e-01
2.816612147150524548e-01
2.827670968471174828e-01
2.838731528781609503e-01
2.849793659204591934e-01
2.860857190877040823e-01
2.871921954954277378e-01
2.882987782614880312e-01
2.894054505063737293e-01
2.905121953535821921e-01
2.916189959299297363e-01
2.927258353658174772e-01
2.938326967955284807e-01
2.949395633573808073e-01
2.960464181939634343e-01
2.971532444522795857e-01
2.982600252837875332e-01
2.993667438446091511e-01
3.004733832954421535e-01
3.015799268017051449e-01
3.026863575334045042e-01
3.037926586651059080e-01
3.048988133759452657e-01
3.060048048493569928e-01
3.071106162730256051e-01
3.082162308387049743e-01
3.093216317419458239e-01
3.104268021819224233e-01
3.115317253611214476e-01
3.126363844850877372e-01
3.137407627620675821e-01
3.148448434027100173e-01
3.159486096196620908e-01
3.170520446272394599e-01
3.181551316409303998e-01
3.192578538771049246e-01
3.203601945524602868e-01
3.214621368836225179e-01
3.225636640866614835e-01
3.236647593766198150e-01
3.247654059670614934e-01
3.258655870694804335e-01
3.269652858928953632e-01
3.280644856432813339e-01
3.291631695230871624e-01
3.302613207307054100e-01
3.313589224599641780e-01
3.324559578996246212e-01
3.335524102328285001e-01
3.346482626367094371e-01
3.357434982817296132e-01
3.368381003313711264e-01
3.379320519415488500e-01
3.390253362602198006e-01
3.401179364268927530e-01
3.412098355722203435e-01
3.423010168176542356e-01
3.433914632750073026e-01
3.444811580461036304e-01
3.455700842225011837e-01
3.466582248851605708e-01
3.477455631041953543e-01
3.488320819386637739e-01
3.499177644363374862e-01
3.510025936335663954e-01
3.520865525552125397e-01
3.531696242144913844e-01
3.542517916130634714e-01
3.553330377409318896e-01
3.564133455765787772e-01
3.574926980870629101e-01
3.585710782282022224e-01
3.596484689447846383e-01
3.607248531707847317e-01
3.618002138297644055e-01
3.628745338352080685e-01
3.639477960909714427e-01
3.650199834916726949e-01
3.660910789233656759e-01
3.671610652640363570e-01
3.682299253842759024e-01
3.692976421479328142e-01
3.703641984129351084e-01
3.714295770320260592e-01
3.724937608536028621e-01
3.735567327226821943e-01
3.746184754817658003e-01
3.756789719718715004e-01
3.767382050335675303e-01
3.777961575080067691e-01
3.788528122380097618e-01
3.799081520693312619e-01
3.809621598517182184e-01
3.820148184401653824e-01
3.830661106961613660e-01
3.841160194888924573e-01
3.851645276966044751e-01
3.862116182078328963e-01
3.872572739227739813e-01
3.883014777545588658e-01
3.893442126305855511e-01
3.903854614939020196e-01
3.914252073044658942e-01
3.924634330405984417e-01
3.935001217001013463e-01
3.945352563017683889e-01
3.955688198865379701e-01
3.966007955187969558e-01
3.976311662876713116e-01
3.986599153081800129e-01
3.996870257224279244e-01
4.007124807007584888e-01
4.017362634428094936e-01
4.027583571786295669e-01
4.037787451697217866e-01
4.047974107097863650e-01
4.058143371258238763e-01
4.068295077788382508e-01
4.078429060646429072e-01
4.088545154145509231e-01
4.098643192959292025e-01
4.108723012128395191e-01
4.118784447063342791e-01
4.128827333550119660e-01
4.138851507751645231e-01
4.148856806210609038e-01
4.158843065849635035e-01
4.168810123972422343e-01
4.178757818262709423e-01
4.188685986782684778e-01
4.198594467971226152e-01
4.208483100639232588e-01
4.218351723966712319e-01
4.228200177499049639e-01
4.238028301139045162e-01
4.247835935143249864e-01
4.257622920114427778e-01
4.267389096995080622e-01
4.277134307059854423e-01
4.286858391908927590e-01
4.296561193459286776e-01
4.306242553938895989e-01
4.315902315878384909e-01
4.325540322104722279e-01
4.335156415734265356e-01
4.344750440168053118e-01
4.354322239085915980e-01
4.363871656442992464e-01
4.373398536466432951e-01
4.382902723653725463e-01
4.392384062772707876e-01
4.401842398861536831e-01
4.411277577231992875e-01
4.420689443473737601e-01
4.430077843459213072e-01
4.439442623352390371e-01
4.448783629617862334e-01
4.458100709032332132e-01
4.467393708697912080e-01
4.476662476057424733e-01
4.485906858911636319e-01
4.495126705437689774e-01
4.504321864210871218e-01
4.513492184225972315e-01
4.522637514922681623e-01
4.531757706210656766e-01
4.540852608496399045e-01
4.549922072711024557e-01
4.558965950341854478e-01
4.567984093459490080e-01
4.576976354750597609e-01
4.585942587549561300e-01
4.594882645868190174e-01
4.603796384428717747e-01
4.612683658694335387e-01
4.621544324900653811e-01
4.630378240084486730e-01
4.639185262114474129e-01
4.647965249717672664e-01
4.656718062506461364e-01
4.665443561002385886e-01
4.674141606660397463e-01
4.682812061888272925e-01
4.691454790065768266e-01
4.700069655560307758e-01
4.708656523740019639e-01
4.717215260985280767e-01
4.725745734695627753e-01
4.734247813295711094e-01
4.742721366236554714e-01
4.751166263995572070e-01
4.759582378072063080e-01
4.767969580980893629e-01
4.776327746242541306e-01
4.784656748371513557e-01
4.792956462859845890e-01
4.801226766160511805e-01
4.809467535667033555e-01
4.817678649690069204e-01
4.825859987433115394e-01
4.834011428964816171e-01
4.842132855190137697e-01
4.850224147818165132e-01
4.858285189329585307e-01
4.866315862941663628e-01
4.874316052570373814e-01
4.882285642793170455e-01
4.890224518807301801e-01
4.898132566388816445e-01
4.906009671848919340e-01
4.913855721988425462e-01
4.921670604051651132e-01
4.929454205678995282e-01
4.937206414856760706e-01
4.944927119868344767e-01
4.952616209242228229e-01
4.960273571700927753e-01
4.967899096107979973e-01
4.975492671416747448e-01
4.983054186617588699e-01
4.990583530686741875e-01
4.998080592535736333e-01
5.005545260961475895e-01
5.012977424598955567e-01
5.020376971876338024e-01
5.027743790970010673e-01
5.035077769765697875e-01
5.042378795819807413e-01
5.049646756326473529e-01
5.056881538086288597e-01
5.064083027479495680e-01
5.071251110444966459e-01
5.078385672461139810e-01
5.085486598531970825e-01
5.092553773178835064e-01
5.099587080436071007e-01
5.106586403851790523e-01
5.113551626493814117e-01
5.120482630960482284e-01
5.127379299397322177e-01
5.134241513518998934e-01
5.141069154635892202e-01
5.147862103686833279e-01
5.154620241277569903e-01
5.161343447724056066e-01
5.168031603099904059e-01
5.174684587290889759e-01
5.181302280053902143e-01
5.187884561077378276e-01
5.194431310051490502e-01
5.200942406737221191e-01
5.207417731041176223e-01
5.213857163092309177e-01
5.220260583322435810e-01
5.226627872546761866e-01
5.232958912048009115e-01
5.239253583658280977e-01
5.245511769843926864e-01
5.251733353787556569e-01
5.257918219469197574e-01
5.264066251745747049e-01
5.270177336426324910e-01
5.276251360344448305e-01
5.282288211425689717e-01
5.288287778748872459e-01
5.294249952602474441e-01
5.300174624533324774e-01
5.306061687390186687e-01
5.311911035357343991e-01
5.317722563983939832e-01
5.323496170203906308e-01
5.329231752351460960e-01
5.334929210168530833e-01
5.340588444808068713e-01
5.346209358832356706e-01
5.351791856207028797e-01
5.357335842291961470e-01
5.362841223830082660e-01
5.368307908934176753e-01
5.373735807071542414e-01
5.379124829048852474e-01
5.384474886993320109e-01
5.389785894335984429e-01
5.395057765786844817e-01
5.400290417314147495e-01
5.405483766114208555e-01
5.410637730578167215e-01
5.415752230252792732e-01
5.420827185791325942e-01
5.425862518898418863e-01
5.430858152262905136e-01
5.435814009481191311e-01
5.440730014970804884e-01
5.445606093870982711e-01
5.450442171938123526e-01
5.455238175428782643e-01
5.459994030977909363e-01
5.464709665473379552e-01
5.469385005923957932e-01
5.474019979331203878e-01
5.478614512559103478e-01
5.483168532206242896e-01
5.487681964483811514e-01
5.492154735097406482e-01
5.496586769132966177e-01
5.500977990949110774e-01
5.505328324076017577e-01
5.509637691117235114e-01
5.513906013659420902e-01
5.518133212186431269e-01
5.522319206000333436e-01
5.526463913147841023e-01
5.530567250357475428e-01
5.534629132983380773e-01
5.538649474963697195e-01
5.542628188790191812e-01
5.546565185497273065e-01
5.550460374665409091e-01
5.554313664449991306e-01
5.558124961628660987e-01
5.561894171675498821e-01
5.565621198857455543e-01
5.569305946356142289e-01
5.572948316413015579e-01
5.576548210496309332e-01
5.580105529489379768e-01
5.583620173897035910e-01
5.587092044070036678e-01
5.590521040443575673e-01
5.593907063792803447e-01
5.597250015500236930e-01
5.600549797837520716e-01
5.603806314258374943e-01
5.607019469702916314e-01
5.610189170907461387e-01
5.613315326717648324e-01
5.616397848397763903e-01
5.619436649924359761e-01
5.622431648259527126e-01
5.625382763587949420e-01
5.628289919509972261e-01
5.631153043179473183e-01
5.633972065380459249e-01
5.636746920540021133e-01
5.639477546676977537e-01
5.642163885290324421e-01
5.644805881198656783e-01
5.647403482337864933e-01
5.649956639530407942e-01
5.652465306237817178e-01
5.654929438310700718e-01
5.657348993742810084e-01
5.659723932439088001e-01
5.662054216010352636e-01
5.664339807594653831e-01
5.666580671718747242e-01
5.668776774202071156e-01
5.670928082109119028e-01
5.673034563752505921e-01
5.675096188747634773e-01
5.677112928107916900e-01
5.679084754376749755e-01
5.681011641770644660e-01
5.682893566319393575e-01
5.684730505971227199e-01
5.686522440642549636e-01
5.688269352188392025e-01
5.689971224283086881e-01
5.691628042203386029e-01
5.693239792527489129e-01
5.694806462769430588e-01
5.696328040978225760e-01
5.697804515337799858e-01
5.699235873797831031e-01
5.700622103759073189e-01
5.701963191834646949e-01
5.703259123673094511e-01
5.704509883846391460e-01
5.705715455767493838e-01
5.706875821623694778e-01
5.707990962288701509e-01
5.709060857206325057e-01
5.710085484220592811e-01
5.711064819352374977e-01
5.711998836517426792e-01
5.712887507185632208e-01
5.713730799987006836e-01
5.714528680263813998e-01
5.715281109575524043e-01
5.715988045172912813e-01
5.716649439459666748e-01
5.717265239480120442e-01
5.717835386477397863e-01
5.718359815577329641e-01
5.718838455647101693e-01
5.719271229372641097e-01
5.719658053569615097e-01
5.719998839723891004e-01
5.720293494721464533e-01
5.720541921706048250e-01
5.720744020992452050e-01
5.720899690955094652e-01
5.721008828838168858e-01
5.721071331446767605e-01
5.721087095722464655e-01
5.721056019240814416e-01
5.720978000699117327e-01
5.720852940498054595e-01
5.720680741527297553e-01
5.720461310257969334e-01
5.720194558212032820e-01
5.719880403801766988e-01
5.719518774439985576e-01
5.719109608714066928e-01
5.718652858327735178e-01
5.718148489482569596e-01
5.717596483412578090e-01
5.716996835908908503e-01
5.716349555852888731e-01
5.715654662971316746e-01
5.714912185171688863e-01
5.714122155877091602e-01
5.713284611729729789e-01
5.712399590883966427e-01
5.711467131919834017e-01
5.710487273217651483e-01
5.709460052522796758e-01
5.708385506411642885e-01
5.707263669440610920e-01
5.706094572934009568e-01
5.704878243524125203e-01
5.703614701716687163e-01
5.702303960820878093e-01
5.700946026564935876e-01
5.699540897634431946e-01
5.698088567232187929e-01
5.696589025609678503e-01
5.695042263400719174e-01
5.693448275449330964e-01
5.691807064714052844e-01
5.690118645722941348e-01
5.688383046990139746e-01
5.686600311879597136e-01
5.684770497617346319e-01
5.682893672551807551e-01
5.680969912204036909e-01
5.678999294998352543e-01
5.676981898672817106e-01
5.674917798149231585e-01
5.672807065181234565e-01
5.670649769539843899e-01
5.668445981060262762e-01
5.666195771659015001e-01
5.663899216529624248e-01
5.661556394027144057e-01
5.659167384176948534e-01
5.656732266167867618e-01
5.654251115494206559e-01
5.651724001557668631e-01
5.649150986441605626e-01
5.646532125222991638e-01
5.643867467665354409e-01
5.641157060505114229e-01
5.638400949079586111e-01
5.635599176897869711e-01
5.632751782130054341e-01
5.629858790829029846e-01
5.626920207790679918e-01
5.623936006928828002e-01
5.620906123483215833e-01
5.617830450148260102e-01
5.614708838339406149e-01
5.611541104639656830e-01
5.608327041347019870e-01
5.605066429303230402e-01
5.601759050934733697e-01
5.598404701679566831e-01
5.595003198610835060e-01
5.591554385913588554e-01
5.588058137651528146e-01
5.584514358644141474e-01
5.580922984069581760e-01
5.577283977871266840e-01
5.573597329654303989e-01
5.569863050030319229e-01
5.566081165238091488e-01
5.562251712842112283e-01
5.558374740715626983e-01
5.554450310983507499e-01
5.550478509111748116e-01
5.546459456195691473e-01
5.542393320452865257e-01
5.538280322984321380e-01
5.534120733912674117e-01
5.529914858102367159e-01
5.525663013586692429e-01
5.521365508691177260e-01
5.517022624188048230e-01
5.512634604510533443e-01
5.508201658424772829e-01
5.503723966361402375e-01
5.499201690171700019e-01
5.494634981446604449e-01
5.490023985993681688e-01
5.485368843641146297e-01
5.480669683766810074e-01
5.475926617910904515e-01
5.471139731630465519e-01
5.466309078375373165e-01
5.461434678088775696e-01
5.456516522183515461e-01
5.451554584729584318e-01
5.446548838011983085e-01
5.441499269863948607e-01
5.436405900413777692e-01
5.431268796368827756e-01
5.426088081141090536e-01
5.420863939330451409e-01
5.415596615027026273e-01
5.410286405214915773e-01
5.404933651304143494e-01
5.399538732341352398e-01
5.394102062106030937e-01
5.388624089533669004e-01
5.383105299046169190e-01
5.377546206232346471e-01
5.371947346171050963e-01
5.366309255885269858e-01
5.360632456304826876e-01
5.354917439827895365e-01
5.349164666364928378e-01
5.343374565782300634e-01
5.337547541124432193e-01
5.331683966744147352e-01
5.325784178128104562e-01
5.319848454415366801e-01
5.313876998905330273e-01
5.307869925642555442e-01
5.301827259537736925e-01
5.295748952665362275e-01
5.289634912208048823e-01
5.283485029846919367e-01
5.277299201399132667e-01
5.271077329647028131e-01
5.264819310414621256e-01
5.258525009007662954e-01
5.252194238640772728e-01
5.245826752902920109e-01
5.239422260004716891e-01
5.232980458031498694e-01
5.226501080602565796e-01
5.219983936328544960e-01
5.213428927900746190e-01
5.206836047312440874e-01
5.200205356247030730e-01
5.193536966856681092e-01
5.186831034290360076e-01
5.180087762037550725e-01
5.173307412119247939e-01
5.166490310036054856e-01
5.159636839036776390e-01
5.152747425044025276e-01
5.145822517698813714e-01
5.138862572888968083e-01
5.131868039464224651e-01
5.124839350131457083e-01
5.117776915355476408e-01
5.110681119720205112e-01
5.103552321598230357e-01
5.096390857149147857e-01
5.089197047184406131e-01
5.081971201949390116e-01
5.074713618780459790e-01
5.067424573368519702e-01
5.060104312713895602e-01
5.052753058590133683e-01
5.045371021505056230e-01
5.037958414347966096e-01
5.030515453266137804e-01
5.023042343226585826e-01
5.015539257908721016e-01
5.008006327204581609e-01
5.000443639003072649e-01
4.992851252511901761e-01
4.985229215539464520e-01
4.977577579202422386e-01
4.969896407319742693e-01
4.962185781585058963e-01
4.954445806188287338e-01
4.946676615772602204e-01
4.938878387751109988e-01
4.931051355414349247e-01
4.923195815315047907e-01
4.915312123969095004e-01
4.907400684645750188e-01
4.899461930818672650e-01
4.891496313588573064e-01
4.883504295048510246e-01
4.875486343371641107e-01
4.867442925407257093e-01
4.859374499060546970e-01
4.851281512204527746e-01
4.843164409727623854e-01
4.835023639746220958e-01
4.826859647189175595e-01
4.818672854046376908e-01
4.810463639927357593e-01
4.802232337606559542e-01
4.793979243452459182e-01
4.785704628072789957e-01
4.777408734114354516e-01
4.769091762958306280e-01
4.760753862555909266e-01
4.752395124596565101e-01
4.744015588347453849e-01
4.735615244553297298e-01
4.727194037908524771e-01
4.718751871507361195e-01
4.710288614663312168e-01
4.701804110446449747e-01
4.693298178523931941e-01
4.684770613069710321e-01
4.676221179181321852e-01
4.667649610666180227e-01
4.659055609241251061e-01
4.650438844240669667e-01
4.641798954011778222e-01
4.633135552583312888e-01
4.624448244384605777e-01
4.615736645232621504e-01
4.607000402847265530e-01
4.598239209287222629e-01
4.589452802147267474e-01
4.580640957547224001e-01
4.571803480814869980e-01
4.562940198939668957e-01
4.554050955951863822e-01
4.545135612300932881e-01
4.536194051196555388e-01
4.527226193756690442e-01
4.518232018625003565e-01
4.509211575663696903e-01
4.500164985041992805e-01
4.491092422799000117e-01
4.481994102865620722e-01
4.472870265089865516e-01
4.463721170735628907e-01
4.454547100924834968e-01
4.445348355703196974e-01
4.436125257606727268e-01
4.426878164585862918e-01
4.417607489830269185e-01
4.408313717408228194e-01
4.398997402527952127e-01
4.389659155241728006e-01
4.380299617640601717e-01
4.370919446685513354e-01
4.361519306501862037e-01
4.352099863829071991e-01
4.342661777586088734e-01
4.333205679518541409e-01
4.323732151043011562e-01
4.314241704636294639e-01
4.304734774941689213e-01
4.295211719090732960e-01
4.285672821975995972e-01
4.276118301733150551e-01
4.266548312215477368e-01
4.256962941345722728e-01
4.247362206594410550e-01
4.237746051425586025e-01
4.228114348116494003e-01
4.218466910452177698e-01
4.208803513752771841e-01
4.199123913533203134e-01
4.189427854572514431e-01
4.179715070916204533e-01
4.169985286400218483e-01
4.160238224264164453e-01
4.150473623512291321e-01
4.140691251143536200e-01
4.130890903462861030e-01
4.121072401717255640e-01
4.111235593197104521e-01
4.101380362073451802e-01
4.091506642738972355e-01
4.081614424961557686e-01
4.071703747849894639e-01
4.061774689747382761e-01
4.051827363524427295e-01
4.041861919997904451e-01
4.031878553918932795e-01
4.021877505128713670e-01
4.011859052744356502e-01
4.001823506566360988e-01
3.991771201358711441e-01
3.981702495934889008e-01
3.971617774406135948e-01
3.961517445422261807e-01
3.951401936952850247e-01
3.941271686805699614e-01
3.931127130769322409e-01
3.920968690744245921e-01
3.910796765109001982e-01
3.900611722916443869e-01
3.890413902073312502e-01
3.880203609655010766e-01
3.869981121122242906e-01
3.859746675871890687e-01
3.849500469603546193e-01
3.839242647781299089e-01
3.828973306100014184e-01
3.818692501267926809e-01
3.808400269378164338e-01
3.798096643519831006e-01
3.787781661217631823e-01
3.777455357128709501e-01
3.767117744284217973e-01
3.756768793054235944e-01
3.746408417437434024e-01
3.736036473523328127e-01
3.725652768685268623e-01
3.715257076313797646e-01
3.704849151108500771e-01
3.694428742251679165e-01
3.683995603410457065e-01
3.673549498707915917e-01
3.663090203912586218e-01
3.652617503350781281e-01
3.642131184701455915e-01
3.631631034271987080e-01
3.621116834173844223e-01
3.610588361384607925e-01
3.600045388429882753e-01
3.589487686274731026e-01
3.578915030506469863e-01
3.568327210846878872e-01
3.557724041801814674e-01
3.547105370592948947e-01
3.536471079105352189e-01
3.525821079501315625e-01
3.515155306587939288e-01
3.504473711652794088e-01
3.493776261320247212e-01
3.483062942022343011e-01
3.472333768031278245e-01
3.461588790119922709e-01
3.450828102824413102e-01
3.440051849842030163e-01
3.429260228090466600e-01
3.418453490966726349e-01
3.407631950829703715e-01
3.396795980403746751e-01
3.385946013066304938e-01
3.375082542532901186e-01
3.364206122677618205e-01
3.353317367573170893e-01
3.342416950687951971e-01
3.331505601515418191e-01
3.320584098714390864e-01
3.309653260760386795e-01
3.298713936542236880e-01
3.287766997717198603e-01
3.276813332301077297e-01
3.265853837238938961e-01
3.254889408560350250e-01
3.243920930538411462e-01
3.232949267074927691e-01
3.221975257226117884e-01
3.210999713448314807e-01
3.200023419028970029e-01
3.189047122220852182e-01
3.178071527601689650e-01
3.167097287274987516e-01
3.156124994133617245e-01
3.145155177477669817e-01
3.134188299877013750e-01
3.123224754363077560e-01
3.112264862242999919e-01
3.101308872630643143e-01
3.090356964423702224e-01
3.079409250253957731e-01
3.068465780942288834e-01
3.057526549002733129e-01
3.046591490744670616e-01
3.035660487768868099e-01
3.024733369287792017e-01
3.013809916381693377e-01
3.002889868334836510e-01
2.991972930242243756e-01
2.981058780591014368e-01
2.970147077606917208e-01
2.959237463617593322e-01
2.948329567302629961e-01
2.937423004326617515e-01
2.926517377416685828e-01
2.915612277295472343e-01
2.904707285820802287e-01
2.893801982083303859e-01
2.882895951163553239e-01
2.871988794155320157e-01
2.861080137477453045e-01
2.850169639835347102e-01
2.839256996428038970e-01
2.828341941521848590e-01
2.817424251468746421e-01
2.806503749991170471e-01
2.795580316107997287e-01
2.784653893168921868e-01
2.773724496149437280e-01
2.762792214383238409e-01
2.751857208323081339e-01
2.740919701081157567e-01
2.729979967403632912e-01
2.719038323560836745e-01
2.708095121038956443e-01
2.697150745210117329e-01
2.686205618104399728e-01
2.675260202916563967e-01
2.664315007527836565e-01
2.653370585082129862e-01
2.642427531000474672e-01
2.631486477042709882e-01
2.620548083671957462e-01
2.609613031966060426e-01
2.598682015870480422e-01
2.587755735025311643e-01
2.576834887977234034e-01
2.565920165442761025e-01
2.555012243440675790e-01
2.544111776456894347e-01
2.533219391170764556e-01
2.522335681448477085e-01
2.511461205178050493e-01
2.500596483091253042e-01
2.489741999164500064e-01
2.478898201731885853e-01
2.468065504282302702e-01
2.457244285124585426e-01
2.446434885616901866e-01
2.435637607269892368e-01
2.424852708511338328e-01
2.414080402069681830e-01
2.403320853773037169e-01
2.392574183174988323e-01
2.381840465977511367e-01
2.371119737895020230e-01
2.360411999428209673e-01
2.349717221017101343e-01
2.339035348118921886e-01
2.328366305868206643e-01
2.317710003079702652e-01
2.307066335458556328e-01
2.296435188011962114e-01
2.285816436804579965e-01
2.275209950344090903e-01
2.264615590982924920e-01
2.254033216703894560e-01
2.243462683526743495e-01
2.232903848525667756e-01
2.222356573171576366e-01
2.211820726514456270e-01
2.201296187687254990e-01
2.190782847405515488e-01
2.180280608471856230e-01
2.169789385652292624e-01
2.159309105465794243e-01
2.148839706357638102e-01
2.138381139433346012e-01
2.127933369599019908e-01
2.117496376776207001e-01
2.107070156917075499e-01
2.096654722765761980e-01
2.086250104513730774e-01
2.075856350539171113e-01
2.065473528273452930e-01
2.055101725037833393e-01
2.044741048570800357e-01
2.034391627019490056e-01
2.024053608336559285e-01
2.013727159200371930e-01
2.003412463655396547e-01
1.993109721630844378e-01
1.982819147399299264e-01
1.972540967962711778e-01
1.962275421354810756e-01
1.952022754911336977e-01
1.941783223632207178e-01
1.931557088783789899e-01
1.921344616840337804e-01
1.911146078754723532e-01
1.900961749440097104e-01
1.890791907275640171e-01
1.880636833460223589e-01
1.870496811117673408e-01
1.860372124173110819e-01
1.850263056121977112e-01
1.840169888862343006e-01
1.830092901744406753e-01
1.820032370926133736e-01
1.809988569033126049e-01
1.799961765041423190e-01
1.789952224262400526e-01
1.779960208298682067e-01
1.769985974872433643e-01
1.760029777474185209e-01
1.750091864835038036e-01
1.740172480267569155e-01
1.730271860955094887e-01
1.720390237281304024e-01
1.710527832288103456e-01
1.700684861337542209e-01
1.690861532018591018e-01
1.681058044308059995e-01
1.671274590952712136e-01
1.661511358004938155e-01
1.651768525419040068e-01
1.642046267611247112e-01
1.632344753901570356e-01
1.622664148796683914e-01
1.613004612123338510e-01
1.603366299069477197e-01
1.593749360226638656e-01
1.584153941728231318e-01
1.574580185552821310e-01
1.565028230003683851e-01
1.555498210314045227e-01
1.545990259266595557e-01
1.536504507685069465e-01
1.527041084660328840e-01
1.517600117413471228e-01
1.508181730769964368e-01
1.498786046298675456e-01
1.489413181246393714e-01
1.480063247446359032e-01
1.470736350397442160e-01
1.461432588684093148e-01
1.452152053850055968e-01
1.442894830760281799e-01
1.433660998400723696e-01
1.424450630999347378e-01
1.415263799309727788e-01
1.406100571891172601e-01
1.396961016244519238e-01
1.387845199710004140e-01
1.378753190090078184e-01
1.369685056014890712e-01
1.360640867105851748e-01
1.351620694014102342e-01
1.342624608411256970e-01
1.333652682991090244e-01
1.324704991518177444e-01
1.315781608931193836e-01
1.306882611486241963e-01
1.298008076914539122e-01
1.289158084567978424e-01
1.280332715535193733e-01
1.271532052726981055e-01
1.262756180944673845e-01
1.254005186956418105e-01
1.245279159611902969e-01
1.236578190017675050e-01
1.227902371785198760e-01
1.219251801344309327e-01
1.210626578299805606e-01
1.202026805794418340e-01
1.193452590835249183e-01
1.184904044544379392e-01
1.176381282299202857e-01
1.167884423747296840e-01
1.159413592691916906e-01
1.150968916861770941e-01
1.142550527589649284e-01
1.134158559429976065e-01
1.125793149748366695e-01
1.117454438310409026e-01
1.109142566893860787e-01
1.100857678938276379e-01
1.092599919241893092e-01
1.084369433707406960e-01
1.076166369135748424e-01
1.067990873064534330e-01
1.059843093644722706e-01
1.051723179550975024e-01
1.043631279919042254e-01
1.035567544303404863e-01
1.027532122648722318e-01
1.019525165267205352e-01
1.011546822814834989e-01
1.003597246258223080e-01
9.956765868260349095e-02
9.877849959396879653e-02
9.799226251198590865e-02
9.720896258685399194e-02
9.642861495281940254e-02
9.565123471227220120e-02
9.487683691859730151e-02
9.410543655851005829e-02
9.333704853462461426e-02
9.257168764886389289e-02
9.180936858725431693e-02
9.105010590638519530e-02
9.029391402161353331e-02
8.954080719684001655e-02
8.879079953556635874e-02
8.804390497275557670e-02
8.730013726707941402e-02
8.655950999300683624e-02
8.582203653256359477e-02
8.508773006655562243e-02
8.435660356522346748e-02
8.362866977875127450e-02
8.290394122783696640e-02
8.218243019489024359e-02
8.146414871640028643e-02
8.074910857683813281e-02
8.003732130451897409e-02
7.932879816965354713e-02
7.862355018455303990e-02
7.792158810596318264e-02
7.722292243918672805e-02
7.652756344369024410e-02
7.583552113976642362e-02
7.514680531585762879e-02
7.446142553617780824e-02
7.377939114831329193e-02
7.310071129065845441e-02
7.242539489949835485e-02
7.175345071576029465e-02
7.108488729145634455e-02
7.041971299591141820e-02
6.975793602187750631e-02
6.909956439164643971e-02
6.844460596334187019e-02
6.779306843739528465e-02
6.714495936337272486e-02
6.650028614712628905e-02
6.585905605830966181e-02
6.522127623824268416e-02
6.458695370801213753e-02
6.395609537675288336e-02
6.332870804997722813e-02
6.270479843779507012e-02
6.208437316292894637e-02
6.146743876834014769e-02
6.085400172439508343e-02
6.024406843546421808e-02
5.963764524596016497e-02
5.903473844573741552e-02
5.843535427499810947e-02
5.783949892871283888e-02
5.724717856069466704e-02
5.665839928744120096e-02
5.607316719187355886e-02
5.549148832704624973e-02
5.491336871998056535e-02
5.433881437557352978e-02
5.376783128069343581e-02
5.320042540837748024e-02
5.263660272209508273e-02
5.207636917999940857e-02
5.151973073906626621e-02
5.096669335902865444e-02
5.041726300597712540e-02
4.987144565556764220e-02
4.932924729576595307e-02
4.879067392902925598e-02
4.825573157397779894e-02
4.772442626649816416e-02
4.719676406032063259e-02
4.667275102710964629e-02
4.615239325611267956e-02
4.563569685343586702e-02
4.512266794098743206e-02
4.461331265517318179e-02
4.410763714538281505e-02
4.360564757230864924e-02
4.310735010616873614e-02
4.261275092479240717e-02
4.212185621167154059e-02
4.163467215391161019e-02
4.115120494014540276e-02
4.067146075837223262e-02
4.019544579371830267e-02
3.972316622614252557e-02
3.925462822804746954e-02
3.878983796181807026e-02
3.832880157727953235e-02
3.787152520905531783e-02
3.741801497388166919e-02
3.696827696783545891e-02
3.652231726351160696e-02
3.608014190717177827e-02
3.564175691587712774e-02
3.520716827459038911e-02
3.477638193331792499e-02
3.434940380428126716e-02
3.392623975912311546e-02
3.350689562620282058e-02
3.309137718792518057e-02
3.267969017821437810e-02
3.227184028003705907e-02
3.186783312305910276e-02
3.146767428139407574e-02
3.107136927146938316e-02
3.067892355000575999e-02
3.029034251209488174e-02
2.990563148941134328e-02
2.952479574849697919e-02
2.914784048917330381e-02
2.877477084303632290e-02
2.840559187204670308e-02
2.804030856721393891e-02
2.767892584734891678e-02
2.732144855791931656e-02
2.696788146995760319e-02
2.661822927905287822e-02
2.627249660440290208e-02
2.593068798794674612e-02
2.559280789354882735e-02
2.525886070624833862e-02
2.492885073156165740e-02
2.460278219486157145e-02
2.428065924079950491e-02
2.396248593278831399e-02
2.364826625254264417e-02
2.333800409967221393e-02
2.303170329133502614e-02
2.272936756193440905e-02
2.243100056288227506e-02
2.213660586239933614e-02
2.184618694537965658e-02
2.155974721330114127e-02
2.127728998418064801e-02
2.099881849257899044e-02
2.072433588965853432e-02
2.045384524327856571e-02
2.018734953813619212e-02
1.992485167594947384e-02
1.966635447568361103e-02
1.941186067381249838e-02
1.916137292462130604e-02
1.891489380054239486e-02
1.867242579252526707e-02
1.843397131044162765e-02
1.819953268351876680e-02
1.796911216080391421e-02
1.774271191165765343e-02
1.752033402627347844e-02
1.730198051622242397e-02
1.708765331502050747e-02
1.687735427871368821e-02
1.667108518650812360e-02
1.646884774138033733e-02
1.627064357074434892e-02
1.607647422711601035e-02
1.588634118879850982e-02
1.570024586058729743e-02
1.551818957448290216e-02
1.534017359042501479e-02
1.516619909703540228e-02
1.499626721237842450e-02
1.483037898472284143e-02
1.466853539332362878e-02
1.451073734921135353e-02
1.435698569598865652e-02
1.420728121063528221e-02
1.406162460432569886e-02
1.392001652325072954e-02
1.378245754944292314e-02
1.364894820161521513e-02
1.351948893599384631e-02
1.339408014717303509e-02
1.327272216895638950e-02
1.315541527521195929e-02
1.304215968072921193e-02
1.293295554207554536e-02
1.282780295845633786e-02
1.272670197257773188e-02
1.262965257150505324e-02
1.253665468752801840e-02
1.244770819902107049e-02
1.236281293129980370e-02
1.228196865748160289e-02
1.220517509933747094e-02
1.213243192814541724e-02
