1.257845808688936402e-03
6.562855499503549451e-04
6.458356651030267839e-04
6.404455180372917861e-04
6.398267092957591945e-04
6.438205661832794311e-04
6.522626065791612728e-04
6.650096377498560061e-04
6.819483938963285695e-04
7.029932212460565872e-04
7.280803033592836383e-04
7.571619623905186331e-04
7.902021251245954121e-04
8.271730219262843050e-04
8.680528754442418549e-04
9.128243032541995435e-04
9.614732107803986840e-04
1.013988014020636604e-03
1.070359083355593805e-03
1.130578336740710324e-03
1.194638935422326223e-03
1.262535051465775177e-03
1.334261686734092333e-03
1.409814529579802005e-03
1.489189839786075886e-03
1.572384355082817771e-03
1.659395214426090306e-03
1.750219894493393541e-03
1.844856156729815077e-03
1.943302002906716584e-03
2.045555637613118670e-03
2.151615436436709206e-03
2.261479918846461858e-03
2.375147724987573643e-03
2.492617595744982349e-03
2.613888355557663582e-03
2.738958897553101825e-03
2.867828170650529515e-03
3.000495168340680096e-03
3.136958918897095588e-03
3.277218476816409418e-03
3.421272915315132657e-03
3.569121319737347028e-03
3.720762781752630800e-03
3.876196394237516919e-03
4.035421246754341759e-03
4.198436421546759140e-03
4.365240989991504839e-03
4.535834009446088749e-03
4.710214520446686509e-03
4.888381544211573178e-03
5.070334080415820829e-03
5.256071105203167539e-03
5.445591569409607632e-03
5.638894396973826405e-03
5.835978483510259086e-03
6.036842695033389945e-03
6.241485866807203013e-03
6.449906802313686884e-03
6.662104272323856463e-03
6.878077014059604845e-03
7.097823730437492241e-03
7.321343089387027415e-03
7.548633723230122397e-03
7.779694228122797754e-03
8.014523163542914413e-03
8.253119051827999958e-03
8.495480377750249182e-03
8.741605588128057922e-03
8.991493091467277904e-03
9.245141257632981044e-03
9.502548417539813039e-03
9.763712862865106534e-03
1.002863284577964857e-02
1.029730657868922934e-02
1.056973223399055098e-02
1.084590794383262849e-02
1.112583179988727369e-02
1.140950185311948549e-02
1.169691611356265051e-02
1.198807255009517493e-02
1.228296909020568616e-02
1.258160361976403026e-02
1.288397398278095206e-02
1.319007798116106009e-02
1.349991337444335880e-02
1.381347787953788805e-02
1.413076917044429198e-02
1.445178487795872012e-02
1.477652258936684726e-02
1.510497984812021917e-02
1.543715415349727026e-02
1.577304296024762201e-02
1.611264367821772098e-02
1.645595367195947650e-02
1.680297026031576935e-02
1.715369071599728845e-02
1.750811226513226612e-02
1.786623208680073252e-02
1.822804731255027108e-02
1.859355502589596712e-02
1.896275226180300921e-02
1.933563600615067699e-02
1.971220319518516770e-02
2.009245071495604704e-02
2.047637540074152482e-02
2.086397403646095619e-02
2.125524335407978638e-02
2.165018003300365687e-02
2.204878069946913238e-02
2.245104192592914036e-02
2.285696023043263039e-02
2.326653207600896250e-02
2.367975387005083129e-02
2.409662196369708603e-02
2.451713265123187102e-02
2.494128216948045262e-02
2.536906669721732122e-02
2.580048235459418346e-02
2.623552520256942563e-02
2.667419124236401415e-02
2.711647641493396266e-02
2.756237660045455368e-02
2.801188761783935527e-02
2.846500522427383370e-02
2.892172511478120073e-02
2.938204292180968472e-02
2.984595421485050290e-02
3.031345450009466022e-02
3.078453922010921176e-02
3.125920375355752817e-02
3.173744341494239007e-02
3.221925345440036781e-02
3.270462905752036242e-02
3.319356534520028629e-02
3.368605737354408991e-02
3.418210013379979761e-02
3.468168855232386244e-02
3.518481749059844399e-02
3.569148174526751149e-02
3.620167604822473184e-02
3.671539506672361064e-02
3.723263340353669126e-02
3.775338559712774350e-02
3.827764612186525944e-02
3.880540938826305269e-02
3.933666974324898785e-02
3.987142147044614449e-02
4.040965879048557391e-02
4.095137586132927693e-02
4.149656677861310317e-02
4.204522557599036509e-02
4.259734622550057775e-02
4.315292263792587513e-02
4.371194866315699507e-02
4.427441809055501776e-02
4.484032464931797524e-02
4.540966200882878140e-02
4.598242377899623701e-02
4.655860351059431385e-02
4.713819469557505026e-02
4.772119076737633969e-02
4.830758510120906207e-02
4.889737101433357103e-02
4.949054176630759277e-02
5.008709055923397935e-02
5.068701053797373263e-02
5.129029479035740469e-02
5.189693634737450878e-02
5.250692818334330714e-02
5.312026321609191609e-02
5.373693430709396840e-02
5.435693426162620245e-02
5.498025582889844165e-02
5.560689170219017263e-02
5.623683451898806029e-02
5.687007686111424098e-02
5.750661125486595388e-02
5.814643017115024570e-02
5.878952602564451596e-02
5.943589117894375329e-02
6.008551793675198649e-02
6.073839855005193356e-02
6.139452521532315354e-02
6.205389007476704022e-02
6.271648521654750452e-02
6.338230267506643478e-02
6.405133443126402593e-02
6.472357241293164032e-02
6.539900849506632974e-02
6.607763450024546625e-02
6.675944219902865684e-02
6.744442331040903515e-02
6.813256950226215247e-02
6.882387239184629968e-02
6.951832354633145916e-02
7.021591448335409713e-02
7.091663667158434881e-02
7.162048153134724371e-02
7.232744043525633770e-02
7.303750470888085988e-02
7.375066563141333131e-02
7.446691443638581154e-02
7.518624231239548483e-02
7.590864040385618405e-02
7.663409981174218455e-02
7.736261159437898827e-02
7.809416676823148495e-02
7.882875630868853289e-02
7.956637115088015244e-02
8.030700219049413668e-02
8.105064028458115744e-02
8.179727625236887789e-02
8.254690087607945148e-02
8.329950490175434819e-02
8.405507904003095554e-02
8.481361396695458188e-02
8.557510032476341177e-02
8.633952872264054335e-02
8.710688973749095010e-02
8.787717391466247363e-02
8.865037176866184809e-02
8.942647378384291357e-02
9.020547041506651875e-02
9.098735208835248556e-02
9.177210920146849915e-02
9.255973212451229504e-02
9.335021120043805742e-02
9.414353674557943141e-02
9.493969905009616572e-02
9.573868837838937773e-02
9.654049496949555775e-02
9.734510903740674348e-02
9.815252077135645792e-02
9.896272033608417840e-02
9.977569787197744511e-02
1.005914434952318443e-01
1.014099472979419492e-01
1.022311993480928410e-01
1.030551896895565006e-01
1.038819083419794259e-01
1.047113453006422307e-01
1.055434905362222509e-01
1.063783339945374024e-01
1.072158655961769624e-01
1.080560752360899962e-01
1.088989527830866028e-01
1.097444880792972782e-01
1.105926709395352592e-01
1.114434911505749054e-01
1.122969384703926543e-01
1.131530026272813683e-01
1.140116733189277670e-01
1.148729402114047476e-01
1.157367929380572619e-01
1.166032210983380807e-01
1.174722142565797212e-01
1.183437619406321611e-01
1.192178536404892852e-01
1.200944788068077779e-01
1.209736268493522698e-01
1.218552871354110362e-01
1.227394489880945933e-01
1.236261016846085248e-01
1.245152344544999401e-01
1.254068364777884970e-01
1.263008968831067502e-01
1.271974047458132306e-01
1.280963490860318188e-01
1.289977188667393582e-01
1.299015029917917619e-01
1.308076903039765426e-01
1.317162695830971508e-01
1.326272295440342475e-01
1.335405588348960171e-01
1.344562460351753919e-01
1.353742796539838256e-01
1.362946481283748013e-01
1.372173398217074458e-01
1.381423430221499493e-01
1.390696459412635588e-01
1.399992367127269322e-01
1.409311033911836430e-01
1.418652339512391503e-01
1.428016162865894667e-01
1.437402382093807829e-01
1.446810874496449184e-01
1.456241516550097759e-01
1.465694183905528192e-01
1.475168751388460930e-01
1.484665093002475733e-01
1.494183081933292689e-01
1.503722590555731375e-01
1.513283490442446921e-01
1.522865652374619239e-01
1.532468946354846595e-01
1.542093241621946831e-01
1.551738406667505787e-01
1.561404309254320333e-01
1.571090816436573889e-01
1.580797794581360050e-01
1.590525109391897063e-01
1.600272625931738468e-01
1.610040208650137528e-01
1.619827721408383658e-01
1.629635027506611544e-01
1.639461989711440415e-01
1.649308470283367412e-01
1.659174331004855396e-01
1.669059433207639442e-01
1.678963637799785191e-01
1.688886805292451332e-01
1.698828795825136906e-01
1.708789469190596932e-01
1.718768684857908680e-01
1.728766301994188181e-01
1.738782179484752444e-01
1.748816175951326823e-01
1.758868149768405831e-01
1.768937959076971878e-01
1.779025461796791552e-01
1.789130515635419527e-01
1.799252978095230715e-01
1.809392706478124280e-01
1.819549557886942504e-01
1.829723389225093033e-01
1.839914057193021146e-01
1.850121418282386632e-01
1.860345328767452344e-01
1.870585644694669203e-01
1.880842221868894160e-01
1.891114915838229826e-01
1.901403581876189575e-01
1.911708074962254200e-01
1.922028249759939467e-01
1.932363960594060404e-01
1.942715061425663026e-01
1.953081405826412320e-01
1.963462846951158081e-01
1.973859237510187936e-01
1.984270429740448705e-01
1.994696275376423855e-01
2.005136625620972390e-01
2.015591331115746676e-01
2.026060241912306104e-01
2.036543207443045900e-01
2.047040076493640837e-01
2.057550697175339061e-01
2.068074916899261262e-01
2.078612582350773952e-01
2.089163539466448449e-01
2.099727633411737349e-01
2.110304708560957754e-01
2.120894608478187393e-01
2.131497175901189700e-01
2.142112252726783850e-01
2.152739679998242894e-01
2.163379297894995057e-01
2.174030945724893804e-01
2.184694461918090802e-01
2.195369684023950607e-01
2.206056448709841356e-01
2.216754591761780913e-01
2.227463948088394541e-01
2.238184351726202614e-01
2.248915635847182071e-01
2.259657632769102587e-01
2.270410173967351564e-01
2.281173090088884359e-01
2.291946210967643338e-01
2.302729365642987858e-01
2.313522382378535025e-01
2.324325088683521501e-01
2.335137311335597765e-01
2.345958876404602711e-01
2.356789609278519548e-01
2.367629334690104226e-01
2.378477876745249964e-01
2.389335058951840562e-01
2.400200704250356198e-01
2.411074635045067083e-01
2.421956673236432545e-01
2.432846640254177073e-01
2.443744357090863184e-01
2.454649644336808489e-01
2.465562322215680835e-01
2.476482210619847246e-01
2.487409129146995190e-01
2.498342897137677543e-01
2.509283333712277186e-01
2.520230257809165653e-01
2.531183488223453515e-01
2.542142843644784600e-01
2.553108142697281813e-01
2.564079203978434363e-01
2.575055846098575629e-01
2.586037887720605277e-01
2.597025147599807404e-01
2.608017444624103343e-01
2.619014597853359105e-01
2.630016426559731446e-01
2.641022750267463248e-01
2.652033388792476298e-01
2.663048162281826947e-01
2.674066891253175648e-01
2.685089396633329462e-01
2.696115499796886694e-01
2.707145022603969498e-01
2.718177787438142978e-01
2.729213617241970091e-01
2.740252335553390317e-01
2.751293766540721664e-01
2.762337735035711450e-01
2.773384066566605965e-01
2.784432587389331637e-01
2.795483124516355833e-01
2.806535505745179626e-01
2.817589559684413603e-01
2.828645115777667640e-01
2.839702004324726192e-01
2.850760056501370210e-01
2.861819104375510903e-01
2.872878980920945402e-01
2.883939520028266368e-01
2.895000556511879153e-01
2.906061926113637228e-01
2.917123465502964863e-01
2.928185012273924470e-01
2.939246404936443069e-01
2.950307482905211165e-01
2.961368086483361362e-01
2.972428056842192357e-01
2.983487235996415410e-01
2.994545466774964360e-01
3.005602592787718352e-01
3.016658458387527775e-01
3.027712908628852895e-01
3.038765789221264391e-01
3.049816946480700119e-01
3.060866227275418905e-01
3.071913478970030864e-01
3.082958549366545120e-01
3.094001286642085735e-01
3.105041539285684493e-01
3.116079156032289799e-01
3.127113985796790008e-01
3.138145877606711154e-01
3.149174680535047344e-01
3.160200243633894401e-01
3.171222415868988342e-01
3.182241046055216405e-01
3.193255982795517589e-01
3.204267074421742745e-01
3.215274168938717092e-01
3.226277113972164101e-01
3.237275756720640052e-01
3.248269943911788471e-01
3.259259521764310552e-01
3.270244335953120807e-01
3.281224231581670314e-01
3.292199053158652022e-01
3.303168644579800861e-01
3.314132849115912216e-01
3.325091509405461165e-01
3.336044467451603213e-01
3.346991564625895199e-01
3.357932641674240548e-01
3.368867538727364774e-01
3.379796095316208171e-01
3.390718150387935226e-01
3.401633542326041315e-01
3.412542108972329014e-01
3.423443687648855538e-01
3.434338115181512219e-01
3.445225227923959799e-01
3.456104861779920601e-01
3.466976852225577832e-01
3.477841034330166337e-01
3.488697242773677876e-01
3.499545311864032393e-01
3.510385075550547795e-01
3.521216367434469308e-01
3.532039020777180682e-01
3.542852868505118602e-01
3.553657743211889319e-01
3.564453477156567240e-01
3.575239902260449742e-01
3.586016850100525732e-01
3.596784151900417892e-01
3.607541638520119776e-01
3.618289140442963459e-01
3.629026487761836672e-01
3.639753510164587258e-01
3.650470036918980754e-01
3.661175896856882495e-01
3.671870918359038671e-01
3.682554929341207983e-01
3.693227757240787890e-01
3.703889229005042361e-01
3.714539171081371327e-01
3.725177409409901053e-01
3.735803769418248876e-01
3.746418076019962795e-01
3.757020153615108216e-01
3.767609826094867054e-01
3.778186916849171628e-01
3.788751248778247649e-01
3.799302644307929744e-01
3.809840925407202983e-01
3.820365913611745712e-01
3.830877430048332810e-01
3.841375295465398465e-01
3.851859330263113779e-01
3.862329354529896452e-01
3.872785188079719276e-01
3.883226650492698218e-01
3.893653561156861231e-01
3.904065739313870020e-01
3.914463004104373756e-01
3.924845174617513366e-01
3.935212069939085788e-01
3.945563509203652286e-01
3.955899311646602357e-01
3.966219296657307880e-01
3.976523283833382494e-01
3.986811093036078946e-01
3.997082544444817143e-01
4.007337458614281256e-01
4.017575656529071004e-01
4.027796959660043252e-01
4.038001190018739583e-01
4.048188170211140524e-01
4.058357723488620339e-01
4.068509673797837678e-01
4.078643845826073200e-01
4.088760065043873237e-01
4.098858157742393815e-01
4.108937951065032013e-01
4.118999273032925568e-01
4.129041952564712625e-01
4.139065819487525721e-01
4.149070704540653853e-01
4.159056439371643932e-01
4.169022856524133847e-01
4.178969789417139591e-01
4.188897072318357173e-01
4.198804540309138411e-01
4.208692029245441057e-01
4.218559375711742332e-01
4.228406416972761983e-01
4.238232990921551591e-01
4.248038936027010437e-01
4.257824091279843737e-01
4.267588296140333859e-01
4.277331390486839857e-01
4.287053214566701187e-01
4.296753608949933079e-01
4.306432414486401905e-01
4.316089472264599824e-01
4.325724623575146754e-01
4.335337709877205570e-01
4.344928572766001973e-01
4.354497053944493268e-01
4.364042995197399133e-01
4.373566238366303760e-01
4.383066625328609356e-01
4.392543997976966486e-01
4.401998198204044033e-01
4.411429067887963629e-01
4.420836448883362357e-01
4.430220183016901903e-01
4.439580112087740948e-01
4.448916077873888431e-01
4.458227922147243727e-01
4.467515486693509619e-01
4.476778613342052293e-01
4.486017144002050205e-01
4.495230920706461686e-01
4.504419785662863718e-01
4.513583581310715576e-01
4.522722150382971762e-01
4.531835335973730672e-01
4.540922981607579123e-01
4.549984931313373893e-01
4.559021029698970273e-01
4.568031122030290492e-01
4.577015054308758435e-01
4.585972673355514506e-01
4.594903826894976007e-01
4.603808363641800350e-01
4.612686133389781173e-01
4.621536987102521921e-01
4.630360777004043915e-01
4.639157356670334242e-01
4.647926581114372735e-01
4.656668306867934870e-01
4.665382392054602256e-01
4.674068696451949556e-01
4.682727081541370184e-01
4.691357410542476569e-01
4.699959548434943790e-01
4.708533361963439523e-01
4.717078719632034622e-01
4.725595491685312122e-01
4.734083550082378022e-01
4.742542768465492498e-01
4.750973022125355438e-01
4.759374187971139314e-01
4.767746144500449867e-01
4.776088771779851139e-01
4.784401951432815103e-01
4.792685566638360539e-01
4.800939502141908233e-01
4.809163644277932859e-01
4.817357881001861353e-01
4.825522101932945285e-01
4.833656198399246540e-01
4.841760063484105703e-01
4.849833592063376164e-01
4.857876680829458227e-01
4.865889228287946233e-01
4.873871134722970733e-01
4.881822302117540535e-01
4.889742634025145418e-01
4.897632035389770655e-01
4.905490412304550629e-01
4.913317671723373414e-01
4.921113721124500406e-01
4.928878468138619962e-01
4.936611820155999975e-01
4.944313683927444303e-01
4.951983965172927493e-01
4.959622568215019678e-01
4.967229395645171852e-01
4.974804348032951240e-01
4.982347323682280726e-01
4.989858218434155557e-01
4.997336925512895767e-01
5.004783335409310752e-01
5.012197335794961184e-01
5.019578811459423084e-01
5.026927644260291705e-01
5.034243713080093219e-01
5.041526893782045660e-01
5.048777059161404512e-01
5.055994078885776011e-01
5.063177819427520099e-01
5.070328143987739011e-01
5.077444912421102963e-01
5.084527981172346500e-01
5.091577203239108229e-01
5.098592428179141711e-01
5.105573502180510426e-01
5.112520268206608431e-01
5.119432566230658344e-01
5.126310233556596874e-01
5.133153105219966372e-01
5.139961014450208365e-01
5.146733793172891813e-01
5.153471272516180202e-01
5.160173283297468938e-01
5.166839656459083496e-01
5.173470223440205240e-01
5.180064816475310474e-01
5.186623268830279354e-01
5.193145414992186293e-01
5.199631090848779724e-01
5.206080133890815809e-01
5.212492383475703095e-01
5.218867681179651941e-01
5.225205871249265499e-01
5.231506801141857510e-01
5.237770322116741539e-01
5.243996289817042245e-01
5.250184564767818030e-01
5.256335012707140653e-01
5.262447504693822387e-01
5.268521916951063311e-01
5.274558130454956029e-01
5.280556030311526206e-01
5.286515504998884341e-01
5.292436445571411241e-01
5.298318744910492928e-01
5.304162297088342859e-01
5.309966996877470979e-01
5.315732739400828022e-01
5.321459419892059506e-01
5.327146933533120077e-01
5.332795175342299743e-01
5.338404040115359850e-01
5.343973422454063593e-01
5.349503216943988226e-01
5.354993318547383030e-01
5.360443623275196190e-01
5.365854029163239503e-01
5.371224437540872421e-01
5.376554754522396840e-01
5.381844892606304498e-01
5.387094772221151517e-01
5.392304323027832247e-01
5.397473484776430519e-01
5.402602207537342549e-01
5.407690451183686520e-01
5.412738184096964611e-01
5.417745381187062392e-01
5.422712021435074359e-01
5.427638085251649258e-01
5.432523551970399600e-01
5.437368397747021076e-01
5.442172594030639798e-01
5.446936106637013664e-01
5.451658895328842513e-01
5.456340913718351615e-01
5.460982109293313069e-01
5.465582423392932876e-01
5.470141791053418912e-01
5.474660140726418378e-01
5.479137393968361858e-01
5.483573465227653543e-01
5.487968261831547290e-01
5.492321684194374498e-01
5.496633626122248151e-01
5.500903974965615228e-01
5.505132611283448663e-01
5.509319407713654249e-01
5.513464226918127764e-01
5.517566918733457504e-01
5.521627316986139622e-01
5.525645236647064307e-01
5.529620472085227112e-01
5.533552797038283622e-01
5.537441966610970878e-01
5.541287721215515383e-01
5.545089791991905104e-01
5.548847906980418632e-01
5.552561797221896578e-01
5.556231202027992477e-01
5.559855872883914252e-01
5.563435575717377013e-01
5.566970091546432631e-01
5.570459215708144507e-01
5.573902755976698487e-01
5.577300529949643648e-01
5.580652362194593596e-01
5.583958081830714404e-01
5.587217521386100838e-01
5.590430517763880225e-01
5.593596915804883718e-01
5.596716574217602824e-01
5.599789372724789382e-01
5.602815218486383309e-01
5.605794049586498851e-01
5.608725833892119761e-01
5.611610562837113791e-01
5.614448241261817962e-01
5.617238875757712968e-01
5.619982464469617245e-01
5.622678990817590039e-01
5.625328422277028340e-01
5.627930713735069812e-01
5.630485813568999465e-01
5.632993669888409771e-01
5.635454234501935389e-01
5.637867463040645566e-01
5.640233311031380703e-01
5.642551727219660140e-01
5.644822646601082017e-01
5.647045986013633501e-01
5.649221644479476279e-01
5.651349508956593493e-01
5.653429464387749181e-01
5.655461405784784068e-01
5.657445250019950134e-01
5.659380945827798826e-01
5.661268481482487624e-01
5.663107890019661861e-01
5.664899251683834791e-01
5.666642693044569024e-01
5.668338382526679764e-01
5.669986522985449584e-01
5.671587342830854972e-01
5.673141087363950952e-01
5.674648011254040947e-01
5.676108372021770876e-01
5.677522423869358903e-01
5.678890411645305392e-01
5.680212565649455092e-01
5.681489098391886428e-01
5.682720203672104731e-01
5.683906056788332606e-01
5.685046813416252398e-01
5.686142604792944200e-01
5.687193528557632494e-01
5.688199637254754970e-01
5.689160928824280594e-01
5.690077343996197135e-01
5.690948773569057817e-01
5.691775074329790129e-01
5.692556087667026699e-01
5.693291652502369127e-01
5.693981605937505908e-01
5.694625770483245919e-01
5.695223933031273722e-01
5.695775824740302307e-01
5.696281111330201430e-01
5.696739399997797770e-01
5.697150263156522954e-01
5.697513272394369999e-01
5.697828031882464783e-01
5.698094201800423253e-01
5.698311508508244749e-01
5.698479744901903121e-01
5.698598767349029037e-01
5.698668493758304310e-01
5.698688903048128029e-01
5.698660032920085383e-01
5.698581972539766838e-01
5.698454849339104067e-01
5.698278812644406166e-01
5.698054018624146844e-01
5.697780619872153673e-01
5.697458759920018823e-01
5.697088570816276620e-01
5.696670172409221689e-01
5.696203674007446205e-01
5.695689179544124459e-01
5.695126794689329142e-01
5.694516630908851296e-01
5.693858801763703736e-01
5.693153412142114567e-01
5.692400547319053095e-01
5.691600269408342294e-01
5.690752622610513178e-01
5.689857641544406874e-01
5.688915355756396508e-01
5.687925788596033261e-01
5.686888954258145779e-01
5.685804857997535100e-01
5.684673501965054054e-01
5.683494896253595829e-01
5.682269073474883747e-01
5.680996104828165416e-01
5.679676115301314221e-01
5.678309295392186540e-01
5.676895907057009083e-01
5.675436282991906944e-01
5.673930820763002369e-01
5.672379975351298231e-01
5.670784253633810446e-01
5.669144211941661293e-01
5.667460454734898345e-01
5.665733630436581292e-01
5.663964420728069271e-01
5.662153522849986409e-01
5.660301629400432688e-01
5.658409412253350146e-01
5.656477512432316335e-01
5.654506529651980307e-01
5.652497004168056671e-01
5.650449393823027133e-01
5.648364059833256290e-01
5.646241271141839713e-01
5.644081220819318068e-01
5.641884037851532252e-01
5.639649785532850901e-01
5.637378452569510312e-01
5.635069946889076364e-01
5.632724094704625317e-01
5.630340642932607498e-01
5.627919266961020073e-01
5.625459588014933843e-01
5.622961198275421291e-01
5.620423685584711171e-01
5.617846652026943222e-01
5.615229727188048026e-01
5.612572577419683295e-01
5.609874907759500040e-01
5.607136453173762192e-01
5.604356963888916798e-01
5.601536197204145529e-01
5.598673925802716278e-01
5.595769960980404578e-01
5.592824178104101041e-01
5.589836529817090449e-01
5.586807040320885820e-01
5.583735784103559530e-01
5.580622857628697586e-01
5.577468352359058468e-01
5.574272336365014846e-01
5.571034850454300580e-01
5.567755918937317139e-01
5.564435564563446901e-01
5.561073811697705427e-01
5.557670670778720456e-01
5.554226113883569127e-01
5.550740057696189611e-01
5.547212359732024423e-01
5.543642821355034833e-01
5.540031193722141367e-01
5.536377194914924305e-01
5.532680546867970728e-01
5.528941022736550970e-01
5.525158480032598129e-01
5.521332865030331716e-01
5.517464201766049126e-01
5.513552592221798720e-01
5.509598236566699558e-01
5.505601454124627869e-01
5.501562679195688421e-01
5.497482426908453235e-01
5.493361249157565629e-01
5.489199705962278797e-01
5.484998362836523977e-01
5.480757806062096504e-01
5.476478658205420347e-01
5.472161578515304381e-01
5.467807243837665698e-01
5.463416319956304612e-01
5.458989442071627840e-01
5.454527217111466708e-01
5.450030240355252520e-01
5.445499102064280672e-01
5.440934367684221451e-01
5.436336543559334711e-01
5.431706055337225392e-01
5.427043246788918474e-01
5.422348379038800514e-01
5.417621615501997390e-01
5.412863009908327472e-01
5.408072524793831048e-01
5.403250075792715990e-01
5.398395563719877721e-01
5.393508867855663080e-01
5.388589818104878582e-01
5.383638186576642504e-01
5.378653714504989525e-01
5.373636151075554812e-01
5.368585273029826688e-01
5.363500880577655172e-01
5.358382789060172069e-01
5.353230831577863169e-01
5.348044868677792607e-01
5.342824793190377175e-01
5.337570526315601471e-01
5.332282010307911602e-01
5.326959203391685715e-01
5.321602077757874305e-01
5.316210618639002350e-01
5.310784821876436412e-01
5.305324686537186141e-01
5.299830199583912549e-01
5.294301315209465342e-01
5.288737940716479180e-01
5.283139944204897631e-01
5.277507188288809159e-01
5.271839573296766002e-01
5.266137061042572842e-01
5.260399660372535591e-01
5.254627381295273736e-01
5.248820182902702580e-01
5.242977937151849233e-01
5.237100414434587847e-01
5.231187286921090696e-01
5.225238147606251493e-01
5.219252543810642964e-01
5.213230013797159890e-01
5.207170106107398277e-01
5.201072371064375810e-01
5.194936337007435290e-01
5.188761494617217807e-01
5.182547299965053478e-01
5.176293188507015142e-01
5.169998589660806942e-01
5.163662942823742386e-01
5.157285721581386095e-01
5.150866463903871484e-01
5.144404794097440226e-01
5.137900424381338649e-01
5.131353140537436852e-01
5.124762789506476235e-01
5.118129282686620929e-01
5.111452612382958449e-01
5.104732867819609110e-01
5.097970241069704755e-01
5.091165025346727768e-01
5.084317614899726001e-01
5.077428511624264562e-01
5.070498334815800590e-01
5.063527827105299695e-01
5.056517853594126866e-01
5.049469395439094566e-01
5.042383538023972323e-01
5.035261452445155550e-01
5.028104374412025734e-01
5.020913590112867642e-01
5.013690430000287135e-01
5.006436254512115491e-01
4.999152417175034557e-01
4.991840217166504945e-01
4.984500871252148801e-01
4.977135514881738110e-01
4.969745208012386617e-01
4.962330918793737555e-01
4.954893488968598603e-01
4.947433606232300440e-01
4.939951796649817983e-01
4.932448426535825936e-01
4.924923698850300902e-01
4.917377644364844258e-01
4.909810119641266346e-01
4.902220818519115730e-01
4.894609290379689504e-01
4.886974953752040718e-01
4.879317102147600616e-01
4.871634909745208852e-01
4.863927446293448420e-01
4.856193703056775890e-01
4.848432623055506374e-01
4.840643125602611674e-01
4.832824117757617555e-01
4.824974491814545963e-01
4.817093116497555561e-01
4.809178836567542525e-01
4.801230494786522529e-01
4.793246977985198276e-01
4.785227271393640014e-01
4.777170497273376948e-01
4.769075925943755401e-01
4.760942972316540844e-01
4.752771206287535466e-01
4.744560393701490186e-01
4.736310553943709478e-01
4.728021997879141014e-01
4.719695316635182381e-01
4.711331322326494653e-01
4.702930971506374402e-01
4.694495308926147081e-01
4.686025450206086074e-01
4.677522593717827193e-01
4.668988036182501467e-01
4.660423172053769769e-01
4.651829473262083514e-01
4.643208457035198355e-01
4.634561649819365359e-01
4.625890551106353610e-01
4.617196598539861085e-01
4.608481135176168975e-01
4.599745379401838918e-01
4.590990398234001124e-01
4.582217086193772770e-01
4.573426152823727442e-01
4.564618119680499686e-01
4.555793322675735779e-01
4.546951912005790519e-01
4.538093843845581454e-01
4.529218865446010267e-01
4.520326503000993701e-01
4.511416063524183451e-01
4.502486656466759829e-01
4.493537231866252535e-01
4.484566625193752154e-01
4.475573598166792122e-01
4.466556869221394721e-01
4.457515133781910222e-01
4.448447079295733686e-01
4.439351401550758469e-01
4.430226827893784525e-01
4.421072150399627532e-01
4.411886267016910113e-01
4.402668221722035868e-01
4.393417231120122501e-01
4.384132691312531693e-01
4.374814172916650090e-01
4.365461420230544176e-01
4.356074362031745473e-01
4.346653124888965047e-01
4.337198035284813846e-01
4.327709610152413178e-01
4.318188548957404005e-01
4.308635736591964194e-01
4.299052250829503152e-01
4.289439360465052142e-01
4.279798507488437043e-01
4.270131277435214034e-01
4.260439364949041297e-01
4.250724537735003361e-01
4.240988599269630011e-01
4.231233351863470382e-01
4.221460563484394357e-01
4.211671940572413453e-01
4.201869105493497014e-01
4.192053574879362476e-01
4.182226736243220833e-01
4.172389824029889005e-01
4.162543899441862316e-01
4.152689838567019120e-01
4.142828330546525772e-01
4.132959883566680870e-01
4.123084833212271039e-01
4.113203346549418882e-01
4.103315417328214365e-01
4.093420853161153783e-01
4.083519262565570296e-01
4.073610054035978201e-01
4.063692456604890424e-01
4.053765561283205754e-01
4.043828371043309278e-01
4.033879842382380732e-01
4.023918908812743611e-01
4.013944491293108263e-01
4.003955510929446682e-01
3.993950916317308142e-01
3.983929723725908589e-01
3.973891054554208879e-01
3.963834152048257842e-01
3.953758369845079557e-01
3.943663140832985303e-01
3.933547945818077762e-01
3.923412301102212063e-01
3.913255772779491437e-01
3.903078010242601592e-01
3.892878781616536665e-01
3.882657995268576356e-01
3.872415701811430799e-01
3.862152081974092876e-01
3.851867430387020397e-01
3.841562142670277291e-01
3.831236707251176044e-01
3.820891698804591563e-01
3.810527769410599896e-01
3.800145635849338510e-01
3.789746064704540562e-01
3.779329858852424895e-01
3.768897848267552808e-01
3.758450885360942184e-01
3.747989841951814283e-01
3.737515603357898231e-01
3.727029055927979506e-01
3.716531067314017278e-01
3.706022462433507525e-01
3.695504000600163819e-01
3.684976359510628297e-01
3.674440129637853159e-01
3.663895819063366921e-01
3.653343865274431557e-01
3.642784648323593166e-01
3.632218499872478801e-01
3.621645705033462170e-01
3.611066497503306882e-01
3.600481051629050855e-01
3.589889476466205931e-01
3.579291816264577042e-01
3.568688059457338912e-01
3.558078154845706886e-01
3.547462030215176032e-01
3.536839606767439026e-01
3.526210804279298894e-01
3.515575536934559264e-01
3.504933705468029070e-01
3.494285193140574952e-01
3.483629869124505452e-01
3.472967596364248122e-01
3.462298237859621763e-01
3.451621658260966563e-01
3.440937723206065613e-01
3.430246301171473999e-01
3.419547269918720156e-01
3.408840525257884058e-01
3.398125988093991245e-01
3.387403607345891299e-01
3.376673358887001264e-01
3.365935241903712516e-01
3.355189273926830751e-01
3.344435485485058313e-01
3.333673915526260134e-01
3.322904609008200949e-01
3.312127617628717324e-01
3.301343003463810266e-01
3.290550843982837370e-01
3.279751236388309676e-01
3.268944299834594669e-01
3.258130175433483489e-01
3.247309025211133071e-01
3.236481031645234707e-01
3.225646398924039704e-01
3.214805355986854463e-01
3.203958160247232234e-01
3.193105100127449081e-01
3.182246494394038172e-01
3.171382686941308648e-01
3.160514037078420158e-01
3.149640907174209303e-01
3.138763650990603615e-01
3.127882606322991976e-01
3.116998094224537885e-01
3.106110424429277539e-01
3.095219903840074060e-01
3.084326843645210370e-01
3.073431561721589600e-01
3.062534380019488189e-01
3.051635619819459411e-01
3.040735599050132243e-01
3.029834634346340594e-01
3.018933047116003077e-01
3.008031169713246689e-01
2.997129346814574880e-01
2.986227928822717259e-01
2.975327257636193323e-01
2.964427648633155554e-01
2.953529374625064041e-01
2.942632656982513417e-01
2.931737666364692130e-01
2.920844531724686721e-01
2.909953353242369922e-01
2.899064213956358271e-01
2.888177186362491655e-01
2.877292333132625002e-01
2.866409703764258854e-01
2.855529330218395945e-01
2.844651224149949420e-01
2.833775376831753623e-01
2.822901761290796396e-01
2.812030335288220328e-01
2.801161043839296427e-01
2.790293820769628175e-01
2.779428589801875016e-01
2.768565266321944551e-01
2.757703760961872086e-01
2.746843985476132843e-01
2.735985860417578519e-01
2.725129323284047889e-01
2.714274335470105992e-01
2.703420886641210719e-01
2.692568995914519925e-01
2.681718710181686949e-01
2.670870100678899295e-01
2.660023259272151219e-01
2.649178295791062565e-01
2.638335337251256907e-01
2.627494529142270774e-01
2.616656038330517631e-01
2.605820056696019349e-01
2.594986804434312178e-01
2.584156532046338328e-01
2.573329520353598854e-01
2.562506078341427740e-01
2.551686539137167364e-01
2.540871254846227556e-01
2.530060591206496068e-01
2.519254923010671998e-01
2.508454630987820844e-01
2.497660100357942115e-01
2.486871720696071653e-01
2.476089886229801140e-01
2.465314995463299130e-01
2.454547449223721811e-01
2.443787646867824348e-01
2.433035981200963871e-01
2.422292833250580812e-01
2.411558568055510721e-01
2.400833532051785679e-01
2.390118051813925615e-01
2.379412433358038259e-01
2.368716961257022469e-01
2.358031897354981310e-01
2.347357479459094565e-01
2.336693920603948316e-01
2.326041409235631574e-01
2.315400110183287730e-01
2.304770165943459681e-01
2.294151697790882682e-01
2.283544806465755972e-01
2.272949572461512857e-01
2.262366056079483934e-01
2.251794297420909030e-01
2.241234316433284302e-01
2.230686113133900084e-01
2.220149668186000846e-01
2.209624944057299034e-01
2.199111886957595963e-01
2.188610429609122721e-01
2.178120494699034293e-01
2.167641998684159133e-01
2.157174855545756498e-01
2.146718980167476309e-01
2.136274291187949259e-01
2.125840713389432202e-01
2.115418179832673218e-01
2.105006633987050457e-01
2.094606032026819775e-01
2.084216345316393382e-01
2.073837562959468528e-01
2.063469694174182578e-01
2.053112770228942285e-01
2.042766845713066548e-01
2.032431999013987745e-01
2.022108331997479747e-01
2.011795969009707585e-01
2.001495055423032354e-01
1.991205755999662652e-01
1.980928253355954960e-01
1.970662746753425454e-01
1.960409451340420217e-01
1.950168597831701267e-01
1.939940432476605081e-01
1.929725217067203291e-01
1.919523228710056928e-01
1.909334759144873106e-01
1.899160113529297922e-01
1.888999608778995365e-01
1.878853571697195746e-01
1.868722337188345184e-01
1.858606246805775408e-01
1.848505647730820656e-01
1.838420892091803538e-01
1.828352336351015406e-01
1.818300340400632598e-01
1.808265266034258245e-01
1.798247474601105400e-01
1.788247323859288584e-01
1.778265164268644505e-01
1.768301335132823893e-01
1.758356161075613211e-01
1.748429949294799945e-01
1.738522987887131943e-01
1.728635545324031242e-01
1.718767870931048325e-01
1.708920196050726370e-01
1.699092735483214156e-01
1.689285688824093412e-01
1.679499241430136014e-01
1.669733564902972089e-01
1.659988817137990902e-01
1.650265142101778881e-01
1.640562669550262587e-01
1.630881514880133942e-01
1.621221779244440830e-01
1.611583549972188112e-01
1.601966901253842612e-01
1.592371895002256676e-01
1.582798581788598113e-01
1.573247001775257281e-01
1.563717185619492578e-01
1.554209155374838558e-01
1.544722925457907570e-01
1.535258503763056726e-01
1.525815892990015910e-01
1.516395092207473427e-01
1.506996098620036195e-01
1.497618909456653880e-01
1.488263523859235937e-01
1.478929944644760963e-01
1.469618179826969462e-01
1.460328243820112615e-01
1.451060158297766967e-01
1.441813952723426662e-01
1.432589664610356139e-01
1.423387339586027200e-01
1.414207031344945631e-01
1.405048801559860283e-01
1.395912719806074453e-01
1.386798863529543346e-01
1.377707318069756881e-01
1.368638176733291689e-01
1.359591540903340723e-01
1.350567520165206203e-01
1.341566232427079675e-01
1.332587804014011001e-01
1.323632369716730706e-01
1.314700072775379369e-01
1.305791064782337307e-01
1.296905505489626964e-01
1.288043562512254103e-01
1.279205410922798214e-01
1.270391232743552645e-01
1.261601216348613719e-01
1.252835555798113287e-01
1.244094450131441876e-01
1.235378102648513748e-01
1.226686720208702980e-01
1.218020512566540675e-01
1.209379691759792375e-01
1.200764471549568557e-01
1.192175066906290548e-01
1.183611693524197345e-01
1.175074567344327608e-01
1.166563904066891394e-01
1.158079918639685763e-01
1.149622824716402258e-01
1.141192834091662167e-01
1.132790156126633474e-01
1.124414997187535986e-01
1.116067560120665575e-01
1.107748043784559655e-01
1.099456642654787902e-01
1.091193546506196571e-01
1.082958940170554996e-01
1.074753003359543713e-01
1.066575910538378608e-01
1.058427830836925071e-01
1.050308927985197927e-01
1.042219360265686789e-01
1.034159280479418769e-01
1.026128835924861732e-01
1.018128168392709865e-01
1.010157414178904783e-01
1.002216704118726598e-01
9.943061636425162830e-02
9.864259128547961386e-02
9.785760666353530979e-02
9.707567347629975085e-02
9.629680220603754892e-02
9.552100285597518725e-02
9.474828496873009820e-02
9.397865764640365993e-02
9.321212957193701631e-02
9.244870903123390826e-02
9.168840393570627800e-02
9.093122184471712222e-02
9.017716998777727810e-02
8.942625528636366505e-02
8.867848437556831442e-02
8.793386362587310434e-02
8.719239916558529924e-02
8.645409690429579908e-02
8.571896255777448903e-02
8.498700167448088039e-02
8.425821966362777304e-02
8.353262182444518014e-02
8.281021337614972999e-02
8.209099948790461732e-02
8.137498530805629959e-02
8.066217599194966392e-02
7.995257672773779800e-02
7.924619275979918886e-02
7.854302940962518131e-02
7.784309209412172692e-02
7.714638634160450592e-02
7.645291780568458373e-02
7.576269227745983936e-02
7.507571569631890651e-02
7.439199415959150963e-02
7.371153393129754872e-02
7.303434144998867394e-02
7.236042333577979990e-02
7.168978639634271399e-02
7.102243763180801639e-02
7.035838423837953437e-02
6.969763361051448114e-02
6.904019334154092025e-02
6.838607122264113436e-02
6.773527524025189928e-02
6.708781357188013661e-02
6.644369458054025235e-02
6.580292680793169147e-02
6.516551896659195098e-02
6.453147993127178461e-02
6.390081872972441790e-02
6.327354453310696236e-02
6.264966664621467174e-02
6.202919449766609167e-02
6.141213763008804283e-02
6.079850569048533132e-02
6.018830842068528808e-02
5.958155564797085885e-02
5.897825727581313543e-02
5.837842327471136350e-02
5.778206367308564434e-02
5.718918854819907138e-02
5.659980801705925130e-02
5.601393222731314986e-02
5.543157134813858633e-02
5.485273556106971121e-02
5.427743505086140424e-02
5.370567999637656381e-02
5.313748056154494331e-02
5.257284688643994175e-02
5.201178907851348315e-02
5.145431720403426112e-02
5.090044127981155353e-02
5.035017126516887209e-02
4.980351705427948916e-02
4.926048846886347393e-02
4.872109525124479479e-02
4.818534705785759709e-02
4.765325345312630689e-02
4.712482390378258668e-02
4.660006777362907249e-02
4.607899431867127499e-02
4.556161268271603088e-02
4.504793189334782566e-02
4.453796085830473428e-02
4.403170836220942491e-02
4.352918306370220231e-02
4.303039349286415932e-02
4.253534804899291449e-02
4.204405499865869478e-02
4.155652247406371735e-02
4.107275847162312338e-02
4.059277085081037378e-02
4.011656733321714713e-02
3.964415550180194758e-02
3.917554280033352931e-02
3.871073653301061734e-02
3.824974386423907885e-02
3.779257181857025027e-02
3.733922728079815817e-02
3.688971699618030092e-02
3.644404757083715557e-02
3.600222547229284947e-02
3.556425703015164003e-02
3.513014843695692196e-02
3.469990574918663945e-02
3.427353488840475387e-02
3.385104164257803083e-02
3.343243166754650969e-02
3.301771048862772728e-02
3.260688350238630934e-02
3.219995597850525137e-02
3.179693306181634316e-02
3.139781977439166233e-02
3.100262101777230550e-02
3.061134157523675084e-02
3.022398611414551031e-02
2.984055918831543183e-02
2.946106524044016586e-02
2.908550860447637817e-02
2.871389350804886414e-02
2.834622407482220718e-02
2.798250432683055400e-02
2.762273818675007458e-02
2.726692948012398102e-02
2.691508193749858266e-02
2.656719919650469761e-02
2.622328480383207330e-02
2.588334221714343186e-02
2.554737480689221393e-02
2.521538585805150820e-02
2.488737857176372484e-02
2.456335606691764650e-02
2.424332138162656192e-02
2.392727747464540658e-02
2.361522722671260607e-02
2.330717344182926809e-02
2.300311884846105090e-02
2.270306610070551082e-02
2.240701777937947198e-02
2.211497639307221513e-02
2.182694437914340160e-02
2.154292410468594890e-02
2.126291786743730525e-02
2.098692789665745212e-02
2.071495635397441193e-02
2.044700533419100547e-02
2.018307686606782281e-02
1.992317291306026916e-02
1.966729537404451889e-02
1.941544608400905605e-02
1.916762681471996521e-02
1.892383927535882734e-02
1.868408511314562093e-02
1.844836591393187591e-02
1.821668320276920161e-02
1.798903844447293301e-02
1.776543304414869573e-02
1.754586834771161910e-02
1.733034564238439615e-02
1.711886615718060181e-02
1.691143106337498689e-02
1.670804147496125422e-02
1.650869844909001738e-02
1.631340298650758164e-02
1.612215603198009425e-02
1.593495847470180124e-02
1.575181114870916749e-02
1.557271483328066808e-02
1.539767025333649807e-02
1.522667807982917842e-02
1.505973893013784481e-02
1.489685336845497816e-02
1.473802190617912872e-02
1.458324500230089027e-02
1.443252306379400052e-02
1.428585644601153802e-02
1.414324545307512476e-02
1.400469033827832915e-02
1.387019130448488048e-02
1.373974850453607045e-02
1.361336204166293563e-02
1.349103196989965593e-02
1.337275829450622691e-02
1.325854097239067934e-02
1.314837991254675167e-02
1.304227497648750324e-02
1.294022597868544136e-02
1.284223268702524429e-02
1.274829482325300772e-02
1.265841206343353183e-02
1.257258403841565036e-02
1.249081033429645139e-02
1.241309049289205518e-02
1.233942401221204549e-02
