8.743873908065706601e-05
3.978071483571607794e-03
6.565076393658522864e-03
1.188281867446190458e-02
1.902016796216098038e-02
2.760264436062366891e-02
3.743351040278916630e-02
4.838822013972166741e-02
6.037785988749638788e-02
7.333416005238012347e-02
8.720229652669518605e-02
1.019369344704897512e-01
1.174998111147511626e-01
1.338581371176748025e-01
1.509834759842298979e-01
1.688509242284194356e-01
1.874384920305394997e-01
2.067266237346995217e-01
2.266978193958425758e-01
2.473363314233084920e-01
2.686279183059939180e-01
2.905596425307447328e-01
3.131197032401686342e-01
3.362972965497129096e-01
3.600824981277227499e-01
3.844661638644661372e-01
4.094398453599918941e-01
4.349957176407357462e-01
4.611265170335966945e-01
4.878254875271086921e-01
5.150863342624306673e-01
5.429031830437885953e-01
5.712705449546160441e-01
6.001832853228680209e-01
6.296365964063236342e-01
6.596259732717565383e-01
6.901471924262866375e-01
7.211962928283254248e-01
7.527695589629243011e-01
7.848635057133587223e-01
8.174748648006140428e-01
8.506005725949248308e-01
8.842377591317575058e-01
9.183837381873674044e-01
9.530359982891238868e-01
9.881921945523647333e-01
1.023850141249744272e+00
1.060007805031281780e+00
1.096663298723487445e+00
1.133814875645264619e+00
1.171460924385483882e+00
1.209599963994309135e+00
1.248230639545772513e+00
1.287351718034184689e+00
1.326962084571724487e+00
1.367060738857708957e+00
1.407646791894178406e+00
1.448719462925030399e+00
1.490278076578463562e+00
1.532322060195306479e+00
1.574850941327432530e+00
1.617864345392653780e+00
1.661361993473997156e+00
1.705343700252819117e+00
1.749809372066628566e+00
1.794759005083699455e+00
1.840192683587430711e+00
1.886110578364869506e+00
1.932512945194170495e+00
1.979400123426997116e+00
2.026772534662267145e+00
2.074630681508466523e+00
2.122975146432186211e+00
2.171806590691165884e+00
2.221125753350031040e+00
2.270933450378239460e+00
2.321230573828604093e+00
2.372018091096193437e+00
2.423297044256888633e+00
2.475068549484733982e+00
2.527333796547705624e+00
2.580094048381031069e+00
2.633350640736888959e+00
2.687104981909654189e+00
2.741358552534427506e+00
2.796112905457481368e+00
2.851369665675603127e+00
2.907130530341431651e+00
2.963397268831087672e+00
3.020171722869524622e+00
3.077455806708601749e+00
3.135251507351550782e+00
3.193560884817366219e+00
3.252386072436956432e+00
3.311729277172398067e+00
3.371592779949507346e+00
3.431978935993062141e+00
3.492890175152347787e+00
3.554329002204753785e+00
3.616297997122761121e+00
3.678799815289727881e+00
3.741837187648239471e+00
3.805412920763822537e+00
3.869529896786123579e+00
3.934191073288766383e+00
3.999399482967791464e+00
4.065158233178752134e+00
4.131470505291199302e+00
4.198339553839088190e+00
4.265768705445739606e+00
4.333761357501128231e+00
4.402320976569968458e+00
4.471451096509314382e+00
4.541155316274284814e+00
4.611437297392240175e+00
4.682300761086086283e+00
4.753749485029032940e+00
4.825787299714260570e+00
4.898418084425991914e+00
4.971645762799004942e+00
5.045474297958016052e+00
5.119907687229272142e+00
5.194949956421649695e+00
5.270605153677139221e+00
5.346877342893495033e+00
5.423770596727608861e+00
5.501288989191024825e+00
5.579436587853810359e+00
5.658217445677594881e+00
5.737635592503130155e+00
5.817695026222701848e+00
5.898399703672384753e+00
5.979753531283528822e+00
6.061760355537908929e+00
6.144423953275429895e+00
6.227748021906581499e+00
6.311736169587361722e+00
6.396391905415608647e+00
6.481718629713110857e+00
6.567719624458565164e+00
6.654398043939099949e+00
6.741756905689248569e+00
6.829799081787121473e+00
6.918527290576838240e+00
7.007944088885589728e+00
7.098051864802354949e+00
7.188852831082343187e+00
7.280349019237913666e+00
7.372542274373019566e+00
7.465434250813069994e+00
7.559026408576668743e+00
7.653320010729379952e+00
7.748316121652814914e+00
7.844015606255098305e+00
7.940419130141117776e+00
8.037527160752084399e+00
8.135339969476882871e+00
8.233857634727424823e+00
8.333080045963658478e+00
8.433006908643243094e+00
8.533637750065281580e+00
8.634971926066242531e+00
8.737008628521989451e+00
8.839746893600537447e+00
8.943185610704221133e+00
9.047323532035003169e+00
9.152159282710126575e+00
9.257691371352496645e+00
9.363918201075444259e+00
9.470838080780346502e+00
9.578449236682192947e+00
9.686749823979528884e+00
9.795737938582330884e+00
9.905411628816510827e+00
1.001576890702059508e+01
1.012680776095728596e+01
1.023852616496250256e+01
1.035092209076111835e+01
1.046399351788107701e+01
1.057773844360480098e+01
1.069215489240065864e+01
1.080724092478529208e+01
1.092299464557177302e+01
1.103941421146773472e+01
1.115649783799242201e+01
1.127424380568923290e+01
1.139265046561775385e+01
1.151171624411489702e+01
1.163143964682227960e+01
1.175181926198318294e+01
1.187285376301790940e+01
1.199454191039269269e+01
1.211688255280248505e+01
1.223987462769201962e+01
1.236351716114525878e+01
1.248780926717536133e+01
1.261275014645220338e+01
1.273833908450586527e+01
1.286457544944767761e+01
1.299145868925139702e+01
1.311898832863820630e+01
1.324716396561060527e+01
1.337598526767893325e+01
1.350545196782572255e+01
1.363556386025129541e+01
1.376632079594308955e+01
1.389772267810949202e+01
1.402976945751957416e+01
1.416246112778399358e+01
1.429579772061520160e+01
1.442977930109830531e+01
1.456440596300471668e+01
1.469967782417754343e+01
1.483559502201349112e+01
1.497215770906560905e+01
1.510936604878805944e+01
1.524722021143988826e+01
1.538572037016514571e+01
1.552486669726151369e+01
1.566465936064851050e+01
1.580509852054486153e+01
1.594618432635934191e+01
1.608791691380161382e+01
1.623029640221306380e+01
1.637332289212101699e+01
1.651699646301085522e+01
1.666131717131790424e+01
1.680628504863109995e+01
1.695190010010459503e+01
1.709816230307098550e+01
1.724507160584702348e+01
1.739262792672520064e+01
1.754083115314013241e+01
1.768968114100131928e+01
1.783917771418245479e+01
1.798932066415452269e+01
1.814010974975413859e+01
1.829154469707619413e+01
1.844362519947712542e+01
1.859635091768220860e+01
1.874972147998231975e+01
1.890373648251178906e+01
1.905839548959644958e+01
1.921369803416206068e+01
1.936964361819308422e+01
1.952623171323342532e+01
1.968346176091996824e+01
1.984133317354138626e+01
1.999984533461280378e+01
2.015899759946233161e+01
2.031878929581908366e+01
2.047921972440037308e+01
2.064028815949012596e+01
2.080199384950435970e+01
2.096433601754104359e+01
2.112731386190755956e+01
2.129092655662506317e+01
2.145517325190696312e+01
2.162005307460761117e+01
2.178556512864156858e+01
2.195170849537139901e+01
2.211848223396255975e+01
2.228588538170580691e+01
2.245391695430737755e+01
2.262257594614573364e+01
2.279186133049709895e+01
2.296177205972922053e+01
2.313230706546594106e+01
2.330346525872059971e+01
2.347524553000539882e+01
2.364764674941146083e+01
2.382066776666584218e+01
2.399430741116628596e+01
2.416856449199464763e+01
2.434343779791101881e+01
2.451892609733138428e+01
2.469502813828971099e+01
2.487174264838623117e+01
2.504906833472490035e+01
2.522700388384022574e+01
2.540554796161663731e+01
2.558469921320035212e+01
2.576445626290707125e+01
2.594481771412608850e+01
2.612578214922055153e+01
2.630734812942862177e+01
2.648951419476383151e+01
2.667227886391534852e+01
2.685564063415221270e+01
2.703959798122803448e+01
2.722414935929072044e+01
2.740929320079595044e+01
2.759502791642363562e+01
2.778135189500195423e+01
2.796826350343507883e+01
2.815576108663650245e+01
2.834384296747055032e+01
2.853250744669696104e+01
2.872175280292595190e+01
2.891157729257589182e+01
2.910197914984170708e+01
2.929295658666715241e+01
2.948450779272652511e+01
2.967663093541154140e+01
2.986932415982705535e+01
3.006258558879242671e+01
3.025641332285190899e+01
3.045080544028981961e+01
3.064575999715514598e+01
3.084127502729215209e+01
3.103734854237828600e+01
3.123397853196981799e+01
3.143116296355433192e+01
3.162889978261017632e+01
3.182718691267401567e+01
3.202602225541563286e+01
3.222540369072016375e+01
3.242532907677691156e+01
3.262579625017853857e+01
3.282680302602440747e+01
3.302834719803445296e+01
3.323042653867120322e+01
3.343303879926720157e+01
3.363618171016281622e+01
3.383985298085242732e+01
3.404405030013679578e+01
3.424877133628565673e+01
3.445401373720808635e+01
3.465977513063047155e+01
3.486605312428393688e+01
3.507284530609992856e+01
3.528014924441303890e+01
3.548796248817396304e+01
3.569628256716964643e+01
3.590510699225039559e+01
3.611443325556851391e+01
3.632425883082119356e+01
3.653458117350310630e+01
3.674539772116642666e+01
3.695670589368771886e+01
3.716850309354138204e+01
3.738078670608186371e+01
3.759355409982939733e+01
3.780680262676398229e+01
3.802052962262402502e+01
3.823473240720988997e+01
3.844940828469285066e+01
3.866455454392698243e+01
3.888016845876641980e+01
3.909624728838299745e+01
3.931278827758797689e+01
3.952978865715556367e+01
3.974724564414498218e+01
3.996515644222537134e+01
4.018351824199726963e+01
4.040232822131502388e+01
4.062158354560316553e+01
4.084128136817260213e+01
4.106141883053086161e+01
4.128199306268554380e+01
4.150300118344308942e+01
4.172444030069920728e+01
4.194630751172026351e+01
4.216859990341524167e+01
4.239131455259743575e+01
4.261444852623376534e+01
4.283799888168232428e+01
4.306196266691521402e+01
4.328633692072761363e+01
4.351111867293146673e+01
4.373630494453382056e+01
4.396189274789695389e+01
4.418787908688099719e+01
4.441426095697072896e+01
4.464103534538129736e+01
4.486819923114542519e+01
4.509574958518173560e+01
4.532368337034390748e+01
4.555199754144730662e+01
4.578068904527805216e+01
4.600975482058109378e+01
4.623919179802680901e+01
4.646899690015921891e+01
4.669916704132388219e+01
4.692969912757552464e+01
4.716059005656598657e+01
4.739183671741603376e+01
4.762343599056581667e+01
4.785538474760858918e+01
4.808767985110886656e+01
4.832031815440261369e+01
4.855329650138209985e+01
4.878661172626845399e+01
4.902026065336684013e+01
4.925424009681102433e+01
4.948854686029765304e+01
4.972317773680601505e+01
4.995812950831133747e+01
5.019339894548825498e+01
5.042898280740566719e+01
5.066487784121694915e+01
5.090108078184363904e+01
5.113758835165392469e+01
5.137439726013990793e+01
5.161150420359120972e+01
5.184890586476695518e+01
5.208659891256935026e+01
5.232458000171701684e+01
5.256284577242094258e+01
5.280139285006205796e+01
5.304021784487692059e+01
5.327931735164298033e+01
5.351868794937496432e+01
5.375832620102627857e+01
5.399822865319823961e+01
5.423839183586105150e+01
5.447881226208160399e+01
5.471948642776582972e+01
5.496041081141223117e+01
5.520158187387745841e+01
5.544299605815837850e+01
5.568464978918808583e+01
5.592653947364784983e+01
5.616866149979907874e+01
5.641101223732913184e+01
5.665358803722025982e+01
5.689638523163592509e+01
5.713940013383120231e+01
5.738262903808149673e+01
5.762606821963715475e+01
5.786971393470084024e+01
5.811356242042874243e+01
5.835760989495940976e+01
5.860185255746581134e+01
5.884628658823708491e+01
5.909090814878673115e+01
5.933571338198756706e+01
5.958069841223866092e+01
5.982585934565818775e+01
6.007119227030705133e+01
6.031669325644077162e+01
6.056235835679562740e+01
6.080818360689584523e+01
6.105416502539734580e+01
6.130029861445816408e+01
6.154658036013573508e+01
6.179300623281245919e+01
6.203957218764857373e+01
6.228627416505921133e+01
6.253310809121508385e+01
6.278006987856792875e+01
6.302715542639196400e+01
6.327436062134842132e+01
6.352168133806328854e+01
6.376911343971885060e+01
6.401665277865822645e+01
6.426429519699620130e+01
6.451203652723522453e+01
6.475987259288375242e+01
6.500779920907380927e+01
6.525581218317283572e+01
6.550390731538495004e+01
6.575208039934453552e+01
6.600032722269028795e+01
6.624864356762070372e+01
6.649702521142624789e+01
6.674546792699548803e+01
6.699396748328881301e+01
6.724251964577987906e+01
6.749112017685892795e+01
6.773976483619713918e+01
6.798844938106515201e+01
6.823716956660997823e+01
6.848592114607882309e+01
6.873469987099899470e+01
6.898350149129855424e+01
6.923232175538210242e+01
6.948115641014865673e+01
6.973000120095288423e+01
6.997885187151818798e+01
7.022770416379051994e+01
7.047655381774323757e+01
7.072539657112596956e+01
7.097422815916624472e+01
7.122304431422297455e+01
7.147184076539348041e+01
7.172061323807662347e+01
7.196935745350069169e+01
7.221806912821010371e+01
7.246674397352306585e+01
7.271537769496372050e+01
7.296396599166665453e+01
7.321250455576414140e+01
7.346098907176278203e+01
7.370941521590724221e+01
7.395777865554288155e+01
7.420607504848015878e+01
7.445430004236301613e+01
7.470244927405157398e+01
7.495051836902082698e+01
7.519850294077978958e+01
7.544639859031703111e+01
7.569420090557984793e+01
7.594190546098067784e+01
7.618950781695033925e+01
7.643700351952945482e+01
7.668438810000202466e+01
7.693165707458207692e+01
7.717880594414867801e+01
7.742583019403143396e+01
7.767272529385081725e+01
7.791948669741491074e+01
7.816610984266938544e+01
7.841259015170480495e+01
7.865892303081950843e+01
7.890510387063957864e+01
7.915112804629295340e+01
7.939699091763814920e+01
7.964268782954862047e+01
7.988821411224768099e+01
8.013356508169684389e+01
8.037873604003465289e+01
8.062372227606385877e+01
8.086851906578982607e+01
8.111312167300694398e+01
8.135752534992765561e+01
8.160172533786899862e+01
8.184571686797649193e+01
8.208949516200162577e+01
8.233305543312950192e+01
8.257639288685321333e+01
8.281950272190326245e+01
8.306238013123073927e+01
8.330502030304910477e+01
8.354741842193480750e+01
8.378956966999562894e+01
8.403146922810785213e+01
8.427311227722513820e+01
8.451449399976864640e+01
8.475560958110364140e+01
8.499645421110609789e+01
8.523702308582471687e+01
8.547731140925483828e+01
8.571731439521178686e+01
8.595702726933529902e+01
8.619644527120814814e+01
8.643556365661245877e+01
8.667437769992265828e+01
8.691288269664012489e+01
8.715107396608115664e+01
8.738894685421668385e+01
8.762649673666879835e+01
8.786371902187127603e+01
8.810060915438974405e+01
8.833716261840355344e+01
8.857337494134823430e+01
8.880924169771489574e+01
8.904475851299675071e+01
8.927992106777838899e+01
8.951472510195225141e+01
8.974916641905278425e+01
8.998324089068110254e+01
9.021694446101099629e+01
9.045027315133576451e+01
9.068322306464176563e+01
9.091579039016110642e+01
9.114797140787554497e+01
9.137976249292110253e+01
9.161116011985659213e+01
9.184216086673434631e+01
9.207276141892701560e+01
9.230295857265157622e+01
9.253274923812963948e+01
9.276213044231705851e+01
9.299109933115065019e+01
9.321965317123699890e+01
9.344778935092709560e+01
9.367550538070638311e+01
9.390279889285616832e+01
9.412966764031561695e+01
9.435610949470108721e+01
9.458212244344004205e+01
9.480770458597892514e+01
9.503285412903902341e+01
9.525756938089762116e+01
9.548184874468530836e+01
9.570569071070181622e+01
9.592909384775624915e+01
9.615205679355824486e+01
9.637457824418753205e+01
9.659665694269456537e+01
9.681829166687445820e+01
9.703948121628948797e+01
9.726022439861169744e+01
9.748052001536527200e+01
9.770036684717321407e+01
9.791976363858952936e+01
9.813870908264382820e+01
9.835720180519764710e+01
9.857524034923562795e+01
9.879282315920710289e+01
9.900994856554854096e+01
9.922661476950635517e+01
9.944281982838406009e+01
9.965856164134129358e+01
9.987383793586367631e+01
1.000886462550214162e+02
1.003029839456344234e+02
1.005168481474456712e+02
1.007302357834108193e+02
1.009431435511942396e+02
1.011555679159603898e+02
1.013675051045273676e+02
1.015789511009634367e+02
1.017899016436603006e+02
1.020003522239367300e+02
1.022102980862007797e+02
1.024197342296748587e+02
1.026286554116931171e+02
1.028370561525517957e+02
1.030449307418892744e+02
1.032522732465394455e+02
1.034590775198178676e+02
1.036653372121508880e+02
1.038710457829752016e+02
1.040761965137978109e+02
1.042807825223092948e+02
1.044847967774246058e+02
1.046882321151151700e+02
1.048910812548926828e+02
1.050933368167883373e+02
1.052949913386714229e+02
1.054960372937515132e+02
1.056964671080943958e+02
1.058962731779986370e+02
1.060954478870699518e+02
1.062939836228520534e+02
1.064918727928569950e+02
1.066891078398888624e+02
1.068856812565216785e+02
1.070815855986499656e+02
1.072768134980123875e+02
1.074713576736356515e+02
1.076652109421353458e+02
1.078583662268503218e+02
1.080508165657792574e+02
1.082425551183152663e+02
1.084335751707885152e+02
1.086238701408060621e+02
1.088134335804250554e+02
1.090022591781621912e+02
1.091903407598630480e+02
1.093776722884581289e+02
1.095642478626135556e+02
1.097500617143167432e+02
1.099351082054103301e+02
1.101193818231147361e+02
1.103028771745721173e+02
1.104855889804674405e+02
1.106675120677833064e+02
1.108486413617599595e+02
1.110289718771589520e+02
1.112084987089218941e+02
1.113872170223464764e+02
1.115651220429145241e+02
1.117422090459053408e+02
1.119184733459451309e+02
1.120939102866427532e+02
1.122685152304707970e+02
1.124422835490284172e+02
1.126152106138437006e+02
1.127872917878356702e+02
1.129585224175543061e+02
1.131288978263154092e+02
1.132984133082957499e+02
1.134670641236734383e+02
1.136348454948440576e+02
1.138017526037563982e+02
1.139677805903624375e+02
1.141329245521808815e+02
1.142971795449383023e+02
1.144605405842539483e+02
1.146230026482978843e+02
1.147845606813607588e+02
1.149452095982404813e+02
1.151049442893604180e+02
1.152637596265065127e+02
1.154216504690797649e+02
1.155786116707422906e+02
1.157346380863390323e+02
1.158897245789805055e+02
1.160438660271597371e+02
1.161970573318032507e+02
1.163492934231511953e+02
1.165005692673751980e+02
1.166508798728768284e+02
1.168002202962058362e+02
1.169485856475879046e+02
1.170959710960619020e+02
1.172423718742545304e+02
1.173877832828585355e+02
1.175322006948812259e+02
1.176756195597584167e+02
1.178180354074332570e+02
1.179594438524794100e+02
1.180998405983427944e+02
1.182392214417496206e+02
1.183775822772659438e+02
1.185149191019750816e+02
1.186512280201760206e+02
1.187865052479663177e+02
1.189207471175377009e+02
1.190539500810084661e+02
1.191861107136104465e+02
1.193172257160921532e+02
1.194472919162663516e+02
1.195763062696879615e+02
1.197042658595961768e+02
1.198311678963078464e+02
1.199570097163908713e+02
1.200817887819992649e+02
1.202055026808066600e+02
1.203281491269549974e+02
1.204497259633850632e+02
1.205702311657802994e+02
1.206896628482093945e+02
1.208080192703087334e+02
1.209252988456620557e+02
1.210415001507740698e+02
1.211566219338709089e+02
1.212706631226193821e+02
1.213836228297717668e+02
1.214955003557921316e+02
1.216062951875762224e+02
1.217160069925954957e+02
1.218246356079790473e+02
1.219321810243608724e+02
1.220386433645670650e+02
1.221440228575115157e+02
1.222483198079151094e+02
1.223515345626487800e+02
1.224536674746767915e+02
1.225547188656502584e+02
1.226546889882433788e+02
1.227535779893168097e+02
1.228513858749186767e+02
1.229481124780391639e+02
1.230437574298946686e+02
1.231383201353557126e+02
1.232317997529741405e+02
1.233241951798764120e+02
1.234155050416384114e+02
1.235057276871088305e+02
1.235948611880311176e+02
1.236829033432239129e+02
1.237698516870151337e+02
1.238557035015919894e+02
1.239404558328751307e+02
1.240241055095189893e+02
1.241066491645913743e+02
1.241880832594385424e+02
1.242684041092137619e+02
1.243476079094525915e+02
1.244256907630579008e+02
1.245026487069589223e+02
1.245784777376823911e+02
1.246531738350001604e+02
1.247267329827997600e+02
1.247991511863396852e+02
1.248704244850722631e+02
1.249405489603982744e+02
1.250095207378781907e+02
1.250773359837765497e+02
1.251439908961962573e+02
1.252094816915343642e+02
1.252738045874955759e+02
1.253369557843952720e+02
1.253989314469296943e+02
1.254597276888461295e+02
1.255193405630865300e+02
1.255777660597771757e+02
1.256350001139750674e+02
1.256910386242729629e+02
1.257458774822568159e+02
1.257995126114718119e+02
1.258519400131259971e+02
1.259031558144169622e+02
1.259531563143349899e+02
1.260019380212762172e+02
1.260494976770188487e+02
1.260958322626558754e+02
1.261409389839798934e+02
1.261848152364764388e+02
1.262274585532244231e+02
1.262688665422647034e+02
1.263090368228831579e+02
1.263479669721840111e+02
1.263856544938730053e+02
1.264220968199359447e+02
1.264572913527837272e+02
1.264912355507592707e+02
1.265239270541699312e+02
1.265553638431513974e+02
1.265855444136410455e+02
1.266144679544483580e+02
1.266421345074489722e+02
1.266685450944722504e+02
1.266937017981302205e+02
1.267176077889684223e+02
1.267402672969010524e+02
1.267616855300050673e+02
1.267818685476917011e+02
1.268008230976374762e+02
1.268185564267048591e+02
1.268350760757431459e+02
1.268503896671333848e+02
1.268645046927609599e+02
1.268774283092689501e+02
1.268891671470326514e+02
1.268997271393503183e+02
1.269091133783994536e+02
1.269173300040471020e+02
1.269243801300525973e+02
1.269302658093084943e+02
1.269349880357965077e+02
1.269385467767028359e+02
1.269409410250626564e+02
1.269421688625184572e+02
1.269422275240795841e+02
1.269411134614355774e+02
1.269388224068851514e+02
1.269353494437806518e+02
1.269306890897306346e+02
1.269248353952072108e+02
1.269177820541812594e+02
1.269095225179624862e+02
1.269000501014882474e+02
1.268893580741923728e+02
1.268774397340690712e+02
1.268642884702119886e+02
1.268498978223074403e+02
1.268342615431166394e+02
1.268173736627400672e+02
1.267992285446329674e+02
1.267798209172645443e+02
1.267591458647441129e+02
1.267371987651072658e+02
1.267139751738756672e+02
1.266894706594144822e+02
1.266636806024767452e+02
1.266365999738740413e+02
1.266082231027134100e+02
1.265785434456535228e+02
1.265475533682323999e+02
1.265152439541367926e+02
1.264816048665972232e+02
1.264466242945851064e+02
1.264102890199863793e+02
1.263725846356315259e+02
1.263334959257510803e+02
1.262930073924059258e+02
1.262511038805193522e+02
1.262077712291952878e+02
1.261629968653373197e+02
1.261167702588737285e+02
1.260690831729003065e+02
1.260199296594581568e+02
1.259693057689166125e+02
1.259172089622592097e+02
1.258636372518300561e+02
1.258085881554900141e+02
1.257520576253323554e+02
1.256940391792714422e+02
1.256345234840417362e+02
1.255734985819481011e+02
1.255109508196800618e+02
1.254468663608366796e+02
1.253812330042187284e+02
1.253140419467121518e+02
1.252452891550085781e+02
1.251749761352859025e+02
1.251031100662730182e+02
1.250297034216925027e+02
1.249547732953605532e+02
1.248783406341488131e+02
1.248004295033034055e+02
1.247210664086095875e+02
1.246402796341851342e+02
1.245580985476206308e+02
1.244745528604237563e+02
1.243896718699137551e+02
1.243034837109373427e+02
1.242160146053706882e+02
1.241272880477666689e+02
1.240373238624396635e+02
1.239461371509265177e+02
1.238537373059794504e+02
1.237601274219908305e+02
1.236653044699562258e+02
1.235692604419106857e+02
1.234719843076473182e+02
1.233734641865985395e+02
1.232736888376214637e+02
1.231726476444690235e+02
1.230703288505534516e+02
1.229667167476898868e+02
1.228617894115335929e+02
1.227555187926496387e+02
1.226478741126464769e+02
1.225388277883926378e+02
1.224283614173894676e+02
1.223164688389021109e+02
1.222031545102236691e+02
1.220884278685385169e+02
1.219722965563432382e+02
1.218547619802889699e+02
1.217358192715310850e+02
1.216154612062638307e+02
1.214936835302716389e+02
1.213704885484741141e+02
1.212458849619827106e+02
1.211198840117161240e+02
1.209924938521704973e+02
1.208637148055120747e+02
1.207335375363141026e+02
1.206019447761181311e+02
1.204689158035792076e+02
1.203344319603550332e+02
1.201984811632937777e+02
1.200610596251296158e+02
1.199221698344604619e+02
1.197818151841649552e+02
1.196399930339765803e+02
1.194966887564093128e+02
1.193518730005554715e+02
1.192055031986489837e+02
1.190575288644925820e+02
1.189078989960300419e+02
1.187565690034084014e+02
1.186035041505528795e+02
1.184486771709624264e+02
1.182920602739872606e+02
1.181336156456578834e+02
1.179732910760344993e+02
1.178110254266740924e+02
1.176467622911660698e+02
1.174804638647937480e+02
1.173121162658646597e+02
1.171417234967360912e+02
1.169692950677664811e+02
1.167948357262516907e+02
1.166183429012746586e+02
1.164398119969331873e+02
1.162592460374820007e+02
1.160766655459853780e+02
1.158921153496106768e+02
1.157056661723435553e+02
1.155174107104158594e+02
1.153274561856473923e+02
1.151359165708512364e+02
1.149429066936418025e+02
1.147485383215305887e+02
1.145529172245499012e+02
1.143561408165990230e+02
1.141582970052682526e+02
1.139594648357622049e+02
1.137597164602313597e+02
1.135591191386505301e+02
1.133577360773000038e+02
1.131556255030582889e+02
1.129528379906689537e+02
1.127494128627043182e+02
1.125453752930162210e+02
1.123407354571002372e+02
1.121354891928714750e+02
1.119296179655417518e+02
1.117230870170132278e+02
1.115158439193031654e+02
1.113078212561165969e+02
1.110989440657377827e+02
1.108891378359240605e+02
1.106783316433634354e+02
1.104664545218377896e+02
1.102534273643904754e+02
1.100391549708377710e+02
1.098235243876159188e+02
1.096064164660599403e+02
1.093877337171057746e+02
1.091674366471117565e+02
1.089455691530595232e+02
1.087222541123375379e+02
1.084976580123213807e+02
1.082719449972038603e+02
1.080452458812691958e+02
1.078176527049089799e+02
1.075892311353111666e+02
1.073600376840377493e+02
1.071301349004711483e+02
1.068996032462288923e+02
1.066685467888511454e+02
1.064370858943135829e+02
1.062053324341876248e+02
1.059733543730663285e+02
1.057411493677866190e+02
1.055086478449921401e+02
1.052757483532676730e+02
1.050423628239225025e+02
1.048084393370528886e+02
1.045739469579642247e+02
1.043388373612836943e+02
1.041030138382790824e+02
1.038663269583501574e+02
1.036285920487597707e+02
1.033896106282660554e+02
1.031491833608380233e+02
1.029071147346413539e+02
1.026632169212310117e+02
1.024173181546542963e+02
1.021692726503322319e+02
1.019189632225877347e+02
1.016662935437486937e+02
1.014111818805147180e+02
1.011535747401705123e+02
1.008934837093991774e+02
1.006310228299981873e+02
1.003664145763488449e+02
1.000999531677066727e+02
9.983194650799795511e+01
9.956267125839599430e+01
9.929235966130231361e+01
9.902121242999383810e+01
9.874942188046237845e+01
9.847719232485927421e+01
9.820474680076675611e+01
9.793231071553697120e+01
9.766007756773855419e+01
9.738818666726736240e+01
9.711674638451083297e+01
9.684589718679687564e+01
9.657585811141007071e+01
9.630690049583202494e+01
9.603925837889937611e+01
9.577305023610188073e+01
9.550827572557456335e+01
9.524487315456883607e+01
9.498276775303941122e+01
9.472186849103772488e+01
9.446203989725547956e+01
9.420309774132716996e+01
9.394483434464531513e+01
9.368703748454889535e+01
9.342948262192962261e+01
9.317192292331196768e+01
9.291410898113339556e+01
9.265583060409845473e+01
9.239694165830863426e+01
9.213734614294739345e+01
9.187696534948459259e+01
9.161572239720676691e+01
9.135355813879296250e+01
9.109046008410663831e+01
9.082647572715112005e+01
9.056169968296332229e+01
9.029625005518414582e+01
9.003025639040230033e+01
8.976386274856365333e+01
8.949722811021042901e+01
8.923051066199226966e+01
8.896385006279935226e+01
8.869737782107858948e+01
8.843126255947072423e+01
8.816575168598583900e+01
8.790115555406231351e+01
8.763776323202468177e+01
8.737574561296086983e+01
8.711512371251896525e+01
8.685582964935788652e+01
8.659780964819786675e+01
8.634108534879729291e+01
8.608573122288896684e+01
8.583180091617148832e+01
8.557927293832393900e+01
8.532805403773427599e+01
8.507801379580399725e+01
8.482899496517077864e+01
8.458077985767145890e+01
8.433305171676006751e+01
8.408540504993685261e+01
8.383741411713090486e+01
8.358871327392294859e+01
8.333903254257323567e+01
8.308817167405813109e+01
8.283594444220572939e+01
8.258214053240590147e+01
8.232652881422799851e+01
8.206888955056815860e+01
8.180904574246820005e+01
8.154687484196732328e+01
8.128230489124514691e+01
8.101531083952012580e+01
8.074592005097294134e+01
8.047422244083371368e+01
8.020037527551956202e+01
7.992459794728419809e+01
7.964715893702995686e+01
7.936835875327911083e+01
7.908851129150174586e+01
7.880792765138062350e+01
7.852691090087212444e+01
7.824576952320738599e+01
7.796484414628044135e+01
7.768452354389229697e+01
7.740522328466680335e+01
7.712732737475808165e+01
7.685113133241280536e+01
7.657683414512669628e+01
7.630458807351666906e+01
7.603456098660356588e+01
7.576695155194295239e+01
7.550194298927725356e+01
7.523964264983669636e+01
7.498006850183772087e+01
7.472319515303273363e+01
7.446901199024860318e+01
7.421753477074892658e+01
7.396875767324121398e+01
7.372258755545320241e+01
7.347881446216739221e+01
7.323713730864204763e+01
7.299721952697174743e+01
7.275873414887226431e+01
7.252137670890850529e+01
7.228485394347448789e+01
7.204886981736541429e+01
7.181312205752156785e+01
7.157730734118602811e+01
7.134112756136107691e+01
7.110429455481204286e+01
7.086653660857514581e+01
7.062760955848665390e+01
7.038731043334921367e+01
7.014548892413408510e+01
6.990205401605440727e+01
6.965697683632144788e+01
6.941029188295176766e+01
6.916209578488999909e+01
6.891253827699122780e+01
6.866180034380417396e+01
6.841006375168845466e+01
6.815748876101754661e+01
6.790421819686456217e+01
6.765040826246797678e+01
6.739626156538521684e+01
6.714203021640335578e+01
6.688797882270492323e+01
6.663433301921236307e+01
6.638125624069769515e+01
6.612887643118156689e+01
6.587734098506302871e+01
6.562685183862623717e+01
6.537764882273499722e+01
6.512995362617668604e+01
6.488391883014941186e+01
6.463961989424522869e+01
6.439709215515493668e+01
6.415638206661689935e+01
6.391757686579098419e+01
6.368079852283437248e+01
6.344617472813776260e+01
6.321381066581665920e+01
6.298377642297285917e+01
6.275610857350062588e+01
6.253081537996919792e+01
6.230787731563442833e+01
6.208724183096812510e+01
6.186881601653756491e+01
6.165246143078122287e+01
6.143799400789396969e+01
6.122518968330664535e+01
6.101379336772962603e+01
6.080352710088914847e+01
6.059409474931704409e+01
6.038518426486575663e+01
6.017647054624813308e+01
5.996762044553751991e+01
5.975829842886864895e+01
5.954817039060526440e+01
5.933690556627924906e+01
5.912418020622768466e+01
5.890968767657014382e+01
5.869315580735493398e+01
5.847436585685758814e+01
5.825316390785724963e+01
5.802945890235779558e+01
5.780321016060695882e+01
5.757441433973983891e+01
5.734310111618567873e+01
5.710933848898661580e+01
5.687323952633612123e+01
5.663496084506183337e+01
5.639469089905914956e+01
5.615263616746032227e+01
5.590901567881267198e+01
5.566406598895084556e+01
5.541804747793695185e+01
5.517124013131289217e+01
5.492392636985958632e+01
5.467637125713824986e+01
5.442881387797072534e+01
5.418147417462253657e+01
5.393456628406222819e+01
5.368830508077606822e+01
5.344290051526281360e+01
5.319854600936579914e+01
5.295541184323187167e+01
5.271364917641994197e+01
5.247340102564956510e+01
5.223481126421018672e+01
5.199802494115587592e+01
5.176318011681685505e+01
5.153039722473976525e+01
5.129977277796099600e+01
5.107138050243855787e+01
5.084527826516167437e+01
5.062151662285385356e+01
5.040014502827928311e+01
5.018121346193218812e+01
4.996476924513491724e+01
4.975085040059607167e+01
4.953947786358332195e+01
4.933064896199885396e+01
4.912433393028502593e+01
4.892047608882077014e+01
4.871899515101702605e+01
4.851979232143730059e+01
4.832275557341181838e+01
4.812776363450560524e+01
4.793468765073195925e+01
4.774339032166009389e+01
4.755372354632589804e+01
4.736552688473841499e+01
4.717862949949633133e+01
4.699285688243021752e+01
4.680804079179761601e+01
4.662402799121533548e+01
4.644068273851772943e+01
4.625788065009346894e+01
4.607549645651596393e+01
4.589339226756170831e+01
4.571141334032719072e+01
4.552939432313078782e+01
4.534717283815923849e+01
4.516460292272950738e+01
4.498156110810277397e+01
4.479794266817284409e+01
4.461365175488781176e+01
4.442859269269965239e+01
4.424266831987201698e+01
4.405578603355643708e+01
4.386786685058134339e+01
4.367885098007119637e+01
4.348869607430697926e+01
4.329736928670519092e+01
4.310483804221690463e+01
4.291106478925339474e+01
4.271600822916943230e+01
4.251962973672440427e+01
4.232190121544020656e+01
4.212281061523923142e+01
4.192236331581629116e+01
4.172058002850268110e+01
4.151749329125231469e+01
4.131314447542346358e+01
4.110758206169874995e+01
4.090086083614107082e+01
4.069304130251185825e+01
4.048418894965377746e+01
4.027437351487591144e+01
4.006366857802027681e+01
3.985215164967499391e+01
3.963990464819605819e+01
3.942701455159757984e+01
3.921357407988526944e+01
3.899968234819157686e+01
3.878544540996448120e+01
3.857097652748409189e+01
3.835639599355997120e+01
3.814183043979787158e+01
3.792741173241545738e+01
3.771327565559304418e+01
3.749956055018989076e+01
3.728640594719544765e+01
3.707395111323594961e+01
3.686233340922940727e+01
3.665168648223311010e+01
3.644213850116562270e+01
3.623381078664329635e+01
3.602681716223647612e+01
3.582126413788225250e+01
3.561725170377246741e+01
3.541487421902005650e+01
3.521422077688067986e+01
3.501537459072489611e+01
3.481841132577037712e+01
3.462339674725337346e+01
3.443038436778931555e+01
3.423941380280272284e+01
3.405051025774776008e+01
3.386368510217337757e+01
3.367893706123766862e+01
3.349625338760372983e+01
3.331561054543313105e+01
3.313697433897512923e+01
3.296029981539563636e+01
3.278553143155331639e+01
3.261260380671716064e+01
3.244144300093290667e+01
3.227196791468109183e+01
3.210409133200781895e+01
3.193772038277702308e+01
3.177275661689938957e+01
3.160909618724339509e+01
3.144663062360856998e+01
3.128524835316145669e+01
3.112483669262091368e+01
3.096528377453679326e+01
3.080647992817234382e+01
3.064831836229046402e+01
3.049069538227256970e+01
3.033351059061558885e+01
3.017666745869863121e+01
3.002007437504267884e+01
2.986364594137011252e+01
2.970730408224408592e+01
2.955097855351764480e+01
2.939460665671522932e+01
2.923813227520740199e+01
2.908150459979346181e+01
2.892467700201567737e+01
2.876760642019435110e+01
2.861025340352039592e+01
2.845258271538674322e+01
2.829456422351125156e+01
2.813617375106338159e+01
2.797739362409121711e+01
2.781821278029305944e+01
2.765862644447491547e+01
2.749863548083049736e+01
2.733824558042298136e+01
2.717746643797768868e+01
2.701631103503394371e+01
2.685479509926246777e+01
2.669293676806201532e+01
2.653075645403309224e+01
2.636827688886448939e+01
2.620552330634780347e+01
2.604252371181611991e+01
2.587930917426896116e+01
2.571591407139201024e+01
2.555237622049762791e+01
2.538873684352988391e+01
2.522504034251501892e+01
2.506133389981096116e+01
2.489766695746646263e+01
2.473409066144462187e+01
2.457065736939063427e+01
2.440742030905578375e+01
2.424443343909196713e+01
2.408175151247348111e+01
2.391943028826752027e+01
2.375752679426367919e+01
2.359609952267214439e+01
2.343520844926980118e+01
2.327491480130881740e+01
2.311528055309787888e+01
2.295636768807079164e+01
2.279823731864254199e+01
2.264094878785034837e+01
2.248455888143080017e+01
2.232912125362880573e+01
2.217468612010559070e+01
2.202130020904450802e+01
2.186900690316148399e+01
2.171784646657799911e+01
2.156785624190528949e+01
2.141907072618943175e+01
2.127152148188505265e+01
2.112523689593128040e+01
2.098024184910221734e+01
2.083655738498326215e+01
2.069420046648112432e+01
2.055318388019349740e+01
2.041351630561345232e+01
2.027520252148838509e+01
2.013824368935886966e+01
2.000263764299167590e+01
1.986837912335812106e+01
1.973545992627711598e+01
1.960386896369594467e+01
1.947359226896324458e+01
1.934461299327128714e+01
1.921691144148257280e+01
1.909046518271454929e+01
1.896524924997753203e+01
1.884123642100633589e+01
1.871839755544044337e+01
1.859670195545396965e+01
1.847611771833076588e+01
1.835661205807942764e+01
1.823815158508650924e+01
1.812070254393765367e+01
1.800423101692358685e+01
1.788870310320244528e+01
1.777408508177355628e+01
1.766034356220837154e+01
1.754744562275920572e+01
1.743535893283061000e+01
1.732405185666829794e+01
1.721349353721938513e+01
1.710365396235546243e+01
1.699450401863241211e+01
1.688601553932621613e+01
1.677816135309169709e+01
1.667091533742185305e+01
1.656425247792370925e+01
1.645814893129549006e+01
1.635258208771692168e+01
1.624753062765892508e+01
1.614297456888509785e+01
1.603889530120881801e+01
1.593527560869092596e+01
1.583209968075534313e+01
1.572935311468557451e+01
1.562702291201762250e+01
1.552509747061418466e+01
1.542356657307004397e+01
1.532242137097420986e+01
1.522165436380610259e+01
1.512125937106201512e+01
1.502123149660176615e+01
1.492156708501475215e+01
1.482226367077215201e+01
1.472331992178854065e+01
1.462473557954229442e+01
1.452651139800534708e+01
1.442864908332212259e+01
1.433115123557618276e+01
1.423402129326538912e+01
1.413726348044473546e+01
1.404088275602754443e+01
1.394488476451467918e+01
1.384927578745765331e+01
1.375406269517138114e+01
1.365925289852576263e+01
1.356485430095787414e+01
1.347087525109087025e+01
1.337732449648407318e+01
1.328421113906100004e+01
1.319154459268890101e+01
1.309933454323879864e+01
1.300759091128589695e+01
1.291632381742764224e+01
1.282554355004153557e+01
1.273526053516759227e+01
1.264548530811056004e+01
1.255622848629280064e+01
1.246750074287149346e+01
1.237931278065211416e+01
1.229167530588735247e+01
1.220459900164519418e+01
1.211809450055710258e+01
1.203217235690687659e+01
1.194684301818039529e+01
1.186211679635330007e+01
1.177800383932890504e+01
1.169451410303503991e+01
1.161165732474229628e+01
1.152944299815918150e+01
1.144788035080097188e+01
1.136697832402245822e+01
1.128674555595967810e+01
1.120719036746223196e+01
1.112832075093752238e+01
1.105014436187937754e+01
1.097266851274324750e+01
1.089590016876104528e+01
1.081984594526514343e+01
1.074451210611799468e+01
1.066990456290162470e+01
1.059602887461306686e+01
1.052289024771248904e+01
1.045049353647130985e+01
1.037884324365771249e+01
1.030794352166476635e+01
1.023779817422740024e+01
1.016841065888756290e+01
1.009978409035516478e+01
1.003192124488064962e+01
9.964824565705644233e+00
9.898496169608300477e+00
9.832937854504136155e+00
9.768151108017358197e+00
9.704137116899980597e+00
9.640896777151244379e+00
9.578430704677831642e+00
9.516739246334987357e+00
9.455822491199111113e+00
9.395680281938297185e+00
9.336312226171878947e+00
9.277717707731289565e+00
9.219895897760910231e+00
9.162845765618078175e+00
9.106566089552638132e+00
9.051055467158244383e+00
8.996312325602799476e+00
8.942334931649980945e+00
8.889121401487606988e+00
8.836669710381398701e+00
8.784977702167584113e+00
8.734043098597306098e+00
8.683863508538308906e+00
8.634436437035686751e+00
8.585759294226841476e+00
8.537829404101231034e+00
8.490644013089665876e+00
8.444200298466061128e+00
8.398495376539873547e+00
8.353526310617601425e+00
8.309290118709576234e+00
8.265783780961806215e+00
8.223004246790756255e+00
8.180948441704769536e+00
8.139613273796715731e+00
8.098995639897822230e+00
8.059092431384680566e+00
8.019900539637411896e+00
7.981416861148917796e+00
7.943638302289963704e+00
7.906561783737026339e+00
7.870184244573233734e+00
7.834502646074849252e+00
7.799513975195818460e+00
7.765215247766419360e+00
7.731603511419665509e+00
7.698675848261432364e+00
7.666429377298077164e+00
7.634861256635454119e+00
7.603968685461941490e+00
7.573748905826416689e+00
7.544199204221535560e+00
7.515316912980643416e+00
7.487099411496028090e+00
7.459544127264484459e+00
7.432648536765418257e+00
7.406410166176515375e+00
7.380826591929793068e+00
7.355895441112678235e+00
7.331614391716559709e+00
7.307981172736344178e+00
7.284993564124468080e+00
7.262649396602949281e+00
7.240946551337708037e+00
7.219882959478875151e+00
7.199456601573393399e+00
7.179665506853725176e+00
7.160507752410195437e+00
7.141981462251602686e+00
7.124084806262879432e+00
7.106815999065100087e+00
7.090173298786290879e+00
7.074155005750503378e+00
7.058759461093104370e+00
7.043985045309056225e+00
7.029830176744167325e+00
7.016293310034798836e+00
7.003372934505780911e+00
6.991067572532523755e+00
6.979375777876031250e+00
6.968296133997204045e+00
6.957827252357871473e+00
6.947967770714935654e+00
6.938716351414734973e+00
6.930071679693291742e+00
6.922032461988726126e+00
6.914597424271874182e+00
6.907765310400334258e+00
6.901534880501203340e+00
6.895904909388590909e+00
6.890874185019367992e+00
6.886441506993256745e+00
6.882605685101649939e+00
6.879365537928802787e+00
6.876719891510703064e+00
6.874667578055627004e+00
6.873207434729819987e+00
6.872338302512882358e+00
6.872059025126511678e+00
6.872368448039801514e+00
6.873265417555038503e+00
6.874748779977367441e+00
6.876817380870718033e+00
6.879470064404184626e+00
