7.932885777783698104e-04
6.617868692070960276e-03
9.635667063222825082e-03
1.486877046154176478e-02
2.183158347290630255e-02
3.024821051403620356e-02
3.994109539106346918e-02
5.078548258044886243e-02
6.268817366433061811e-02
7.557645280104391405e-02
8.939176091080286435e-02
1.040858041019345065e-01
1.196180119129874875e-01
1.359537950911657300e-01
1.530633039275552110e-01
1.709205148935827590e-01
1.895025411902092616e-01
2.087891011248845519e-01
2.287621008666838596e-01
2.494053020597902237e-01
2.707040536607832615e-01
2.926450732157871437e-01
3.152162667561797527e-01
3.384065792432736641e-01
3.622058694462336748e-01
3.866048045518936660e-01
4.115947708475546363e-01
4.371677975973486396e-01
4.633164918242531072e-01
4.900339821636531257e-01
5.173138703068629329e-01
5.451501888289330688e-01
5.735373644133826554e-01
6.024701856603875694e-01
6.319437748045337866e-01
6.619535627809254308e-01
6.924952671701578577e-01
7.235648726274950260e-01
7.551586134631649294e-01
7.872729580915013292e-01
8.199045951086975093e-01
8.530504207942269934e-01
8.867075278602483124e-01
9.208731952978420621e-01
9.555448791900155170e-01
9.907202043786746959e-01
1.026396956887958289e+00
1.062573077018869272e+00
1.099246653041082933e+00
1.136415915417109179e+00
1.174079231502106913e+00
1.212235100669347032e+00
1.250882149817716948e+00
1.290019129222296224e+00
1.329644908694245231e+00
1.369758474019662664e+00
1.410358923650915308e+00
1.451445465626819420e+00
1.493017414700990475e+00
1.535074189659695998e+00
1.577615310813254457e+00
1.620640397646393449e+00
1.664149166615058961e+00
1.708141429078503970e+00
1.752617089356972579e+00
1.797576142906604613e+00
1.843018674603926765e+00
1.888944857134009725e+00
1.935354949476462361e+00
1.982249295484970641e+00
2.029628322556288111e+00
2.077492540385549535e+00
2.125842539805248510e+00
2.174678991705760289e+00
2.224002646035490915e+00
2.273814330879572854e+00
2.324114951615660285e+00
2.374905490146315135e+00
2.426187004206847853e+00
2.477960626748175521e+00
2.530227565394056022e+00
2.582989101971628454e+00
2.636246592114760645e+00
2.690001464938754250e+00
2.744255222785147552e+00
2.799009441034831180e+00
2.854265767987144375e+00
2.910025924802404962e+00
2.966291705504383813e+00
3.023064977038940615e+00
3.080347679384006110e+00
3.138141825705629717e+00
3.196449502553750488e+00
3.255272870090589965e+00
3.314614162343516135e+00
3.374475687473498020e+00
3.434859828048889785e+00
3.495769041313640635e+00
3.557205859437682527e+00
3.619172889736387511e+00
3.681672814844536568e+00
3.744708392829922072e+00
3.808282457229969609e+00
3.872397916993846056e+00
3.937057756312537737e+00
4.002265034316707215e+00
4.068022884623514912e+00
4.134334514711165198e+00
4.201203205100425997e+00
4.268632308321484992e+00
4.336625247644627201e+00
4.405185515553114328e+00
4.474316671936032996e+00
4.544022341981149182e+00
4.614306213745845930e+00
4.685172035387737743e+00
4.756623612035729920e+00
4.828664802284643898e+00
4.901299514298648852e+00
4.974531701509468995e+00
5.048365357899419870e+00
5.122804512860829718e+00
5.197853225626369422e+00
5.273515579269481002e+00
5.349795674276029978e+00
5.426697621692694540e+00
5.504225535863155550e+00
5.582383526764605364e+00
5.661175691964900558e+00
5.740606108222294779e+00
5.820678822757074045e+00
5.901397844227094680e+00
5.982767133445451968e+00
6.064790593882253944e+00
6.147472061997440562e+00
6.230815297456074653e+00
6.314823973280755176e+00
6.399501666000714906e+00
6.484851845858951691e+00
6.570877867142885798e+00
6.657582958704920451e+00
6.744970214742195047e+00
6.833042585904240518e+00
6.921802870798653196e+00
7.011253707963694737e+00
7.101397568375197089e+00
7.192236748553786363e+00
7.283773364334198419e+00
7.376009345356224323e+00
7.468946430330401398e+00
7.562586163128559136e+00
7.656929889741006079e+00
7.751978756137296145e+00
7.847733707059454389e+00
7.944195485769297349e+00
8.041364634763027652e+00
8.139241497458568730e+00
8.237826220851996339e+00
8.337118759131216805e+00
8.437118878226554486e+00
8.537826161269405745e+00
8.639240014921245603e+00
8.741359676529619094e+00
8.844184222057982936e+00
8.947712574730809720e+00
9.051943514329359175e+00
9.156875687067907776e+00
9.262507615974916675e+00
9.368837711701212712e+00
9.475864283673118393e+00
9.583585551507130873e+00
9.691999656601247182e+00
9.801104673818134216e+00
9.910898623175011579e+00
1.002137948145893276e+01
1.013254519368508610e+01
1.024439368432228825e+01
1.035692286821064911e+01
1.047013066110393886e+01
1.058401498977091038e+01
1.069857380159831628e+01
1.081380507364334065e+01
1.092970682108808056e+01
1.104627710505863369e+01
1.116351403977474099e+01
1.128141579900491642e+01
1.139998062180886684e+01
1.151920681755427189e+01
1.163909277020397859e+01
1.175963694187403163e+01
1.188083787567031635e+01
1.200269419781770708e+01
1.212520461909933189e+01
1.224836793563004633e+01
1.237218302899327504e+01
1.249664886577117962e+01
1.262176449650561771e+01
1.274752905412685777e+01
1.287394175189093026e+01
1.300100188086890896e+01
1.312870880702970489e+01
1.325706196796336123e+01
1.338606086928660943e+01
1.351570508077741906e+01
1.364599423228164987e+01
1.377692800943339080e+01
1.390850614923303041e+01
1.404072843552086525e+01
1.417359469438583197e+01
1.430710478954473253e+01
1.444125861772673503e+01
1.457605610409322949e+01
1.471149719772482101e+01
1.484758186719887973e+01
1.498431009628446198e+01
1.512168187977464484e+01
1.525969721947549296e+01
1.539835612036848467e+01
1.553765858695914837e+01
1.567760461982539688e+01
1.581819421237243084e+01
1.595942734780270733e+01
1.610130399630516607e+01
1.624382411246628877e+01
1.638698763290495108e+01
1.653079447412813963e+01
1.667524453060786982e+01
1.682033767307285288e+01
1.696607374701152082e+01
1.711245257137836262e+01
1.725947393749882153e+01
1.740713760816050026e+01
1.755544331688610171e+01
1.770439076737452311e+01
1.785397963310289882e+01
1.800420955707720694e+01
1.815508015172105516e+01
1.830659099889279418e+01
1.845874165001841050e+01
1.861153162632969682e+01
1.876496041919754632e+01
1.891902749054928279e+01
1.907373227335800436e+01
1.922907417219718340e+01
1.938505256384721420e+01
1.954166679794724715e+01
1.969891619768122482e+01
1.985680006049153334e+01
2.001531765881125224e+01
2.017446824080791501e+01
2.033425103113155430e+01
2.049466523166248777e+01
2.065571002224975672e+01
2.081738456143878224e+01
2.097968798718132533e+01
2.114261941752451079e+01
2.130617795127574254e+01
2.147036266863894483e+01
2.163517263182218286e+01
2.180060688561353288e+01
2.196666445792215328e+01
2.213334436028610952e+01
2.230064558834484245e+01
2.246856712227557651e+01
2.263710792719490783e+01
2.280626695352428257e+01
2.297604313732179904e+01
2.314643540057888060e+01
2.331744265148478235e+01
2.348906378465872535e+01
2.366129768135192180e+01
2.383414320961948718e+01
2.400759922446562555e+01
2.418166456796186026e+01
2.435633806934078649e+01
2.453161854506721795e+01
2.470750479888674178e+01
2.488399562185644598e+01
2.506108979235425593e+01
2.523878607607466762e+01
2.541708322600684156e+01
2.559597998239887318e+01
2.577547507271046712e+01
2.595556721155191582e+01
2.613625510061419988e+01
2.631753742858849066e+01
2.649941287107651888e+01
2.668188009049362819e+01
2.686493773596427204e+01
2.704858444321013167e+01
2.723281883443269891e+01
2.741763951818935041e+01
2.760304508926435574e+01
2.778903412853469845e+01
2.797560520283046870e+01
2.816275686479178475e+01
2.835048765271958615e+01
2.853879609042305887e+01
2.872768068706311340e+01
2.891713993699087482e+01
2.910717231958194162e+01
2.929777629906815761e+01
2.948895032436269048e+01
2.968069282888399840e+01
2.987300223037337688e+01
3.006587693071001510e+01
3.025931531572095423e+01
3.045331575498758880e+01
3.064787660164850536e+01
3.084299619219729038e+01
3.103867284627636280e+01
3.123490486646906206e+01
3.143169053808450641e+01
3.162902812894161642e+01
3.182691588914805081e+01
3.202535205087603742e+01
3.222433482813600847e+01
3.242386241654579493e+01
3.262393299309783146e+01
3.282454471592494372e+01
3.302569572406224552e+01
3.322738413720913542e+01
3.342960805548915459e+01
3.363236555920860837e+01
3.383565470861527302e+01
3.403947354365720912e+01
3.424382008374111308e+01
3.444869232749267951e+01
3.465408825251692804e+01
3.486000581516172048e+01
3.506644295028298330e+01
3.527339757101339046e+01
3.548086756853382440e+01
3.568885081184924246e+01
3.589734514756969475e+01
3.610634839969591070e+01
3.631585836941033563e+01
3.652587283487591208e+01
3.673638955103963610e+01
3.694740624944551399e+01
3.715892063805380729e+01
3.737093040106957886e+01
3.758343319877919697e+01
3.779642666739685097e+01
3.800990841892027561e+01
3.822387604099559155e+01
3.843832709679477233e+01
3.865325912489991111e+01
3.886866963920199680e+01
3.908455612880780450e+01
3.930091605795933418e+01
3.951774686596381514e+01
3.973504596713404169e+01
3.995281075074228028e+01
4.017103858098094094e+01
4.038972679693843304e+01
4.060887271258205544e+01
4.082847361675343478e+01
4.104852677317184373e+01
4.126902942044875999e+01
4.148997877211112240e+01
4.171137201663113814e+01
4.193320631746733795e+01
4.215547881311072587e+01
4.237818661713959045e+01
4.260132681827817436e+01
4.282489648046496455e+01
4.304889264292341267e+01
4.327331232023839647e+01
4.349815250243784703e+01
4.372341015507655726e+01
4.394908221932544024e+01
4.417516561206202397e+01
4.440165722596544384e+01
4.462855392961174061e+01
4.485585256757384798e+01
4.508354996052071328e+01
4.531164290532089467e+01
4.554012817514669109e+01
4.576900251958023347e+01
4.599826266472075531e+01
4.622790531329570740e+01
4.645792714477193641e+01
4.668832481547185154e+01
4.691909495868982560e+01
4.715023418481430895e+01
4.738173908145245861e+01
4.761360621355905209e+01
4.784583212357342319e+01
4.807841333155587904e+01
4.831134633533935130e+01
4.854462761067883747e+01
4.877825361141695026e+01
4.901222076965387231e+01
4.924652549592784112e+01
4.948116417940742195e+01
4.971613318809325932e+01
4.995142886903411039e+01
5.018704754855317418e+01
5.042298553249159454e+01
5.065923910646252892e+01
5.089580453612353494e+01
5.113267806746269883e+01
5.136985592710132664e+01
5.160733432261400111e+01
5.184510944286486023e+01
5.208317745836078672e+01
5.232153452162399532e+01
5.256017676758071389e+01
5.279910031396804015e+01
5.303830126175932946e+01
5.327777569560536364e+01
5.351751968429541506e+01
5.375752928123399244e+01
5.399780052493358795e+01
5.423832943952604779e+01
5.447911203528759216e+01
5.472014430917975147e+01
5.496142224540668764e+01
5.520294181598141137e+01
5.544469898131060859e+01
5.568668969078919417e+01
5.592890988340470670e+01
5.617135548835518932e+01
5.641402242567541947e+01
5.665690660687098301e+01
5.690000393556199754e+01
5.714331030813249868e+01
5.738682161438654816e+01
5.763053373820967096e+01
5.787444255823555750e+01
5.811854394851550154e+01
5.836283377919180992e+01
5.860730791717222132e+01
5.885196222680986011e+01
5.909679257057955226e+01
5.934179480975923582e+01
5.958696480510876370e+01
5.983229841754904044e+01
6.007779150884172736e+01
6.032343994226494743e+01
6.056923958329019797e+01
6.081518630025418304e+01
6.106127596502763311e+01
6.130750445368322943e+01
6.155386764715473191e+01
6.180036143189249032e+01
6.204698170051342743e+01
6.229372435244128781e+01
6.254058529453771342e+01
6.278756044172342854e+01
6.303464571758777168e+01
6.328183705498141620e+01
6.352913039659474492e+01
6.377652169551627992e+01
6.402400691576991676e+01
6.427158203282841953e+01
6.451924303409857941e+01
6.476698591937797289e+01
6.501480670127533301e+01
6.526270140559617516e+01
6.551066607168540656e+01
6.575869675272642212e+01
6.600678951599148547e+01
6.625494044303734142e+01
6.650314562984694078e+01
6.675140118690863744e+01
6.699970323923132298e+01
6.724804792628947325e+01
6.749643140189955659e+01
6.774484983401799809e+01
6.799329940445863940e+01
6.824177630853388621e+01
6.849027675460676789e+01
6.873879696355756153e+01
6.898733316816432648e+01
6.923588161239000272e+01
6.948443855058343388e+01
6.973300024658549034e+01
6.998156297275185977e+01
7.023012300887941706e+01
7.047867664104842333e+01
7.072722016038247261e+01
7.097574986171950684e+01
7.122426204221163459e+01
7.147275299984468688e+01
7.172121903189132297e+01
7.196965643329575357e+01
7.221806149500585548e+01
7.246643050224808746e+01
7.271475973275971683e+01
7.296304545498087180e+01
7.321128392622216552e+01
7.345947139080301724e+01
7.370760407818508497e+01
7.395567820109273782e+01
7.420368995364607656e+01
7.445163550950231013e+01
7.469951102002048060e+01
7.494731261246033682e+01
7.519503638822075686e+01
7.544267842112478206e+01
7.569023475576938154e+01
7.593770140593176166e+01
7.618507435306065645e+01
7.643234954484140076e+01
7.667952289385154074e+01
7.692659027631191293e+01
7.717354753093704289e+01
7.742039045789037743e+01
7.766711481785215199e+01
7.791371633119508999e+01
7.816019067728142034e+01
7.840653349387483217e+01
7.865274037667384732e+01
7.889880687896570066e+01
7.914472851140153864e+01
7.939050074189125894e+01
7.963611899562101826e+01
7.988157865518576273e+01
8.012687506084374434e+01
8.037200351088418415e+01
8.061695926210977348e+01
8.086173753043276236e+01
8.110633349158125327e+01
8.135074228191298573e+01
8.159495899934218244e+01
8.183897870436878463e+01
8.208279642121756581e+01
8.232640713908455155e+01
8.256980581349378667e+01
8.281298736775960379e+01
8.305594669456617396e+01
8.329867865765987744e+01
8.354117809366591985e+01
8.378343981402176155e+01
8.402545860704888980e+01
8.426722924015462013e+01
8.450874646218198905e+01
8.475000500590461172e+01
8.499099959068696819e+01
8.523172492530173372e+01
8.547217571093374033e+01
8.571234664435442596e+01
8.595223242129897301e+01
8.619182774003316183e+01
8.643112730513225017e+01
8.667012583146816951e+01
8.690881804841914970e+01
8.714719870429163961e+01
8.738526257097348093e+01
8.762300444880737871e+01
8.786041917168248006e+01
8.809750161234534005e+01
8.833424668791872136e+01
8.857064936561924640e+01
8.880670466865899471e+01
8.904240768231676384e+01
8.927775356015304453e+01
8.951273753035262359e+01
8.974735490215668676e+01
8.998160107235848670e+01
9.021547153182287104e+01
9.044896187199003634e+01
9.068206779131631379e+01
9.091478510160220594e+01
9.114710973415493811e+01
9.137903774572704663e+01
9.161056532416831999e+01
9.184168879372634819e+01
9.207240461992309122e+01
9.230270941394670103e+01
9.253259993646904036e+01
9.276207310083239577e+01
9.299112597551606996e+01
9.321975578581952959e+01
9.344795991468684804e+01
9.367573590260678884e+01
9.390308144652036049e+01
9.412999439769076560e+01
9.435647275847482263e+01
9.458251467796580414e+01
9.480811844647581665e+01
9.503328248883910589e+01
9.525800535653227996e+01
9.548228571862824765e+01
9.570612235158861836e+01
9.592951412795130750e+01
9.615246000395362103e+01
9.637495900614857192e+01
9.659701021711020985e+01
9.681861276029759722e+01
9.703976578419306520e+01
9.726046844581439643e+01
9.748071989372445501e+01
9.770051925066167087e+01
9.791986559592659489e+01
9.813875794764969385e+01
9.835719524508523648e+01
9.857517633106346011e+01
9.879269993473543821e+01
9.900976465474782628e+01
9.922636894297332333e+01
9.944251108891930357e+01
9.965818920494203326e+01
9.987340121236576351e+01
1.000881448286188373e+02
1.003024175554816964e+02
1.005162166685296370e+02
1.007295392078536054e+02
1.009423819701204366e+02
1.011547415020419720e+02
1.013666140952855699e+02
1.015779957828782187e+02
1.017888823371232121e+02
1.019992692690520784e+02
1.022091518294113541e+02
1.024185250111869010e+02
1.026273835536477321e+02
1.028357219478846361e+02
1.030435344438087100e+02
1.032508150585595956e+02
1.034575575862799610e+02
1.036637556091730801e+02
1.038694025097826170e+02
1.040744914844023015e+02
1.042790155575231807e+02
1.044829675972108731e+02
1.046863403313086422e+02
1.048891263643300533e+02
1.050913181949212145e+02
1.052929082337500546e+02
1.054938888216721153e+02
1.056942522480247391e+02
1.058939907688846631e+02
1.060930966251369227e+02
1.062915620601894346e+02
1.064893793371745119e+02
1.066865407554946756e+02
1.068830386665649144e+02
1.070788654886347047e+02
1.072740137205730804e+02
1.074684759545403665e+02
1.076622448874725819e+02
1.078553133313436376e+02
1.080476742221850799e+02
1.082393206278585609e+02
1.084302457546044423e+02
1.086204429523995998e+02
1.088099057191487162e+02
1.089986277037642566e+02
1.091866027081514119e+02
1.093738246881480904e+02
1.095602877534065556e+02
1.097459861662477891e+02
1.099309143394569190e+02
1.101150668330136568e+02
1.102984383497272205e+02
1.104810237297548383e+02
1.106628179439839386e+02
1.108438160862817483e+02
1.110240133646234710e+02
1.112034050911467347e+02
1.113819866712112940e+02
1.115597535915607210e+02
1.117367014077362342e+02
1.119128257308958183e+02
1.120881222142454163e+02
1.122625865392823101e+02
1.124362144020837491e+02
1.126090014998600140e+02
1.127809435180082431e+02
1.129520361178805814e+02
1.131222749254685596e+02
1.132916555211804024e+02
1.134601734308767931e+02
1.136278241182755693e+02
1.137946029788396629e+02
1.139605053351962454e+02
1.141255264341329081e+02
1.142896614451714612e+02
1.144529054606961864e+02
1.146152534975920076e+02
1.147767005003153145e+02
1.149372413453155559e+02
1.150968708466822790e+02
1.152555837629065536e+02
1.154133748046020429e+02
1.155702386430340312e+02
1.157261699192919764e+02
1.158811632539223808e+02
1.160352132568411889e+02
1.161883145373358559e+02
1.163404617139643875e+02
1.164916494241736160e+02
1.166418723334562486e+02
1.167911251438978297e+02
1.169394026019826924e+02
1.170866995055869069e+02
1.172330107100933390e+02
1.173783311336638917e+02
1.175226557617398697e+02
1.176659796508944993e+02
1.178082979322385739e+02
1.179496058146133208e+02
1.180898985878178280e+02
1.182291716261528052e+02
1.183674203924980475e+02
1.185046404431090963e+02
1.186408274332131612e+02
1.187759771233850614e+02
1.189100853865319749e+02
1.190431482152115308e+02
1.191751617288709895e+02
1.193061221805275949e+02
1.194360259623783662e+02
1.195648696098590165e+02
1.196926498037950353e+02
1.198193633704705974e+02
1.199450072796726232e+02
1.200695786410732069e+02
1.201930746995800376e+02
1.203154928305675213e+02
1.204368305360591904e+02
1.205570854430108483e+02
1.206762553048016002e+02
1.207943380067607677e+02
1.209113315762594993e+02
1.210272341973516887e+02
1.211420442294350153e+02
1.212557602288084979e+02
1.213683809715285804e+02
1.214799054755619636e+02
1.215903330200525403e+02
1.216996631595202700e+02
1.218078957310152646e+02
1.219150308526736382e+02
1.220210689126268591e+02
1.221260105478507398e+02
1.222298566131690478e+02
1.223326081411815238e+02
1.224342662944156501e+02
1.225348323113349522e+02
1.226343074481185482e+02
1.227326929182192288e+02
1.228299898317468859e+02
1.229261991366225288e+02
1.230213215632961550e+02
1.231153575746090780e+02
1.232083073220731393e+02
1.233001706095495535e+02
1.233909468649314363e+02
1.234806351201069248e+02
1.235692339991465190e+02
1.236567417143794501e+02
1.237431560698652362e+02
1.238284744716371932e+02
1.239126939440883604e+02
1.239958111519069490e+02
1.240778224269897407e+02
1.241587237997981816e+02
1.242385110345952199e+02
1.243171796679232699e+02
1.243947250495866115e+02
1.244711423853014622e+02
1.245464267800422817e+02
1.246205732810539075e+02
1.246935769193500931e+02
1.247654327484078323e+02
1.248361358786015245e+02
1.249056815057552967e+02
1.249740649320929151e+02
1.250412815778853997e+02
1.251073269823136656e+02
1.251721967925516310e+02
1.252358867407829024e+02
1.252983926098394534e+02
1.253597101892664369e+02
1.254198352247840802e+02
1.254787633653086658e+02
1.255364901126602604e+02
1.255930107797939712e+02
1.256483204636053301e+02
1.257024140379360233e+02
1.257552861711691889e+02
1.258069313707154606e+02
1.258573440537495571e+02
1.259065186400560634e+02
1.259544496591506686e+02
1.260011318604626780e+02
1.260465603130222121e+02
1.260907304802551465e+02
1.261336382566372407e+02
1.261752799563662819e+02
1.262156522497342763e+02
1.262547520502165668e+02
1.262925763636254857e+02
1.263291221189553397e+02
1.263643860073044038e+02
1.263983643589907757e+02
1.264310530882704029e+02
1.264624477291242783e+02
1.264925435745286393e+02
1.265213359168790959e+02
1.265488203711355766e+02
1.265749932480559465e+02
1.265998519354681662e+02
1.266233952430474403e+02
1.266456236710626087e+02
1.266665395747602787e+02
1.266861472109059008e+02
1.267044526681724363e+02
1.267214636955634717e+02
1.267371894509212922e+02
1.267516401942921078e+02
1.267648269491772766e+02
1.267767611501892020e+02
1.267874542901826231e+02
1.267969175751932767e+02
1.268051615929119720e+02
1.268121960004287132e+02
1.268180292397543809e+02
1.268226682938931589e+02
1.268261184999958289e+02
1.268283834364912508e+02
1.268294648956626958e+02
1.268293629411903396e+02
1.268280760340746554e+02
1.268256011956074332e+02
1.268219341695535149e+02
1.268170695528574328e+02
1.268110008849788244e+02
1.268037207134719466e+02
1.267952206750643711e+02
1.267854916348926508e+02
1.267745239062393381e+02
1.267623075360816358e+02
1.267488326054682233e+02
1.267340894785728835e+02
1.267180689511311869e+02
1.267007622919833665e+02
1.266821612189957307e+02
1.266622578768955094e+02
1.266410448741786752e+02
1.266185153937121726e+02
1.265946633391127278e+02
1.265694834440330965e+02
1.265429712719157607e+02
1.265151230686297907e+02
1.264859354813630006e+02
1.264554051993747379e+02
1.264235285868907681e+02
1.263903013611027433e+02
1.263557183292462724e+02
1.263197731574617677e+02
1.262824581211512935e+02
1.262437637956653305e+02
1.262036786884803234e+02
1.261621888757019008e+02
1.261192777603612569e+02
1.260749260883066540e+02
1.260291123204158339e+02
1.259818133708742778e+02
1.259330056101919268e+02
1.258826659461371804e+02
1.258307727795179716e+02
1.257773066977109124e+02
1.257222508828663905e+02
1.256655913025289522e+02
1.256073167514227436e+02
1.255474187152433245e+02
1.254858909047303683e+02
1.254227282832301285e+02
1.253579255671118773e+02
1.252914754793837488e+02
1.252233673212654850e+02
1.251535865002067140e+02
1.250821154211869839e+02
1.250089356886434899e+02
1.249340310878389175e+02
1.248573905373068413e+02
1.247790102475764371e+02
1.246988946581633257e+02
1.246170562012871841e+02
1.245335143424643150e+02
1.244482944934757285e+02
1.243614272286772149e+02
1.242729478762556994e+02
1.241828962226677504e+02
1.240913159503618743e+02
1.239982535694444152e+02
1.239037568899279904e+02
1.238078733266251703e+02
1.237106483828987393e+02
1.236121244816331739e+02
1.235123399965931270e+02
1.234113280842396847e+02
1.233091149351013343e+02
1.232057174417497833e+02
1.231011408835246073e+02
1.229953777234329237e+02
1.228884086266065481e+02
1.227802061457839926e+02
1.226707403096743008e+02
1.225599840668888589e+02
1.224479158817510438e+02
1.223345174440250105e+02
1.222197667044512315e+02
1.221036295649018513e+02
1.219860557026819663e+02
1.218669831504643355e+02
1.217463518634397275e+02
1.216241207051943150e+02
1.215002789381492363e+02
1.213748453091220938e+02
1.212478545894595783e+02
1.211193387926800540e+02
1.209893133180005549e+02
1.208577749932460250e+02
1.207247118572700941e+02
1.205901182119946498e+02
1.204540063853411738e+02
1.203164091822241915e+02
1.201773722229392547e+02
1.200369404128725819e+02
1.198951451491408307e+02
1.197519976476013284e+02
1.196074902431493001e+02
1.194616040526030787e+02
1.193143194792841228e+02
1.191656255177665571e+02
1.190155240798009970e+02
1.188640269002014520e+02
1.187111455825865391e+02
1.185568790336751306e+02
1.184012041832224611e+02
1.182440736390912974e+02
1.180854194094243752e+02
1.179251591293379278e+02
1.177632026225277855e+02
1.175994595871585489e+02
1.174338488853682492e+02
1.172663054216786946e+02
1.170967776773452158e+02
1.169252141383763330e+02
1.167515479191003607e+02
1.165756943685327371e+02
1.163975679198749447e+02
1.162171081169047397e+02
1.160342964449834966e+02
1.158491534284109576e+02
1.156617211367439353e+02
1.154720450888872705e+02
1.152801660129975687e+02
1.150861225621500950e+02
1.148899598456641655e+02
1.146917384812371665e+02
1.144915420526549497e+02
1.142894833034398374e+02
1.140857089556283768e+02
1.138804005276755191e+02
1.136737669163651390e+02
1.134660266903788255e+02
1.132573839761824814e+02
1.130480072717849254e+02
1.128380202819912341e+02
1.126275074834381940e+02
1.124165297164750967e+02
1.122051415233803624e+02
1.119934025096966792e+02
1.117813774953617099e+02
1.115691238492263011e+02
1.113566700784761423e+02
1.111439964907936684e+02
1.109310311131614810e+02
1.107176664945323381e+02
1.105037886276434307e+02
1.102893004131246499e+02
1.100741279710875205e+02
1.098582128332593584e+02
1.096415016795497905e+02
1.094239408538408185e+02
1.092054733015831118e+02
1.089860329469102425e+02
1.087655375747216198e+02
1.085438861972642144e+02
1.083209638452759975e+02
1.080966514514009589e+02
1.078708398440677882e+02
1.076434527471608078e+02
1.074144813363749478e+02
1.071840169794165831e+02
1.069522558344020240e+02
1.067194604569511824e+02
1.064858946876369288e+02
1.062517689420742357e+02
1.060172229436575861e+02
1.057823433758634053e+02
1.055471938147259010e+02
1.053118385548986851e+02
1.050763584825173496e+02
1.048408633193731845e+02
1.046054934149983069e+02
1.043703933851637657e+02
1.041356529081823510e+02
1.039012455329244773e+02
1.036670176474111997e+02
1.034327500862277986e+02
1.031982504013454331e+02
1.029634005898960112e+02
1.027281248065539216e+02
1.024923162235829750e+02
1.022557938113085640e+02
1.020183196195547453e+02
1.017796451837932068e+02
1.015395380536053409e+02
1.012977737134464036e+02
1.010541170573081473e+02
1.008083227866312086e+02
1.005601611825268122e+02
1.003094520949237705e+02
1.000560840557262452e+02
9.980000846462215236e+01
9.954121981001927111e+01
9.927974564730831730e+01
9.901566316553311253e+01
9.874913576641606028e+01
9.848044155877823869e+01
9.820996595680637142e+01
9.793815436982791311e+01
9.766544795761615205e+01
9.739223440446399138e+01
9.711883503542516394e+01
9.684552983376987356e+01
9.657259916119176069e+01
9.630034343271520925e+01
9.602905082614552157e+01
9.575892994803312774e+01
9.549007489952668948e+01
9.522252002932232529e+01
9.495635578097336804e+01
9.469179699122264537e+01
9.442912222927861876e+01
9.416852666743994860e+01
9.391001968468535210e+01
9.365344982837515886e+01
9.339860844228157077e+01
9.314529794748163738e+01
9.289331637785332418e+01
9.264241397627705510e+01
9.239229392043947087e+01
9.214265552335628229e+01
9.189322315533483732e+01
9.164373320282250290e+01
9.139391154907882253e+01
9.114348298682834582e+01
9.089220962513283553e+01
9.063992137624249779e+01
9.038651499156914326e+01
9.013193319322689945e+01
8.987615045865483410e+01
8.961917721632794098e+01
8.936107081009592434e+01
8.910193478218394603e+01
8.884190461230150504e+01
8.858113823048580571e+01
8.831982500067856279e+01
8.805819783872159690e+01
8.779651737531966660e+01
8.753502432994977767e+01
8.727390233875783565e+01
8.701329990127176472e+01
8.675340494803583624e+01
8.649450069590385226e+01
8.623693286194625784e+01
8.598099775480929452e+01
8.572684235145510456e+01
8.547446446222309646e+01
8.522381149357191532e+01
8.497488807156214818e+01
8.472778128744754156e+01
8.448259340143037832e+01
8.423935231012974612e+01
8.399797602428388643e+01
8.375830345066371763e+01
8.352013994302375011e+01
8.328326382171417208e+01
8.304739247322753215e+01
8.281215291171366744e+01
8.257709690141231818e+01
8.234175803428898632e+01
8.210571225965574627e+01
8.186860303902437863e+01
8.163012281234743739e+01
8.138997628299379983e+01
8.114786021666000693e+01
8.090347384936329433e+01
8.065654589894815274e+01
8.040685536025354452e+01
8.015423795981395472e+01
7.989858858482563164e+01
7.963987185258037016e+01
7.937813847287210933e+01
7.911353263775990285e+01
7.884628029085344281e+01
7.857666429180639511e+01
7.830500164202203450e+01
7.803163071483983515e+01
7.775690360551945446e+01
7.748117792215687416e+01
7.720481439941555379e+01
7.692819106616815361e+01
7.665172628253871778e+01
7.637587993531909092e+01
7.610111028565496838e+01
7.582780759965753248e+01
7.555626004894202197e+01
7.528668668002541153e+01
7.501930891330265183e+01
7.475439171522918969e+01
7.449221528677924198e+01
7.423300834266152037e+01
7.397690973033358830e+01
7.372399135610757526e+01
7.347431257860483811e+01
7.322794894841662483e+01
7.298496753482719157e+01
7.274537196627814239e+01
7.250906335005625181e+01
7.227584353173070042e+01
7.204545141799114560e+01
7.181760380352139350e+01
7.159201770004729326e+01
7.136840950126480720e+01
7.114648131695624045e+01
7.092590775856186269e+01
7.070633020803435898e+01
7.048735892812833015e+01
7.026858135787098547e+01
7.004957588074050534e+01
6.982993021987289239e+01
6.960926133588336029e+01
6.938723195548445233e+01
6.916356063559750567e+01
6.893802716994254354e+01
6.871047868846717677e+01
6.848083883292800067e+01
6.824911325825459585e+01
6.801537856205378318e+01
6.777974961618924965e+01
6.754234044154982541e+01
6.730324708548612023e+01
6.706256862370956640e+01
6.682044983854508757e+01
6.657710583900173162e+01
6.633280019585987475e+01
6.608778805194923223e+01
6.584226915978830164e+01
6.559639009156498446e+01
6.535029206896145126e+01
6.510415968220812033e+01
6.485822519713093470e+01
6.461272318751930754e+01
6.436783274502937502e+01
6.412365252301506757e+01
6.388022500050337271e+01
6.363758896273054688e+01
6.339582321068303372e+01
6.315505784488022556e+01
6.291545630416188573e+01
6.267718880494176403e+01
6.244041553324607463e+01
6.220528372345218315e+01
6.197193145986760499e+01
6.174048989540780497e+01
6.151108070841814168e+01
6.128380996103419420e+01
6.105876076660919693e+01
6.083598718281496076e+01
6.061551146825103586e+01
6.039732528572365311e+01
6.018139293272284363e+01
5.996765361897368507e+01
5.975602133935594651e+01
5.954638311798900219e+01
5.933859686106647047e+01
5.913248871262241835e+01
5.892784893803769819e+01
5.872442692841751466e+01
5.852192917243913683e+01
5.832002562408486313e+01
5.811836676817198821e+01
5.791660667320055467e+01
5.771442172383454761e+01
5.751151623196084728e+01
5.730761503311881455e+01
5.710245291633727760e+01
5.689577303048844215e+01
5.668733869572071882e+01
5.647695139291160160e+01
5.626446214619526387e+01
5.604976927194378788e+01
5.583280765916224198e+01
5.561354209675798188e+01
5.539197235038612632e+01
5.516814491079076532e+01
5.494215800400951366e+01
5.471415119556566253e+01
5.448428455785633417e+01
5.425272166239109595e+01
5.401962659335374894e+01
5.378517209843585789e+01
5.354954682639161234e+01
5.331295245505551605e+01
5.307559221765994550e+01
5.283766011677166574e+01
5.259933867915975725e+01
5.236080525344581815e+01
5.212224006486855643e+01
5.188382863821335178e+01
5.164575622905108787e+01
5.140819798171174426e+01
5.117131114928525193e+01
5.093523369768080045e+01
5.070008935813196871e+01
5.046599598347181370e+01
5.023307333509229267e+01
5.000144746409755214e+01
4.977125044475860705e+01
4.954261579291141970e+01
4.931567125189042855e+01
4.909053143914361783e+01
4.886729277441983044e+01
4.864603212735916316e+01
4.842680915866331759e+01
4.820967106372721389e+01
4.799465784333175833e+01
4.778180631364420350e+01
4.757115152386420931e+01
4.736272495005157168e+01
4.715654993978021992e+01
4.695263635834182026e+01
4.675097750987400502e+01
4.655155202112699442e+01
4.635433091730914157e+01
4.615928654740243786e+01
4.596639763705034909e+01
4.577564571663351956e+01
4.558700265727726020e+01
4.540041459598683105e+01
4.521579046578798255e+01
4.503300137189312125e+01
4.485189109296653243e+01
4.467229172566799633e+01
4.449403591865302587e+01
4.431695986573770085e+01
4.414089741039518344e+01
4.396567118674261820e+01
4.379108809159166071e+01
4.361694286415959709e+01
4.344302780031558342e+01
4.326914267487591559e+01
4.309509928359290143e+01
4.292071898264088503e+01
4.274582617186752032e+01
4.257024283853071722e+01
4.239378807626837897e+01
4.221628320958156877e+01
4.203756005668200402e+01
4.185746864889024010e+01
4.167588168838595664e+01
4.149269518072043894e+01
4.130782654596671222e+01
4.112121209582227976e+01
4.093280509594278271e+01
4.074257454344818541e+01
4.055050414788109236e+01
4.035659109214346785e+01
4.016084462423228274e+01
3.996328486226901333e+01
3.976394213348876860e+01
3.956285685848776268e+01
3.936007974570422618e+01
3.915567204490147191e+01
3.894970574220982940e+01
3.874226368079224869e+01
3.853343957657623520e+01
3.832333783403928607e+01
3.811207305980791915e+01
3.789976924994557805e+01
3.768655872759602943e+01
3.747258095148983870e+01
3.725798127532034698e+01
3.704290965354045539e+01
3.682751923686035411e+01
3.661196483924361189e+01
3.639640138533767555e+01
3.618098259316617771e+01
3.596586020853856525e+01
3.575118400795689411e+01
3.553710252846002504e+01
3.532376416324102308e+01
3.511131803313082855e+01
3.489991403616639332e+01
3.468970172786446682e+01
3.448082810980900348e+01
3.427343482719010126e+01
3.406765550403635956e+01
3.386361386368065496e+01
3.366142292094774291e+01
3.346118506130181203e+01
3.326299247064142151e+01
3.306692731864336565e+01
3.287306134689143278e+01
3.268145492250433648e+01
3.249215595389991051e+01
3.230519913840769419e+01
3.212060578997181182e+01
3.193838412853544995e+01
3.175852964295754433e+01
3.158102514770627067e+01
3.140584043839253425e+01
3.123293182402889556e+01
3.106224202311580385e+01
3.089370081107151833e+01
3.072722645694483745e+01
3.056272760871169325e+01
3.040010511225169765e+01
3.023925337489150778e+01
3.008006121695050439e+01
2.992241248485413152e+01
2.976618683766188056e+01
2.961126100249030557e+01
2.945751050652748049e+01
2.930481159994812046e+01
2.915304293691550441e+01
2.900208664539983516e+01
2.885182864858431628e+01
2.870215838560454458e+01
2.855296828946289267e+01
2.840415343312928442e+01
2.825561164511094603e+01
2.810724418589912332e+01
2.795895686095308719e+01
2.781066130469307396e+01
2.766227613941558516e+01
2.751372778054461321e+01
2.736495078109092205e+01
2.721588773282888596e+01
2.706648883183484600e+01
2.691671125623492244e+01
2.676651849950064488e+01
2.661587977064970900e+01
2.646476953186300562e+01
2.631316720683139820e+01
2.616105706403174480e+01
2.600842825705374040e+01
2.585527498644605160e+01
2.570159673290469726e+01
2.554739850062608753e+01
2.539269100459807760e+01
2.523749073961450762e+01
2.508181988432239251e+01
2.492570602088934706e+01
2.476918168659266684e+01
2.461228381067579818e+01
2.445505311876196330e+01
2.429753359884959707e+01
2.413977211193800088e+01
2.398181819706954343e+01
2.382372407203333253e+01
2.366554477911193644e+01
2.350733838357891869e+01
2.334916611228429062e+01
2.319109232619581817e+01
2.303318425297150185e+01
2.287551145607807257e+01
2.271814507402632088e+01
2.256115691382648691e+01
2.240461851490934819e+01
2.224860030554572887e+01
2.209317095123816443e+01
2.193839694865608436e+01
2.178434246076430014e+01
2.163106933384686315e+01
2.147863719978066044e+01
2.132710355700193361e+01
2.117652374315528618e+01
2.102695075476557207e+01
2.087843492132550693e+01
2.073102348737426581e+01
2.058476018338189562e+01
2.043968486788428152e+01
2.029583330075849545e+01
2.015323706948133520e+01
2.001192364935877066e+01
1.987191654754771264e+01
1.973323546759927538e+01
1.959589643828086380e+01
1.945991187327194893e+01
1.932529055836674559e+01
1.919203759030006751e+01
1.906015430854339598e+01
1.892963826474962374e+01
1.880048326492930499e+01
1.867267950144804800e+01
1.854621377175602959e+01
1.842106976419089648e+01
1.829722838204546065e+01
1.817466807638987802e+01
1.805336516439608019e+01
1.793329411993315858e+01
1.781442783338097513e+01
1.769673784505380709e+01
1.758019455990525159e+01
1.746476745048600421e+01
1.735042525185853535e+01
1.723713614829006247e+01
1.712486794876266671e+01
1.701358824764071187e+01
1.690326456825022206e+01
1.679386448987864000e+01
1.668535576163748502e+01
1.657770640860900002e+01
1.647088483605833531e+01
1.636485993614259371e+01
1.625960119900254242e+01
1.615507882721137278e+01
1.605126385015579160e+01
1.594812823365531074e+01
1.584564498020281675e+01
1.574378821641384540e+01
1.564253326610415051e+01
1.554185670926658602e+01
1.544173642858242168e+01
1.534215164570357359e+01
1.524308294936671260e+01
1.514451231666806663e+01
1.504642312786566727e+01
1.494880017423358431e+01
1.485162965801588975e+01
1.475489918352892538e+01
1.465859773889899031e+01
1.456271566863915012e+01
1.446724463804531702e+01
1.437217759102493631e+01
1.427750870331140831e+01
1.418323333300950040e+01
1.408934797010665996e+01
1.399585018607336906e+01
1.390273858411137198e+01
1.381001275011397489e+01
1.371767320407321478e+01
1.362572135153994246e+01
1.353415943479225803e+01
1.344299048354605475e+01
1.335221826527524946e+01
1.326184723542697697e+01
1.317188248797606320e+01
1.308232970682961849e+01
1.299319511858065113e+01
1.290448544701684952e+01
1.281620786966326797e+01
1.272836997648607138e+01
1.264097973073831227e+01
1.255404543180475230e+01
1.246757567979750192e+01
1.238157934158792983e+01
1.229606551791793301e+01
1.221104351122253817e+01
1.212652279381620879e+01
1.204251297614123217e+01
1.195902377485110968e+01
1.187606498060020144e+01
1.179364642552377518e+01
1.171177795051740134e+01
1.163046937254426361e+01
1.154973045230185669e+01
1.146957086266272263e+01
1.139000015834313118e+01
1.131102774725609983e+01
1.123266286396485469e+01
1.115491454557002271e+01
1.107779161025740144e+01
1.100130263860075708e+01
1.092545595758708288e+01
1.085025962720725268e+01
1.077572142936041644e+01
1.070184885875314862e+01
1.062864911544704150e+01
1.055612909871398664e+01
1.048429540190059761e+01
1.041315430806405651e+01
1.034271178622127252e+01
1.027297348813246636e+01
1.020394474561494924e+01
1.013563056844493104e+01
1.006803564294309972e+01
1.000116433136193805e+01
9.935020672191212654e+00
9.869608381476885128e+00
9.804930855221092756e+00
9.740991172885573590e+00
9.677792101984463713e+00
9.615336103708539639e+00
9.553625339491283341e+00
9.492661678403031544e+00
9.432446705242400142e+00
9.372981729190112077e+00
9.314267792893074827e+00
9.256305681855424794e+00
9.199095934028912680e+00
9.142638849512177757e+00
9.086934500286567129e+00
9.031982739934559135e+00
8.977783213303215604e+00
8.924335366087532861e+00
8.871638454322285483e+00
8.819691553774811510e+00
8.768493569240590091e+00
8.718043243743078818e+00
8.668339167640644050e+00
8.619379787643254076e+00
8.571163415737323987e+00
8.523688238015905583e+00
8.476952323406388601e+00
8.430953632285401511e+00
8.385690024966972800e+00
8.341159270047016960e+00
8.297359052585287387e+00
8.254286982105124792e+00
8.211940600389601386e+00
8.170317389053934676e+00
8.129414776874611448e+00
8.089230146856804637e+00
8.049760843024976964e+00
8.011004176922819298e+00
7.972957433812493555e+00
7.935617878565567551e+00
7.898982761241678752e+00
7.863049322353076853e+00
7.827814797816667003e+00
7.793276423597329305e+00
7.759431440048675910e+00
7.726277095958391961e+00
7.693810652308004094e+00
7.662029385756729205e+00
7.630930591860228596e+00
7.600511588035259614e+00
7.570769716281230188e+00
7.541702345669173191e+00
7.513306874608605135e+00
7.485580732901714995e+00
7.458521383593525123e+00
7.432126324626585401e+00
7.406393090307705762e+00
7.381319252592425606e+00
7.356902422194841584e+00
7.333140249527000165e+00
7.310030425474102422e+00
7.287570682009471668e+00
7.265758792654590792e+00
7.244592572788858043e+00
7.224069879813105999e+00
7.204188613172324729e+00
7.184946714242322230e+00
7.166342166085139631e+00
7.148372993079291859e+00
7.131037260430342251e+00
7.114333073567309818e+00
7.098258577432271288e+00
7.082811955669193082e+00
7.067991429718562202e+00
7.053795257825258069e+00
7.040221733967329421e+00
7.027269186711794902e+00
7.014935978006225703e+00
7.003220501912593043e+00
6.992121183291650333e+00
6.981636476444699646e+00
6.971764863720156136e+00
6.962504854093096718e+00
6.953854981723485373e+00
6.945813804501309363e+00
6.938379902585291248e+00
6.931551876941367318e+00
6.925328347887782954e+00
6.919707953653768229e+00
6.914689348956763126e+00
6.910271203605227619e+00
6.906452201132237789e+00
6.903231037465828557e+00
6.900606419641170497e+00
6.898577064560051042e+00
6.897141697802619653e+00
6.896299052496020821e+00
6.896047868245132939e+00
6.896386890128846758e+00
6.897314867767192048e+00
6.898830554462660913e+00
6.900932706419514950e+00
6.903620082044846562e+00
