2.806705303039228050e-02
1.795324251258667292e-01
1.505144423701595124e-01
1.363471877461720494e-01
1.301875234808275994e-01
1.290269804620197414e-01
1.313522335579970779e-01
1.363121173355348603e-01
1.433830624644066853e-01
1.522194155225006507e-01
1.625799006166883387e-01
1.742884886905919084e-01
1.872121226658026161e-01
2.012472945076349551e-01
2.163115569327069831e-01
2.323379310428364819e-01
2.492710906088335121e-01
2.670646791711834833e-01
2.856793741469655923e-01
3.050814582588563528e-01
3.252417445480773051e-01
3.461347535163861178e-01
3.677380737237978536e-01
3.900318582894439778e-01
4.129984236891628413e-01
4.366219266600850357e-01
4.608881015099865475e-01
4.857840446824068237e-01
5.112980366774774188e-01
5.374193937831512891e-01
5.641383438014326845e-01
5.914459212419973522e-01
6.193338784252586660e-01
6.477946096748188332e-01
6.768210863467168936e-01
7.064068008827268930e-01
7.365457184193089368e-01
7.672322347550361021e-01
7.984611396948216866e-01
8.302275849614262349e-01
8.625270560032690659e-01
8.953553471397125429e-01
9.287085395760451556e-01
9.625829818951047168e-01
9.969752726937763931e-01
1.031882245083159289e+00
1.067300952813255988e+00
1.103228657818053016e+00
1.139662819006004302e+00
1.176601082145662058e+00
1.214041270716886833e+00
1.251981377615376756e+00
1.290419557613564860e+00
1.329354120493127178e+00
1.368783524775638805e+00
1.408706371986785388e+00
1.449121401397937658e+00
1.490027485195453583e+00
1.531423624034287334e+00
1.573308942937653443e+00
1.615682687508796178e+00
1.658544220425254734e+00
1.701893018189159612e+00
1.745728668110299031e+00
1.790050865501339183e+00
1.834859411067118362e+00
1.880154208471633837e+00
1.925935262068984466e+00
1.972202674785187515e+00
2.018956646140296129e+00
2.066197470400851888e+00
2.113925534854300903e+00
2.162141318197970286e+00
2.210845389035911879e+00
2.260038404478344809e+00
2.309721108838442394e+00
2.359894332422603380e+00
2.410558990410054392e+00
2.461716081819254498e+00
2.513366688557575834e+00
2.565511974552472818e+00
2.618153184961321767e+00
2.671291645458270025e+00
2.724928761595886151e+00
2.779066018239515490e+00
2.833704979072554142e+00
2.888847286169998974e+00
2.944494659638120293e+00
3.000648897317244490e+00
3.057311874544409669e+00
3.114485543972414838e+00
3.172171935440718293e+00
3.230373155893742965e+00
3.289091389340530913e+00
3.348328896849824154e+00
3.408088016573257661e+00
3.468371163788780631e+00
3.529180830955022774e+00
3.590519587767051490e+00
3.652390081202262273e+00
3.714795035544575352e+00
3.777737252373694510e+00
3.841219610505277160e+00
3.905245065866906451e+00
3.969816651293223586e+00
4.034937476223406705e+00
4.100610726282123863e+00
4.166839662724947324e+00
4.233627621728514256e+00
4.300978013503933717e+00
4.368894321212814624e+00
4.437380099663666755e+00
4.506438973766737632e+00
4.576074636725147471e+00
4.646290847940409918e+00
4.717091430610501845e+00
4.788480268999643741e+00
4.860461305359809359e+00
4.933038536485077508e+00
5.006216009881183204e+00
5.079997819535623016e+00
5.154388101273918998e+00
5.229391027692316563e+00
5.305010802658505220e+00
5.381251655375461240e+00
5.458117834007532032e+00
5.535613598871551133e+00
5.613743215198629954e+00
5.692510945478974627e+00
5.771921041404151076e+00
5.851977735427714933e+00
5.932685231969119677e+00
6.014047698290769794e+00
6.096069255083809146e+00
6.178753966801830977e+00
6.262105831787757815e+00
6.346128772243108784e+00
6.430826624093141319e+00
6.516203126806108692e+00
6.602261913227263079e+00
6.689006499493064695e+00
6.776440275092012300e+00
6.864566493141766479e+00
6.953388260953173194e+00
7.042908530951881296e+00
7.133130092029616343e+00
7.224055561394398417e+00
7.315687376988783797e+00
7.408027790542097257e+00
7.501078861318758229e+00
7.594842450622047103e+00
7.689320217105646726e+00
7.784513612941749372e+00
7.880423880886581856e+00
7.977052052277641359e+00
8.074398945989997856e+00
8.172465168369866362e+00
8.271251114156200401e+00
8.370756968392237596e+00
8.470982709319743620e+00
8.571928112240595254e+00
8.673592754320686993e+00
8.775976020303852820e+00
8.879077109094357212e+00
8.982895041158711180e+00
9.087428666690904322e+00
9.192676674478747145e+00
9.298637601400939090e+00
9.405309842483084992e+00
9.512691661432576495e+00
9.620781201571531938e+00
9.729576497083414210e+00
9.839075484487725731e+00
9.949276014255856282e+00
1.006017586248261431e+01
1.017177274252813213e+01
1.028406431654741837e+01
1.039704820682863939e+01
1.051072200686258817e+01
1.062508329207303426e+01
1.074012963014130229e+01
1.085585859086358163e+01
1.097226775548750055e+01
1.108935472547857159e+01
1.120711713067634463e+01
1.132555263680479918e+01
1.144465895231150121e+01
1.156443383451298956e+01
1.168487509503551536e+01
1.180598060454402187e+01
1.192774829675965620e+01
1.205017617177239408e+01
1.217326229866239728e+01
1.229700481744725238e+01
1.242140194037862599e+01
1.254645195261617197e+01
1.267215321231012659e+01
1.279850415012847797e+01
1.292550326826530060e+01
1.305314913897238327e+01
1.318144040265440786e+01
1.331037576557256408e+01
1.343995399719984540e+01
1.357017392727215288e+01
1.370103444258026926e+01
1.383253448354453674e+01
1.396467304061676984e+01
1.409744915054873893e+01
1.423086189256740219e+01
1.436491038449547730e+01
1.449959377885104850e+01
1.463491125896136502e+01
1.477086203512056883e+01
1.490744534082079120e+01
1.504466042908152446e+01
1.518250656890139361e+01
1.532098304185302240e+01
1.546008913883831148e+01
1.559982415702123504e+01
1.574018739694960978e+01
1.588117815987739689e+01
1.602279574529636363e+01
1.616503944868144771e+01
1.630790855945608442e+01
1.645140235917746097e+01
1.659552011994251686e+01
1.674026110301344161e+01
1.688562455765895720e+01
1.703160972020606678e+01
1.717821581329685188e+01
1.732544204534344701e+01
1.747328761017145382e+01
1.762175168684344939e+01
1.777083343965351503e+01
1.792053201828012376e+01
1.807084655808752061e+01
1.822177618056485571e+01
1.837331999388954884e+01
1.852547709360452899e+01
1.867824656339718459e+01
1.883162747596757569e+01
1.898561889397545244e+01
1.914021987105391887e+01
1.929542945287793287e+01
1.945124667827959541e+01
1.960767058039607846e+01
1.976470018784408467e+01
1.992233452590899745e+01
2.008057261774100866e+01
2.023941348554964037e+01
2.039885615178894795e+01
2.055889964032628825e+01
2.071954297758871277e+01
2.088078519367945773e+01
2.104262532346102788e+01
2.120506240759924665e+01
2.136809549356279447e+01
2.153172363657755994e+01
2.169594590052909666e+01
2.186076135881323168e+01
2.202616909513144705e+01
2.219216820422935754e+01
2.235875779257745322e+01
2.252593697899213154e+01
2.269370489519838330e+01
2.286206068633242694e+01
2.303100351138348145e+01
2.320053254357862826e+01
2.337064697070711361e+01
2.354134599538771511e+01
2.371262883527925069e+01
2.388449472323443601e+01
2.405694290740037644e+01
2.422997265126437583e+01
2.440358323364958437e+01
2.457777394865760456e+01
2.475254410556394902e+01
2.492789302866385626e+01
2.510382005707317532e+01
2.528032454448215205e+01
2.545740585886590068e+01
2.563506338215206526e+01
2.581329650984571344e+01
2.599210465061368325e+01
2.617148722582912868e+01
2.635144366907521984e+01
2.653197342561298200e+01
2.671307595180807937e+01
2.689475071452329402e+01
2.707699719047164066e+01
2.725981486553522259e+01
2.744320323404719275e+01
2.762716179803896921e+01
2.781169006645244224e+01
2.799678755431701305e+01
2.818245378189396888e+01
2.836868827378521019e+01
2.855549055801103364e+01
2.874286016505362085e+01
2.893079662686848508e+01
2.911929947586531497e+01
2.930836824385657380e+01
2.949800246097713696e+01
2.968820165457299964e+01
2.987896534806296955e+01
3.007029305977078693e+01
3.026218430173321039e+01
3.045463857847926548e+01
3.064765538578839354e+01
3.084123420942387028e+01
3.103537452384492212e+01
3.123007579089966868e+01
3.142533745849970117e+01
3.162115895927768250e+01
3.181753970923200470e+01
3.201447910635783956e+01
3.221197652926878163e+01
3.241003133581155993e+01
3.260864286167382886e+01
3.280781041899028594e+01
3.300753329494902744e+01
3.320781075039933938e+01
3.340864201846482473e+01
3.361002630316489359e+01
3.381196277804659900e+01
3.401445058482941164e+01
3.421748883206620206e+01
3.442107659382218543e+01
3.462521290837582910e+01
3.482989677694200736e+01
3.503512716242164515e+01
3.524090298817927902e+01
3.544722313684859927e+01
3.565408644917268788e+01
3.586149172287407794e+01
3.606943771156167600e+01
3.627792312367112260e+01
3.648694662144274758e+01
3.669650681993581998e+01
3.690660228607799809e+01
3.711723153775474060e+01
3.732839304293118943e+01
3.754008521881083738e+01
3.775230643102905503e+01
3.796505499287755470e+01
3.817832916456013947e+01
3.839212715247735019e+01
3.860644710853603812e+01
3.882128712948346561e+01
3.903664525626120252e+01
3.925251947337579850e+01
3.946890770828289874e+01
3.968580783078304819e+01
3.990321765242266139e+01
4.012113492589828923e+01
4.033955734446074359e+01
4.055848254131364428e+01
4.077790808900616781e+01
4.099783149881240263e+01
4.121825022009882389e+01
4.143916163967396216e+01
4.166056308111849660e+01
4.188245180409474955e+01
4.210482500363572456e+01
4.232767980940677432e+01
4.255101328494797741e+01
4.277482242689107039e+01
4.299910416415502112e+01
4.322385535712250970e+01
4.344907279679762269e+01
4.367475320395219285e+01
4.390089322825922125e+01
4.412748944742375556e+01
4.435453836631585744e+01
4.458203641610990076e+01
4.480997995343940232e+01
4.503836525957521530e+01
4.526718853963714650e+01
4.549644592184446878e+01
4.572613345681838837e+01
4.595624711694819808e+01
4.618678279582491797e+01
4.641773630776226867e+01
4.664910338740781270e+01
4.688087968946285855e+01
4.711306078851424672e+01
4.734564217899819027e+01
4.757861927529722834e+01
4.781198741198913638e+01
4.804574184425131023e+01
4.827987774843362700e+01
4.851439022280734292e+01
4.874927428849852618e+01
4.898452489060947812e+01
4.922013689954079751e+01
4.945610511251190644e+01
4.969242425528918261e+01
4.992908898412254359e+01
5.016609388788850765e+01
5.040343349044913879e+01
5.064110225321376646e+01
5.087909457791192835e+01
5.111740480956801491e+01
5.135602723967195260e+01
5.159495610954523670e+01
5.183418561388951673e+01
5.207370990451140358e+01
5.231352309421377811e+01
5.255361926084320601e+01
5.279399245147845221e+01
5.303463668675465215e+01
5.327554596529920161e+01
5.351671426827509492e+01
5.375813556400996163e+01
5.399980381269875807e+01
5.424171297116350843e+01
5.448385699765094614e+01
5.472622985665875461e+01
5.496882552376538200e+01
5.521163799045282872e+01
5.545466126890628544e+01
5.569788939676724482e+01
5.594131644183832464e+01
5.618493650670819761e+01
5.642874373329735249e+01
5.667273230729944800e+01
5.691689646251278134e+01
5.716123048504515225e+01
5.740572871738473992e+01
5.765038556232233447e+01
5.789519548671960791e+01
5.814015302511261041e+01
5.838525278314559586e+01
5.863048944082738245e+01
5.887585775560376788e+01
5.912135256524590687e+01
5.936696879054752429e+01
5.961270143783101361e+01
5.985854560125967794e+01
6.010449646495627007e+01
6.035054930492833591e+01
6.059669949079658124e+01
6.084294248733583288e+01
6.108927385582149583e+01
6.133568925518932247e+01
6.158218444300538863e+01
6.182875527625508028e+01
6.207539771194674927e+01
6.232210780753654689e+01
6.256888172117540847e+01
6.281571571177647684e+01
6.306260613891389966e+01
6.330954946254190219e+01
6.355654224254523399e+01
6.380358113811533372e+01
6.405066290695560838e+01
6.429778440431451259e+01
6.454494258184384137e+01
6.479213448628270555e+01
6.503935725796644363e+01
6.528660812915750000e+01
6.553388442219424803e+01
6.578118354745670615e+01
6.602850300115022719e+01
6.627584036289857750e+01
6.652319329314687479e+01
6.677055953037290692e+01
6.701793688810306548e+01
6.726532325173498350e+01
6.751271657515763991e+01
6.776011487718193393e+01
6.800751623776852739e+01
6.825491879406668261e+01
6.850232073625430473e+01
6.874972030319800353e+01
6.899711577792312767e+01
6.924450548291392238e+01
6.949188777523957583e+01
6.973926104152691607e+01
6.998662369278187612e+01
7.023397415907926700e+01
7.048131088412802114e+01
7.072863231973244069e+01
7.097593692016594957e+01
7.122322313647184444e+01
7.147048941070829642e+01
7.171773417016632379e+01
7.196495582157108117e+01
7.221215274528709926e+01
7.245932328955713331e+01
7.270646576478191037e+01
7.295357843787320462e+01
7.320065952668969089e+01
7.344770719457842745e+01
7.369471954503906375e+01
7.394169461653032727e+01
7.418863037742725908e+01
7.443552472114883756e+01
7.468237546146768580e+01
7.492918032801017603e+01
7.517593696196351516e+01
7.542264291199042248e+01
7.566929563036275397e+01
7.591589246932160506e+01
7.616243067766284014e+01
7.640890739755884908e+01
7.665531966160664012e+01
7.690166439011809985e+01
7.714793838863695896e+01
7.739413834568887296e+01
7.764026083076142015e+01
7.788630229250367165e+01
7.813225905714845965e+01
7.837812732714557740e+01
7.862390318000109346e+01
7.886958256731317363e+01
7.911516131400783536e+01
7.936063511774757728e+01
7.960599954852555982e+01
7.985125004842753071e+01
8.009638193155684860e+01
8.034139038412011757e+01
8.058627046466780541e+01
8.083101710448794108e+01
8.107562510815678536e+01
8.132008915423699591e+01
8.156440379614170411e+01
8.180856346315957239e+01
8.205256246165671996e+01
8.229639497646346058e+01
8.254005507246314721e+01
8.278353669639693635e+01
8.302683367891043531e+01
8.326993973686042239e+01
8.351284847590780203e+01
8.375555339343092953e+01
8.399804788177884518e+01
8.424032523190859933e+01
8.448237863743131015e+01
8.472420119910668745e+01
8.496578592981862244e+01
8.520712576006846461e+01
8.544821354401679514e+01
8.568904206611330210e+01
8.592960404833381460e+01
8.616989215806461289e+01
8.640989901664910633e+01
8.664961720861438721e+01
8.688903929160143491e+01
8.712815780699450841e+01
8.736696529125738664e+01
8.760545428796454814e+01
8.784361736051434377e+01
8.808144710549312606e+01
8.831893616665431068e+01
8.855607724947013537e+01
8.879286313618655413e+01
8.902928670131559841e+01
8.926534092748167382e+01
8.950101892152514438e+01
8.973631393075910978e+01
8.997121935925964920e+01
9.020572878407129735e+01
9.043983597119547824e+01
9.067353489122065469e+01
9.090681973446133668e+01
9.113968492546399602e+01
9.137212513673448200e+01
9.160413530155241801e+01
9.183571062573908250e+01
9.206684659823848449e+01
9.229753900038598147e+01
9.252778391374354783e+01
9.275757772637683729e+01
9.298691713745759557e+01
9.321579916007969757e+01
9.344422112218580878e+01
9.367218066549274624e+01
9.389967574233214975e+01
9.412670461031375169e+01
9.435326582474152701e+01
9.457935822873101017e+01
9.480498094098784634e+01
9.503013334124000266e+01
9.525481505334650478e+01
9.547902592613000650e+01
9.570276601202621691e+01
9.592603554367619267e+01
9.614883490862300164e+01
9.637116462232819458e+01
9.659302529972279672e+01
9.681441762558905850e+01
9.703534232404953741e+01
9.725580012748551439e+01
9.747579174521635537e+01
9.769531783226965160e+01
9.791437895857660578e+01
9.813297557892299494e+01
9.835110800395747788e+01
9.856877637255028901e+01
9.878598062576742223e+01
9.900272048268057290e+01
9.921899541822405411e+01
9.943480464325473633e+01
9.965014708693217926e+01
9.986502138151706731e+01
1.000794258496305815e+02
1.002933584939875686e+02
1.005068169895860848e+02
1.007197986783036612e+02
1.009323005658168881e+02
1.011443193207469875e+02
1.013558512759088615e+02
1.015668924315207278e+02
1.017774384602332276e+02
1.019874847138197254e+02
1.021970262313630542e+02
1.024060577487864947e+02
1.026145737095679635e+02
1.028225682764928024e+02
1.030300353442949444e+02
1.032369685530590573e+02
1.034433613022637246e+02
1.036492067653508968e+02
1.038544979047435532e+02
1.040592274872284690e+02
1.042633880996540086e+02
1.044669721649275829e+02
1.046699719582961308e+02
1.048723796239374906e+02
1.050741871919121735e+02
1.052753865955253190e+02
1.054759696891743204e+02
1.056759282667340045e+02
1.058752540805270570e+02
1.060739388608809293e+02
1.062719743362072222e+02
1.064693522535012846e+02
1.066660643990528854e+02
1.068621026190875938e+02
1.070574588400000806e+02
1.072521250877595236e+02
1.074460935060657647e+02
1.076393563728136087e+02
1.078319061145040649e+02
1.080237353183016893e+02
1.082148367415894938e+02
1.084052033190307185e+02
1.085948281673117748e+02
1.087837045879310978e+02
1.089718260685400111e+02
1.091591862834429492e+02
1.093457790939133645e+02
1.095315985489411332e+02
1.097166388869085552e+02
1.099008945385118494e+02
1.100843601309810538e+02
1.102670304933680967e+02
1.104489006623957863e+02
1.106299658880893446e+02
1.108102216382278584e+02
1.109896636005579040e+02
1.111682876817025658e+02
1.113460900018418727e+02
1.115230668844208282e+02
1.116992148404632701e+02
1.118745305473685647e+02
1.120490108224413888e+02
1.122226525916912294e+02
1.123954528547330654e+02
1.125674086467902555e+02
1.127385169989519937e+02
1.129087748978705434e+02
1.130781792460632289e+02
1.132467268239241633e+02
1.134144142544270295e+02
1.135812379713561882e+02
1.137471941917524134e+02
1.139122788930665990e+02
1.140764877953674272e+02
1.142398163487589215e+02
1.144022597260123604e+02
1.145638128203070636e+02
1.147244702478305243e+02
1.148842263549717160e+02
1.150430752297435930e+02
1.152010107171051772e+02
1.153580264378069415e+02
1.155141158103959356e+02
1.156692720759890705e+02
1.158234883253974061e+02
1.159767575281191654e+02
1.161290725627292488e+02
1.162804262480839697e+02
1.164308113748041364e+02
1.165802207364039731e+02
1.167286471594304373e+02
1.168760835318705205e+02
1.170225228290054105e+02
1.171679581357646498e+02
1.173123826645556278e+02
1.174557897674988425e+02
1.175981729421288122e+02
1.177395258298224832e+02
1.178798422066529383e+02
1.180191159669404755e+02
1.181573411004514327e+02
1.182945116649970174e+02
1.184306217569545652e+02
1.185656654829264767e+02
1.186996369362368569e+02
1.188325301821218716e+02
1.189643392551914616e+02
1.190950581718882972e+02
1.192246809592910068e+02
1.193532016996813923e+02
1.194806145880646682e+02
1.196069139975391806e+02
1.197320945454078611e+02
1.198561511516257383e+02
1.199790790808413021e+02
1.201008739602470143e+02
1.202215317676605650e+02
1.203410487877140866e+02
1.204594215384064597e+02
1.205766466750914390e+02
1.206927208836716119e+02
1.208076407785339654e+02
1.209214028229124551e+02
1.210340032890912454e+02
1.211454382728595220e+02
1.212557037707759093e+02
1.213647958207642148e+02
1.214727106973653150e+02
1.215794451442327357e+02
1.216849966197864745e+02
1.217893635287027791e+02
1.218925454127997341e+02
1.219945430797914412e+02
1.220953586561864910e+02
1.221949955598596063e+02
1.222934583965619595e+02
1.223907527915789757e+02
1.224868851718447615e+02
1.225818625150623831e+02
1.226756920812486698e+02
1.227683811395022389e+02
1.228599366997948437e+02
1.229503652569919581e+02
1.230396725528849657e+02
1.231278633617701246e+02
1.232149413058743335e+02
1.233009087077846715e+02
1.233857664869970705e+02
1.234695141056388934e+02
1.235521495640025194e+02
1.236336694403879193e+02
1.237140689637290478e+02
1.237933421041966255e+02
1.238714816684654210e+02
1.239484793931963793e+02
1.240243260402257448e+02
1.240990115058295231e+02
1.241725249592874860e+02
1.242448550201606992e+02
1.243159899705098184e+02
1.243859179835242088e+02
1.244546273411343122e+02
1.245221066158206327e+02
1.245883448057965381e+02
1.246533314317015311e+02
1.247170566170801322e+02
1.247795111762599589e+02
1.248406867202744195e+02
1.249005757702781381e+02
1.249591718491305841e+02
1.250164695149860279e+02
1.250724643091344745e+02
1.251271526095713256e+02
1.251805314021398630e+02
1.252325979931775919e+02
1.252833496868267247e+02
1.253327834394053895e+02
1.253808954909577267e+02
1.254276809703865894e+02
1.254731334819341129e+02
1.255172447062386851e+02
1.255600040793445942e+02
1.256013986329518417e+02
1.256414130746754552e+02
1.256800301516742593e+02
1.257172312810053540e+02
1.257529973639204144e+02
1.257873096533223247e+02
1.258201505330069239e+02
1.258515040975899097e+02
1.258813564767387874e+02
1.259096958969634272e+02
1.259365124934629137e+02
1.259617978718428191e+02
1.259855444031928613e+02
1.260077442592328794e+02
1.260283882820649382e+02
1.260474649141422390e+02
1.260649595209010840e+02
1.260808544423850037e+02
1.260951299722883476e+02
1.261077662145327878e+02
1.261187455002651774e+02
1.261280548688200014e+02
1.261356880968901066e+02
1.261416469077335449e+02
1.261459412465229519e+02
1.261485887660164451e+02
1.261496138268390581e+02
1.261490463257999153e+02
1.261469205473948563e+02
1.261432740735982634e+02
1.261381466813151491e+02
1.261315791539789473e+02
1.261236120093234234e+02
1.261142842237086086e+02
1.261036320418617294e+02
1.260916878820413274e+02
1.260784792383038138e+02
1.260640274468730411e+02
1.260483463016271202e+02
1.260314407581068394e+02
1.260133062218250899e+02
1.259939289782974896e+02
1.259732880443680472e+02
1.259513581212960815e+02
1.259281126340122370e+02
1.259035254291428458e+02
1.258775699710403160e+02
1.258502159926362367e+02
1.258214252105307764e+02
1.257911490107192662e+02
1.257593308570134809e+02
1.257259140804993649e+02
1.256908524986597513e+02
1.256541189519564057e+02
1.256157071991093659e+02
1.255756259309501957e+02
1.255338880804534654e+02
1.254905012842330194e+02
1.254454645115516769e+02
1.253987720971625208e+02
1.253504221329803130e+02
1.253004239380770741e+02
1.252488002153796316e+02
1.251955826992680016e+02
1.251408035958559850e+02
1.250844870034863447e+02
1.250266440589373644e+02
1.249672734826152549e+02
1.249063668073063411e+02
1.248439158021973299e+02
1.247799187546662552e+02
1.247143824983362208e+02
1.246473186045524102e+02
1.245787347597678831e+02
1.245086248193838827e+02
1.244369617571440614e+02
1.243636962102292927e+02
1.242887607799939644e+02
1.242120784084877840e+02
1.241335724136011436e+02
1.240531751269098208e+02
1.239708311604990030e+02
1.238864919524441461e+02
1.238001026484192977e+02
1.237115891483015133e+02
1.236208561877506753e+02
1.235278014385915668e+02
1.234323386792355137e+02
1.233344153474273810e+02
1.232340138406147361e+02
1.231311382904649463e+02
1.230257980646107967e+02
1.229179987197596233e+02
1.228077435774883952e+02
1.226950425188748710e+02
1.225799229619598236e+02
1.224624392750533843e+02
1.223426781647446262e+02
1.222207586815586922e+02
1.220968271929950077e+02
1.219710491940536770e+02
1.218435999030309347e+02
1.217146546828679590e+02
1.215843799383890058e+02
1.214529256932047474e+02
1.213204215592382980e+02
1.211869772201470141e+02
1.210526868042529713e+02
1.209176344281415396e+02
1.207818967676440138e+02
1.206455390519580959e+02
1.205086046181394863e+02
1.203711038776857691e+02
1.202330111470927960e+02
1.200942727734077238e+02
1.199548204308342321e+02
1.198145792046939562e+02
1.196734664325862525e+02
1.195313870728056429e+02
1.193882331718941288e+02
1.192438879092518960e+02
1.190982287409353546e+02
1.189511256988011070e+02
1.188024356540831121e+02
1.186519965250213886e+02
1.184996285262617022e+02
1.183451525294255759e+02
1.181884310077517597e+02
1.180294197893656474e+02
1.178682003667591545e+02
1.177049655863846880e+02
1.175399619894029684e+02
1.173734237433304770e+02
1.172055349525481205e+02
1.170364304428893121e+02
1.168662194289000524e+02
1.166950123917005158e+02
1.165229419561205475e+02
1.163501750512132702e+02
1.161769096374584933e+02
1.160033459906847497e+02
1.158296346948679201e+02
1.156558281653045412e+02
1.154818734419876165e+02
1.153076581718311502e+02
1.151330752658172685e+02
1.149580524691146195e+02
1.147825255717324495e+02
1.146063859379536751e+02
1.144294505914486848e+02
1.142514727545028848e+02
1.140721716031966793e+02
1.138912526320819296e+02
1.137084116190583529e+02
1.135233355804384274e+02
1.133357146647853142e+02
1.131452634229614915e+02
1.129517356571639510e+02
1.127549218635316350e+02
1.125546416875839668e+02
1.123507597303635492e+02
1.121432356010112699e+02
1.119321795945493960e+02
1.117178668035577829e+02
1.115006895137256322e+02
1.112810750716996324e+02
1.110594179202253713e+02
1.108360565301308611e+02
1.106112943205801997e+02
1.103854416599401276e+02
1.101588442724035417e+02
1.099318653425632277e+02
1.097048220608265012e+02
1.094779340327233541e+02
1.092513575730327773e+02
1.090253034069416032e+02
1.088001263926881137e+02
1.085762751474690475e+02
1.083541300148687867e+02
1.081338819239199580e+02
1.079155534180298872e+02
1.076990987741962016e+02
1.074844515496890978e+02
1.072714879546400368e+02
1.070599893794069999e+02
1.068496651988522785e+02
1.066401960761899375e+02
1.064312371152544330e+02
1.062223968878307403e+02
1.060132532333587250e+02
1.058034136713690714e+02
1.055925627369116313e+02
1.053804540730324391e+02
1.051668727937849894e+02
1.049516230207072880e+02
1.047345594244157780e+02
1.045156299591929354e+02
1.042948853673627951e+02
1.040724482218405456e+02
1.038484765163180015e+02
1.036231513019713759e+02
1.033966722941159020e+02
1.031692299638350505e+02
1.029409718001125356e+02
1.027120258975005527e+02
1.024825995534731646e+02
1.022530647895130329e+02
1.020239130650757176e+02
1.017955765013971927e+02
1.015682624684810236e+02
1.013419580477803379e+02
1.011166027031241867e+02
1.008922650877038762e+02
1.006691669205954156e+02
1.004475605676982894e+02
1.002276045219401226e+02
1.000093478130497573e+02
9.979278523638899401e+01
9.957786434306704848e+01
9.936440503874773356e+01
9.915202468247973400e+01
9.894017686458778371e+01
9.872829417563313825e+01
9.851591768846418518e+01
9.830271431335094690e+01
9.808839236125388084e+01
9.787260725162983022e+01
9.765493562507312220e+01
9.743491984189996913e+01
9.721212813994668522e+01
9.698618521614343990e+01
9.675677636797065873e+01
9.652365610974931087e+01
9.628667554334600709e+01
9.604581101637451468e+01
9.580116924039745641e+01
9.555296398266375490e+01
9.530147854909624527e+01
9.504703024416266999e+01
9.478995025728333701e+01
9.453059615176388775e+01
9.426940492490057011e+01
9.400695133361593037e+01
9.374393633569494000e+01
9.348106926759012936e+01
9.321891934947316827e+01
9.295787250701285132e+01
9.269824038445658232e+01
9.244040729332829187e+01
9.218485332979422253e+01
9.193202814067001327e+01
9.168221902687908198e+01
9.143555937980600845e+01
9.119215928566858054e+01
9.095220584305363332e+01
9.071592307540464617e+01
9.048343632137367365e+01
9.025467525532094726e+01
9.002939204028291442e+01
8.980725525820366784e+01
8.958793048964578531e+01
8.937109941203713959e+01
8.915643582098952891e+01
8.894358024191970458e+01
8.873212989568772002e+01
8.852163495501702073e+01
8.831159542518739158e+01
8.810146879798801933e+01
8.789069902406559720e+01
8.767876155981853969e+01
8.746520711280210492e+01
8.724969023553721570e+01
8.703198178031054510e+01
8.681197073697836686e+01
8.658965177093961074e+01
8.636508403936845468e+01
8.613832492521153483e+01
8.590938654282808784e+01
8.567827279090398918e+01
8.544508520286923670e+01
8.521009639211958131e+01
8.497369649396244995e+01
8.473624136057806311e+01
8.449794543071728015e+01
8.425892883637828845e+01
8.401936764657301637e+01
8.377958354439181221e+01
8.353997437411238991e+01
8.330085451840480459e+01
8.306235839444387636e+01
8.282448634672905996e+01
8.258723690313554755e+01
8.235070821412108444e+01
8.211510279018715153e+01
8.188066362954593558e+01
8.164761469066999666e+01
8.141614843130781765e+01
8.118644681639335658e+01
8.095869813901295231e+01
8.073308886485143887e+01
8.050977576789235002e+01
8.028885550140989835e+01
8.007034786454305220e+01
7.985420033756109603e+01
7.964030718364479355e+01
7.942852715330620583e+01
7.921868945948455121e+01
7.901059008830584673e+01
7.880398363136451678e+01
7.859856959006390298e+01
7.839397249355486963e+01
7.818972907387870919e+01
7.798530548702002818e+01
7.778015086774961162e+01
7.757375795011702735e+01
7.736568617671477455e+01
7.715553404033261131e+01
7.694289884220788167e+01
7.672737653723615381e+01
7.650861108189697291e+01
7.628634708297779810e+01
7.606043539940424125e+01
7.583079641810772387e+01
7.559739643791091623e+01
7.536027508107612505e+01
7.511959321126796851e+01
7.487563658180600612e+01
7.462875786704563552e+01
7.437931260823340551e+01
7.412765075916291835e+01
7.387415671492688318e+01
7.361927437403194574e+01
7.336347733174946484e+01
7.310721083189734770e+01
7.285085974010787879e+01
7.259476380584459321e+01
7.233925476485723038e+01
7.208467645827889214e+01
7.183137261730338707e+01
7.157965814282030692e+01
7.132980022791127794e+01
7.108202238872115686e+01
7.083652617418076147e+01
7.059351716680674826e+01
7.035322218112196424e+01
7.011588805147265191e+01
6.988176011433121460e+01
6.965104939683529039e+01
6.942390395577271534e+01
6.920039629482543830e+01
6.898052894285657999e+01
6.876425232710623447e+01
6.855148672415432998e+01
6.834214023577833075e+01
6.813611497588162536e+01
6.793329806065895582e+01
6.773354611710929873e+01
6.753668321319534584e+01
6.734252563458034047e+01
6.715091964363955412e+01
6.696175411360592022e+01
6.677492041517525934e+01
6.659023783213078218e+01
6.640740203969021138e+01
6.622600247655437045e+01
6.604559706112456752e+01
6.586578364695142795e+01
6.568621399297987296e+01
6.550655073263267525e+01
6.532641833823407751e+01
6.514539898450259159e+01
6.496307701362722753e+01
6.477908934187389889e+01
6.459313690035240541e+01
6.440495114336958693e+01
6.421424901008906261e+01
6.402071519247657250e+01
6.382402420471625248e+01
6.362388417074602387e+01
6.342007307660492899e+01
6.321244978867657238e+01
6.300094260806589119e+01
6.278553030946651603e+01
6.256622810019037217e+01
6.234308126919430748e+01
6.211616326341047056e+01
6.188557529504662824e+01
6.165144662923926688e+01
6.141393458019056339e+01
6.117322229027624303e+01
6.092951361375317276e+01
6.068302767275637422e+01
6.043399750064267550e+01
6.018267522145875859e+01
5.992934176819027670e+01
5.967431573770421238e+01
5.941795590901190138e+01
5.916065475101085980e+01
5.890282389851903844e+01
5.864487560475745198e+01
5.838720629616273783e+01
5.813018908284506381e+01
5.787417967613453840e+01
5.761953343017057705e+01
5.736662286435841906e+01
5.711584176239818333e+01
5.686758882272349069e+01
5.662223767471311930e+01
5.638011029475016755e+01
5.614146847505954696e+01
5.590652420123325328e+01
5.567545560223954482e+01
5.544841228214386319e+01
5.522550465172724188e+01
5.500678687282515256e+01
5.479224887806405064e+01
5.458182439796822649e+01
5.437540700288605677e+01
5.417285890648744839e+01
5.397400449406112699e+01
5.377861515246777913e+01
5.358639997499083307e+01
5.339701123550100448e+01
5.321006070344629535e+01
5.302513556350037049e+01
5.284180657777375956e+01
5.265963042598288268e+01
5.247815339708011351e+01
5.229692112606832666e+01
5.211549267228203064e+01
5.193345297553474182e+01
5.175041864525218216e+01
5.156603670818545027e+01
5.137998043203911891e+01
5.119194747248896249e+01
5.100166315005871098e+01
5.080888804725783103e+01
5.061342686022812387e+01
5.041513519411361699e+01
5.021392187231651150e+01
5.000974558165156481e+01
4.980260627693983366e+01
4.959253361850412745e+01
4.937957603192602107e+01
4.916379382559313171e+01
4.894525803607905345e+01
4.872405424669685203e+01
4.850028890496277967e+01
4.827409534353434140e+01
4.804563737946293855e+01
4.781510922382609152e+01
4.758273129265435841e+01
4.734874284975640535e+01
4.711339432300066221e+01
4.687694347872428580e+01
4.663965866503200886e+01
4.640182846695430641e+01
4.616377220641010837e+01
4.592584327670218869e+01
4.568841990086277605e+01
4.545188476301004243e+01
4.521660188931931401e+01
4.498290133163457227e+01
4.475107782386140798e+01
4.452140136947830484e+01
4.429413103866847479e+01
4.406952229083518802e+01
4.384782313246611096e+01
4.362926176589890304e+01
4.341403324562543276e+01
4.320229220285067129e+01
4.299415380954999222e+01
4.278969954222661443e+01
4.258898175952081289e+01
4.239202290863345013e+01
4.219880951475288811e+01
4.200928474723407646e+01
4.182334408136919279e+01
4.164083649638348561e+01
4.146157059888531649e+01
4.128532298720264748e+01
4.111184596764765331e+01
4.094087303761317997e+01
4.077212225515291522e+01
4.060529863521217209e+01
4.044009663763061013e+01
4.027620305660528288e+01
4.011329997097747935e+01
3.995106735820809973e+01
3.978918539606586080e+01
3.962733688915623276e+01
3.946521028102807804e+01
3.930250335247038151e+01
3.913892727273748307e+01
3.897421047582940901e+01
3.880810195660745876e+01
3.864037386143787955e+01
3.847082346659925634e+01
3.829927469062619849e+01
3.812557921470263977e+01
3.794961718736944789e+01
3.777129743530667128e+01
3.759055710578108744e+01
3.740736071054796241e+01
3.722169860109085704e+01
3.703358496789331156e+01
3.684305552432547870e+01
3.665016511357966067e+01
3.645498555103838356e+01
3.625760404063839815e+01
3.605812242345432139e+01
3.585665729740647834e+01
3.565334072931536014e+01
3.544832098795617270e+01
3.524176261468780780e+01
3.503384531454970841e+01
3.482476156480879581e+01
3.461471333496424307e+01
3.440390866447501850e+01
3.419255887755330292e+01
3.398087690505133196e+01
3.376907667971748594e+01
3.355737311823488511e+01
3.334598201610008061e+01
3.313511933229017359e+01
3.292499972669344999e+01
3.271583461468987508e+01
3.250783020319374117e+01
3.230118587542696673e+01
3.209609297807156736e+01
3.189273374577099318e+01
3.169127998879230290e+01
3.149189134852986527e+01
3.129471327733886454e+01
3.109987518667871242e+01
3.090748923070018961e+01
3.071764992632063240e+01
3.053043442313254729e+01
3.034590297178491980e+01
3.016409915540048559e+01
2.998504971922801943e+01
2.980876418057576061e+01
2.963523461626164490e+01
2.946443599629157006e+01
2.929632719470738422e+01
2.913085250381917746e+01
2.896794326741077441e+01
2.880751922883891325e+01
2.864948935673450592e+01
2.849375217405220440e+01
2.834019585151850507e+01
2.818869843560299060e+01
2.803912853128780114e+01
2.789134658995313032e+01
2.774520674519366636e+01
2.760055897733062125e+01
2.745725131904640293e+01
2.731513184232559510e+01
2.717405025902368010e+01
2.703385908035353324e+01
2.689441437785228217e+01
2.675557624987787619e+01
2.661720912019636387e+01
2.647918198710195270e+01
2.634136871540744806e+01
2.620364843039525482e+01
2.606590603901081948e+01
2.592803287226742981e+01
2.578992741568825764e+01
2.565149607329626136e+01
2.551265389692991548e+01
2.537332520808889313e+01
2.523344404526457296e+01
2.509295438651152566e+01
2.495181012448528790e+01
2.480997480681070755e+01
2.466742119299817304e+01
2.452413071198053274e+01
2.438009292253952154e+01
2.423530507512436216e+01
2.408977184549213746e+01
2.394350526262801182e+01
2.379652479644655472e+01
2.364885751942366099e+01
2.350053822463528874e+01
2.335160937993728325e+01
2.320212082589197422e+01
2.305212917727854460e+01
2.290169695202196110e+01
2.275089151144729627e+01
2.259978393688712828e+01
2.244844797917481216e+01
2.229695919608314369e+01
2.214539434356093750e+01
2.199383102253862177e+01
2.184234752137659541e+01
2.169102275145212033e+01
2.153993616107662135e+01
2.138916753313736763e+01
2.123879661711948685e+01
2.108890260198337785e+01
2.093956348573415482e+01
2.079085542641821860e+01
2.064285216076063634e+01
2.049562455265879279e+01
2.034924029381977917e+01
2.020376373662605118e+01
2.005925580792826324e+01
1.991577394039142135e+01
1.977337196685258647e+01
1.963209994787284174e+01
1.949200393389921260e+01
1.935312569105049718e+01
1.921550243572861660e+01
1.907916662486780268e+01
1.894414583717613709e+01
1.881046276135155892e+01
1.867813528649125843e+01
1.854717667358403332e+01
1.841759577860984010e+01
1.828939729802239711e+01
1.816258201435707775e+01
1.803714702993786290e+01
1.791308598650409678e+01
1.779038927525785496e+01
1.766904424418864039e+01
1.754903540802597917e+01
1.743034466243494407e+01
1.731295150015559514e+01
1.719683322435020401e+01
1.708196515430980966e+01
1.696832082068018011e+01
1.685587215058507482e+01
1.674458964615496726e+01
1.663444256190569348e+01
1.652539908652381939e+01
1.641742653294981125e+01
1.631049153779810723e+01
1.620456026803003624e+01
1.609959863028965898e+01
1.599557247702567153e+01
1.589244780363824638e+01
1.579019093215760350e+01
1.568876867886439364e+01
1.558814850519997819e+01
1.548829865279833307e+01
1.538918826422914776e+01
1.529078749107023150e+01
1.519306759041847776e+01
1.509600101020535767e+01
1.499956146302488591e+01
1.490372398781564733e+01
1.480846499877698008e+01
1.471376232129298955e+01
1.461959521524303796e+01
1.452594438671687627e+01
1.443279198963945831e+01
1.434012161904155924e+01
1.424791829765708151e+01
1.415616845723646477e+01
1.406485991554612092e+01
1.397398184959926404e+01
1.388352476533408719e+01
1.379348046378272130e+01
1.370384200376512318e+01
1.361460366126340560e+01
1.352576088581968961e+01
1.343731025449182503e+01
1.334924942403731052e+01
1.326157708205554009e+01
1.317429289778224977e+01
1.308739747312664292e+01
1.300089229438815508e+01
1.291477968491726003e+01
1.282906275882166014e+01
1.274374537567863186e+01
1.265883209610417381e+01
1.257432813795749560e+01
1.249023933291552702e+01
1.240657208314102888e+01
1.232333331777813790e+01
1.224053044905268628e+01
1.215817132781067045e+01
1.207626419841995435e+01
1.199481765305656999e+01
1.191384058551733816e+01
1.183334214481511815e+01
1.175333168892253255e+01
1.167381873911983625e+01
1.159481293545535152e+01
1.151632399384397765e+01
1.143836166529859355e+01
1.136093569771461809e+01
1.128405580052044499e+01
1.120773161236953896e+01
1.113197267190618867e+01
1.105678839149878812e+01
1.098218803371601915e+01
1.090818069023808334e+01
1.083477526284678660e+01
1.076198044613730254e+01
1.068980471162571888e+01
1.061825629299077001e+01
1.054734317227058504e+01
1.047707306692380413e+01
1.040745341775028798e+01
1.033849137773592375e+01
1.027019380193674536e+01
1.020256723854289760e+01
1.013561792126357020e+01
1.006935176315630542e+01
1.000377435198671883e+01
9.938890947159654488e+00
9.874706478215047767e+00
9.811225544832465673e+00
9.748452418249794249e+00
9.686391043970584036e+00
9.625045045614186279e+00
9.564417729755016140e+00
9.504512091597892010e+00
9.445330821346471950e+00
9.386876311136740370e+00
9.329150662424536833e+00
9.272155693737852644e+00
9.215892948722503419e+00
9.160363704427645359e+00
9.105568979791252460e+00
9.051509544298637522e+00
8.998185926794960210e+00
8.945598424437912755e+00
8.893747111779234160e+00
8.842631849965583157e+00
8.792252296046726201e+00
8.742607912377723167e+00
8.693697976097963576e+00
8.645521588666337465e+00
8.598077685430039807e+00
8.551365045197821146e+00
8.505382299789843614e+00
8.460127943530917349e+00
8.415600342655038091e+00
8.371797744587057721e+00
8.328718287069650117e+00
8.286360007103198200e+00
8.244720849669796792e+00
8.203798676215098951e+00
8.163591272864351822e+00
8.124096358353058989e+00
8.085311591656921593e+00
8.047234579308929270e+00
8.009862882395603734e+00
7.973194023227888394e+00
7.937225491685538259e+00
7.901954751236741181e+00
7.867379244636952151e+00
7.833496399313336411e+00
7.800303632441503154e+00
7.767798355724468529e+00
7.735977979881678124e+00
7.704839918858098713e+00
7.674381593762549691e+00
7.644600436544519262e+00
7.615493893417106364e+00
7.587059428034618414e+00
7.559294524431875217e+00
7.532196689730984218e+00
7.505763456622648100e+00
7.479992385625595652e+00
7.454881067130983752e+00
7.430427123234588649e+00
7.406628209362208892e+00
7.383482015692405476e+00
7.360986268380598219e+00
7.339138730590228477e+00
7.317937203334632379e+00
7.297379526135749472e+00
7.277463577505245418e+00
7.258187275254075921e+00
7.239548576636891219e+00
7.221545478338782686e+00
7.204176016311334863e+00
7.187438265466091103e+00
7.171330339233209727e+00
7.155850388994228872e+00
7.140996603397074871e+00
7.126767207562274997e+00
7.113160462189374478e+00
7.100174662572254825e+00
7.087808137532447539e+00
7.076059248279167768e+00
7.064926387205094471e+00
7.054407976625957311e+00
7.044502467473267693e+00
7.035208337947818968e+00
7.026524092142003575e+00
7.018448258639703674e+00
7.010979389100117309e+00
7.004116056834203796e+00
6.997856855379922081e+00
6.992200397084309849e+00
6.987145311697955385e+00
6.982690244989164796e+00
6.978833857384539208e+00
6.975574822640616901e+00
6.972911826554054393e+00
6.970843565714988976e+00
6.969368746309514862e+00
6.968486082976367513e+00
6.968194297723002251e+00
6.968492118905588839e+00
6.969378280278032634e+00
6.970851520113926725e+00
6.972910580405941694e+00
6.975554206146154179e+00
