1.705226887186896546e-04
8.483871719915300205e-05
8.609763151478645423e-05
9.075710656693391901e-05
9.909281913228754535e-05
1.111966582590634113e-04
1.270783381105531512e-04
1.467233732162588665e-04
1.701146381508390477e-04
1.972387361953595818e-04
2.280868023455900168e-04
2.626536538817560943e-04
3.009367129944255648e-04
3.429351247820337139e-04
3.886491318600825574e-04
4.380796594008855294e-04
4.912280485103575354e-04
5.480958870064227013e-04
6.086849018683435303e-04
6.729968900899685599e-04
7.410336733802938992e-04
8.127970677921207438e-04
8.882888628553340478e-04
9.675108069096944284e-04
1.050464596598615430e-03
1.137151869242283495e-03
1.227574197263612936e-03
1.321733084116960425e-03
1.419629961343088628e-03
1.521266186481960801e-03
1.626643041650190124e-03
1.735761732636278845e-03
1.848623388404505800e-03
1.965229060920330173e-03
2.085579725231204249e-03
2.209676279748750034e-03
2.337519546690804313e-03
2.469110272648359240e-03
2.604449129250392941e-03
2.743536713904381336e-03
2.886373550593393164e-03
3.032960090717228344e-03
3.183296713962818075e-03
3.337383729196030571e-03
3.495221375365358332e-03
3.656809822412370424e-03
3.822149172181917541e-03
3.991239459328384080e-03
4.164080652213905838e-03
4.340672653796167658e-03
4.521015302502260844e-03
4.705108373086965348e-03
4.892951577474406386e-03
5.084544565580247436e-03
5.279886926114372818e-03
5.478978187363127417e-03
5.681817817949947821e-03
5.888405227573283336e-03
6.098739767722286508e-03
6.312820732370122249e-03
6.530647358643077577e-03
6.752218827467139882e-03
6.977534264189490243e-03
7.206592739178519988e-03
7.439393268397914878e-03
7.675934813958999736e-03
7.916216284647593915e-03
8.160236536427891221e-03
8.407994372924599419e-03
8.659488545879020713e-03
8.914717755583870598e-03
9.173680651293208629e-03
9.436375831612470177e-03
9.702801844862860708e-03
9.972957189424765112e-03
1.024684031405993963e-02
1.052444961820897702e-02
1.080578345226980430e-02
1.109084011785534118e-02
1.137961786802435538e-02
1.167211490749967689e-02
1.196832939285986941e-02
1.226825943271282401e-02
1.257190308784994319e-02
1.287925837137743508e-02
1.319032324883271691e-02
1.350509563828148490e-02
1.382357341038889173e-02
1.414575438848299574e-02
1.447163634859129425e-02
1.480121701946507905e-02
1.513449408258244443e-02
1.547146517213789617e-02
1.581212787501112133e-02
1.615647973072053059e-02
1.650451823136322299e-02
1.685624082153491105e-02
1.721164489823760052e-02
1.757072781076675014e-02
1.793348686058951827e-02
1.829991930120380972e-02
1.867002233798400329e-02
1.904379312801054644e-02
1.942122877989002280e-02
1.980232635355420878e-02
2.018708286005194835e-02
2.057549526132551251e-02
2.096756046997279993e-02
2.136327534899713429e-02
2.176263671154697946e-02
2.216564132064383422e-02
2.257228588889817478e-02
2.298256707821128009e-02
2.339648149947850739e-02
2.381402571226853837e-02
2.423519622450858585e-02
2.465998949215369301e-02
2.508840191885482532e-02
2.552042985562157779e-02
2.595606960048066000e-02
2.639531739813411049e-02
2.683816943961426713e-02
2.728462186195006189e-02
2.773467074782179700e-02
2.818831212523663018e-02
2.864554196720159318e-02
2.910635619141106745e-02
2.957075065994618779e-02
3.003872117898201410e-02
3.051026349852371117e-02
3.098537331214698196e-02
3.146404625676728350e-02
3.194627791242912740e-02
3.243206380212215051e-02
3.292139939161718709e-02
3.341428008933937377e-02
3.391070124625636395e-02
3.441065815581711984e-02
3.491414605389649845e-02
3.542116011879439114e-02
3.593169547124912266e-02
3.644574717449761136e-02
3.696331023435034391e-02
3.748437959931062713e-02
3.800895016071581534e-02
3.853701675290935325e-02
3.906857415342961104e-02
3.960361708323905522e-02
4.014214020695969914e-02
4.068413813313049437e-02
4.122960541448129207e-02
4.177853654822220875e-02
4.233092597632987647e-02
4.288676808584426098e-02
4.344605720917381342e-02
4.400878762438337199e-02
4.457495355547863580e-02
4.514454917269027090e-02
4.571756859272933099e-02
4.629400587902896685e-02
4.687385504196762975e-02
4.745711003906586539e-02
4.804376477515218125e-02
4.863381310250652900e-02
4.922724882095952381e-02
4.982406567797099256e-02
5.042425736866613245e-02
5.102781753583258278e-02
5.163473976989336328e-02
5.224501760883243362e-02
5.285864453808102742e-02
5.347561399038885249e-02
5.409591934564030036e-02
5.471955393064671658e-02
5.534651101891931851e-02
5.597678383039512290e-02
5.661036553115011971e-02
5.724724923310059443e-02
5.788742799365564906e-02
5.853089481538392008e-02
5.917764264565886917e-02
5.982766437628472128e-02
6.048095284313085435e-02
6.113750082575168665e-02
6.179730104702081672e-02
6.246034617275737777e-02
6.312662881135507054e-02
6.379614151344689676e-02
6.446887677154149177e-02
6.514482701970900069e-02
6.582398463326483151e-02
6.650634192847021398e-02
6.719189116226813308e-02
6.788062453201949842e-02
6.857253417528055839e-02
6.926761216958637890e-02
6.996585053226513085e-02
7.066724122028260335e-02
7.137177613010066424e-02
7.207944709756797241e-02
7.279024589782380483e-02
7.350416424523707748e-02
7.422119379336143685e-02
7.494132613491659434e-02
7.566455280177590559e-02
7.639086526501016883e-02
7.712025493490411165e-02
7.785271316103051231e-02
7.858823123230705698e-02
7.932680037709465004e-02
8.006841176330149745e-02
8.081305649848530281e-02
8.156072562998033237e-02
8.231141014503923214e-02
8.306510097095506917e-02
8.382178897521003202e-02
8.458146496562814198e-02
8.534411969051808322e-02
8.610974383882058492e-02
8.687832804026296429e-02
8.764986286550399686e-02
8.842433882626675457e-02
8.920174637549370400e-02
8.998207590745768703e-02
9.076531775791500667e-02
9.155146220419822789e-02
9.234049946534647613e-02
9.313241970220256793e-02
9.392721301750625584e-02
9.472486945599266350e-02
9.552537900445536023e-02
9.632873159183616418e-02
9.713491708927984858e-02
9.794392531019170678e-02
9.875574601028071220e-02
9.957036888762271776e-02
1.003877835826809395e-01
1.012079796783397628e-01
1.020309466999508308e-01
1.028566741153426056e-01
1.036851513348585468e-01
1.045163677113682271e-01
1.053503125403011664e-01
1.061869750596592943e-01
1.070263444500598737e-01
1.078684098347468673e-01
1.087131602796382879e-01
1.095605847933560223e-01
1.104106723272510748e-01
1.112634117754754404e-01
1.121187919750271794e-01
1.129768017058184054e-01
1.138374296907157107e-01
1.147006645956607784e-01
1.155664950297200511e-01
1.164349095452023447e-01
1.173058966377570067e-01
1.181794447464758896e-01
1.190555422540479497e-01
1.199341774868652455e-01
1.208153387151945368e-01
1.216990141533175057e-01
1.225851919597061301e-01
1.234738602371911464e-01
1.243650070331784319e-01
1.252586203398240172e-01
1.261546880942664151e-01
1.270531981788451947e-01
1.279541384213364053e-01
1.288574965952195561e-01
1.297632604199051853e-01
1.306714175610458051e-01
1.315819556308080729e-01
1.324948621881659461e-01
1.334101247392304734e-01
1.343277307375498053e-01
1.352476675844725973e-01
1.361699226294944554e-01
1.370944831706055467e-01
1.380213364547084043e-01
1.389504696779824688e-01
1.398818699862836579e-01
1.408155244755969482e-01
1.417514201924506834e-01
1.426895441343681570e-01
1.436298832503454803e-01
1.445724244413140180e-01
1.455171545606447903e-01
1.464640604146495162e-01
1.474131287630896237e-01
1.483643463197308054e-01
1.493176997528970762e-01
1.502731756859778112e-01
1.512307606980705654e-01
1.521904413245158683e-01
1.531522040575052368e-01
1.541160353467112554e-01
1.550819215998823219e-01
1.560498491834797774e-01
1.570198044233209189e-01
1.579917736052219857e-01
1.589657429756570484e-01
1.599416987424219228e-01
1.609196270753133207e-01
1.618995141067909316e-01
1.628813459326892699e-01
1.638651086128697365e-01
1.648507881719434298e-01
1.658383705999474933e-01
1.668278418530468599e-01
1.678191878542335813e-01
1.688123944940380372e-01
1.698074476311927095e-01
1.708043330933695092e-01
1.718030366778339757e-01
1.728035441521611482e-01
1.738058412548992571e-01
1.748099136962689981e-01
1.758157471588032150e-01
1.768233272980523352e-01
1.778326397432097306e-01
1.788436700977390770e-01
1.798564039400394332e-01
1.808708268240529771e-01
1.818869242798624164e-01
1.829046818142797681e-01
1.839240849114501530e-01
1.849451190333374351e-01
1.859677696203238528e-01
1.869920220917042630e-01
1.880178618461666451e-01
1.890452742622764082e-01
1.900742446988889223e-01
1.911047584956074852e-01
1.921368009731276305e-01
1.931703574336362805e-01
1.942054131611058720e-01
1.952419534216014441e-01
1.962799634635326862e-01
1.973194285178998530e-01
1.983603337984663484e-01
1.994026645019348620e-01
2.004464058080588917e-01
2.014915428797037500e-01
2.025380608629247237e-01
2.035859448869616894e-01
2.046351800642198238e-01
2.056857514901871131e-01
2.067376442433663253e-01
2.077908433850808034e-01
2.088453339593696334e-01
2.099011009927543026e-01
2.109581294939742724e-01
2.120164044537897197e-01
2.130759108445957895e-01
2.141366336201804832e-01
2.151985577153160967e-01
2.162616680454343410e-01
2.173259495061868329e-01
2.183913869730447488e-01
2.194579653008997544e-01
2.205256693235770060e-01
2.215944838534103234e-01
2.226643936807569113e-01
2.237353835735557406e-01
2.248074382768057156e-01
2.258805425121274968e-01
2.269546809772916285e-01
2.280298383457237399e-01
2.291059992660411382e-01
2.301831483616350593e-01
2.312612702301696799e-01
2.323403494432096927e-01
2.334203705457545408e-01
2.345013180558680743e-01
2.355831764642885295e-01
2.366659302340502480e-01
2.377495638001683731e-01
2.388340615692880753e-01
2.399194079194310603e-01
2.410055871996581167e-01
2.420925837298479322e-01
2.431803818004565354e-01
2.442689656723145142e-01
2.453583195763994751e-01
2.464484277137156953e-01
2.475392742551024150e-01
2.486308433410919505e-01
2.497231190818007263e-01
2.508160855568303815e-01
2.519097268151553326e-01
2.530040268750465837e-01
2.540989697239580125e-01
2.551945393184945621e-01
2.562907195843186492e-01
2.573874944160945422e-01
2.584848476774020409e-01
2.595827632006765251e-01
2.606812247871085342e-01
2.617802162066015792e-01
2.628797211976287018e-01
2.639797234671893977e-01
2.650802066906214893e-01
2.661811545115560507e-01
2.672825505417682490e-01
2.683843783609875522e-01
2.694866215167730505e-01
2.705892635243633548e-01
2.716922878664695395e-01
2.727956779930884590e-01
2.738994173213085137e-01
2.750034892351264637e-01
2.761078770852199438e-01
2.772125641887387415e-01
2.783175338290916900e-01
2.794227692557739173e-01
2.805282536841183783e-01
2.816339702951376478e-01
2.827399022353450642e-01
2.838460326165624936e-01
2.849523445158488877e-01
2.860588209753031630e-01
2.871654450020504346e-01
2.882721995681247207e-01
2.893790676105447712e-01
2.904860320312210309e-01
2.915930756971281679e-01
2.927001814403629165e-01
2.938073320583434178e-01
2.949145103140194402e-01
2.960216989361955653e-01
2.971288806198134624e-01
2.982360380264215127e-01
2.993431537846283907e-01
3.004502104906533466e-01
3.015571907089775183e-01
3.026640769729738722e-01
3.037708517857138912e-01
3.048774976207862530e-01
3.059839969232469592e-01
3.070903321105716843e-01
3.081964855736816222e-01
3.093024396781499097e-01
3.104081767653680268e-01
3.115136791537854166e-01
3.126189291402778347e-01
3.137239090015650489e-01
3.148286009956260401e-01
3.159329873632774066e-01
3.170370503297133546e-01
3.181407721061706440e-01
3.192441348915734944e-01
3.203471208742593168e-01
3.214497122338076385e-01
3.225518911427597279e-01
3.236536397685091382e-01
3.247549402751374048e-01
3.258557748253229636e-01
3.269561255822117651e-01
3.280559747113773739e-01
3.291553043826638270e-01
3.302540967722261689e-01
3.313523340643329540e-01
3.324499984533687003e-01
3.335470721456862964e-01
3.346435373614774500e-01
3.357393763366608996e-01
3.368345713247055118e-01
3.379291045983798258e-01
3.390229584515058181e-01
3.401161152007173283e-01
3.412085571869832301e-01
3.423002667773276664e-01
3.433912263662289299e-01
3.444814183771500171e-01
3.455708252638990396e-01
3.466594295118822777e-01
3.477472136393347513e-01
3.488341601984348839e-01
3.499202517763657649e-01
3.510054709961170083e-01
3.520898005174091794e-01
3.531732230373259007e-01
3.542557212909258069e-01
3.553372780516423912e-01
3.564178761317597366e-01
3.574974983824956709e-01
3.585761276941223374e-01
3.596537469959963929e-01
3.607303392563275812e-01
3.618058874818659287e-01
3.628803747175514127e-01
3.639537840458904050e-01
3.650260985863303942e-01
3.660973014944304826e-01
3.671673759610050158e-01
3.682363052110310675e-01
3.693040725025638071e-01
3.703706611255702108e-01
3.714360544005740339e-01
3.725002356772216250e-01
3.735631883330101655e-01
3.746248957715860306e-01
3.756853414213590647e-01
3.767445087338542886e-01
3.778023811821289435e-01
3.788589422591838174e-01
3.799141754763701306e-01
3.809680643617893714e-01
3.820205924588180313e-01
3.830717433245489079e-01
3.841215005283972750e-01
3.851698476507132707e-01
3.862167682815043079e-01
3.872622460192111093e-01
3.883062644696775867e-01
3.893488072451286586e-01
3.903898579632378296e-01
3.914294002465220634e-01
3.924674177216055937e-01
3.935038940187552403e-01
3.945388127716299986e-01
3.955721576169106690e-01
3.966039121944113233e-01
3.976340601469894320e-01
3.986625851208974169e-01
3.996894707659831014e-01
4.007147007362896751e-01
4.017382586905779429e-01
4.027601282930021176e-01
4.037802932140081569e-01
4.047987371312523619e-01
4.058154437305702134e-01
4.068303967070398541e-01
4.078435797662450235e-01
4.088549766253675166e-01
4.098645710145524257e-01
4.108723466781787348e-01
4.118782873761422936e-01
4.128823768852546428e-01
4.138845990004836328e-01
4.148849375363945491e-01
4.158833763284314200e-01
4.168798992341019027e-01
4.178744901343110496e-01
4.188671329345394212e-01
4.198578115659838406e-01
4.208465099866587344e-01
4.218332121824863723e-01
4.228179021681424121e-01
4.238005639881271547e-01
4.247811817175579652e-01
4.257597394629937249e-01
4.267362213631587520e-01
4.277106115897085226e-01
4.286828943478721565e-01
4.296530538770689800e-01
4.306210744515684419e-01
4.315869403810413951e-01
4.325506360111705528e-01
4.335121457242336329e-01
4.344714539397476205e-01
4.354285451150188280e-01
4.363834037458529935e-01
4.373360143672061495e-01
4.382863615539102087e-01
4.392344299214120951e-01
4.401802041265989729e-01
4.411236688685611362e-01
4.420648088894538752e-01
4.430036089754388895e-01
4.439400539574566151e-01
4.448741287121429910e-01
4.458058181627160277e-01
4.467351072797769995e-01
4.476619810820974821e-01
4.485864246373797437e-01
4.495084230628881294e-01
4.504279615260118885e-01
4.513450252448095723e-01
4.522595994882638859e-01
4.531716695766995207e-01
4.540812208817893714e-01
4.549882388266832112e-01
4.558927088858501508e-01
4.567946165848815743e-01
4.576939475002533286e-01
4.585906872588358385e-01
4.594848215373869005e-01
4.603763360619685385e-01
4.612652166072529480e-01
4.621514489957118110e-01
4.630350190968925972e-01
4.639159128263795062e-01
4.647941161448810310e-01
4.656696150573355619e-01
4.665423956116342974e-01
4.674124438977141915e-01
4.682797460463402062e-01
4.691442882279805437e-01
4.700060566516172655e-01
4.708650375636313501e-01
4.717212172467052378e-01
4.725745820186079693e-01
4.734251182312823047e-01
4.742728122698914861e-01
4.751176505519162929e-01
4.759596195265450858e-01
4.767987056741680996e-01
4.776348955059708801e-01
4.784681755638094947e-01
4.792985324204492303e-01
4.801259526797472810e-01
4.809504229774109740e-01
4.817719299818702949e-01
4.825904603954569438e-01
4.834060009558766580e-01
4.842185384379613100e-01
4.850280596557137724e-01
4.858345514646492114e-01
4.866380007642603367e-01
4.874383945009613806e-01
4.882357196710662706e-01
4.890299633239920118e-01
4.898211125656455889e-01
4.906091545620413497e-01
4.913940765427899371e-01
4.921758658048460133e-01
4.929545097161402434e-01
4.937299957191050304e-01
4.945023113342625343e-01
4.952714441634097908e-01
4.960373818927940603e-01
4.968001122960004623e-01
4.975596232363335703e-01
4.983159026693527172e-01
4.990689386445841813e-01
4.998187193073201917e-01
5.005652328999360412e-01
5.013084677629128239e-01
5.020484123358132100e-01
5.027850551579042815e-01
5.035183848685466090e-01
5.042483902077774527e-01
5.049750600163580572e-01
5.056983832361259257e-01
5.064183489099945978e-01
5.071349461819195659e-01
5.078481642966926612e-01
5.085579925996273065e-01
5.092644205357481635e-01
5.099674376487861593e-01
5.106670335794101234e-01
5.113631980631175855e-01
5.120559209270379997e-01
5.127451920860609524e-01
5.134310015378553693e-01
5.141133393567348664e-01
5.147921956865511017e-01
5.154675607322426467e-01
5.161394247504033084e-01
5.168077780386497455e-01
5.174726109243514838e-01
5.181339137523133243e-01
5.187916768720799432e-01
5.194458906249158625e-01
5.200965453307919706e-01
5.207436312750954865e-01
5.213871386961964616e-01
5.220270577729841932e-01
5.226633786134221582e-01
5.232960912433948231e-01
5.239251855966878813e-01
5.245506515054099150e-01
5.251724786914995224e-01
5.257906567587389279e-01
5.264051751857112826e-01
5.270160233195179122e-01
5.276231903703370030e-01
5.282266654067245826e-01
5.288264373520633610e-01
5.294224949819971160e-01
5.300148269230799958e-01
5.306034216530732817e-01
5.311882675022688849e-01
5.317693526571568574e-01
5.323466651655581749e-01
5.329201929441165220e-01
5.334899237872992028e-01
5.340558453787973558e-01
5.346179453047800179e-01
5.351762110688353946e-01
5.357306301085117406e-01
5.362811898133262867e-01
5.368278775438378725e-01
5.373706806518121493e-01
5.379095865010804500e-01
5.384445824893435706e-01
5.389756560704286326e-01
5.395027947773775034e-01
5.400259862458931526e-01
5.405452182386013549e-01
5.410604786693732349e-01
5.415717556277993561e-01
5.420790374031191350e-01
5.425823125072656294e-01
5.430815696958694039e-01
5.435767979870845812e-01
5.440679866764029926e-01
5.445551253479007370e-01
5.450382038806965701e-01
5.455172124504724662e-01
5.459921415263522260e-01
5.464629818633047753e-01
5.469297244907456168e-01
5.473923606983769341e-01
5.478508820200334029e-01
5.483052802165953032e-01
5.487555472590198713e-01
5.492016753123463157e-01
5.496436567212366064e-01
5.500814839981738036e-01
5.505151498143154853e-01
5.509446469941343683e-01
5.513699685134483275e-01
5.517911075020218714e-01
5.522080572498645479e-01
5.526208112174362252e-01
5.530293630487619350e-01
5.534337065863901284e-01
5.538338358862628930e-01
5.542297452307596295e-01
5.546214291373821048e-01
5.550088823609691246e-01
5.553920998874777304e-01
5.557710769183396016e-01
5.561458088448549830e-01
5.565162912135673823e-01
5.568825196844107150e-01
5.572444899844897215e-01
5.576021978602193618e-01
5.579556390313940017e-01
5.583048091495653731e-01
5.586497037624094109e-01
5.589903182850725072e-01
5.593266479777612155e-01
5.596586879282020588e-01
5.599864330374028087e-01
5.603098780064662554e-01
5.606290173226918805e-01
5.609438452433964661e-01
5.612543557763777224e-01
5.615605426566556702e-01
5.618623993186758758e-01
5.621599188640783451e-01
5.624530940251853961e-01
5.627419171243385199e-01
5.630263800307351296e-01
5.633064741163389400e-01
5.635821902145262685e-01
5.638535185854237630e-01
5.641204488927864524e-01
5.643829701971008195e-01
5.646410709684565044e-01
5.648947391211252000e-01
5.651439620689163723e-01
5.653887267981692055e-01
5.656290199528712925e-01
5.658648279246941692e-01
5.660961369413686217e-01
5.663229331466886896e-01
5.665452026692407994e-01
5.667629316782996085e-01
5.669761064298191044e-01
5.671847133087140058e-01
5.673887388753930949e-01
5.675881699269171854e-01
5.677829935822145124e-01
5.679731973980014503e-01
5.681587695166731011e-01
5.683396988395458260e-01
5.685159752096369257e-01
5.686875895815108883e-01
5.688545341506957564e-01
5.690168024180904949e-01
5.691743891730943750e-01
5.693272903931815287e-01
5.694755030727264300e-01
5.696190250081846207e-01
5.697578545723184229e-01
5.698919905092628690e-01
5.700214317718624857e-01
5.701461774085323508e-01
5.702662264909804657e-01
5.703815780636752875e-01
5.704922310926482387e-01
5.705981843957881328e-01
5.706994365493238686e-01
5.707959857788365010e-01
5.708878298560714493e-01
5.709749660294830553e-01
5.710573910151596211e-01
5.711351010683776153e-01
5.712080921427897806e-01
5.712763601326354967e-01
5.713399011804659589e-01
5.713987120217164373e-01
5.714527903273387555e-01
5.715021349968809616e-01
5.715467463508253632e-01
5.715866261782338587e-01
5.716217776164379538e-01
5.716522048731774719e-01
5.716779128402652566e-01
5.716989066760087557e-01
5.717151914436692239e-01
5.717267718737687465e-01
5.717336522801466092e-01
5.717358366128046931e-01
5.717333285929708797e-01
5.717261318577130380e-01
5.717142500471080746e-01
5.716976867930102513e-01
5.716764456030166697e-01
5.716505296689031734e-01
5.716199416552341095e-01
5.715846835325305575e-01
5.715447565101758887e-01
5.715001610905859897e-01
5.714508972184570990e-01
5.713969644475015430e-01
5.713383620106805560e-01
5.712750886779089932e-01
5.712071423311784191e-01
5.711345192690451267e-01
5.710572133517651805e-01
5.709752151749677429e-01
5.708885114825067442e-01
5.707970849889040243e-01
5.707009146900628993e-01
5.705999766297291664e-01
5.704942449940793026e-01
5.703836933502899331e-01
5.702682958377659483e-01
5.701480281565612929e-01
5.700228682668804225e-01
5.698927967914843018e-01
5.697577971741263347e-01
5.696178556633173518e-01
5.694729611630579003e-01
5.693231049528607590e-01
5.691682802771553806e-01
5.690084818587058946e-01
5.688437054782591318e-01
5.686739478224092093e-01
5.684992067821571515e-01
5.683194822629439313e-01
5.681347773699494397e-01
5.679450996222775716e-01
5.677504617270932030e-01
5.675508814963422521e-01
5.673463807414718119e-01
5.671369833477554190e-01
5.669227130461437225e-01
5.667035915103076915e-01
5.664796372565601423e-01
5.662508655012598036e-01
5.660172887905642325e-01
5.657789180087634540e-01
5.655357633382170901e-01
5.652878348474470460e-01
5.650351425431551222e-01
5.647776958816045356e-01
5.645155028819563992e-01
5.642485691133213299e-01
5.639768969119408615e-01
5.637004851682329010e-01
5.634193298733812805e-01
5.631334253764124220e-01
5.628427660909078867e-01
5.625473483129608265e-01
5.622471718764474602e-01
5.619422414756929385e-01
5.616325675470626999e-01
5.613181666214198673e-01
5.609990611232178459e-01
5.606752787317802467e-01
5.603468515710684494e-01
5.600138155403169282e-01
5.596762099659569056e-01
5.593340774861043085e-01
5.589874638228609083e-01
5.586364170542608143e-01
5.582809862532608358e-01
5.579212197814129581e-01
5.575571638103410388e-01
5.571888615562409219e-01
5.568163532873129373e-01
5.564396766867075739e-01
5.560588669274155738e-01
5.556739559564453090e-01
5.552849708955357455e-01
5.548919319700367225e-01
5.544948507710970587e-01
5.540937297281369744e-01
5.536885632833818960e-01
5.532793405129798892e-01
5.528660482022872413e-01
5.524486730949567104e-01
5.520272023864547517e-01
5.516016223390594053e-01
5.511719157431219651e-01
5.507380594848623190e-01
5.503000235482748970e-01
5.498577723470469136e-01
5.494112683921046347e-01
5.489604772104138553e-01
5.485053717145200736e-01
5.480459344495102192e-01
5.475821573094560302e-01
5.471140396803284567e-01
5.466415866023041081e-01
5.461648080836093433e-01
5.456837195947418229e-01
5.451983428744263671e-01
5.447087060490205523e-01
5.442148426271723460e-01
5.437167896509255138e-01
5.432145856621413138e-01
5.427082690448707947e-01
5.421978769418470678e-01
5.416834446316854956e-01
5.411650051855169119e-01
5.406425893793496140e-01
5.401162259895431195e-01
5.395859424736302312e-01
5.390517656397458834e-01
5.385137216747802880e-01
5.379718353109225193e-01
5.374261287913548735e-01
5.368766217500104965e-01
5.363233324461481599e-01
5.357662794880752033e-01
5.352054825734975374e-01
5.346409615624825307e-01
5.340727346054920943e-01
5.335008167156416459e-01
5.329252196466256475e-01
5.323459529425529357e-01
5.317630254738479056e-01
5.311764468637792946e-01
5.305862285801347111e-01
5.299923847854879355e-01
5.293949332006210318e-01
5.287938961745042299e-01
5.281893018633427861e-01
5.275811850806293446e-01
5.269695872989906826e-01
5.263545556234239253e-01
5.257361411255394579e-01
5.251143972609771948e-01
5.244893788200978291e-01
5.238611411915745641e-01
5.232297393957383580e-01
5.225952268522042754e-01
5.219576546076324375e-01
5.213170716216225520e-01
5.206735255122311168e-01
5.200270622934672904e-01
5.193777244673994931e-01
5.187255487293260803e-01
5.180705652700386965e-01
5.174127991322451381e-01
5.167522719569591638e-01
5.160890022159435597e-01
5.154230038470983821e-01
5.147542848117157011e-01
5.140828467584785955e-01
5.134086855718771325e-01
5.127317920248010141e-01
5.120521523901789829e-01
5.113697493918790693e-01
5.106845634829781932e-01
5.099965738454050879e-01
5.093057586495188804e-01
5.086120947831781480e-01
5.079155575599839656e-01
5.072161205775582715e-01
5.065137555148799819e-01
5.058084317931568208e-01
5.051001165109826330e-01
5.043887752602496111e-01
5.036743739735457526e-01
5.029568811700816378e-01
5.022362695724567061e-01
5.015125164486307074e-01
5.007856028393318226e-01
5.000555123139980296e-01
4.993222297581538793e-01
4.985857403760676765e-01
4.978460291656880421e-01
4.971030814139903442e-01
4.963568845019555309e-01
4.956074302866271264e-01
4.948547165155160465e-01
4.940987462539049857e-01
4.933395258800460925e-01
4.925770632137865257e-01
4.918113667716917936e-01
4.910424458317493857e-01
4.902703105738482336e-01
4.894949723988338275e-01
4.887164453108286399e-01
4.879347486889903940e-01
4.871499102887064114e-01
4.863619676206648590e-01
4.855709669483537771e-01
4.847769610143394803e-01
4.839800073328610064e-01
4.831801677913199478e-01
4.823775086413714108e-01
4.815720994347671979e-01
4.807640104345995979e-01
4.799533093848171172e-01
4.791400589957304224e-01
4.783243158943246698e-01
4.775061308257468329e-01
4.766855493146671674e-01
4.758626119863873516e-01
4.750373540891902890e-01
4.742098042540009994e-01
4.733799830695836763e-01
4.725479024298079311e-01
4.717135663938111789e-01
4.708769732996648250e-01
4.700381177570631119e-01
4.691969911830234929e-01
4.683535810727531556e-01
4.675078706680313445e-01
4.666598402181146854e-01
4.658094690270500049e-01
4.649567364720854079e-01
4.641016215346195350e-01
4.632441023856000983e-01
4.623841576180610091e-01
4.615217687488229470e-01
4.606569220444362012e-01
4.597896083857262450e-01
4.589198218963429499e-01
4.580475591338527552e-01
4.571728197501068180e-01
4.562956078583284003e-01
4.554159327182220052e-01
4.545338082196622165e-01
4.536492518542230012e-01
4.527622841418373345e-01
4.518729287710234188e-01
4.509812129308666262e-01
4.500871671788362893e-01
4.491908246006467431e-01
4.482922194602489419e-01
4.473913857242188263e-01
4.464883558357068960e-01
4.455831600091681444e-01
4.446758260979049027e-01
4.437663797467649163e-01
4.428548442791895856e-01
4.419412398871614411e-01
4.410255822871485543e-01
4.401078817169772339e-01
4.391881433329966056e-01
4.382663693484405432e-01
4.373425620000648273e-01
4.364167255967523196e-01
4.354888662480658201e-01
4.345589892324092651e-01
4.336270953586774946e-01
4.326931781099205288e-01
4.317572226470521857e-01
4.308192065887870292e-01
4.298791017802514602e-01
4.289368763251927841e-01
4.279924965273269044e-01
4.270459284979980508e-01
4.260971390694608951e-01
4.251460957608022007e-01
4.241927660119216847e-01
4.232371162985151813e-01
4.222791116466347860e-01
4.213187156267803046e-01
4.203558906369161408e-01
4.193905984085526395e-01
4.184228009076761956e-01
4.174524617390764081e-01
4.164795477527402645e-01
4.155040301858635154e-01
4.145258847920192391e-01
4.135450910211216913e-01
4.125616309508439161e-01
4.115754888100972009e-01
4.105866514908972920e-01
4.095951098122627143e-01
4.086008599591727242e-01
4.076039046358487239e-01
4.066042538312927834e-01
4.056019253631366617e-01
4.045969453784569736e-01
4.035893488360350334e-01
4.025791798845640979e-01
4.015664920981139030e-01
4.005513486441448778e-01
3.995338224411249528e-01
3.985139961522908281e-01
3.974919616896375185e-01
3.964678190637582200e-01
3.954416748648442725e-01
3.944136409087700135e-01
3.933838332409006489e-01
3.923523710671830700e-01
3.913193750608377486e-01
3.902849651507317441e-01
3.892492586094618567e-01
3.882123691146402988e-01
3.871744065402529245e-01
3.861354765636306752e-01
3.850956794660795324e-01
3.840551083514346931e-01
3.830138474755350741e-01
3.819719711085108327e-01
3.809295428165673791e-01
3.798866148556749867e-01
3.788432276078417815e-01
3.777994092836399753e-01
3.767551761111553321e-01
3.757105329514858205e-01
3.746654740205550560e-01
3.736199834098795636e-01
3.725740353687758688e-01
3.715275945973801064e-01
3.704806168722919457e-01
3.694330501550846524e-01
3.683848360691530655e-01
3.673359114499066824e-01
3.662862096448341043e-01
3.652356613367540028e-01
3.641841948383718885e-01
3.631317360224828317e-01
3.620782082584565464e-01
3.610235328196765847e-01
3.599676301019806846e-01
3.589104216402836389e-01
3.578518324872618783e-01
3.567917932928872937e-01
3.557302415991613342e-01
3.546671223827086439e-01
3.536023884084652513e-01
3.525360010985585935e-01
3.514679322272808992e-01
3.503981660626332983e-01
3.493267010643036352e-01
3.482535502761749391e-01
3.471787401137055307e-01
3.461023080050542600e-01
3.450242998629849400e-01
3.439447683659178079e-01
3.428637725333416597e-01
3.417813783832658325e-01
3.406976599524123017e-01
3.396126998964430488e-01
3.385265892276655975e-01
3.374394262120825050e-01
3.363513147548023996e-01
3.352623626433373638e-01
3.341726798761194273e-01
3.330823771230156938e-01
3.319915642503726283e-01
3.309003488248208336e-01
3.298088345767702934e-01
3.287171199102244534e-01
3.276252966296687164e-01
3.265334490545224733e-01
3.254416535905823027e-01
3.243499786656158235e-01
3.232584847957273300e-01
3.221672245100101750e-01
3.210762419568621295e-01
3.199855722060678254e-01
3.188952404526008699e-01
3.178052614248433883e-01
3.167156392574018708e-01
3.156263679433486957e-01
3.145374323083309775e-01
3.134488093231954653e-01
3.123604695259607489e-01
3.112723783507845843e-01
3.101844972323581917e-01
3.090967844391604435e-01
3.080091956678606691e-01
3.069216844932955990e-01
3.058342028069719332e-01
3.047467013822004467e-01
3.036591306654082834e-01
3.025714418034120001e-01
3.014835877931322239e-01
3.003955245381596528e-01
2.993072115877913331e-01
2.982186124559802476e-01
2.971296946189506127e-01
2.960404294424659466e-01
2.949507922751146705e-01
2.938607627665544841e-01
2.927703252722503313e-01
2.916794691521998328e-01
2.905881888952431824e-01
2.894964841747183493e-01
2.884043599949905334e-01
2.873118269790374546e-01
2.862189016833899258e-01
2.851256067567566888e-01
2.840319708278867261e-01
2.829380281362635086e-01
2.818438180006228588e-01
2.807493842126421724e-01
2.796547743936522168e-01
2.785600393226710381e-01
2.774652322581379060e-01
2.763704083054003835e-01
2.752756238870793237e-01
2.741809363363982843e-01
2.730864035755901642e-01
2.719920838002619634e-01
2.708980350946307292e-01
2.698043149498110527e-01
2.687109797219683349e-01
2.676180841113927067e-01
2.665256807464054245e-01
2.654338199201932702e-01
2.643425494750210603e-01
2.632519147826209993e-01
2.621619587467510226e-01
2.610727217577575865e-01
2.599842415519803551e-01
2.588965529653258768e-01
2.578096876110260172e-01
2.567236735482770760e-01
2.556385350319148597e-01
2.545542924307538923e-01
2.534709623695931002e-01
2.523885580912421100e-01
2.513070899686868365e-01
2.502265660510463174e-01
2.491469925241516781e-01
2.480683740151103100e-01
2.469907137511862805e-01
2.459140136596398019e-01
2.448382745275547445e-01
2.437634963079968742e-01
2.426896785765116915e-01
2.416168210465294564e-01
2.405449239925447069e-01
2.394739884344391778e-01
2.384040160050069357e-01
2.373350085284559319e-01
2.362669674386426721e-01
2.351998932238674178e-01
2.341337850799960207e-01
2.330686408867564396e-01
2.320044575181694213e-01
2.309412313965755748e-01
2.298789591356927842e-01
2.288176381138407878e-01
2.277572668672598888e-01
2.266978452701138569e-01
2.256393745392922534e-01
2.245818571439102962e-01
2.235252967024926318e-01
2.224696979239124683e-01
2.214150666081001750e-01
2.203614096870674111e-01
2.193087352687758396e-01
2.182570526496156738e-01
2.172063722812542230e-01
2.161567057042980133e-01
2.151080654823921690e-01
2.140604651771371714e-01
2.130139193926671448e-01
2.119684438946532190e-01
2.109240557799286209e-01
2.098807736507449784e-01
2.088386177400342048e-01
2.077976099423147482e-01
2.067577737267523585e-01
2.057191339367600846e-01
2.046817165054699017e-01
2.036455481320692817e-01
2.026106559664631046e-01
2.015770673413633529e-01
2.005448095753020465e-01
1.995139098532158761e-01
1.984843951771761705e-01
1.974562923708501894e-01
1.964296281175308134e-01
1.954044290112566251e-01
1.943807216026359475e-01
1.933585324242180770e-01
1.923378879840374756e-01
1.913188147215479640e-01
1.903013389264489319e-01
1.892854866281733772e-01
1.882712834706293803e-01
1.872587545906836681e-01
1.862479245190495902e-01
1.852388171175860521e-01
1.842314555582170166e-01
1.832258623376935291e-01
1.822220593123171917e-01
1.812200677309601660e-01
1.802199082451768353e-01
1.792216008829166096e-01
1.782251649844834029e-01
1.772306191125596897e-01
1.762379809566562150e-01
1.752472672535835552e-01
1.742584937390678212e-01
1.732716751341236983e-01
1.722868251595902345e-01
1.713039565663155017e-01
1.703230811695518598e-01
1.693442098824421427e-01
1.683673527499217615e-01
1.673925189883496145e-01
1.664197170353082511e-01
1.654489546096920005e-01
1.644802387776033437e-01
1.635135760174215858e-01
1.625489722784992097e-01
1.615864330314458475e-01
1.606259633115461327e-01
1.596675677587149067e-01
1.587112506569950399e-01
1.577570159748288015e-01
1.568048674054939584e-01
1.558548084069315831e-01
1.549068422412024915e-01
1.539609720160889095e-01
1.530172007330041217e-01
1.520755313457532454e-01
1.511359668328991490e-01
1.501985102835274866e-01
1.492631649924281156e-01
1.483299345582275997e-01
1.473988229764574276e-01
1.464698347210012519e-01
1.455429748097521181e-01
1.446182488540499467e-01
1.436956630942171631e-01
1.427752244260363512e-01
1.418569404230531350e-01
1.409408193585163227e-01
1.400268702290961842e-01
1.391151027795676509e-01
1.382055275263992800e-01
1.372981557765297622e-01
1.363929996377889475e-01
1.354900720180512996e-01
1.345893866117039150e-01
1.336909578733195547e-01
1.327948009802420726e-01
1.319009317867060604e-01
1.310093667726746625e-01
1.301201229908422463e-01
1.292332180145930876e-01
1.283486698890959621e-01
1.274664970868766012e-01
1.265867184682213098e-01
1.257093532459167828e-01
1.248344209534119204e-01
1.239619414147679621e-01
1.230919347149425497e-01
1.222244211686474152e-01
1.213594212867494665e-01
1.204969557393523460e-01
1.196370453157132446e-01
1.187797108814014485e-01
1.179249733343450679e-01
1.170728535612283600e-01
1.162233723961472592e-01
1.153765505831828436e-01
1.145324087437620125e-01
1.136909673490746620e-01
1.128522466967974702e-01
1.120162668905103354e-01
1.111830478197091826e-01
1.103526091379807700e-01
1.095249702371970529e-01
1.087001502161447780e-01
1.078781678429441421e-01
1.070590415117884248e-01
1.062427891954795811e-01
1.054294283963638779e-01
1.046189760988626427e-01
1.038114487269775760e-01
1.030068621100589943e-01
1.022052314593432654e-01
1.014065713569589355e-01
1.006108957577788593e-01
9.981821800348454621e-02
9.902855084690322107e-02
9.824190648416462890e-02
9.745829659156958480e-02
9.667773236418809868e-02
9.590022455341221108e-02
9.512578350142106287e-02
9.435441917114358035e-02
9.358614117125671483e-02
9.282095877646018289e-02
9.205888094374878317e-02
9.129991632596348716e-02
9.054407328386977760e-02
8.979135989805682450e-02
8.904178398160163266e-02
8.829535309422471834e-02
8.755207455814817408e-02
8.681195547568817950e-02
8.607500274821403008e-02
8.534122309606212431e-02
8.461062307892103229e-02
8.388320911621494069e-02
8.315898750726460897e-02
8.243796445107755277e-02
8.172014606574580509e-02
8.100553840760579827e-02
8.029414749030130971e-02
7.958597930392705133e-02
7.888103983425548416e-02
7.817933508206621751e-02
7.748087108237160237e-02
7.678565392323197236e-02
7.609368976380881389e-02
7.540498485120029903e-02
7.471954553568099788e-02
7.403737828390732911e-02
7.335848968989303054e-02
7.268288648355394899e-02
7.201057553674788947e-02
7.134156386700993280e-02
7.067585863903495802e-02
7.001346716420966954e-02
6.935439689857263168e-02
6.869865543937346553e-02
6.804625052064426638e-02
6.739719000801334958e-02
6.675148189300358914e-02
6.610913428700532224e-02
6.547015541504482006e-02
6.483455360952027069e-02
6.420233730389779403e-02
6.357351502647598518e-02
6.294809539420338773e-02
6.232608710662049939e-02
6.170749893984697754e-02
6.109233974067630746e-02
6.048061842073534228e-02
5.987234395067884962e-02
5.926752535444701486e-02
5.866617170352265986e-02
5.806829211117000428e-02
5.747389572668504254e-02
5.688299172960054745e-02
5.629558932387478121e-02
5.571169773202318265e-02
5.513132618926654821e-02
5.455448393761420239e-02
5.398118021999676747e-02
5.341142427439921764e-02
5.284522532800772776e-02
5.228259259146510879e-02
5.172353525316232548e-02
5.116806247363121785e-02
5.061618338008350843e-02
5.006790706101732491e-02
4.952324256099837479e-02
4.898219887559468466e-02
4.844478494642869004e-02
4.791100965642992870e-02
4.738088182522996045e-02
4.685441020473708057e-02
4.633160347487640801e-02
4.581247023951932895e-02
4.529701902256020457e-02
4.478525826419600675e-02
4.427719631738185474e-02
4.377284144445132280e-02
4.327220181390458581e-02
4.277528549741200364e-02
4.228210046694592245e-02
4.179265459213397232e-02
4.130695563778867541e-02
4.082501126161042215e-02
4.034682901208581918e-02
3.987241632661222418e-02
3.940178052978056400e-02
3.893492883189557385e-02
3.847186832770560505e-02
3.801260599532877565e-02
3.755714869541388473e-02
3.710550317050578112e-02
3.665767604463174290e-02
3.621367382308630228e-02
3.577350289243827475e-02
3.533716952070650036e-02
3.490467985774743653e-02
3.447603993578937653e-02
3.405125567014000848e-02
3.363033286004105116e-02
3.321327718963879710e-02
3.280009422908003458e-02
3.239078943569350527e-02
3.198536815527300986e-02
3.158383562339998896e-02
3.118619696683977080e-02
3.079245720497169811e-02
3.040262125124043591e-02
3.001669391463668290e-02
2.963467990116179507e-02
2.925658381531900942e-02
2.888241016157185731e-02
2.851216334580015249e-02
2.814584767673539850e-02
2.778346736736999820e-02
2.742502653633990470e-02
2.707052920929337025e-02
2.671997932020309802e-02
2.637338071268826439e-02
2.603073714126986557e-02
2.569205227262094660e-02
2.535732968678387420e-02
2.502657287835634292e-02
2.469978525765358091e-02
2.437697015184072183e-02
2.405813080604839865e-02
2.374327038445475657e-02
2.343239197134466476e-02
2.312549857214862142e-02
2.282259311445428152e-02
2.252367844899508253e-02
2.222875735061700594e-02
2.193783251921200758e-02
2.165090658064327406e-02
2.136798208762459919e-02
2.108906152059626671e-02
2.081414728855940366e-02
2.054324172989447500e-02
2.027634711314744986e-02
2.001346563780059817e-02
1.975459943500250046e-02
1.949975056828989750e-02
1.924892103427180631e-02
1.900211276329728805e-02
1.875932762009539789e-02
1.852056740439503996e-02
1.828583385152288132e-02
1.805512863297522447e-02
1.782845335697727518e-02
1.760580956901991109e-02
1.738719875238156284e-02
1.717262232863027080e-02
1.696208165811382076e-02
1.675557804043353513e-02
1.655311271491244351e-02
1.635468686104664393e-02
1.616030159894744564e-02
1.596995798978095848e-02
1.578365703619465446e-02
1.560139968274626594e-02
1.542318681631748428e-02
1.524901926653720284e-02
1.507889780619365953e-02
1.491282315164988055e-02
1.475079596325775538e-02
1.459281684577564374e-02
1.443888634878280272e-02
1.428900496710396040e-02
1.414317314122935827e-02
1.400139125774571905e-02
1.386365964976478057e-02
1.372997859736521144e-02
1.360034832803248654e-02
1.347476901710767047e-02
1.335324078824319007e-02
1.323576371386377126e-02
1.312233781563005783e-02
1.301296306491889557e-02
1.290763938329904902e-02
1.280636664301837771e-02
1.270914466749390424e-02
1.261597323181939782e-02
1.252685206326134039e-02
1.244178084177281589e-02
1.236075920050805008e-02
1.228378672634200704e-02
1.221086296039682918e-02
