3.476316755120680821e-05
9.471189889395746403e-07
3.944469804979380402e-06
1.013497347651154213e-05
1.989271905628032706e-05
3.335986157103776345e-05
5.057324130633838739e-05
7.153265216956575278e-05
9.622880338305025809e-05
1.246529682942453747e-04
1.567993432311721633e-04
1.926649183843787963e-04
2.322487392821194930e-04
2.755511948613494056e-04
3.225734880405135363e-04
3.733172831472164111e-04
4.277844849591891895e-04
4.859771053696060653e-04
5.478971849442360216e-04
6.135467476044656086e-04
6.829277748291780886e-04
7.560421911891097467e-04
8.328918564111995439e-04
9.134785612018249314e-04
9.978040252458181616e-04
1.085869896480564202e-03
1.177677751131492962e-03
1.273229094213608990e-03
1.372525360325968806e-03
1.475567914635608898e-03
1.582358053986310286e-03
1.692897008090583607e-03
1.807185940776749253e-03
1.925225951271044168e-03
2.047018075500230475e-03
2.172563287403476637e-03
2.301862500244904967e-03
2.434916567919747331e-03
2.571726286248637080e-03
2.712292394255388147e-03
2.856615575424539463e-03
3.004696458935351370e-03
3.156535620869883960e-03
3.312133585392510165e-03
3.471490825899441971e-03
3.634607766136034156e-03
3.801484781280911000e-03
3.972122198995496969e-03
4.146520300437626060e-03
4.324679321238623919e-03
4.506599452442795924e-03
4.692280841408334562e-03
4.881723592669606239e-03
5.074927768759237602e-03
5.271893390990643226e-03
5.472620440199385712e-03
5.677108857443905095e-03
5.885358544664729373e-03
6.097369365302248573e-03
6.313141144872683706e-03
6.532673671502618393e-03
6.755966696421142510e-03
6.983019934410846473e-03
7.213833064217091071e-03
7.448405728915852980e-03
7.686737536240813816e-03
7.928828058869730883e-03
8.174676834670756634e-03
8.424283366909320059e-03
8.677647124416078273e-03
8.934767541716757966e-03
9.195644019124628310e-03
9.460275922796895082e-03
9.728662584754943152e-03
1.000080330287091493e-02
1.027669734082025700e-02
1.055634392800240337e-02
1.083974225943035684e-02
1.112689149559048345e-02
1.141779076227385746e-02
1.171243915038003985e-02
1.201083571569596872e-02
1.231297947864953835e-02
1.261886942404039785e-02
1.292850450074948740e-02
1.324188362142805428e-02
1.355900566216825670e-02
1.387986946215643939e-02
1.420447382331013406e-02
1.453281750990183599e-02
1.486489924816838774e-02
1.520071772590995789e-02
1.554027159207828530e-02
1.588355945635655520e-02
1.623057988873204474e-02
1.658133141906182467e-02
1.693581253663474506e-02
1.729402168973019974e-02
1.765595728517359644e-02
1.802161768789228846e-02
1.839100122047164845e-02
1.876410616271242254e-02
1.914093075119169957e-02
1.952147317882785282e-02
1.990573159445063398e-02
2.029370410237908359e-02
2.068538876200582202e-02
2.108078358739204350e-02
2.147988654687174939e-02
2.188269556266898147e-02
2.228920851052673333e-02
2.269942321935141186e-02
2.311333747087217227e-02
2.353094899931703482e-02
2.395225549110819099e-02
2.437725458457594072e-02
2.480594386969431353e-02
2.523832088783836344e-02
2.567438313156508722e-02
2.611412804441978069e-02
2.655755302076797178e-02
2.700465540565487321e-02
2.745543249469213978e-02
2.790988153397660348e-02
2.836799972003592810e-02
2.882978419980875354e-02
2.929523207065311274e-02
2.976434038038991772e-02
3.023710612737631059e-02
3.071352626061326849e-02
3.119359767988320875e-02
3.167731723591989818e-02
3.216468173060792191e-02
3.265568791721180919e-02
3.315033250063159631e-02
3.364861213768325504e-02
3.415052343740228313e-02
3.465606296136636982e-02
3.516522722403340323e-02
3.567801269309290452e-02
3.619441578982313806e-02
3.671443288945387684e-02
3.723806032152461587e-02
3.776529437023567332e-02
3.829613127478525419e-02
3.883056722968680069e-02
3.936859838505911424e-02
3.991022084688301830e-02
4.045543067721844854e-02
4.100422389437168719e-02
4.155659647301011839e-02
4.211254434421554671e-02
4.267206339546718297e-02
4.323514947055110552e-02
4.380179836938880716e-02
4.437200584777725720e-02
4.494576761703785589e-02
4.552307934356727287e-02
4.610393664828887211e-02
4.668833510599690317e-02
4.727627024459737926e-02
4.786773754423811339e-02
4.846273243633120870e-02
4.906125030246588636e-02
4.966328647321573142e-02
5.026883622684119590e-02
5.087789478789068315e-02
5.149045732570572964e-02
5.210651895283733431e-02
5.272607472337589168e-02
5.334911963120653189e-02
5.397564860819887428e-02
5.460565652233447670e-02
5.523913817579178404e-02
5.587608830298992912e-02
5.651650156861032226e-02
5.716037256560229513e-02
5.780769581319000761e-02
5.845846575488886782e-02
5.911267675654616194e-02
5.977032310442019492e-02
6.043139900330532499e-02
6.109589857471994095e-02
6.176381585516806799e-02
6.243514479448196430e-02
6.310987925426403411e-02
6.378801300642937544e-02
6.446953973186574094e-02
6.515445301921450605e-02
6.584274636378031897e-02
6.653441316658068039e-02
6.722944673353294098e-02
6.792784027479285835e-02
6.862958690423806574e-02
6.933467963910899812e-02
7.004311139980061440e-02
7.075487500980627564e-02
7.146996319582367418e-02
7.218836858800552203e-02
7.291008372036378304e-02
7.363510103131948314e-02
7.436341286439714093e-02
7.509501146905803171e-02
7.582988900166175161e-02
7.656803752655995388e-02
7.730944901730582575e-02
7.805411535797471267e-02
7.880202834459100469e-02
7.955317968664790684e-02
8.030756100871117020e-02
8.106516385209915077e-02
8.182597967662591509e-02
8.258999986240067592e-02
8.335721571166193611e-02
8.412761845065058752e-02
8.490119923149326564e-02
8.567794913409550184e-02
8.645785916802498083e-02
8.724092027437825581e-02
8.802712332761299108e-02
8.881645913734147191e-02
8.960891845006059564e-02
9.040449195082801703e-02
9.120317026484947576e-02
9.200494395899230793e-02
9.280980354319806613e-02
9.361773947179617694e-02
9.442874214471194683e-02
9.524280190856276862e-02
9.605990905763647780e-02
9.688005383475772891e-02
9.770322643203159518e-02
9.852941699147188537e-02
9.935861560551281779e-02
1.001908123174060500e-01
1.010259971215134167e-01
1.018641599634871192e-01
1.027052907403562809e-01
1.035493793005190649e-01
1.043964154436448633e-01
1.052463889204985348e-01
1.060992894326913544e-01
1.069551066323638777e-01
1.078138301218103112e-01
1.086754494530480925e-01
1.095399541273465727e-01
1.104073335947105966e-01
1.112775772533340229e-01
1.121506744490264329e-01
1.130266144746201323e-01
1.139053865693579054e-01
1.147869799182803241e-01
1.156713836516032184e-01
1.165585868441006978e-01
1.174485785145004957e-01
1.183413476248892926e-01
1.192368830801470991e-01
1.201351737274024556e-01
1.210362083555271001e-01
1.219399756946684260e-01
1.228464644158304281e-01
1.237556631305071903e-01
1.246675603903706214e-01
1.255821446870286906e-01
1.264994044518414906e-01
1.274193280558182373e-01
1.283419038095809650e-01
1.292671199634067014e-01
1.301949647073508687e-01
1.311254261714410452e-01
1.320584924259461945e-01
1.329941514817280790e-01
1.339323912906528746e-01
1.348731997460708709e-01
1.358165646833620344e-01
1.367624738805285622e-01
1.377109150588358144e-01
1.386618758834992360e-01
1.396153439643945393e-01
1.405713068568029966e-01
1.415297520621650873e-01
1.424906670288454136e-01
1.434540391529065539e-01
1.444198557788699822e-01
1.453881042004711577e-01
1.463587716613981848e-01
1.473318453560135965e-01
1.483073124300466616e-01
1.492851599812698160e-01
1.502653750601340155e-01
1.512479446703882402e-01
1.522328557696651374e-01
1.532200952700393248e-01
1.542096500385567726e-01
1.552015068977494472e-01
1.561956526261124578e-01
1.571920739585781213e-01
1.581907575869595517e-01
1.591916901603845358e-01
1.601948582857238568e-01
1.612002485279981634e-01
1.622078474107870039e-01
1.632176414166302270e-01
1.642296169874182254e-01
1.652437605247955299e-01
1.662600583905429197e-01
1.672784969069647520e-01
1.682990623572829525e-01
1.693217409860057476e-01
1.703465189993121076e-01
1.713733825654171206e-01
1.724023178149295676e-01
1.734333108412050573e-01
1.744663477006750119e-01
1.755014144131709919e-01
1.765384969622194322e-01
1.775775812953187816e-01
1.786186533241955754e-01
1.796616989250294505e-01
1.807067039386431873e-01
1.817536541706729347e-01
1.828025353916912510e-01
1.838533333372977807e-01
1.849060337081777361e-01
1.859606221701057549e-01
1.870170843539222527e-01
1.880754058554564845e-01
1.891355722354188529e-01
1.901975690192364010e-01
1.912613816968524172e-01
1.923269957224815196e-01
1.933943965143220811e-01
1.944635694542300453e-01
1.955344998873424778e-01
1.966071731216773866e-01
1.976815744276836095e-01
1.987576890377577565e-01
1.998355021457326741e-01
2.009149989063270247e-01
2.019961644345694141e-01
2.030789838051933749e-01
2.041634420520027637e-01
2.052495241672199211e-01
2.063372151008115996e-01
2.074264997597805860e-01
2.085173630074618756e-01
2.096097896627835411e-01
2.107037644995195802e-01
2.117992722455331878e-01
2.128962975820009595e-01
2.139948251426330439e-01
2.150948395128815249e-01
2.161963252291461690e-01
2.172992667779738429e-01
2.184036485952559337e-01
2.195094550654254906e-01
2.206166705206548950e-01
2.217252792400674077e-01
2.228352654489464679e-01
2.239466133179575102e-01
2.250593069623926246e-01
2.261733304414307588e-01
2.272886677574066094e-01
2.284053028551299436e-01
2.295232196212170228e-01
2.306424018834689338e-01
2.317628334102805610e-01
2.328844979101077906e-01
2.340073790309774304e-01
2.351314603600526687e-01
2.362567254232712244e-01
2.373831576850391201e-01
2.385107405480124121e-01
2.396394573529428140e-01
2.407692913786238786e-01
2.419002258419264140e-01
2.430322438979244104e-01
2.441653286401333223e-01
2.452994631008625637e-01
2.464346302516697285e-01
2.475708130039590837e-01
2.487079942096851459e-01
2.498461566622125207e-01
2.509852830973041682e-01
2.521253561942604082e-01
2.532663585771932624e-01
2.544082728164806517e-01
2.555510814303593170e-01
2.566947668866892962e-01
2.578393116048680045e-01
2.589846979579345509e-01
2.601309082748120005e-01
2.612779248427324341e-01
2.624257299098151641e-01
2.635743056878053214e-01
2.647236343549508319e-01
2.658736980590489796e-01
2.670244789205936664e-01
2.681759590360701662e-01
2.693281204813349761e-01
2.704809453150961995e-01
2.716344155824617079e-01
2.727885133185385391e-01
2.739432205520527797e-01
2.750985193089802716e-01
2.762543916161426805e-01
2.774108195047633729e-01
2.785677850139399725e-01
2.797252701940046715e-01
2.808832571097598096e-01
2.820417278435537467e-01
2.832006644981499011e-01
2.843600491994086044e-01
2.855198640987174907e-01
2.866800913751861857e-01
2.878407132375472854e-01
2.890017119258033729e-01
2.901630697125585079e-01
2.913247689040684429e-01
2.924867918409702061e-01
2.936491208987324630e-01
2.948117384878041203e-01
2.959746270534546753e-01
2.971377690753617684e-01
2.983011470669063026e-01
2.994647435742264219e-01
3.006285411750153069e-01
3.017925224770898751e-01
3.029566701167574205e-01
3.041209667569662045e-01
3.052853950852668086e-01
3.064499378115919659e-01
3.076145776658900655e-01
3.087792973955811870e-01
3.099440797628746913e-01
3.111089075419588568e-01
3.122737635160550140e-01
3.134386304743604357e-01
3.146034912088984670e-01
3.157683285112687366e-01
3.169331251693184304e-01
3.180978639637840888e-01
3.192625276648553556e-01
3.204270990287501064e-01
3.215915607942813059e-01
3.227558956794438494e-01
3.239200863780542505e-01
3.250841155564467844e-01
3.262479658502770996e-01
3.274116198613891693e-01
3.285750601548370620e-01
3.297382692560124617e-01
3.309012296478782700e-01
3.320639237683630229e-01
3.332263340078289726e-01
3.343884427066654008e-01
3.355502321529386656e-01
3.367116845801060854e-01
3.378727821647426466e-01
3.390335070242542770e-01
3.401938412145574242e-01
3.413537667276731469e-01
3.425132654892254491e-01
3.436723193557923439e-01
3.448309101121451170e-01
3.459890194683026277e-01
3.471466290564464985e-01
3.483037204277083521e-01
3.494602750488148835e-01
3.506162742986624892e-01
3.517716994648514284e-01
3.529265317402208724e-01
3.540807522194561741e-01
3.552343418958282539e-01
3.563872816581212244e-01
3.575395522878393462e-01
3.586911344567243476e-01
3.598420087246782528e-01
3.609921555381319647e-01
3.621415552289045658e-01
3.632901880136230610e-01
3.644380339937156044e-01
3.655850731560287836e-01
3.667312853740982703e-01
3.678766504100908219e-01
3.690211479174459464e-01
3.701647574442790689e-01
3.713074584375307130e-01
3.724492302479268102e-01
3.735900521358216930e-01
3.747299032779105588e-01
3.758687627749581206e-01
3.770066096605012018e-01
3.781434229107142331e-01
3.792791814553909679e-01
3.804138641901586571e-01
3.815474499899444427e-01
3.826799177237615868e-01
3.838112462707636841e-01
3.849414145375654739e-01
3.860704014768072678e-01
3.871981861067868569e-01
3.883247475321066067e-01
3.894500649650999291e-01
3.905741177478102566e-01
3.916968853742889278e-01
3.928183475128468882e-01
3.939384840279847588e-01
3.950572750015568513e-01
3.961747007528396147e-01
3.972907418570509885e-01
3.984053791619487916e-01
3.995185938021481586e-01
4.006303672107395242e-01
4.017406811279644607e-01
4.028495176066669847e-01
4.039568590143137183e-01
4.050626880315366662e-01
4.061669876470858087e-01
4.072697411493781394e-01
4.083709321146666293e-01
4.094705443921513588e-01
4.105685620863216978e-01
4.116649695368400086e-01
4.127597512964332749e-01
4.138528921070910305e-01
4.149443768750673556e-01
4.160341906449371296e-01
4.171223185730557059e-01
4.182087459006554875e-01
4.192934579267106887e-01
4.203764399806608765e-01
4.214576773951081434e-01
4.225371554784309036e-01
4.236148594873866968e-01
4.246907745997542949e-01
4.257648858871508346e-01
4.268371782882118270e-01
4.279076365824754924e-01
4.289762453653395702e-01
4.300429890246407760e-01
4.311078517193442927e-01
4.321708173609762893e-01
4.332318695983019552e-01
4.342909918057031859e-01
4.353481670756181865e-01
4.364033782151911511e-01
4.374566077471301884e-01
4.385078379144910499e-01
4.395570506890355000e-01
4.406042277824912534e-01
4.416493506599920016e-01
4.426924005548697472e-01
4.437333584839153744e-01
4.447722052622769540e-01
4.458089215172301722e-01
4.468434877002446237e-01
4.478758840969112587e-01
4.489060908345450795e-01
4.499340878875552896e-01
4.509598550807696893e-01
4.519833720913029040e-01
4.530046184495420403e-01
4.540235735399689165e-01
4.550402166026400463e-01
4.560545267359393806e-01
4.570664829012320851e-01
4.580760639298168679e-01
4.590832485322678957e-01
4.600880153101543080e-01
4.610903427697053969e-01
4.620902093368136065e-01
4.630875933726245619e-01
4.640824731886456500e-01
4.650748270604482260e-01
4.660646332388948543e-01
4.670518699580768485e-01
4.680365154393305582e-01
4.690185478910334216e-01
4.699979455043099552e-01
4.709746864452372672e-01
4.719487488445355261e-01
4.729201107862187614e-01
4.738887502969957866e-01
4.748546453384252519e-01
4.758177738039847671e-01
4.767781135230930167e-01
4.777356422740540731e-01
4.786903378074222060e-01
4.796421778810002756e-01
4.805911403070710075e-01
4.815372030119069446e-01
4.824803441069631105e-01
4.834205419706059659e-01
4.843577753385380213e-01
4.852920234006081746e-01
4.862232659012406533e-01
4.871514832403739947e-01
4.880766565715766170e-01
4.889987678940094229e-01
4.899178001348737377e-01
4.908337372192690951e-01
4.917465641245414298e-01
4.926562669166176800e-01
4.935628327661447101e-01
4.944662499428523206e-01
4.953665077871063360e-01
4.962635966584608149e-01
4.971575078621141563e-01
4.980482335553164108e-01
4.989357666371019295e-01
4.998201006259910817e-01
5.007012295311958905e-01
5.015791477231875684e-01
5.024538498091564165e-01
5.033253305175331427e-01
5.041935845935868743e-01
5.050586067054144701e-01
5.059203913567750233e-01
5.067789328004003169e-01
5.076342249440352061e-01
5.084862612408269644e-01
5.093350345573730564e-01
5.101805370155511055e-01
5.110227598089800427e-01
5.118616930002428678e-01
5.126973253102297123e-01
5.135296439154832804e-01
5.143586342717517690e-01
5.151842799821469976e-01
5.160065627256945620e-01
5.168254622570085388e-01
5.176409564814403730e-01
5.184530216026403959e-01
5.192616323331318284e-01
5.200667621532200080e-01
5.208683836008274337e-01
5.216664685738656715e-01
5.224609886280849880e-01
5.232519152553192221e-01
5.240392201300279051e-01
5.248228753145809389e-01
5.256028534167116462e-01
5.263791276954641329e-01
5.271516721152263996e-01
5.279204613515493527e-01
5.286854707562480549e-01
5.294466762931615555e-01
5.302040544581250181e-01
5.309575821975939247e-01
5.317072368391845272e-01
5.324529960450867794e-01
5.331948377964313979e-01
5.339327404138988209e-01
5.346666826174474307e-01
5.353966436255965800e-01
5.361226032911482475e-01
5.368445422653449484e-01
5.375624421754146010e-01
5.382762857928272693e-01
5.389860571627230756e-01
5.396917416620361507e-01
5.403933259564100977e-01
5.410907978357566428e-01
5.417841459236860668e-01
5.424733592748203215e-01
5.431584268917626357e-01
5.438393372068370812e-01
5.445160775797800445e-01
5.451886338608427085e-01
5.458569900604991476e-01
5.465211281542775579e-01
5.471810280378514024e-01
5.478366676340403751e-01
5.484880231424419383e-01
5.491350694133496635e-01
5.497777804197561125e-01
5.504161297946543741e-01
5.510500913947794510e-01
5.516796398481460528e-01
5.523047510423180206e-01
5.529254025158978347e-01
5.535415737277777914e-01
5.541532461970137824e-01
5.547604035270150558e-01
5.553630313467022850e-01
5.559611172118807954e-01
5.565546505090154250e-01
5.571436223894050688e-01
5.577280257383430140e-01
5.583078551592361993e-01
5.588831069357013126e-01
5.594537789338580591e-01
5.600198704245406001e-01
5.605813818372296087e-01
5.611383144929461553e-01
5.616906703888754349e-01
5.622384521105137090e-01
5.627816629225479428e-01
5.633203070405102819e-01
5.638543900239031403e-01
5.643839191737730632e-01
5.649089037800795188e-01
5.654293550574019944e-01
5.659452856363299533e-01
5.664567085397831381e-01
5.669636356612802741e-01
5.674660758618228495e-01
5.679640328957497042e-01
5.684575034412313599e-01
5.689464755270794427e-01
5.694309276021434219e-01
5.699108283896699989e-01
5.703861375282405222e-01
5.708568068587650535e-01
5.713227821136681595e-01
5.717840047318550889e-01
5.722404135734941999e-01
5.726919464275836980e-01
5.731385413516779659e-01
5.735801379978100467e-01
5.740166791068235241e-01
5.744481122686894148e-01
5.748743918740812919e-01
5.752954809962754767e-01
5.757113528358961396e-01
5.761219913986592722e-01
5.765273912534074618e-01
5.769275564579847693e-01
5.773224989358892723e-01
5.777122366572784440e-01
5.780967919151159817e-01
5.784761898491830312e-01
5.788504572422243921e-01
5.792196215531822956e-01
5.795837101728640306e-01
5.799427499525773300e-01
5.802967671108690828e-01
5.806457876161920106e-01
5.809898380439456611e-01
5.813289467234918906e-01
5.816631447812965483e-01
5.819924665469539127e-01
5.823169488181054732e-01
5.826366287184748805e-01
5.829515402727645235e-01
5.832617102204203929e-01
5.835671538392807056e-01
5.838678715654191942e-01
5.841638470052169518e-01
5.844550466512975495e-01
5.847414213451862519e-01
5.850229093173455741e-01
5.852994404512869009e-01
5.855709412264549218e-01
5.858373396202284367e-01
5.860985691848684676e-01
5.863545716586776591e-01
5.866052978365301485e-01
5.868507069090787009e-01
5.870907648981649185e-01
5.873254430008946203e-01
5.875547165414187756e-01
5.877785648851662215e-01
5.879969722560095535e-01
5.882099290871107833e-01
5.884174334371222725e-01
5.886194921119302093e-01
5.888161213462503873e-01
5.890073470822303481e-01
5.891932049383062919e-01
5.893737398966746310e-01
5.895490056497315612e-01
5.897190635551471383e-01
5.898839813017925371e-01
5.900438316054650301e-01
5.901986913640568932e-01
5.903486415627352546e-01
5.904937678286937830e-01
5.906341610706689060e-01
5.907699173692407824e-01
5.909011364005830602e-01
5.910279181519705327e-01
5.911503582763624198e-01
5.912685428258261933e-01
5.913825431319844617e-01
5.914924113478757794e-01
5.915981768775475658e-01
5.916998438116378711e-01
5.917973895766373005e-01
5.918907651258155100e-01
5.919798969510146058e-01
5.920646909024830373e-01
5.921450373635297471e-01
5.922208169346889761e-01
5.922919056336439780e-01
5.923581788402074721e-01
5.924195138152194007e-01
5.924757914265312841e-01
5.925268983636086118e-01
5.925727311949358089e-01
5.926132029051480732e-01
5.926482512706655603e-01
5.926778472384184315e-01
5.927020010635544178e-01
5.927207646146204212e-01
5.927342295890031254e-01
5.927425226024886085e-01
5.927457985721003020e-01
5.927442334356479714e-01
5.927380165504941845e-01
5.927273427182748744e-01
5.927124039573153924e-01
5.926933816438192393e-01
5.926704399756702601e-01
5.926437215506441536e-01
5.926133452445828675e-01
5.925794058607799508e-01
5.925419745637615643e-01
5.925010990983172743e-01
5.924568031967099024e-01
5.924090852039974875e-01
5.923579165462009577e-01
5.923032409851770597e-01
5.922449755043680542e-01
5.921830131771511629e-01
5.921172276917152644e-01
5.920474786550501411e-01
5.919736166462808979e-01
5.918954873254734794e-01
5.918129345625221527e-01
5.917258031745175062e-01
5.916339420913334646e-01
5.915372084679682008e-01
5.914354726029563691e-01
5.913286228930395572e-01
5.912165698198444952e-01
5.910992482626787892e-01
5.909766181200053481e-01
5.908486639706141963e-01
5.907153949537073956e-01
5.905768459435656315e-01
5.904330804065364147e-01
5.902841942952204990e-01
5.901303194085063542e-01
5.899716242850415737e-01
5.898083111080023588e-01
5.896406081142256950e-01
5.894687581972009038e-01
5.892930053490860187e-01
5.891135810665423245e-01
5.889306928192090673e-01
5.887445162211936145e-01
5.885551917521774090e-01
5.883628258567521474e-01
5.881674951807165375e-01
5.879692518545375224e-01
5.877681274463473216e-01
5.875641337349386539e-01
5.873572597574105991e-01
5.871474662171437542e-01
5.869346795820507001e-01
5.867187884545554954e-01
5.864996439289590358e-01
5.862770641263590488e-01
5.860508416874188331e-01
5.858207523561641539e-01
5.855865630800981547e-01
5.853480389603535894e-01
5.851049493369280263e-01
5.848570737930953722e-01
5.846042087246261509e-01
5.843461745080917868e-01
5.840828226163826686e-01
5.838140416713777370e-01
5.835397615740618438e-01
5.832599553587954899e-01
5.829746389047829602e-01
5.826838687900893765e-01
5.823877384053578465e-01
5.820863722944022989e-01
5.817799189084230660e-01
5.814685425496244342e-01
5.811524158313832178e-01
5.808317140055460071e-01
5.805066118510894269e-01
5.801772827947468958e-01
5.798438990825752759e-01
5.795066315424193260e-01
5.791656478281066445e-01
5.788211087708939884e-01
5.784731632130413193e-01
5.781219421563406069e-01
5.777675531028397815e-01
5.774100751836939160e-01
5.770495552971316444e-01
5.766860052559307226e-01
5.763194000080190671e-01
5.759496772794959751e-01
5.755767392765952506e-01
5.752004571186219994e-01
5.748206783269859121e-01
5.744372370390475879e-01
5.740499658826111462e-01
5.736587079046356896e-01
5.732633267822750955e-01
5.728637138091137171e-01
5.724597907724541246e-01
5.720515086513789926e-01
5.716388428674799016e-01
5.712217864373289045e-01
5.708003427046539624e-01
5.703745193208088482e-01
5.699443247740904051e-01
5.695097680814311669e-01
5.690708614113180186e-01
5.686276246816059921e-01
5.681800908350552737e-01
5.677283106023763848e-01
5.672723559101853219e-01
5.668123213479835387e-01
5.663483231009912577e-01
5.658804946518151135e-01
5.654089787387653887e-01
5.649339157887633966e-01
5.644554301645314798e-01
5.639736165705064863e-01
5.634885293260398775e-01
5.630001767356191955e-01
5.625085216502579977e-01
5.620134879121757576e-01
5.615149710774992586e-01
5.610128509015812615e-01
5.605070027821346113e-01
5.599973058438804108e-01
5.594836465385102375e-01
5.589659181045054659e-01
5.584440173811693331e-01
5.579178408942776501e-01
5.573872818626627312e-01
5.568522291663018375e-01
5.563125686866049469e-01
5.557681868804429381e-01
5.552189759738488384e-01
5.546648398305978889e-01
5.541056995136723895e-01
5.535414978639602301e-01
5.529722029052649424e-01
5.523978102578009919e-01
5.518183447980368195e-01
5.512338615539376097e-01
5.506444454792677190e-01
5.500502095689376869e-01
5.494512909016709967e-01
5.488478445495548197e-01
5.482400356370017436e-01
5.476280299638994764e-01
5.470119835648648010e-01
5.463920316074245553e-01
5.457682773479495264e-01
5.451407823794982566e-01
5.445095597452951353e-01
5.438745712751229533e-01
5.432357296628629317e-01
5.425929046678132917e-01
5.419459319134813935e-01
5.412946224876766799e-01
5.406387720019496523e-01
5.399781686738828190e-01
5.393126008688632345e-01
5.386418649347227694e-01
5.379657739169505515e-01
5.372841670461772079e-01
5.365969191610279188e-01
5.359039488481153191e-01
5.352052241936841037e-01
5.345007655539719682e-01
5.337906454589927963e-01
5.330749864547015271e-01
5.323539581494816098e-01
5.316277747475504079e-01
5.308966938043786499e-01
5.301610159548256762e-01
5.294210843478289741e-01
5.286772819589252714e-01
5.279300251331904281e-01
5.271797525895660641e-01
5.264269103841892061e-01
5.256719345678179112e-01
5.249152340658663762e-01
5.241571763374454074e-01
5.233980775662820939e-01
5.226381978264517114e-01
5.218777404704674217e-01
5.211168544401496572e-01
5.203556383514088557e-01
5.195941455889865335e-01
5.188323897100857174e-01
5.180703490721914051e-01
5.173079692304016763e-01
5.165451619422466445e-01
5.157818007976178176e-01
5.150177150684073224e-01
5.142526844651370554e-01
5.134864374673782095e-01
5.127186548061845039e-01
5.119489781268747874e-01
5.111770225542970891e-01
5.104023912085245973e-01
5.096246896420740802e-01
5.088435384365582737e-01
5.080585826320084264e-01
5.072694972947593417e-01
5.064759894195947076e-01
5.056777973302618578e-01
5.048746893478250897e-01
5.040664633544469364e-01
5.032529480330590888e-01
5.024340055006835115e-01
5.016095343544599849e-01
5.007794720748542927e-01
4.999437961122379925e-01
4.991025234550485190e-01
4.982557087941347773e-01
4.974034415593070468e-01
4.965458422359360635e-01
4.956830585201711381e-01
4.948152619428579646e-01
4.939426454468285876e-01
4.930654220169436441e-01
4.921838239753972277e-01
4.912981021835364781e-01
4.904085242978773462e-01
4.895153714318170590e-01
4.886189329577706464e-01
4.877194995764505547e-01
4.868173550652271087e-01
4.859127672956604083e-01
4.850059792585633689e-01
4.840972010056153740e-01
4.831866035558663452e-01
4.822743157717468976e-01
4.813604248386585405e-01
4.804449802730454411e-01
4.795280005254844435e-01
4.786094805815046538e-01
4.776893988358164034e-01
4.767677220634286006e-01
4.758444083437889938e-01
4.749194088423393523e-01
4.739926699032203095e-01
4.730641366870526054e-01
4.721337587279582637e-01
4.712014967325561798e-01
4.702673291964102886e-01
4.693312572521885495e-01
4.683933065626179615e-01
4.674535258026326634e-01
4.665119820818938723e-01
4.655687543498042147e-01
4.646239262609594411e-01
4.636775800373865719e-01
4.627297924795224504e-01
4.617806335311387955e-01
4.608301669439618387e-01
4.598784519346773569e-01
4.589255445044280735e-01
4.579714973325179628e-01
4.570163577306096125e-01
4.560601638470039854e-01
4.551029399337762626e-01
4.541446918478830863e-01
4.531854039250923227e-01
4.522250379471271509e-01
4.512635342989786968e-01
4.503008148862628901e-01
4.493367871998154017e-01
4.483713490850235184e-01
4.474043940256053342e-01
4.464358167255287335e-01
4.454655183394682916e-01
4.444934101546665350e-01
4.435194144174635089e-01
4.425434616859519332e-01
4.415654853695668014e-01
4.405854152913500910e-01
4.396031724917665029e-01
4.386186669108680936e-01
4.376317984543726669e-01
4.366424609084111341e-01
4.356505476246965713e-01
4.346559578492267817e-01
4.336586027537207566e-01
4.326584104131882547e-01
4.316553291111320800e-01
4.306493285564809148e-01
4.296403989656643607e-01
4.286285484540035551e-01
4.276137995959127802e-01
4.265961861386591836e-01
4.255757506109016930e-01
4.245525430766055597e-01
4.235266207919931580e-01
4.224980482469952725e-01
4.214668970824096972e-01
4.204332455734521301e-01
4.193971775911272681e-01
4.183587810778314764e-01
4.173181461036112316e-01
4.162753625846759009e-01
4.152305178117536300e-01
4.141836940412755297e-01
4.131349664708393044e-01
4.120844018812815368e-01
4.110320580697997550e-01
4.099779839796643399e-01
4.089222202394379724e-01
4.078647997318082807e-01
4.068057478459288778e-01
4.057450822029942672e-01
4.046828118235593630e-01
4.036189358657545356e-01
4.025534421696097542e-01
4.014863058940098539e-01
4.004174885491539881e-01
3.993469377261432141e-01
3.982745878049970267e-01
3.972003618639718403e-01
3.961241748942981311e-01
3.950459382379893358e-01
3.939655649369724344e-01
3.928829754681233410e-01
3.917981032228029514e-01
3.907108991383896890e-01
3.896213351153163251e-01
3.885294061896312767e-01
3.874351317517821802e-01
3.863385562773256066e-01
3.852397499958975513e-01
3.841388096973473165e-01
3.830358595638697627e-01
3.819310516536156830e-01
3.808245655391203632e-01
3.797166066499292336e-01
3.786074030504944510e-01
3.774972006386638768e-01
3.763862570161407572e-01
3.752748345118054885e-01
3.741631929932792144e-01
3.730515831475210153e-01
3.719402408255162440e-01
3.708293828361811095e-01
3.697192042873505002e-01
3.686098772850884830e-01
3.675015505973141527e-01
3.663943498148046762e-01
3.652883776045779407e-01
3.641837138060558532e-01
3.630804153065362305e-01
3.619785157909396478e-01
3.608780255547751614e-01
3.597789315856577685e-01
3.586811980651973819e-01
3.575847673423248607e-01
3.564895613175423361e-01
3.553954831000348258e-01
3.543024187952587556e-01
3.532102393594062084e-01
3.521188025788299925e-01
3.510279553133929809e-01
3.499375361008706387e-01
3.488473780387124079e-01
3.477573116244276341e-01
3.466671670977349851e-01
3.455767759085223156e-01
3.444859712354637060e-01
3.433945878642564731e-01
3.423024620047770417e-01
3.412094316467755295e-01
3.401153378256354665e-01
3.390200268204308087e-01
3.379233530024227661e-01
3.368251819065266051e-01
3.357253931243653344e-01
3.346238827480620959e-01
3.335205652369427898e-01
3.324153746721216773e-01
3.313082653975338299e-01
3.301992120520076401e-01
3.290882090150016315e-01
3.279752693361938642e-01
3.268604232817757249e-01
3.257437166742496726e-01
3.246252091996982836e-01
3.235049728027868388e-01
3.223830902086634587e-01
3.212596535401834874e-01
3.201347629690102226e-01
3.190085253574034274e-01
3.178810528942730418e-01
3.167524617713115553e-01
3.156228709550648603e-01
3.144924010827158667e-01
3.133611734600126320e-01
3.122293090971390850e-01
3.110969277053660664e-01
3.099641465999894985e-01
3.088310795020529631e-01
3.076978352815947781e-01
3.065645167197090792e-01
3.054312193740338355e-01
3.042980306131422008e-01
3.031650288484638023e-01
3.020322829517292917e-01
3.008998518151141388e-01
2.997677839989059123e-01
2.986361174198842172e-01
2.975048790576635960e-01
2.963740846880681956e-01
2.952437386832522104e-01
2.941138339418295500e-01
2.929843520241828259e-01
2.918552635665374595e-01
2.907265290309757333e-01
2.895980998189414679e-01
2.884699197376319191e-01
2.873419267695115908e-01
2.862140550632925051e-01
2.850862370462384221e-01
2.839584055542317964e-01
2.828304958863001595e-01
2.817024477101368052e-01
2.805742067710207399e-01
2.794457263846773509e-01
2.783169687211027310e-01
2.771879059067607343e-01
2.760585209821278529e-01
2.749288087474175968e-01
2.737987765121456807e-01
2.726684447385351318e-01
2.715378475420211490e-01
2.704070329919609494e-01
2.692760631475928923e-01
2.681450137700385206e-01
2.670139736690200216e-01
2.658830436687693588e-01
2.647523352066408209e-01
2.636219686059452227e-01
2.624920710888009601e-01
2.613627746132695662e-01
2.602342136309411802e-01
2.591065228652917329e-01
2.579798352074710865e-01
2.568542798144004546e-01
2.557299804751277938e-01
2.546070542868661413e-01
2.534856106546266585e-01
2.523657506015747898e-01
2.512475663545516436e-01
2.501311411541588536e-01
2.490165492327952868e-01
2.479038559064688785e-01
2.467931177349586835e-01
2.456843827166947936e-01
2.445776904970789756e-01
2.434730725802428108e-01
2.423705525436761488e-01
2.412701462618065396e-01
2.401718621475239235e-01
2.390757014184787810e-01
2.379816583881019521e-01
2.368897207717438336e-01
2.357998699905966555e-01
2.347120814543340317e-01
2.336263248109612389e-01
2.325425641674237487e-01
2.314607583023611526e-01
2.303808609048695610e-01
2.293028208740802432e-01
2.282265827016411452e-01
2.271520869369317852e-01
2.260792707120441725e-01
2.250080682900903462e-01
2.239384116027168248e-01
2.228702307608014244e-01
2.218034545490638054e-01
2.207380109401130830e-01
2.196738276756119435e-01
2.186108329562232722e-01
2.175489562587160919e-01
2.164881292654469713e-01
2.154282868587825139e-01
2.143693681110612759e-01
2.133113171954768017e-01
2.122540841554764190e-01
2.111976254949746168e-01
2.101419045811919739e-01
2.090868918779048846e-01
2.080325650433349494e-01
2.069789089319161446e-01
2.059259155339892011e-01
2.048735838763302841e-01
2.038219198937723520e-01
2.027709362717649011e-01
2.017206522531638235e-01
2.006710934002341740e-01
1.996222913034667590e-01
1.985742832313690531e-01
1.975271117189772718e-01
1.964808240969995179e-01
1.954354719682419861e-01
1.943911106429200009e-01
1.933477985490446027e-01
1.923055966375479542e-01
1.912645678031354435e-01
1.902247763406126335e-01
1.891862874525152005e-01
1.881491668179915699e-01
1.871134802259666330e-01
1.860792932687727330e-01
1.850466710868721165e-01
1.840156781514923623e-01
1.829863780704528431e-01
1.819588334030841359e-01
1.809331054724808985e-01
1.799092541670805345e-01
1.788873377278399901e-01
1.778674125215458091e-01
1.768495328044527026e-01
1.758337504829045328e-01
1.748201148787607850e-01
1.738086725071855410e-01
1.727994668730963301e-01
1.717925382905952925e-01
1.707879237276937190e-01
1.697856566771375475e-01
1.687857670532352528e-01
1.677882811148309061e-01
1.667932214153341752e-01
1.658006067820996243e-01
1.648104523288019818e-01
1.638227695054436661e-01
1.628375661909647887e-01
1.618548468329235324e-01
1.608746126372217478e-01
1.598968618085409299e-01
1.589215898390642367e-01
1.579487898395935952e-01
1.569784529035407605e-01
1.560105684911611279e-01
1.550451248191362652e-01
1.540821092397783587e-01
1.531215085949200749e-01
1.521633095320729379e-01
1.512074987743919630e-01
1.502540633408034343e-01
1.493029907178072546e-01
1.483542689890527122e-01
1.474078869323179053e-01
1.464638340955747575e-01
1.455221008641397196e-01
1.445826785297362749e-01
1.436455593698640065e-01
1.427107367426016515e-01
1.417782051985062297e-01
1.408479606079116320e-01
1.399200002992183889e-01
1.389943232018260311e-01
1.380709299864330275e-01
1.371498231953376945e-01
1.362310073561050772e-01
1.353144890732705108e-01
1.344002770943289737e-01
1.334883823479633969e-01
1.325788179540305645e-01
1.316715992061314178e-01
1.307667435285397306e-01
1.298642704098750267e-01
1.289642013161398093e-01
1.280665595857640726e-01
1.271713703090915915e-01
1.262786601944940468e-01
1.253884574229942039e-01
1.245007914930322118e-01
1.236156930568603762e-01
1.227331937499235026e-01
1.218533260146592578e-01
1.209761229202413052e-01
1.201016179800819400e-01
1.192298449692004575e-01
1.183608377440419079e-01
1.174946300676890376e-01
1.166312554438277832e-01
1.157707469629831454e-01
1.149131371645008698e-01
1.140584579174241664e-01
1.132067403226788144e-01
1.123580146380496886e-01
1.115123102261894039e-01
1.106696555246143021e-01
1.098300780353876904e-01
1.089936043310986702e-01
1.081602600729826835e-01
1.073300700366233290e-01
1.065030581406697513e-01
1.056792474744306376e-01
1.048586603209455403e-01
1.040413181731082298e-01
1.032272417415403681e-01
1.024164509540573392e-01
1.016089649475796219e-01
1.008048020541236212e-01
1.000039797830962196e-01
9.920651480226588825e-02
9.841242291975882406e-02
9.762171906904854035e-02
9.683441729838493384e-02
9.605053076549059654e-02
9.527007173768897719e-02
9.449305159710467972e-02
9.371948085010230189e-02
9.294936913990803351e-02
9.218272526127450905e-02
9.141955717613592380e-02
9.065987202943613654e-02
8.990367616466186929e-02
8.915097513895156589e-02
8.840177373804995742e-02
8.765607599168068198e-02
8.691388519017438641e-02
8.617520390329888591e-02
8.544003400229213674e-02
8.470837668599746906e-02
8.398023251180945781e-02
8.325560143189975060e-02
8.253448283487846426e-02
8.181687559271942634e-02
8.110277811250968250e-02
8.039218839230308222e-02
7.968510408017756563e-02
7.898152253547953416e-02
7.828144089119778992e-02
7.758485611641688373e-02
7.689176507790863868e-02
7.620216459999946956e-02
7.551605152203071103e-02
7.483342275283361156e-02
7.415427532181885495e-02
7.347860642637167594e-02
7.280641347535757313e-02
7.213769412864073916e-02
7.147244633255077362e-02
7.081066835130048198e-02
7.015235879439168931e-02
6.949751664004746865e-02
6.884614125477564461e-02
6.819823240914732465e-02
6.755379028993388490e-02
6.691281550874814132e-02
6.627530910737582104e-02
6.564127256002259825e-02
6.501070777270816226e-02
6.438361708008362438e-02
6.376000323998028130e-02
6.313986942598916186e-02
6.252321921839971985e-02
6.191005659382582682e-02
6.130038591382642316e-02
6.069421191280920808e-02
6.009153968548634067e-02
5.949237467409491942e-02
5.889672265556344238e-02
5.830458972875803697e-02
5.771598230187236639e-02
5.713090708000821000e-02
5.654937105293560140e-02
5.597138148298191895e-02
5.539694589298720800e-02
5.482607205423952607e-02
5.425876797429685788e-02
5.369504188460122451e-02
5.313490222780806183e-02
5.257835764477426788e-02
5.202541696114226094e-02
5.147608917351776531e-02
5.093038343524398243e-02
5.038830904179433801e-02
4.984987541584570692e-02
4.931509209210175465e-02
4.878396870195525481e-02
4.825651495808548630e-02
4.773274063910665915e-02
4.721265557437261118e-02
4.669626962904479400e-02
4.618359268952903357e-02
4.567463464937875778e-02
4.516940539573639779e-02
4.466791479639605628e-02
4.417017268753180986e-02
4.367618886213062851e-02
4.318597305915812534e-02
4.269953495346039823e-02
4.221688414639711284e-02
4.173803015718992315e-02
4.126298241495789804e-02
4.079175025140061722e-02
4.032434289409741329e-02
3.986076946036168356e-02
3.940103895162388320e-02
3.894516024828140188e-02
3.849314210497688932e-02
3.804499314627038387e-02
3.760072186265804584e-02
3.716033660691747675e-02
3.672384559074447219e-02
3.629125688166657399e-02
3.586257840021459670e-02
3.543781791733990189e-02
3.501698305207355533e-02
3.460008126941776369e-02
3.418711987847174172e-02
3.377810603078934548e-02
3.337304671897121239e-02
3.297194877549104036e-02
3.257481887175531221e-02
3.218166351740281428e-02
3.179248905983499823e-02
3.140730168398140482e-02
3.102610741229450825e-02
3.064891210496735463e-02
3.027572146037096901e-02
2.990654101570000556e-02
2.954137614782193291e-02
2.918023207431197016e-02
2.882311385467377363e-02
2.847002639172065835e-02
2.812097443311722608e-02
2.777596257305819244e-02
2.743499525408046175e-02
2.709807676898849313e-02
2.676521126288436067e-02
2.643640273528804346e-02
2.611165504233793275e-02
2.579097189905766793e-02
2.547435688168234180e-02
2.516181343002771298e-02
2.485334484990126686e-02
2.454895431553824267e-02
2.424864487206012525e-02
2.395241943794498146e-02
2.366028080750544327e-02
2.337223165336469247e-02
2.308827452892983634e-02
2.280841187085342822e-02
2.253264600148040947e-02
2.226097913127754110e-02
2.199341336124017304e-02
2.172995068527458842e-02
2.147059299255301215e-02
2.121534206983968079e-02
2.096419960378503519e-02
2.071716718318765763e-02
2.047424630122084838e-02
2.023543835762587478e-02
2.000074466086865232e-02
1.977016643025919160e-02
1.954370479803419977e-02
1.932136081140371081e-02
1.910313543455848667e-02
1.888902955064117664e-02
1.867904396367889991e-02
1.847317940048028365e-02
1.827143651249277245e-02
1.807381587762498659e-02
1.788031800203254348e-02
1.769094332186597202e-02
1.750569220498553527e-02
1.732456495263825710e-02
1.714756180110224223e-02
1.697468292329482736e-02
1.680592843034981257e-02
1.664129837315892271e-02
1.648079274388330323e-02
1.632441147743197291e-02
1.617215445290955123e-02
1.602402149503486320e-02
1.588001237552947101e-02
1.574012681447704842e-02
1.560436448165634406e-02
1.547272499784593108e-02
1.534520793610463785e-02
1.522181282302491681e-02
1.510253913996285544e-02
1.498738632424536678e-02
1.487635377035406367e-02
1.476944083108765356e-02
1.466664681870454706e-02
1.456797100604436714e-02
1.447341262763140839e-02
1.438297088076026173e-02
1.429664492656316718e-02
1.421443389106220347e-02
