3.476316755120680821e-05
2.255939291875504039e-06
7.704036385970846731e-06
1.682056227582954934e-05
2.960544781013123666e-05
4.605988027723026634e-05
6.618580518132416630e-05
8.998561606710668494e-05
1.174619588057487508e-04
1.486176067957850361e-04
1.834553808027796201e-04
2.219780972904219563e-04
2.641885351522225023e-04
3.100894144416534051e-04
3.596833829839914901e-04
4.129730081916390631e-04
4.699607723230956203e-04
5.306490700196945859e-04
5.950402073425742301e-04
6.631364017888485450e-04
7.349397829367480860e-04
8.104523934840071218e-04
8.896761905209877100e-04
9.726130469323476498e-04
1.059264752856522648e-03
1.149633017156516173e-03
1.243719468871779194e-03
1.341525658632243458e-03
1.443053060023019672e-03
1.548303070893320517e-03
1.657277014606582189e-03
1.769976141230968905e-03
1.886401628670801838e-03
2.006554583740403040e-03
2.130436043182342126e-03
2.258046974632439523e-03
2.389388277533915222e-03
2.524460784003190999e-03
2.663265259649819170e-03
2.805802404352984291e-03
2.952072852996901441e-03
3.102077176167450379e-03
3.255815880812184919e-03
3.413289410865937533e-03
3.574498147844044904e-03
3.739442411405077046e-03
3.908122459885329456e-03
4.080538490806597494e-03
4.256690641359276925e-03
4.436578988862527502e-03
4.620203551203135028e-03
4.807564287254885091e-03
4.998661097279918225e-03
5.193493823313686739e-03
5.392062249535153375e-03
5.594366102623368059e-03
5.800405052102235517e-03
6.010178710674456484e-03
6.223686634546098800e-03
6.440928323743239092e-03
6.661903222421278713e-03
6.886610719168784894e-03
7.115050147306348910e-03
7.347220785181885448e-03
7.583121856463010714e-03
7.822752530427768206e-03
8.066111922254318861e-03
8.313199093310489826e-03
8.564013051444212266e-03
8.818552751275146595e-03
9.076817094488638313e-03
9.338804930132425103e-03
9.604515054916823794e-03
9.873946213518999121e-03
1.014709709889160573e-02
1.042396635257670026e-02
1.070455256502506752e-02
1.098885427592126950e-02
1.127686997451497232e-02
1.156859809995862409e-02
1.186403704165134819e-02
1.216318513958977200e-02
1.246604068472475721e-02
1.277260191932470638e-02
1.308286703734439123e-02
1.339683418479901966e-02
1.371450146014330587e-02
1.403586691465334192e-02
1.436092855281203076e-02
1.468968433269482107e-02
1.502213216635588447e-02
1.535826992021136449e-02
1.569809541541934347e-02
1.604160642825250976e-02
1.638880069046215818e-02
1.673967588963039960e-02
1.709422966950713274e-02
1.745245963032911185e-02
1.781436332911694176e-02
1.817993827994695416e-02
1.854918195419344440e-02
1.892209178073789300e-02
1.929866514614083164e-02
1.967889939477145134e-02
2.006279182889273566e-02
2.045033970869613790e-02
2.084154025228327975e-02
2.123639063558975873e-02
2.163488799224904530e-02
2.203702941339209451e-02
2.244281194738126373e-02
2.285223259947512936e-02
2.326528833142344974e-02
2.368197606099143454e-02
2.410229266141233201e-02
2.452623496076917001e-02
2.495379974130755574e-02
2.538498373868084551e-02
2.581978364113131363e-02
2.625819608861104312e-02
2.670021767184777711e-02
2.714584493136081370e-02
2.759507435643570109e-02
2.804790238406210112e-02
2.850432539784732849e-02
2.896433972691121392e-02
2.942794164477512131e-02
2.989512736825419500e-02
3.036589305636420641e-02
3.084023480925581970e-02
3.131814866718605345e-02
3.179963060954073273e-02
3.228467655391900615e-02
3.277328235529129025e-02
3.326544380524346783e-02
3.376115663131532690e-02
3.426041649644668424e-02
3.476321899853624525e-02
3.526955967012580795e-02
3.577943397821107402e-02
3.629283732418876751e-02
3.680976504394081750e-02
3.733021240805829699e-02
3.785417462220561774e-02
3.838164682762128244e-02
3.891262410175411190e-02
3.944710145902519116e-02
3.998507385171248124e-02
4.052653617094378879e-02
4.107148324779084231e-02
4.161990985444666974e-02
4.217181070547808275e-02
4.272718045913145857e-02
4.328601371867841358e-02
4.384830503378456951e-02
4.441404890188103277e-02
4.498323976952295356e-02
4.555587203371736643e-02
4.613194004320222974e-02
4.671143809966195326e-02
4.729436045886335066e-02
4.788070133169960302e-02
4.847045488513036099e-02
4.906361524300761889e-02
4.966017648678057450e-02
5.026013265607352787e-02
5.086347774913393960e-02
5.147020572314958686e-02
5.208031049443485883e-02
5.269378593849216585e-02
5.331062588995077317e-02
5.393082414239003253e-02
5.455437444805779496e-02
5.518127051748891732e-02
5.581150601903786534e-02
5.644507457833210923e-02
5.708196977766017560e-02
5.772218515530171817e-02
5.836571420481134059e-02
5.901255037426476197e-02
5.966268706547534634e-02
6.031611763318949632e-02
6.097283538426392230e-02
6.163283357683518177e-02
6.229610541947928903e-02
6.296264407036936128e-02
6.363244263642907350e-02
6.430549417248725141e-02
6.498179168042875209e-02
6.566132810834769684e-02
6.634409634969747060e-02
6.703008924244271971e-02
6.771929956820735286e-02
6.841172005142599766e-02
6.910734335849391674e-02
6.980616209692207252e-02
7.050816881449550877e-02
7.121335599844268172e-02
7.192171607461633753e-02
7.263324140669216722e-02
7.334792429538965208e-02
7.406575697772230238e-02
7.478673162628009241e-02
7.551084034855269633e-02
7.623807518629725777e-02
7.696842811495743786e-02
7.770189104313625361e-02
7.843845581212856299e-02
7.917811419551493146e-02
7.992085789882071023e-02
8.066667855923806418e-02
8.141556774541418295e-02
8.216751695730228899e-02
8.292251762607449894e-02
8.368056111409125086e-02
8.444163871492510465e-02
8.520574165343317019e-02
8.597286108587057218e-02
8.674298810004120452e-02
8.751611371547739215e-02
8.829222888364171573e-02
8.907132448814326919e-02
8.985339134496228564e-02
9.063842020267563748e-02
9.142640174267557818e-02
9.221732657937710409e-02
9.301118526040699774e-02
9.380796826676963962e-02
9.460766601298424561e-02
9.541026884719040757e-02
9.621576705121934192e-02
9.702415084062439299e-02
9.783541036467506558e-02
9.864953570630610735e-02
9.946651688202561015e-02
1.002863438417802427e-01
1.011090064687780593e-01
1.019344945792660523e-01
1.027627979222706794e-01
1.035939061792920945e-01
1.044278089639633089e-01
1.052644958216676224e-01
1.061039562291218735e-01
1.069461795939211923e-01
1.077911552540522927e-01
1.086388724773731107e-01
1.094893204610620507e-01
1.103424883310397120e-01
1.111983651413616242e-01
1.120569398735900973e-01
1.129182014361394537e-01
1.137821386636075210e-01
1.146487403160854762e-01
1.155179950784590293e-01
1.163898915596966038e-01
1.172644182921357831e-01
1.181415637307649397e-01
1.190213162525106116e-01
1.199036641555318722e-01
1.207885956585277309e-01
1.216760989000633952e-01
1.225661619379195405e-01
1.234587727484695308e-01
1.243539192260944004e-01
1.252515891826316285e-01
1.261517703468738316e-01
1.270544503641152234e-01
1.279596167957524344e-01
1.288672571189453941e-01
1.297773587263421069e-01
1.306899089258723168e-01
1.316048949406114776e-01
1.325223039087226606e-01
1.334421228834788975e-01
1.343643388333648769e-01
1.352889386422700402e-01
1.362159091097665253e-01
1.371452369514842284e-01
1.380769087995786515e-01
1.390109112032981709e-01
1.399472306296535296e-01
1.408858534641924398e-01
1.418267660118791851e-01
1.427699544980897406e-01
1.437154050697122820e-01
1.446631037963740651e-01
1.456130366717745817e-01
1.465651896151498046e-01
1.475195484728551720e-01
1.484760990200651443e-01
1.494348269626104564e-01
1.503957179389308618e-01
1.513587575221529979e-01
1.523239312222939568e-01
1.532912244885856756e-01
1.542606227119109330e-01
1.552321112273596093e-01
1.562056753168882817e-01
1.571813002120781566e-01
1.581589710969923956e-01
1.591386731111108510e-01
1.601203913523436828e-01
1.611041108801025412e-01
1.620898167184267324e-01
1.630774938591444123e-01
1.640671272650577051e-01
1.650587018731347888e-01
1.660522025976988447e-01
1.670476143335930530e-01
1.680449219593056209e-01
1.690441103400450729e-01
1.700451643307420158e-01
1.710480687789676935e-01
1.720528085277481245e-01
1.730593684182664682e-01
1.740677332924307763e-01
1.750778879953036327e-01
1.760898173773683406e-01
1.771035062966343776e-01
1.781189396205611064e-01
1.791361022277943305e-01
1.801549790097091985e-01
1.811755548717493003e-01
1.821978147345626464e-01
1.832217435349215717e-01
1.842473262264315570e-01
1.852745477800256946e-01
1.863033931842433266e-01
1.873338474452928837e-01
1.883658955869061402e-01
1.893995226499823048e-01
1.904347136920310490e-01
1.914714537864107002e-01
1.925097280213835249e-01
1.935495214989759460e-01
1.945908193336732817e-01
1.956336066509289096e-01
1.966778685855287701e-01
1.977235902797939981e-01
1.987707568816404202e-01
1.998193535425119016e-01
2.008693654151818830e-01
2.019207776514409247e-01
2.029735753996782244e-01
2.040277438023656575e-01
2.050832679934503633e-01
2.061401330956644240e-01
2.071983242177567464e-01
2.082578264516602440e-01
2.093186248695910745e-01
2.103807045210886739e-01
2.114440504300070800e-01
2.125086475914486628e-01
2.135744809686558887e-01
2.146415354898568717e-01
2.157097960450720664e-01
2.167792474828798555e-01
2.178498746071519943e-01
2.189216621737511970e-01
2.199945948872056301e-01
2.210686573973595637e-01
2.221438342960033452e-01
2.232201101134952959e-01
2.242974693153821919e-01
2.253758962990223824e-01
2.264553753902338040e-01
2.275358908399682523e-01
2.286174268210378335e-01
2.296999674249005641e-01
2.307834966585348424e-01
2.318679984414107054e-01
2.329534566025942832e-01
2.340398548779937804e-01
2.351271769077840357e-01
2.362154062340303950e-01
2.373045262985340742e-01
2.383945204409322893e-01
2.394853718970711975e-01
2.405770637976853976e-01
2.416695791673957594e-01
2.427629009240632185e-01
2.438570118784990914e-01
2.449518947345692976e-01
2.460475320896897689e-01
2.471439064357340287e-01
2.482410001603584382e-01
2.493387955487404717e-01
2.504372747857431802e-01
2.515364199584848026e-01
2.526362130593159949e-01
2.537366359891826129e-01
2.548376705613609183e-01
2.559392985055382042e-01
2.570415014722231550e-01
2.581442610374428126e-01
2.592475587077078258e-01
2.603513759252152338e-01
2.614556940732359891e-01
2.625604944816821162e-01
2.636657584327984916e-01
2.647714671669546549e-01
2.658776018885067316e-01
2.669841437717053179e-01
2.680910739666134135e-01
2.691983736050290177e-01
2.703060238063816345e-01
2.714140056835970816e-01
2.725223003489197215e-01
2.736308889196821803e-01
2.747397525240250493e-01
2.758488723065730119e-01
2.769582294340552364e-01
2.780678051008899643e-01
2.791775805347371797e-01
2.802875370020130874e-01
2.813976558133982064e-01
2.825079183293187080e-01
2.836183059654195371e-01
2.847288001980281535e-01
2.858393825695987878e-01
2.869500346941497027e-01
2.880607382626622082e-01
2.891714750484473684e-01
2.902822269124497034e-01
2.913929758084839450e-01
2.925037037883636559e-01
2.936143930068964014e-01
2.947250257267260420e-01
2.958355843229755200e-01
2.969460512876432312e-01
2.980564092337317228e-01
2.991666408990394377e-01
3.002767291495830881e-01
3.013866569825888742e-01
3.024964075289934273e-01
3.036059640554183425e-01
3.047153099655290354e-01
3.058244288007524458e-01
3.069333042402617173e-01
3.080419201002169149e-01
3.091502603321561460e-01
3.102583090205454641e-01
3.113660503794062895e-01
3.124734687480202333e-01
3.135805485856706376e-01
3.146872744654182763e-01
3.157936310669346991e-01
3.168996031683700143e-01
3.180051756373250549e-01
3.191103334209496323e-01
3.202150615352277740e-01
3.213193450535238305e-01
3.224231690944598383e-01
3.235265188092212307e-01
3.246293793683703854e-01
3.257317359482892472e-01
3.268335737173320710e-01
3.279348778218045823e-01
3.290356333718627568e-01
3.301358254274339155e-01
3.312354389842545044e-01
3.323344589601069377e-01
3.334328701813238371e-01
3.345306573696599783e-01
3.356278051295707443e-01
3.367242979359476585e-01
3.378201201223788863e-01
3.389152558699608520e-01
3.400096891966858936e-01
3.411034039474624135e-01
3.421963837847644685e-01
3.432886121799623158e-01
3.443800724053406870e-01
3.454707475268488648e-01
3.465606203976115962e-01
3.476496736522324271e-01
3.487378897019391966e-01
3.498252507306266468e-01
3.509117386918329529e-01
3.519973353067236133e-01
3.530820220631240014e-01
3.541657802156817358e-01
3.552485907871922310e-01
3.563304345711414411e-01
3.574112921355220851e-01
3.584911438279222429e-01
3.595699697819350060e-01
3.606477499248526564e-01
3.617244639866611933e-01
3.628000915102720381e-01
3.638746118629507253e-01
3.649480042488764120e-01
3.660202477227239570e-01
3.670913212042130613e-01
3.681612034934670374e-01
3.692298732870998301e-01
3.702973091948981721e-01
3.713634897569811355e-01
3.724283934613116243e-01
3.734919987614472858e-01
3.745542840944248164e-01
3.756152278986761295e-01
3.766748086318817412e-01
3.777330047886955922e-01
3.787897949182696955e-01
3.798451576415379227e-01
3.808990716682162936e-01
3.819515158135132205e-01
3.830024690145216182e-01
3.840519103463238548e-01
3.850998190378033259e-01
3.861461744871966251e-01
3.871909562774143443e-01
3.882341441911595359e-01
3.892757182258883564e-01
3.903156586086103386e-01
3.913539458106065072e-01
3.923905605620255366e-01
3.934254838664078546e-01
3.944586970150981697e-01
3.954901816015373162e-01
3.965199195353886763e-01
3.975478930564186886e-01
3.985740847480523374e-01
3.995984775504693998e-01
4.006210547731072769e-01
4.016418001063646881e-01
4.026606976323294229e-01
4.036777318342577581e-01
4.046928876045647883e-01
4.057061502510381779e-01
4.067175055009686346e-01
4.077269395029261001e-01
4.087344388258651873e-01
4.097399904553086225e-01
4.107435817863721583e-01
4.117452006134269538e-01
4.127448351162716356e-01
4.137424738427361581e-01
4.147381056877152417e-01
4.157317198687014437e-01
4.167233058979653570e-01
4.177128535515887697e-01
4.187003528356606497e-01
4.196857939499378243e-01
4.206691672493818035e-01
4.216504632039836387e-01
4.226296723572843805e-01
4.236067852840720294e-01
4.245817925476366161e-01
4.255546846570215647e-01
4.265254520246413716e-01
4.274940849245834062e-01
4.284605734519433828e-01
4.294249074833828561e-01
4.303870766391959535e-01
4.313470702470081353e-01
4.323048773072908912e-01
4.332604864608021744e-01
4.342138859580709775e-01
4.351650636310188114e-01
4.361140068668251657e-01
4.370607025841591331e-01
4.380051372118894948e-01
4.389472966704155987e-01
4.398871663558034384e-01
4.408247311268767565e-01
4.417599752954746162e-01
4.426928826200985934e-01
4.436234363031006933e-01
4.445516189916767225e-01
4.454774127827831331e-01
4.464007992321370466e-01
4.473217593674000958e-01
4.482402737055850017e-01
4.491563222746424722e-01
4.500698846391429364e-01
4.509809399298845833e-01
4.518894668771610834e-01
4.527954438473934529e-01
4.536988488827166099e-01
4.545996597431193331e-01
4.554978539506353008e-01
4.563934088351109253e-01
4.572863015810405551e-01
4.581765092749814916e-01
4.590640089530875212e-01
4.599487776483479062e-01
4.608307924371500830e-01
4.617100304848819059e-01
4.625864690903339627e-01
4.634600857287427544e-01
4.643308580933878660e-01
4.651987641357329673e-01
4.660637821041345719e-01
4.669258905812417315e-01
4.677850685201980774e-01
4.686412952798214571e-01
4.694945506589496831e-01
4.703448149301142633e-01
4.711920688727471718e-01
4.720362938060341795e-01
4.728774716215724538e-01
4.737155848158864924e-01
4.745506165228489670e-01
4.753825505459819412e-01
4.762113713905623547e-01
4.770370642953675189e-01
4.778596152638607819e-01
4.786790110944934562e-01
4.794952394097667936e-01
4.803082886835132181e-01
4.811181482659032116e-01
4.819248084054191805e-01
4.827282602671050249e-01
4.835284959462107235e-01
4.843255084763683493e-01
4.851192918313826374e-01
4.859098409197424306e-01
4.866971515710334928e-01
4.874812205135430898e-01
4.882620453425012830e-01
4.890396244786224811e-01
4.898139571168872441e-01
4.905850431657223232e-01
4.913528831770767602e-01
4.921174782681517756e-01
4.928788300357859198e-01
4.936369404647037995e-01
4.943918118310485776e-01
4.951434466026028436e-01
4.958918473372437852e-01
4.966370165810307657e-01
4.973789567672964318e-01
4.981176701178924304e-01
4.988531585476123076e-01
4.995854235725398773e-01
5.003144662229270789e-01
5.010402869609312804e-01
5.017628856034436202e-01
5.024822612500278174e-01
5.031984122159284256e-01
5.039113359700393424e-01
5.046210290777105589e-01
5.053274871482706931e-01
5.060307047872611985e-01
5.067306755533818041e-01
5.074273919203420302e-01
5.081208452438458201e-01
5.088110257341053044e-01
5.094979224343448854e-01
5.101815232058546368e-01
5.108618147201836601e-01
5.115387824590585941e-01
5.122124107226221357e-01
5.128826826464357724e-01
5.135495802276252020e-01
5.142130843603466284e-01
5.148731748805359665e-01
5.155298306197341196e-01
5.161830294674913944e-01
5.168327484416426199e-01
5.174789637655594632e-01
5.181216509512839297e-01
5.187607848873179162e-01
5.193963399298064942e-01
5.200282899958099669e-01
5.206566086574520025e-01
5.212812692358174127e-01
5.219022448937029601e-01
5.225195087265077643e-01
5.231330338508177746e-01
5.237427934904977933e-01
5.243487610603622118e-01
5.249509102476968003e-01
5.255492150921160510e-01
5.261436500643144054e-01
5.267341901443611807e-01
5.273208109001524813e-01
5.279034885665271348e-01
5.284822001255043977e-01
5.290569233877930877e-01
5.296276370756406449e-01
5.301943209068404883e-01
5.307569556795276311e-01
5.313155233572767200e-01
5.318700071538913221e-01
5.324203916172455253e-01
5.329666627114922894e-01
5.335088078970168235e-01
5.340468162074408776e-01
5.345806783230303560e-01
5.351103866396992315e-01
5.356359353326444195e-01
5.361573204133404102e-01
5.366745397782345384e-01
5.371875932470513426e-01
5.376964825881512811e-01
5.382012115279584119e-01
5.387017857412667032e-01
5.391982128191299406e-01
5.396905022113027695e-01
5.401786651407169959e-01
5.406627144883452418e-01
5.411426646479485791e-01
5.416185313514998434e-01
5.420903314675949991e-01
5.425580827764486802e-01
5.430218037264326059e-01
5.434815131779611175e-01
5.439372301411444788e-01
5.443889735137690256e-01
5.448367618258594947e-01
5.452806129963618798e-01
5.457205441065753337e-01
5.461565711936671175e-01
5.465887090663746894e-01
5.470169711437714577e-01
5.474413693168100892e-01
5.478619138314479997e-01
5.482786131914870742e-01
5.486914740788219058e-01
5.491005012885730174e-01
5.495056976766542478e-01
5.499070641175134444e-01
5.503045994701564192e-01
5.506983005510622808e-01
5.510881621131696884e-01
5.514741768307274139e-01
5.518563352904378716e-01
5.522346259899446608e-01
5.526090353451986736e-01
5.529795477086665301e-01
5.533461454005945690e-01
5.537088087555073201e-01
5.540675161859466291e-01
5.544222442650604821e-01
5.547729678288858546e-01
5.551196600984932283e-01
5.554622928211334631e-01
5.558008364286373126e-01
5.561352602104346898e-01
5.564655324977488826e-01
5.567916208550207635e-01
5.571134922742528861e-01
5.574311133679645813e-01
5.577444505566746535e-01
5.580534702473828323e-01
5.583581390002886335e-01
5.586584236819935878e-01
5.589542916044983878e-01
5.592457106504620246e-01
5.595326493862512462e-01
5.598150771651915214e-01
5.600929642240489725e-01
5.603662817760889370e-01
5.606350021039420151e-01
5.608990986550760338e-01
5.611585461418516774e-01
5.614133206471421111e-01
5.616633997352347141e-01
5.619087625666234764e-01
5.621493900141963929e-01
5.623852647776583780e-01
5.626163714927312487e-01
5.628426968319996115e-01
5.630642295951576726e-01
5.632809607879423197e-01
5.634928836908523753e-01
5.636999939208324761e-01
5.639022894908304329e-01
5.640997708732772287e-01
5.642924410736163132e-01
5.644803057187426365e-01
5.646633731625462227e-01
5.648416546068356636e-01
5.650151642310867750e-01
5.651839193194581057e-01
5.653479403689309901e-01
5.655072511592798001e-01
5.656618787642465618e-01
5.658118534845092418e-01
5.659572086867363794e-01
5.660979805391790354e-01
5.662342076419890624e-01
5.663659305592834148e-01
5.664931912684234572e-01
5.666160325492638483e-01
5.667344973411230225e-01
5.668486280974799341e-01
5.669584661674917925e-01
5.670640512298643632e-01
5.671654207987584240e-01
5.672626098143516149e-01
5.673556503232745074e-01
5.674445712473348280e-01
5.675293982334451703e-01
5.676101535738243831e-01
5.676868561834023108e-01
5.677595216207415030e-01
5.678281621393670431e-01
5.678927867575258581e-01
5.679534013359662792e-01
5.680100086549052518e-01
5.680626084829397682e-01
5.681111976324237922e-01
5.681557699977952680e-01
5.681963165758692202e-01
5.682328254700870218e-01
5.682652818841094078e-01
5.682936681135918322e-01
5.683179635479558289e-01
5.683381446959739902e-01
5.683541852493259050e-01
5.683660561968922886e-01
5.683737259990504498e-01
5.683771608263065156e-01
5.683763248605011587e-01
5.683711806506570596e-01
5.683616895099843358e-01
5.683478119363182257e-01
5.683295080359240803e-01
5.683067379301864896e-01
5.682794621261396673e-01
5.682476418348274549e-01
5.682112392256726263e-01
5.681702176100791313e-01
5.681245415529248000e-01
5.680741769162243049e-01
5.680190908445100773e-01
5.679592517062631574e-01
5.678946290093073168e-01
5.678251933103831695e-01
5.677509161396587789e-01
5.676717699595884570e-01
5.675877281743227920e-01
5.674987652009955141e-01
5.674048566080442946e-01
5.673059793187004152e-01
5.672021118705607989e-01
5.670932347151496078e-01
5.669793305351619184e-01
5.668603845523727536e-01
5.667363847967263890e-01
5.666073223081024013e-01
5.664731912477026787e-01
5.663339889067249278e-01
5.661897156157387201e-01
5.660403745773703310e-01
5.658859716645210369e-01
5.657265152421157017e-01
5.655620160781553718e-01
5.653924874061139194e-01
5.652179451842650471e-01
5.650384085696558145e-01
5.648539005888069120e-01
5.646644489495658004e-01
5.644700869049223968e-01
5.642708540560187336e-01
5.640667969721632202e-01
5.638579695130193636e-01
5.636444327620249162e-01
5.634262545182905368e-01
5.632035083418771571e-01
5.629762721981006468e-01
5.627446267926439205e-01
5.625086537238817019e-01
5.622684335965142388e-01
5.620240442389742297e-01
5.617755591472598509e-01
5.615230462438868253e-01
5.612665669988077255e-01
5.610061759164639561e-01
5.607419203561121446e-01
5.604738406260645345e-01
5.602019702793142875e-01
5.599263365379872903e-01
5.596469607847801564e-01
5.593638590765931395e-01
5.590770426536081361e-01
5.587865184312768019e-01
5.584922894697526008e-01
5.581943554143454778e-01
5.578927128929701551e-01
5.575873558462282054e-01
5.572782757573090384e-01
5.569654617469868008e-01
5.566489005070811569e-01
5.563285760646166089e-01
5.560044693964331097e-01
5.556765579454278070e-01
5.553448151181625825e-01
5.550092098623190529e-01
5.546697064260752708e-01
5.543262643872116646e-01
5.539788390089408487e-01
5.536273819366522853e-01
5.532718422023800153e-01
5.529121674603343362e-01
5.525483053443499548e-01
5.521802048220597614e-01
5.518078174216628495e-01
5.514310982238531667e-01
5.510500065393023617e-01
5.506645062264242663e-01
5.502745656405927388e-01
5.498801572407198135e-01
5.494812569089286836e-01
5.490778430612112126e-01
5.486698956394572280e-01
5.482573950781496341e-01
5.478403213337140754e-01
5.474186530538106554e-01
5.469923669499789920e-01
5.465614374213019211e-01
5.461258364592924686e-01
5.456855338456834126e-01
5.452404976367605238e-01
5.447906949125955745e-01
5.443360927582600040e-01
5.438766594352699713e-01
5.434123656900230470e-01
5.429431861262409287e-01
5.424691005382729081e-01
5.419900950665990091e-01
5.415061630107375068e-01
5.410173051368929453e-01
5.405235293645722638e-01
5.400248498121805740e-01
5.395212853125170849e-01
5.390128576456099108e-01
5.384995898401034875e-01
5.379815049324813137e-01
5.374586255274912405e-01
5.369309743777709309e-01
5.363985760206753106e-01
5.358614593136299398e-01
5.353196605360286409e-01
5.347732266075895247e-01
5.342222179282317684e-01
5.336667103766321585e-01
5.331067961054574145e-01
5.325425829245123976e-01
5.319741922461574957e-01
5.314017557540664516e-01
5.308254111191484936e-01
5.302452972008729892e-01
5.296615492215029919e-01
5.290742943800245124e-01
5.284836482891640541e-01
5.278897124905311822e-01
5.272925731524858994e-01
5.266923009057720151e-01
5.260889516431559443e-01
5.254825680162935608e-01
5.248731813172882177e-01
5.242608134397277464e-01
5.236454786727033905e-01
5.230271851786898463e-01
5.224059361195108053e-01
5.217817304963964231e-01
5.211545638367589550e-01
5.205244288792478802e-01
5.198913163792391323e-01
5.192552160890409052e-01
5.186161178756821810e-01
5.179740128434707769e-01
5.173288942510142485e-01
5.166807579761321101e-01
5.160296023051146319e-01
5.153754269099010132e-01
5.147182310147218054e-01
5.140580109135585163e-01
5.133947571452461833e-01
5.127284517315862100e-01
5.120590659148291923e-01
5.113865587888917208e-01
5.107108771118861190e-01
5.100319564345437984e-01
5.093497235037641735e-01
5.086640997289615385e-01
5.079750053544012101e-01
5.072823638819643488e-01
5.065861062473607790e-01
5.058861742745662804e-01
5.051825230192540372e-01
5.044751217569770629e-01
5.037639535601625695e-01
5.030490136096732456e-01
5.023303065601218975e-01
5.016078433821767879e-01
5.008816381153564645e-01
5.001517048864499992e-01
4.994180554154146190e-01
4.986806970903985281e-01
4.979396315870986411e-01
4.971948539535634426e-01
4.964463520731032808e-01
4.956941064358137972e-01
4.949380901763628660e-01
4.941782693670777049e-01
4.934146035946857523e-01
4.926470468964604943e-01
4.918755491733490248e-01
4.911000582056775920e-01
4.903205223409349278e-01
4.895368937888709970e-01
4.887491322641218661e-01
4.879572085124119774e-01
4.871611071169432705e-01
4.863608279777560384e-01
4.855563860272403276e-01
4.847478090747159296e-01
4.839351340908060184e-01
4.831184026400203724e-01
4.822976564351875162e-01
4.814729340371244892e-01
4.806442695290771283e-01
4.798116935946671879e-01
4.789752369148604361e-01
4.781349353007577907e-01
4.772908356164074495e-01
4.764430013982276502e-01
4.755915171603846692e-01
4.747364906429354936e-01
4.738780526290138351e-01
4.730163543409807159e-01
4.721515627560160522e-01
4.712838544225262383e-01
4.704134084980130526e-01
4.695403997652833894e-01
4.686649923199346923e-01
4.677873344676915512e-01
4.669075551526079004e-01
4.660257620014560120e-01
4.651420408681368190e-01
4.642564566317955443e-01
4.633690549503557965e-01
4.624798646734750718e-01
4.615889006385762161e-01
4.606961665854786281e-01
4.598016579311905994e-01
4.589053641721369536e-01
4.580072707534193488e-01
4.571073603678173503e-01
4.562056137935594502e-01
4.553020105010336382e-01
4.543965293125922789e-01
4.534891493711353250e-01
4.525798515772977426e-01
4.516686205209007876e-01
4.507554467849428925e-01
4.498403293538296155e-01
4.489232777257414764e-01
4.480043132386413718e-01
4.470834691114476955e-01
4.461607888141311817e-01
4.452363226215455549e-01
4.443101225372559915e-01
4.433822361147002900e-01
4.424526999590935872e-01
4.415215337944704554e-01
4.405887359090194799e-01
4.396542805853151381e-01
4.387181178470169196e-01
4.377801755712152354e-01
4.368403637585983046e-01
4.358985805279603776e-01
4.349547192061821721e-01
4.340086757329864597e-01
4.330603555250537862e-01
4.321096789893165147e-01
4.311565850695568969e-01
4.302010325418978431e-01
4.292429991778324294e-01
4.282824792632178301e-01
4.273194801948559940e-01
4.263540189135044400e-01
4.253861187804217625e-01
4.244158072328443887e-01
4.234431142636994605e-01
4.224680715538370879e-01
4.214907119829977566e-01
4.205110692432281749e-01
4.195291773270927727e-01
4.185450697210072457e-01
4.175587781900200190e-01
4.165703311106935813e-01
4.155797514124416336e-01
4.145870543216096382e-01
4.135922452350528911e-01
4.125953181349069077e-01
4.115962549549929683e-01
4.105950262063273182e-01
4.095915929769923802e-01
4.085859101763312240e-01
4.075779306451156603e-01
4.065676095560183390e-01
4.055549084324034936e-01
4.045397981544348598e-01
4.035222605085427849e-01
4.025022881394554886e-01
4.014798831153917336e-01
4.004550546290074897e-01
3.994278165480423248e-01
3.983981855498381353e-01
3.973661804168409084e-01
3.963318227753018785e-01
3.952951392003755671e-01
3.942561642758515283e-01
3.932149439660083678e-01
3.921715385813377974e-01
3.911260247081178032e-01
3.900784956875439913e-01
3.890290605050834571e-01
3.879778412097456552e-01
3.869249691721510787e-01
3.858705805936668010e-01
3.848148117126053980e-01
3.837577941465196152e-01
3.826996507819888649e-01
3.816404925775408463e-01
3.805804165682443174e-01
3.795195052337306807e-01
3.784578272076313255e-01
3.773954390866197661e-01
3.763323878971819303e-01
3.752687136706256976e-01
3.742044516140938804e-01
3.731396335455864910e-01
3.720742885204352812e-01
3.710084428177909399e-01
3.699421195921364647e-01
3.688753384915963163e-01
3.678081154304962963e-01
3.667404625523333905e-01
3.656723883105366668e-01
3.646038975744501642e-01
3.635349917327287961e-01
3.624656688708477459e-01
3.613959241843899828e-01
3.603257508095848993e-01
3.592551411935839267e-01
3.581840890103213937e-01
3.571125914955237679e-01
3.560406519655198720e-01
3.549682822160593054e-01
3.538955044647371095e-01
3.528223524937288413e-01
3.517488716710678309e-01
3.506751175967797174e-01
3.496011532542794842e-01
3.485270447474038136e-01
3.474528559408018302e-01
3.463786425451454432e-01
3.453044463436649725e-01
3.442302903007827819e-01
3.431561752093791329e-01
3.420820783313835434e-01
3.410079542040347356e-01
3.399337374753956809e-01
3.388593473560524427e-01
3.377846930799947023e-01
3.367096796900658218e-01
3.356342135100293111e-01
3.345582068120618313e-01
3.334815813850719457e-01
3.324042709003212082e-01
3.313262221209878899e-01
3.302473951051691503e-01
3.291677626183381888e-01
3.280873090109870382e-01
3.270060288299985185e-01
3.259239254132552666e-01
3.248410096643827294e-01
3.237572991230155406e-01
3.226728173480207240e-01
3.215875935361373061e-01
3.205016622306242624e-01
3.194150629547868880e-01
3.183278396409143229e-01
3.172400398025735369e-01
3.161517134854548994e-01
3.150629120926387583e-01
3.139736871923295425e-01
3.128840893839411885e-01
3.117941672474593973e-01
3.107039663613587743e-01
3.096135283641663349e-01
3.085228900538882213e-01
3.074320825545381330e-01
3.063411306119458444e-01
3.052500520969484432e-01
3.041588577864226539e-01
3.030675514649114888e-01
3.019761303528443741e-01
3.008845858333072387e-01
2.997929044246921970e-01
2.987010689319890000e-01
2.976090597031482154e-01
2.965168559176968310e-01
2.954244368426441336e-01
2.943317830038956751e-01
2.932388772362475859e-01
2.921457055871413688e-01
2.910522580569122608e-01
2.899585291639382167e-01
2.888645183311789877e-01
2.877702301040559463e-01
2.866756742257962620e-01
2.855808656087647224e-01
2.844858242423333738e-01
2.833905750669592494e-01
2.822951478235694034e-01
2.811995768631563863e-01
2.801039008808552389e-01
2.790081625263980958e-01
2.779124078413900967e-01
2.768166854835497626e-01
2.757210457182314167e-01
2.746255391881654018e-01
2.735302155128218060e-01
2.724351218169819844e-01
2.713403013361081473e-01
2.702457922808103041e-01
2.691516271489584611e-01
2.680578326416303003e-01
2.669644302687282367e-01
2.658714376331144935e-01
2.647788702771484703e-01
2.636867438830508004e-01
2.625950765564782907e-01
2.615038909045146465e-01
2.604132156503909390e-01
2.593230866031633330e-01
2.582335469060998423e-01
2.571446466003412534e-01
2.560564416367221430e-01
2.549689925290418158e-01
2.538823628561415746e-01
2.527966177885094257e-01
2.517118227508553518e-01
2.506280422567798150e-01
2.495453388899211145e-01
2.484637723756993044e-01
2.473833986948375530e-01
2.463042692261812050e-01
2.452264299549196946e-01
2.441499208240798247e-01
2.430747753270709466e-01
2.420010204300934720e-01
2.409286768772903875e-01
2.398577598780306241e-01
2.387882801186957948e-01
2.377202449943217888e-01
2.366536599278407094e-01
2.355885296392341566e-01
2.345248592410386357e-01
2.334626550640974685e-01
2.324019251512611239e-01
2.313426793904025391e-01
2.302849292874232234e-01
2.292286874035547595e-01
2.281739665005571016e-01
2.271207784548908426e-01
2.260691330190364723e-01
2.250190365239322643e-01
2.239704906276929197e-01
2.229234912187104678e-01
2.218780275732869234e-01
2.208340818492559032e-01
2.197916289698542414e-01
2.187506369200902523e-01
2.177110674447215177e-01
2.166728771056719849e-01
2.156360186296396864e-01
2.146004424561699098e-01
2.135660983851399575e-01
2.125329372219380841e-01
2.115009123283967396e-01
2.104699810048006603e-01
2.094401056488121027e-01
2.084112546570092428e-01
2.073834030518003080e-01
2.063565328304695912e-01
2.053306330452367434e-01
2.043056996345112286e-01
2.032817350364182485e-01
2.022587476250324590e-01
2.012367510159147888e-01
2.002157632886925331e-01
1.991958061702150673e-01
1.981769042134318148e-01
1.971590839973881570e-01
1.961423733659076463e-01
1.951268007193995291e-01
1.941123943769126892e-01
1.930991820328172570e-01
1.920871903407824766e-01
1.910764446620599188e-01
1.900669690108527932e-01
1.890587862142038000e-01
1.880519182785784782e-01
1.870463869246347388e-01
1.860422142224730235e-01
1.850394232389618032e-01
1.840380386017635705e-01
1.830380868934790017e-01
1.820395968125726183e-01
1.810425990708793287e-01
1.800471260342952629e-01
1.790532111469657628e-01
1.780608882045046359e-01
1.770701905551933519e-01
1.760811503093456243e-01
1.750937976278034991e-01
1.741081601441457072e-01
1.731242625553376102e-01
1.721421263954767689e-01
1.711617699894099065e-01
1.701832085687140506e-01
1.692064545223999072e-01
1.682315177486931601e-01
1.672584060719161103e-01
1.662871256893552752e-01
1.653176816163972884e-01
1.643500781035820424e-01
1.633843190060038641e-01
1.624204080930459204e-01
1.614583492941304987e-01
1.604981468832114844e-01
1.595398056105019891e-01
1.585833307937119518e-01
1.576287283826289798e-01
1.566760050101814461e-01
1.557251680404525274e-01
1.547762256201196396e-01
1.538291867350774222e-01
1.528840612693873058e-01
1.519408600597876857e-01
1.509995949364161816e-01
1.500602787394715587e-01
1.491229253024514145e-01
1.481875493952072853e-01
1.472541666240200220e-01
1.463227932906545348e-01
1.453934462171886655e-01
1.444661425476747307e-01
1.435408995407116417e-01
1.426177343683840415e-01
1.416966639365792591e-01
1.407777047395640524e-01
1.398608727582574263e-01
1.389461834074561808e-01
1.380336515330203850e-01
1.371232914562340310e-01
1.362151170596601069e-01
1.353091419069722690e-01
1.344053793883859260e-01
1.335038428832281965e-01
1.326045459315446373e-01
1.317075024071732714e-01
1.308127266852216752e-01
1.299202337972762134e-01
1.290300395680584189e-01
1.281421607277097863e-01
1.272566149946348368e-01
1.263734211249588069e-01
1.254925989262353769e-01
1.246141692349749391e-01
1.237381538596889485e-01
1.228645754932426171e-01
1.219934576001099474e-01
1.211248242853977947e-01
1.202587001531543742e-01
1.193951101614232069e-01
1.185340794808105863e-01
1.176756333621414852e-01
1.168197970172249606e-01
1.159665955150268185e-01
1.151160536938452134e-01
1.142681960885539166e-01
1.134230468707462525e-01
1.125806297988255072e-01
1.117409681747518063e-01
1.109040848042999877e-01
1.100700019582650097e-01
1.092387413329600904e-01
1.084103240094352744e-01
1.075847704119811260e-01
1.067621002674875447e-01
1.059423325679832023e-01
1.051254855390975490e-01
1.043115766172051928e-01
1.035006224376544687e-01
1.026926388357721071e-01
1.018876408613892670e-01
1.010856428065434603e-01
1.002866582449056243e-01
9.949070008051473513e-02
9.869778060264240704e-02
9.790791154317857181e-02
9.712110413284441579e-02
9.633736915281217172e-02
9.555671697888717953e-02
9.477915761622029978e-02
9.400470072346246708e-02
9.323335562624750217e-02
9.246513132080104447e-02
9.170003646924569651e-02
9.093807938874376440e-02
9.017926803696638127e-02
8.942360999649240361e-02
8.867111246061315510e-02
8.792178222270760624e-02
8.717562567087908110e-02
8.643264878897445602e-02
8.569285716449676071e-02
8.495625600335492134e-02
8.422285015090426319e-02
8.349264411836877786e-02
8.276564211352750722e-02
8.204184807448353101e-02
8.132126570537692722e-02
8.060389851307023235e-02
7.988974984401579771e-02
7.917882292072234152e-02
7.847112087743722542e-02
7.776664679479818043e-02
7.706540373330542093e-02
7.636739476551936134e-02
7.567262300688876175e-02
7.498109164509091096e-02
7.429280396771872907e-02
7.360776338811748920e-02
7.292597346912602085e-02
7.224743794446313039e-02
7.157216073749958496e-02
7.090014597717904377e-02
7.023139801088630618e-02
6.956592141412018537e-02
6.890372099689658081e-02
6.824480180687608755e-02
6.758916912929621712e-02
6.693682848386334205e-02
6.628778561883250098e-02
6.564204650257818296e-02
6.499961731300865631e-02
6.436050442522199544e-02
6.372471439782388669e-02
6.309225395833385763e-02
6.246312998808396799e-02
6.183734950699289884e-02
6.121491965853689821e-02
6.059584769519406333e-02
5.998014096456336097e-02
5.936780689631181163e-02
5.875885299003080070e-02
5.815328680404117934e-02
5.755111594514486506e-02
5.695234805928799104e-02
5.635699082308771174e-02
5.576505193616367040e-02
5.517653911421853408e-02
5.459146008281588747e-02
5.400982257181764085e-02
5.343163431045547945e-02
5.285690302301761234e-02
5.228563642514742066e-02
5.171784222075316573e-02
5.115352809952671692e-02
5.059270173506867641e-02
5.003537078361178225e-02
4.948154288331815809e-02
4.893122565411858749e-02
4.838442669804941809e-02
4.784115360002493683e-02
4.730141392897516117e-02
4.676521523927149732e-02
4.623256507235135732e-02
4.570347095845087720e-02
4.517794041835627300e-02
4.465598096507981951e-02
4.413760010537512435e-02
4.362280534100813206e-02
4.311160416970800241e-02
4.260400408573049302e-02
4.210001257997188218e-02
4.159963713959063253e-02
4.110288524709344860e-02
4.060976437886559820e-02
4.012028200313497855e-02
3.963444557737032942e-02
3.915226254513604759e-02
3.867374033243530657e-02
3.819888634358696577e-02
3.772770795669662391e-02
3.726021251879192003e-02
3.679640734069790364e-02
3.633629969173667040e-02
3.587989679433533502e-02
3.542720581862920937e-02
3.497823387713712429e-02
3.453298801959125974e-02
3.409147522798348234e-02
3.365370241189209743e-02
3.321967640413655415e-02
3.278940395680036285e-02
3.236289173765094507e-02
3.194014632697563666e-02
3.152117421484556398e-02
3.110598179880665060e-02
3.069457538199427821e-02
3.028696117165961474e-02
2.988314527808895796e-02
2.948313371389510093e-02
2.908693239365621463e-02
2.869454713387176170e-02
2.830598365320598914e-02
2.792124757298759807e-02
2.754034441793087526e-02
2.716327961704535429e-02
2.679005850470187952e-02
2.642068632182069388e-02
2.605516821715056497e-02
2.569350924861080882e-02
2.533571438466489939e-02
2.498178850570342488e-02
2.463173640541253123e-02
2.428556279210610652e-02
2.394327229000672158e-02
2.360486944045991908e-02
2.327035870307105070e-02
2.293974445675580481e-02
2.261303100069859962e-02
2.229022255521655518e-02
2.197132326252660903e-02
2.165633718741753408e-02
2.134526831782944736e-02
2.103812056534490327e-02
2.073489776559624825e-02
2.043560367859608567e-02
2.014024198899679388e-02
1.984881630628663324e-02
1.956133016492977300e-02
1.927778702445728104e-02
1.899819026951638998e-02
1.872254320988575235e-02
1.845084908046231917e-02
1.818311104122697849e-02
1.791933217719561544e-02
1.765951549835995463e-02
1.740366393962396521e-02
1.715178036074176821e-02
1.690386754625899240e-02
1.665992820546484746e-02
1.641996497235501812e-02
1.618398040561196474e-02
1.595197698860295610e-02
1.572395712939989726e-02
1.549992316082269769e-02
1.527987734050807213e-02
1.506382185100532851e-02
1.485175879990106168e-02
1.464369021997286371e-02
1.443961806937384303e-02
1.423954423184781333e-02
1.404347051697594703e-02
1.385139866045459987e-02
1.366333032440486366e-02
1.347926709771288256e-02
1.329921049640096255e-02
1.312316196402881115e-02
1.295112287212419472e-02
1.278309452064203301e-02
1.261907813845137075e-02
1.245907488384869095e-02
1.230308584509720235e-02
1.215111204099010578e-02
1.200315442143770096e-02
1.185921386807610792e-02
1.171929119489719708e-02
1.158338714889829354e-02
1.145150241075020350e-02
1.132363759548293131e-02
1.119979325318747054e-02
1.107996986973304801e-02
1.096416786749798006e-02
1.085238760611436856e-02
1.074462938322437444e-02
1.064089343524780157e-02
1.054117993816020352e-02
1.044548900828022424e-02
1.035382070306556553e-02
1.026617502191688215e-02
1.018255190698869571e-02
1.010295124400643722e-02
1.002737286308946242e-02
9.955816539578494009e-03
9.888281994867433727e-03
9.824768897238508533e-03
9.765276862700020613e-03
