6.793308505454505146e-03
6.808296028196679506e-03
7.762284426161156214e-03
8.749541393495771993e-03
9.726712217153772599e-03
1.068537142986474529e-02
1.162317045561331308e-02
1.253993482649849202e-02
1.343636794686341347e-02
1.431351259239308123e-02
1.517251010468526409e-02
1.601449120691292305e-02
1.684052851484773780e-02
1.765161858370915479e-02
1.844867801972099181e-02
1.923254607115412393e-02
2.000398996621219339e-02
2.076371117513356457e-02
2.151235172724430197e-02
2.225050018944548305e-02
2.297869714902110033e-02
2.369744015951976562e-02
2.440718816291168047e-02
2.510836542555761053e-02
2.580136503432536171e-02
2.648655200015957029e-02
2.716426601416145614e-02
2.783482389753966224e-02
2.849852178220111873e-02
2.915563705481306195e-02
2.980643009292585632e-02
3.045114581814892946e-02
3.109001508849223647e-02
3.172325594845028240e-02
3.235107475396236526e-02
3.297366718612555758e-02
3.359121916652457740e-02
3.420390768494910305e-02
3.481190154916911916e-02
3.541536206496857103e-02
3.601444365392390129e-02
3.660929441512349169e-02
3.720005663644307403e-02
3.778686726066408930e-02
3.836985831034583905e-02
3.894915727556505503e-02
3.952488746798800412e-02
4.009716834417929865e-02
4.066611580099625117e-02
4.123184244527736825e-02
4.179445784046269957e-02
4.235406873161459695e-02
4.291077925084323119e-02
4.346469110494226989e-02
4.401590374629467395e-02
4.456451452875659358e-02
4.511061884985480969e-02
4.565431027980015183e-02
4.619568067922140420e-02
4.673482030615672828e-02
4.727181791302327574e-02
4.780676083529077081e-02
4.833973507140136572e-02
4.887082535594146349e-02
4.940011522607194727e-02
4.992768708213309731e-02
5.045362224265666218e-02
5.097800099538789959e-02
5.150090264376922661e-02
5.202240554978171394e-02
5.254258717405978912e-02
5.306152411337124869e-02
5.357929213545120639e-02
5.409596621247441534e-02
5.461162055275523008e-02
5.512632863141200129e-02
5.564016321987348690e-02
5.615319641488342173e-02
5.666549966651183295e-02
5.717714380611919889e-02
5.768819907385558388e-02
5.819873514574139955e-02
5.870882116041566123e-02
5.921852574588790108e-02
5.972791704547238817e-02
6.023706274357540358e-02
6.074603009092667538e-02
6.125488592868118254e-02
6.176369671233410824e-02
6.227252853387671427e-02
6.278144714310371355e-02
6.329051796751192227e-02
6.379980613020708180e-02
6.430937646623338666e-02
6.481929353671268823e-02
6.532962164060522603e-02
6.584042482420530973e-02
6.635176688760198449e-02
6.686371138894542376e-02
6.737632164497701914e-02
6.788966072927503370e-02
6.840379146659200660e-02
6.891877642448676622e-02
6.943467790145940732e-02
6.995155791173440774e-02
7.046947816679928478e-02
7.098850005365697768e-02
7.150868460980695784e-02
7.203009249522390745e-02
7.255278396093263471e-02
7.307681881477064156e-02
7.360225638446453444e-02
7.412915547756598889e-02
7.465757433896141881e-02
7.518757060563416306e-02
7.571920125916938027e-02
7.625252257613136797e-02
7.678759007560115313e-02
7.732445846511189214e-02
7.786318158432380121e-02
7.840381234676223332e-02
7.894640267945929324e-02
7.949100346078520618e-02
8.003766445659954432e-02
8.058643425423819839e-02
8.113736019490444540e-02
8.169048830403083383e-02
8.224586322001123384e-02
8.280352812123263628e-02
8.336352465130510148e-02
8.392589284236612324e-02
8.449067103720936389e-02
8.505789580966059693e-02
8.562760188328842614e-02
8.619982204946924353e-02
8.677458708381358132e-02
8.735192566210966958e-02
8.793186427535382155e-02
8.851442714510542042e-02
8.909963613822852180e-02
8.968751068268840387e-02
9.027806768393097092e-02
9.087132144305049009e-02
9.146728357680267152e-02
9.206596294018180859e-02
9.266736555229666827e-02
9.327149452617800041e-02
9.387835000279021180e-02
9.448792909116883465e-02
9.510022581373651918e-02
9.571523105877224880e-02
9.633293254068531208e-02
9.695331476790738923e-02
9.757635902071268297e-02
9.820204333782624195e-02
9.883034251424821504e-02
9.946122810937242653e-02
1.000946684673797715e-01
1.007306287488754504e-01
1.013690709761196768e-01
1.020099540895976487e-01
1.026532340189054288e-01
1.032988637658030645e-01
1.039467935007692689e-01
1.045969706724589887e-01
1.052493401290942598e-01
1.059038442529858237e-01
1.065604231057836054e-01
1.072190145855940469e-01
1.078795545933286387e-01
1.085419772086258228e-01
1.092062148737957816e-01
1.098721985850091010e-01
1.105398580888509313e-01
1.112091220835771943e-01
1.118799184231736854e-01
1.125521743239936145e-01
1.132258165701899438e-01
1.139007717196571234e-01
1.145769663064218347e-01
1.152543270392955288e-01
1.159327809962196476e-01
1.166122558114154051e-01
1.172926798550766175e-01
1.179739824049635261e-01
1.186560938083885131e-01
1.193389456333678184e-01
1.200224708096443854e-01
1.207066037567798289e-01
1.213912805012886120e-01
1.220764387808564722e-01
1.227620181358116680e-01
1.234479599874944294e-01
1.241342077043894460e-01
1.248207066548891464e-01
1.255074042487669128e-01
1.261942499646680760e-01
1.268811953677889126e-01
1.275681941148544274e-01
1.282552019490140194e-01
1.289421766849302153e-01
1.296290781840792605e-01
1.303158683215721592e-01
1.310025109450641267e-01
1.316889718266500975e-01
1.323752186084743154e-01
1.330612207429290317e-01
1.337469494281554594e-01
1.344323775398868492e-01
1.351174795599886513e-01
1.358022315026714555e-01
1.364866108398022915e-01
1.371705964241140829e-01
1.378541684135533019e-01
1.385373081949219931e-01
1.392199983088522608e-01
1.399022223760470196e-01
1.405839650258341456e-01
1.412652118256167710e-01
1.419459492142611523e-01
1.426261644372633919e-01
1.433058454853476937e-01
1.439849810359084270e-01
1.446635603978133344e-01
1.453415734595391029e-01
1.460190106402448618e-01
1.466958628452216529e-01
1.473721214227800558e-01
1.480477781265481796e-01
1.487228250789184025e-01
1.493972547388646710e-01
1.500710598719395550e-01
1.507442335234504271e-01
1.514167689938974437e-01
1.520886598172919157e-01
1.527598997411863391e-01
1.534304827098370017e-01
1.541004028484378452e-01
1.547696544493870063e-01
1.554382319610094210e-01
1.561061299774476052e-01
1.567733432293022811e-01
1.574398665768226291e-01
1.581056950028559005e-01
1.587708236086812497e-01
1.594352476092433524e-01
1.600989623296280862e-01
1.607619632027177392e-01
1.614242457671656306e-01
1.620858056656992452e-01
1.627466386443339741e-01
1.634067405513982274e-01
1.640661073378933410e-01
1.647247350563619261e-01
1.653826198620153010e-01
1.660397580122971173e-01
1.666961458673845708e-01
1.673517798902419973e-01
1.680066566468098321e-01
1.686607728067784362e-01
1.693141251426383276e-01
1.699667105307382520e-01
1.706185259503719964e-01
1.712695684836965104e-01
1.719198353150994674e-01
1.725693237307005246e-01
1.732180311172409337e-01
1.738659549610963306e-01
1.745130928471998466e-01
1.751594424570570852e-01
1.758050015679318290e-01
1.764497680502129240e-01
1.770937398657512762e-01
1.777369150659144359e-01
1.783792917889226448e-01
1.790208682575341048e-01
1.796616427763521040e-01
1.803016137292160204e-01
1.809407795763818827e-01
1.815791388512416338e-01
1.822166901576368903e-01
1.828534321666668017e-01
1.834893636131723349e-01
1.841244832928127795e-01
1.847587900584060361e-01
1.853922828165957548e-01
1.860249605244757021e-01
1.866568221853772691e-01
1.872878668462990281e-01
1.879180935940508723e-01
1.885475015510165164e-01
1.891760898718522765e-01
1.898038577400566473e-01
1.904308043635304371e-01
1.910569289718045127e-01
1.916822308114031204e-01
1.923067091427118069e-01
1.929303632354176234e-01
1.935531923656187980e-01
1.941751958115188748e-01
1.947963728496243940e-01
1.954167227515890282e-01
1.960362447790436335e-01
1.966549381814364228e-01
1.972728021912239504e-01
1.978898360204748852e-01
1.985060388571966428e-01
1.991214098615610717e-01
1.997359481626611588e-01
2.003496528538416255e-01
2.009625229902693710e-01
2.015745575846660254e-01
2.021857556046113280e-01
2.027961159682744874e-01
2.034056375418804852e-01
2.040143191356044716e-01
2.046221595014377781e-01
2.052291573294466875e-01
2.058353112450911626e-01
2.064406198059047237e-01
2.070450814998636424e-01
2.076486947417086615e-01
2.082514578706471942e-01
2.088533691491411826e-01
2.094544267594639353e-01
2.100546288020284647e-01
2.106539732942045162e-01
2.112524581680371716e-01
2.118500812692969693e-01
2.124468403561938501e-01
2.130427330976130129e-01
2.136377570739330101e-01
2.142319097745824796e-01
2.148251885992576993e-01
2.154175908571866194e-01
2.160091137672749406e-01
2.165997544582296541e-01
2.171895099701263987e-01
2.177783772545354712e-01
2.183663531763823940e-01
2.189534345148569650e-01
2.195396179654118818e-01
2.201249001420968743e-01
2.207092775794589068e-01
2.212927467355702005e-01
2.218753039941028793e-01
2.224569456688841040e-01
2.230376680061172956e-01
2.236174671888807308e-01
2.241963393407858662e-01
2.247742805304261959e-01
2.253512867759414617e-01
2.259273540494647348e-01
2.265024782826028926e-01
2.270766553717286085e-01
2.276498811834717362e-01
2.282221515603002626e-01
2.287934623264104295e-01
2.293638092944010332e-01
2.299331882710999864e-01
2.305015950642542166e-01
2.310690254890315209e-01
2.316354753750337891e-01
2.322009405727126219e-01
2.327654169613091184e-01
2.333289004541866662e-01
2.338913870071734624e-01
2.344528726256572826e-01
2.350133533712397971e-01
2.355728253683480045e-01
2.361312848120700747e-01
2.366887279741108630e-01
2.372451512103544435e-01
2.378005509673061235e-01
2.383549237879605820e-01
2.389082663182834632e-01
2.394605753137625248e-01
2.400118476449154548e-01
2.405620803017791409e-01
2.411112704006148910e-01
2.416594151870818663e-01
2.422065120421195150e-01
2.427525584851571161e-01
2.432975521777430428e-01
2.438414909269806252e-01
2.443843726880318146e-01
2.449261955666931223e-01
2.454669578199576430e-01
2.460066578586220243e-01
2.465452942469801290e-01
2.470828657032844156e-01
2.476193710985817309e-01
2.481548094563038598e-01
2.486891799503332112e-01
2.492224819024255744e-01
2.497547147794724198e-01
2.502858781898787410e-01
2.508159718793386284e-01
2.513449957268460988e-01
2.518729497377710791e-01
2.523998340391624406e-01
2.529256488735012187e-01
2.534503945904391098e-01
2.539740716398422582e-01
2.544966805639648499e-01
2.550182219878996959e-01
2.555386966114503444e-01
2.560581051986219325e-01
2.565764485688321050e-01
2.570937275852477333e-01
2.576099431448226618e-01
2.581250961671968103e-01
2.586391875829239240e-01
2.591522183225596909e-01
2.596641893044436267e-01
2.601751014234743864e-01
2.606849555377032668e-01
2.611937524583159420e-01
2.617014929355045982e-01
2.622081776478727422e-01
2.627138071899811633e-01
2.632183820601647906e-01
2.637219026499760255e-01
2.642243692316564863e-01
2.647257819473178841e-01
2.652261407985743724e-01
2.657254456358838501e-01
2.662236961482442599e-01
2.667208918543049756e-01
2.672170320930606913e-01
2.677121160152647894e-01
2.682061425758980877e-01
2.686991105267785285e-01
2.691910184106089954e-01
2.696818645541456672e-01
2.701716470650327162e-01
2.706603638255954403e-01
2.711480124910964351e-01
2.716345904866959149e-01
2.721200950055190915e-01
2.726045230089455540e-01
2.730878712266693875e-01
2.735701361574365831e-01
2.740513140717425467e-01
2.745314010155777140e-01
2.750103928141442444e-01
2.754882850776170788e-01
2.759650732073910540e-01
2.764407524030076946e-01
2.769153176719566511e-01
2.773887638377334208e-01
2.778610855515081246e-01
2.783322773025208585e-01
2.788023334314444490e-01
2.792712481435440930e-01
2.797390155223465902e-01
2.802056295464350200e-01
2.806710841042102667e-01
2.811353730109624194e-01
2.815984900266411128e-01
2.820604288752092126e-01
2.825211832614916152e-01
2.829807468932069581e-01
2.834391134988215599e-01
2.838962768489621258e-01
2.843522307774739577e-01
2.848069692018046495e-01
2.852604861447743390e-01
2.857127757547696656e-01
2.861638323286636587e-01
2.866136503313903572e-01
2.870622244167599368e-01
2.875095494482758918e-01
2.879556205187453477e-01
2.884004329702363756e-01
2.888439824113308019e-01
2.892862647357001271e-01
2.897272761383362094e-01
2.901670131317158341e-01
2.906054725597031485e-01
2.910426516102982419e-01
2.914785478281583520e-01
2.919131591239200185e-01
2.923464837832294716e-01
2.927785204735199875e-01
2.932092682486445723e-01
2.936387265514699418e-01
2.940668952159771199e-01
2.944937744661491608e-01
2.949193649123196259e-01
2.953436675470481054e-01
2.957666837369566926e-01
2.961884152142775228e-01
2.966088640651549091e-01
2.970280327157394096e-01
2.974459239171901581e-01
2.978625407274682058e-01
2.982778864921136752e-01
2.986919648217519763e-01
2.991047795699743328e-01
2.995163348068821119e-01
2.999266347939107402e-01
3.003356839537476564e-01
3.007434868416333229e-01
3.011500481139953722e-01
3.015553724970992389e-01
3.019594647532776732e-01
3.023623296479524547e-01
3.027639719142815045e-01
3.031643962201139297e-01
3.035636071314778417e-01
3.039616090777200741e-01
3.043584063177890431e-01
3.047540029056389210e-01
3.051484026548489381e-01
3.055416091071338491e-01
3.059336254990910886e-01
3.063244547312154453e-01
3.067140993384659953e-01
3.071025614607167942e-01
3.074898428174023257e-01
3.078759446811294986e-01
3.082608678554759063e-01
3.086446126533494150e-01
3.090271788783535145e-01
3.094085658082765811e-01
3.097887721810104189e-01
3.101677961832541297e-01
3.105456354413408948e-01
3.109222870154005336e-01
3.112977473954188223e-01
3.116720125019726284e-01
3.120450776877393140e-01
3.124169377436408768e-01
3.127875869060496861e-01
3.131570188709212887e-01
3.135252268056223368e-01
3.138922033679683588e-01
3.142579407269135428e-01
3.146224305854425363e-01
3.149856642076262481e-01
3.153476324482878956e-01
3.157083257855314296e-01
3.160677343550430396e-01
3.164258479889204279e-01
3.167826562547310654e-01
3.171381485003947898e-01
3.174923138973348991e-01
3.178451414888693871e-01
3.181966202393396448e-01
3.185467390853783387e-01
3.188954869871282183e-01
3.192428529844171248e-01
3.195888262498065013e-01
3.199333961463316500e-01
3.202765522830614553e-01
3.206182845705745077e-01
3.209585832795626148e-01
3.212974390959772442e-01
3.216348431754172399e-01
3.219707871997395388e-01
3.223052634271179051e-01
3.226382647449109742e-01
3.229697847154869295e-01
3.232998176250498346e-01
3.236283585235316673e-01
3.239554032645410864e-01
3.242809485416935922e-01
3.246049919184811339e-01
3.249275318540335022e-01
3.252485677255513297e-01
3.255680998443857277e-01
3.258861294660793106e-01
3.262026587959940827e-01
3.265176909869959010e-01
3.268312301330830727e-01
3.271432812558521808e-01
3.274538502836382148e-01
3.277629440258584825e-01
3.280705701397725882e-01
3.283767370917146655e-01
3.286814541118889821e-01
3.289847311421666420e-01
3.292865787800788868e-01
3.295870082157369430e-01
3.298860311644302712e-01
3.301836597929475037e-01
3.304799066442243305e-01
3.307747845555139565e-01
3.310683065740511744e-01
3.313604858706609702e-01
3.316513356508619115e-01
3.319408690624193747e-01
3.322290991043513886e-01
3.325160385346806469e-01
3.328016997762697771e-01
3.330860948278057121e-01
3.333692351714851454e-01
3.336511316856209941e-01
3.339317945592852332e-01
3.342112332096643934e-01
3.344894562028486451e-01
3.347664711806322413e-01
3.350422847896895595e-01
3.353169026167696631e-01
3.355903291312923309e-01
3.358625676305818653e-01
3.361336201939654766e-01
3.364034876433083521e-01
3.366721695080352461e-01
3.369396640000058563e-01
3.372059679947180255e-01
3.374710770194983001e-01
3.377349852495123983e-01
3.379976855111994083e-01
3.382591692944549866e-01
3.385194267701154835e-01
3.387784468183925313e-01
3.390362170624938165e-01
3.392927239104625570e-01
3.395479526056424113e-01
3.398018872833886150e-01
3.400545110366581802e-01
3.403058059872675623e-01
3.405557533649602453e-01
3.408043335946853158e-01
3.410515263886260140e-01
3.412973108464470995e-01
3.415416655615689523e-01
3.417845687322011994e-01
3.420259982798513620e-01
3.422659319716589987e-01
3.425043475488891986e-01
3.427412228583054943e-01
3.429765359875949216e-01
3.432102654056224944e-01
3.434423901022327641e-01
3.436728897307227970e-01
3.439017447519895354e-01
3.441289365772096098e-01
3.443544477103349100e-01
3.445782618862903712e-01
3.448003642082188014e-01
3.450207412784579430e-01
3.452393813233923803e-01
3.454562743137817860e-01
3.456714120728333062e-01
3.458847883782270594e-01
3.460963990515424360e-01
3.463062420352897020e-01
3.465143174584894847e-01
3.467206276862984105e-01
3.469251773553756468e-01
3.471279733927423172e-01
3.473290250175275484e-01
3.475283437261355024e-01
3.477259432576870757e-01
3.479218395436706190e-01
3.481160506372154573e-01
3.483085966248278265e-01
3.484994995206440738e-01
3.486887831424953510e-01
3.488764729709379342e-01
3.490625959932209255e-01
3.492471805319073974e-01
3.494302560595477503e-01
3.496118530019897697e-01
3.497920025292950430e-01
3.499707363403637417e-01
3.501480864365730250e-01
3.503240848927682838e-01
3.504987636245144866e-01
3.506721541522072050e-01
3.508442873671073770e-01
3.510151932983224810e-01
3.511849008853734633e-01
3.513534377561686184e-01
3.515208300120941654e-01
3.516871020225154632e-01
3.518522762317474739e-01
3.520163729765648508e-01
3.521794103179576307e-01
3.523414038868584175e-01
3.525023667454253440e-01
3.526623092654103120e-01
3.528212390216203254e-01
3.529791607032333745e-01
3.531360760429093082e-01
3.532919837630352777e-01
3.534468795392298746e-01
3.536007559809126177e-01
3.537536026315668547e-01
3.539054059829913057e-01
3.540561495077259035e-01
3.542058137091063097e-01
3.543543761844336060e-01
3.545018117078218012e-01
3.546480923256886131e-01
3.547931874697016208e-01
3.549370640844046743e-01
3.550796867682596281e-01
3.552210179339851392e-01
3.553610179789776224e-01
3.554996454742325729e-01
3.556368573664157040e-01
3.557726091968642645e-01
3.559068553332969120e-01
3.560395492190016609e-01
3.561706436338574200e-01
3.563000909725399512e-01
3.564278435348427476e-01
3.565538538296320614e-01
3.566780748919202160e-01
3.568004606097054943e-01
3.569209660616137203e-01
3.570395478611080309e-01
3.571561645084284642e-01
3.572707767427532044e-01
3.573833478984764778e-01
3.574938442551311435e-01
3.576022353837265411e-01
3.577084944825282276e-01
3.578125986983574092e-01
3.579145294317054304e-01
3.580142726188537128e-01
3.581118189873045976e-01
3.582071642817811208e-01
3.583003094562382529e-01
3.583912608251293430e-01
3.584800301761236208e-01
3.585666348354912825e-01
3.586510976853735100e-01
3.587334471330721475e-01
3.588137170272055476e-01
3.588919465210559379e-01
3.589681798852160099e-01
3.590424662640367415e-01
3.591148593848052517e-01
3.591854172158543412e-01
3.592542015781345910e-01
3.593212777148319104e-01
3.593867138203600264e-01
3.594505805369110352e-01
3.595129504199112702e-01
3.595738973810763128e-01
3.596334961142867437e-01
3.596918215075907144e-01
3.597489480530738915e-01
3.598049492554769024e-01
3.598598970493488425e-01
3.599138612288922401e-01
3.599669088977103804e-01
3.600191039416853478e-01
3.600705065321780363e-01
3.601211726626004639e-01
3.601711537205098956e-01
3.602204961029709662e-01
3.602692408706033023e-01
3.603174234498895401e-01
3.603650733769883652e-01
3.604122140879171265e-01
3.604588627541069901e-01
3.605050301622986786e-01
3.605507206327634440e-01
3.605959319817312325e-01
3.606406555199312414e-01
3.606848760844799662e-01
3.607285721036784243e-01
3.607717156910570377e-01
3.608142727632625002e-01
3.608562031820505833e-01
3.608974609169879333e-01
3.609379942262267438e-01
3.609777458533626193e-01
3.610166532424644581e-01
3.610546487651450920e-01
3.610916599671131766e-01
3.611276098296440362e-01
3.611624170524512789e-01
3.611959963554973174e-01
3.612282588086696555e-01
3.612591121858030885e-01
3.612884613559019242e-01
3.613162087056867589e-01
3.613422546061102469e-01
3.613664979191026916e-01
3.613888365530480984e-01
3.614091680677641305e-01
3.614273903270418531e-01
3.614434022047920969e-01
3.614571043393069449e-01
3.614683999346165466e-01
3.614771956052395541e-01
3.614834022560756144e-01
3.614869359934848037e-01
3.614877190546033070e-01
3.614856807468603828e-01
3.614807583816643799e-01
3.614728981906903393e-01
3.614620562103573742e-01
3.614481991159351759e-01
3.614313049916789145e-01
3.614113640183587162e-01
3.613883790653810157e-01
3.613623661692059175e-01
3.613333548852187826e-01
3.613013885041693185e-01
3.612665241158905527e-01
3.612288325219630836e-01
3.611883979848241055e-01
3.611453178137805087e-01
3.610997017902800588e-01
3.610516714347077327e-01
3.610013591214399353e-01
3.609489070523803078e-01
3.608944661004983567e-01
3.608381945401131774e-01
3.607802566786544873e-01
3.607208214084328124e-01
3.606600607025939320e-01
3.605981480711349940e-01
3.605352570019599301e-01
3.604715594100806886e-01
3.604072241124989251e-01
3.603424153532686081e-01
3.602772913959812473e-01
3.602120032019733298e-01
3.601466932102814766e-01
3.600814942328148804e-01
3.600165284730267312e-01
3.599519066820741631e-01
3.598877274523484826e-01
3.598240766565727333e-01
3.597610270282612932e-01
3.596986378864910350e-01
3.596369549980107383e-01
3.595760105661540695e-01
3.595158233439041950e-01
3.594563988527471610e-01
3.593977296947258315e-01
3.593397959429988631e-01
3.592825655921300654e-01
3.592259950497911913e-01
3.591700296517300051e-01
3.591146041803025546e-01
3.590596433720594227e-01
3.590050623916992700e-01
3.589507672641281122e-01
3.588966552482025785e-01
3.588426151430906264e-01
3.587885275241143868e-01
3.587342649069325540e-01
3.586796918445704918e-01
3.586246649719156965e-01
3.585690330116686475e-01
3.585126367688382110e-01
3.584553091337299713e-01
3.583968751341892189e-01
3.583371520538067290e-01
3.582759496577017644e-01
3.582130705451871400e-01
3.581483106623811197e-01
3.580814599923867747e-01
3.580123034540467208e-01
3.579406220210379352e-01
3.578661940874736658e-01
3.577887970872266621e-01
3.577082093750019731e-01
3.576242123655134497e-01
3.575365929139475707e-01
3.574451459099110551e-01
3.573496770478701845e-01
3.572500057247487981e-01
3.571459680090259825e-01
3.570374196220341689e-01
3.569242388707078439e-01
3.568063294616414249e-01
3.566836231336070195e-01
3.565560820396171948e-01
3.564237008131480033e-01
3.562865082541596951e-01
3.561445685813161566e-01
3.559979822055411858e-01
3.558468859878614055e-01
3.556914529609360720e-01
3.555318915023008564e-01
3.553684439606022427e-01
3.552013847435842031e-01
3.550310178918443249e-01
3.548576741679542734e-01
3.546817077138558205e-01
3.545034923303775343e-01
3.543234174517156387e-01
3.541418838910952438e-01
3.539592994306609564e-01
3.537760743381226924e-01
3.535926168759653265e-01
3.534093288772156005e-01
3.532266014525278774e-01
3.530448108988143430e-01
3.528643148734328383e-01
3.526854489029187523e-01
3.525085232773906285e-01
3.523338203817875103e-01
3.521615924937877007e-01
3.519920600654353193e-01
3.518254104963893791e-01
3.516617974046886141e-01
3.515013403808265879e-01
3.513441252267545112e-01
3.511902046616606210e-01
3.510395994791383201e-01
3.508923001154230503e-01
3.507482685873148931e-01
3.506074407338413690e-01
3.504697286947883739e-01
3.503350235575292126e-01
3.502031981091091595e-01
3.500741096351656090e-01
3.499476027143624268e-01
3.498235119468157128e-01
3.497016645395006895e-01
3.495818826635528342e-01
3.494639854639453036e-01
3.493477906006950406e-01
3.492331151869216277e-01
3.491197760122577431e-01
3.490075889688814548e-01
3.488963676509703737e-01
3.487859211676134219e-01
3.486760512808668167e-01
3.485665490418010104e-01
3.484571911532002297e-01
3.483477363059138687e-01
3.482379217252963288e-01
3.481274601305882621e-01
3.480160372511932332e-01
3.479033099870545431e-01
3.477889052560295124e-01
3.476724195595845557e-01
3.475534193107848724e-01
3.474314420071890064e-01
3.473059983630635839e-01
3.471765755298647504e-01
3.470426415073306625e-01
3.469036507847864104e-01
3.467590511736083903e-01
3.466082917191350976e-01
3.464508315491983126e-01
3.462861494932162887e-01
3.461137543228530733e-01
3.459331954354052940e-01
3.457440737481125570e-01
3.455460524953994916e-01
3.453388675347393577e-01
3.451223367523588159e-01
3.448963682025343869e-01
3.446609667308637714e-01
3.444162389711397654e-01
3.441623966936243617e-01
3.438997584875890245e-01
3.436287496777002959e-01
3.433499002556416047e-01
3.430638405336364771e-01
3.427712942847618849e-01
3.424730693170949247e-01
3.421700457292076725e-01
3.418631623687480303e-01
3.415534021971943779e-01
3.412417772221634782e-01
3.409293134862023678e-01
3.406170363073102725e-01
3.403059557524192869e-01
3.399970522412231189e-01
3.396912622809062365e-01
3.393894645276829269e-01
3.390924665926331460e-01
3.388009931282908727e-01
3.385156757083048751e-01
3.382370448904600813e-01
3.379655246417115899e-01
3.377014291394803136e-01
3.374449618360620962e-01
3.371962166364123603e-01
3.369551810549791804e-01
3.367217412403492038e-01
3.364956887886810244e-01
3.362767292538689778e-01
3.360644922278246405e-01
3.358585428121074190e-01
3.356583942672637377e-01
3.354635216217624616e-01
3.352733760586810163e-01
3.350873999470194708e-01
3.349050423766445350e-01
3.347257749372932745e-01
3.345491072617025052e-01
3.343746015930873505e-01
3.342018854541780604e-01
3.340306614641183058e-01
3.338607134723969305e-01
3.336919084070819608e-01
3.335241935127819524e-01
3.333575889267159642e-01
3.331921758371122477e-01
3.330280807878058247e-01
3.328654569956326914e-01
3.327044637984341025e-01
3.325452454300487082e-01
3.323879101848645767e-01
3.322325107419825674e-01
3.320790260852510278e-01
3.319273452384675638e-01
3.317772530140749021e-01
3.316284180904116585e-01
3.314803838834826655e-01
3.313325627205311319e-01
3.311842336946672072e-01
3.310345443085763728e-01
3.308825156916340715e-01
3.307270508886228089e-01
3.305669456219317293e-01
3.304009011063165913e-01
3.302275389632050584e-01
3.300454189239631630e-01
3.298530605617746581e-01
3.296489704175830093e-01
3.294316753631674199e-01
3.291997618851900675e-01
3.289519195147125874e-01
3.286869853711302802e-01
3.284039862396242460e-01
3.281021749201546434e-01
3.277810586583137509e-01
3.274404188546842231e-01
3.270803225083324106e-01
3.267011265940104048e-01
3.263034766601503045e-01
3.258883004106734038e-01
3.254567962003516168e-01
3.250104156524271648e-01
3.245508394151914722e-01
3.240799455602163537e-01
3.235997711752560679e-01
3.231124688724625882e-01
3.226202607282293577e-01
3.221253922846966655e-01
3.216300886524832148e-01
3.211365137844258144e-01
3.206467330558399054e-01
3.201626787830653686e-01
3.196861183582641042e-01
3.192186251679620668e-01
3.187615531114003087e-01
3.183160159929854238e-01
3.178828731688589926e-01
3.174627224844414064e-01
3.170559008608298535e-01
3.166624920529662046e-01
3.162823403455633509e-01
3.159150685072706355e-01
3.155600983226454215e-01
3.152166724320296654e-01
3.148838768764982698e-01
3.145606644439433164e-01
3.142458793829921437e-01
3.139382842335646240e-01
3.136365893300291363e-01
3.133394851096147349e-01
3.130456767998213152e-01
3.127539205683700363e-01
3.124630599286059018e-01
3.121720611751607199e-01
3.118800467198341586e-01
3.115863251383379495e-01
3.112904163682203573e-01
3.109920699194076432e-01
3.106912736595743296e-01
3.103882511875816208e-01
3.100834471295652595e-01
3.097775015081906114e-01
3.094712158798436641e-01
3.091655145835305873e-01
3.088614039957926494e-01
3.085599315232157025e-01
3.082621448738245284e-01
3.079690515259727035e-01
3.076815785282264182e-01
3.074005335167322439e-01
3.071265686417390950e-01
3.068601493925570689e-01
3.066015298843448034e-01
3.063507352245112836e-01
3.061075505456216650e-01
3.058715157003154550e-01
3.056419247151488938e-01
3.054178297398771891e-01
3.051980499828022553e-01
3.049811863982408999e-01
3.047656423726123331e-01
3.045496494224141371e-01
3.043312955631209404e-01
3.041085533374657257e-01
3.038793051580535587e-01
3.036413655782284615e-01
3.033925027222951765e-01
3.031304631238552205e-01
3.028530046159159106e-01
3.025579403108735188e-01
3.022431936124870822e-01
3.019068608143287702e-01
3.015472754293090918e-01
3.011630677818531998e-01
3.007532145363866483e-01
3.003170750370104947e-01
2.998544135533171562e-01
2.993654080649498783e-01
2.988506468942948580e-01
2.983111146299090022e-01
2.977481687376173358e-01
2.971635081863178152e-01
2.965591353004266018e-01
2.959373118490191690e-01
2.953005101944678468e-01
2.946513603377997059e-01
2.939925939956062884e-01
2.933269873384466431e-01
2.926573045002743845e-01
2.919862441431498867e-01
2.913163910885701591e-01
2.906501742970628577e-01
2.899898315202776300e-01
2.893373801101313814e-01
2.886945930496124246e-01
2.880629794260600174e-01
2.874437691907170134e-01
2.868379028693155974e-01
2.862460275018460232e-01
2.856685002262558393e-01
2.851054003913985335e-01
2.845565500330692887e-01
2.840215412094992398e-01
2.834997675016988072e-01
2.829904562953127756e-01
2.824926985376904343e-01
2.820054735376733013e-01
2.815276678387410580e-01
2.810580888609210959e-01
2.805954754402197882e-01
2.801385082111658154e-01
2.796858228319578643e-01
2.792360283741462945e-01
2.787877320793893388e-01
2.783395704165366746e-01
2.778902452438866133e-01
2.774385630326409724e-01
2.769834745555105893e-01
2.765241122056407153e-01
2.760598221921261031e-01
2.755901892572277245e-01
2.751150522132099763e-01
2.746345093264987991e-01
2.741489132434829501e-01
2.736588556845523379e-01
2.731651426397551097e-01
2.726687613877828431e-01
2.721708413648158409e-01
2.716726115402825492e-01
2.711753572852219629e-01
2.706803795235494525e-01
2.701889581948218599e-01
2.697023209485410744e-01
2.692216168348890437e-01
2.687478939334305705e-01
2.682820795675727732e-01
2.678249620165493727e-01
2.673771732954552949e-01
2.669391733331389904e-01
2.665112364344382478e-01
2.660934410900144265e-01
2.656856639398522124e-01
2.652875781794546417e-01
2.648986561373655180e-01
2.645181754063315460e-01
2.641452278964920297e-01
2.637787314569504105e-01
2.634174441138882328e-01
2.630599812146268146e-01
2.627048357107281684e-01
2.623504013519145084e-01
2.619949978870839691e-01
2.616368967232190479e-01
2.612743451991559884e-01
2.609055879202451522e-01
2.605288844478185206e-01
2.601425238674426876e-01
2.597448379194029489e-01
2.593342150529388546e-01
2.589091176543276696e-01
2.584681038116933838e-01
2.580098535668927107e-01
2.575331981646299395e-01
2.570371497552170759e-01
2.565209286477801998e-01
2.559839855601010461e-01
2.554260171698503057e-01
2.548469743120703179e-01
2.542470630600714987e-01
2.536267394870950764e-01
2.529866990959058759e-01
2.523278618528234651e-01
2.516513535928416867e-01
2.509584844242686019e-01
2.502507246483746672e-01
2.495296786522667176e-01
2.487970571790186214e-01
2.480546483737313124e-01
2.473042880126415377e-01
2.465478294152453620e-01
2.457871136465811512e-01
2.450239407359734445e-01
2.442600427042734557e-01
2.434970591630893910e-01
2.427365161290856999e-01
2.419798084739017974e-01
2.412281861705184716e-01
2.404827442429409712e-01
2.397444161405762608e-01
2.390139701708410558e-01
2.382920086527013925e-01
2.375789695660768530e-01
2.368751306117208577e-01
2.361806157142907203e-01
2.354954040371956547e-01
2.348193415014337426e-01
2.341521546188269909e-01
2.334934661958669444e-01
2.328428121954600749e-01
2.321996588293986918e-01
2.315634188542184391e-01
2.309334660925665972e-01
2.303091474197114796e-01
2.296897917992142824e-01
2.290747163849319035e-01
2.284632301343865746e-01
2.278546357477253814e-01
2.272482309670712242e-01
2.266433103262454896e-01
2.260391683122115469e-01
2.254351046210406329e-01
2.248304318256366952e-01
2.242244853757661971e-01
2.236166355077320589e-01
2.230063003833358815e-01
2.223929596299716871e-01
2.217761674187027077e-01
2.211555642536497390e-01
2.205308867603469336e-01
2.199019748976759059e-01
2.192687761987410777e-01
2.186313468331281262e-01
2.179898494754595739e-01
2.173445481356989228e-01
2.166958002422400831e-01
2.160440463738201311e-01
2.153897980977407811e-01
2.147336244301558117e-01
2.140761374720788479e-01
2.134179777957827540e-01
2.127598001553583640e-01
2.121022600471426656e-01
2.114460015499785572e-01
2.107916467427157770e-01
2.101397868288772119e-01
2.094909749380534647e-01
2.088457204353238450e-01
2.082044844718932142e-01
2.075676764705174093e-01
2.069356512527170955e-01
2.063087065724389657e-01
2.056870809031851044e-01
2.050709514222490704e-01
2.044604322180106903e-01
2.038555728069643969e-01
2.032563570735225200e-01
2.026627027470761788e-01
2.020744615077750550e-01
2.014914197769662740e-01
2.009133002173931204e-01
2.003397639453278756e-01
1.997704134426406264e-01
1.992047961629068720e-01
1.986424088206090177e-01
1.980827023558472122e-01
1.975250875518679006e-01
1.969689412540898688e-01
1.964136130987705064e-01
1.958584326196974867e-01
1.953027165520957453e-01
1.947457761313842184e-01
1.941869241700620585e-01
1.936254817213556856e-01
1.930607841682913106e-01
1.924921866505357737e-01
1.919190688091966801e-01
1.913408389071542537e-01
1.907569374477741664e-01
1.901668404499855247e-01
1.895700625507494297e-01
1.889661600720593249e-01
1.883547341351300419e-01
1.877354338290235514e-01
1.871079593652740236e-01
1.864720650775571475e-01
1.858275620935500583e-01
1.851743204889822192e-01
1.845122707537505957e-01
1.838414044455950747e-01
1.831617739645709231e-01
1.824734914391064333e-01
1.817767267764281991e-01
1.810717049614470886e-01
1.803587027223758632e-01
1.796380446816413234e-01
1.789100991084239811e-01
1.781752733786189924e-01
1.774340092267834568e-01
1.766867778623984475e-01
1.759340750072686810e-01
1.751764158988411424e-01
1.744143302992750832e-01
1.736483575406881918e-01
1.728790416421219223e-01
1.721069265278827309e-01
1.713325513841030268e-01
1.705564461929927611e-01
1.697791274898085012e-01
1.690010943872926052e-01
1.682228249183410906e-01
1.674447727394823004e-01
1.666673642387561383e-01
1.658909960764583524e-01
1.651160331815349491e-01
1.643428072108832072e-01
1.635716154685271650e-01
1.628027202703147269e-01
1.620363487280248593e-01
1.612726929238539331e-01
1.605119104395210938e-01
1.597541252022812996e-01
1.589994286128601775e-01
1.582478809185708102e-01
1.574995128004665068e-01
1.567543271408696204e-01
1.560123009428018015e-01
1.552733873695958389e-01
1.545375178725855725e-01
1.538046043763078019e-01
1.530745414841735708e-01
1.523472086717699014e-01
1.516224724311539818e-01
1.509001883335640559e-01
1.501802029802665750e-01
1.494623558156078780e-01
1.487464807856242188e-01
1.480324078277883981e-01
1.473199641908267687e-01
1.466089755882012957e-01
1.458992671962818510e-01
1.451906645159807829e-01
1.444829941188117695e-01
1.437760843043902892e-01
1.430697656962005571e-01
1.423638717988355284e-01
1.416582395438133191e-01
1.409527098403951240e-01
1.402471281481185994e-01
1.395413450768655805e-01
1.388352170181983980e-01
1.381286068036023107e-01
1.374213843782566002e-01
1.367134274778924463e-01
1.360046222901895308e-01
1.352948640831658500e-01
1.345840577798775584e-01
1.338721184639104778e-01
1.331589717992518462e-01
1.324445543535490988e-01
1.317288138176948009e-01
1.310117091165141079e-01
1.302932104101442723e-01
1.295732989906885346e-01
1.288519670757257707e-01
1.281292175090854302e-01
1.274050633753615325e-01
1.266795275378347907e-01
1.259526421090018666e-01
1.252244478635665681e-01
1.244949936039643074e-01
1.237643354857723005e-01
1.230325363135283817e-01
1.222996648142226639e-01
1.215657948971934910e-01
1.208310049080442566e-01
1.200953768847473346e-01
1.193589958235479614e-01
1.186219489623113882e-01
1.178843250885567434e-01
1.171462138794815699e-01
1.164077052797955203e-01
1.156688889218403515e-01
1.149298535925234732e-01
1.141906867491715577e-01
1.134514740857982540e-01
1.127122991478640979e-01
1.119732429963894715e-01
1.112343839165996773e-01
1.104957971687978019e-01
1.097575547776775823e-01
1.090197253556326462e-01
1.082823739563492926e-01
1.075455619540297558e-01
1.068093469461198208e-01
1.060737826751924212e-01
1.053389189685737803e-01
1.046048016927190322e-01
1.038714727215708233e-01
1.031389699181298331e-01
1.024073271269492630e-01
1.016765741803974527e-01
1.009467369149512073e-01
1.002178372001950174e-01
9.948989297925844855e-02
9.876291832184894148e-02
9.803692348890420682e-02
9.731191500934679994e-02
9.658789576862476800e-02
9.586486510948860618e-02
9.514281894265062822e-02
9.442174986929538494e-02
9.370164731309603423e-02
9.298249766167709929e-02
9.226428441665830704e-02
9.154698835169020055e-02
9.083058767766852282e-02
9.011505821351407930e-02
8.940037356388824685e-02
8.868650529995969478e-02
8.797342314529887908e-02
8.726109516380034514e-02
8.654948795060982136e-02
8.583856682363494306e-02
8.512829601610924501e-02
8.441863886837011610e-02
8.370955801778630356e-02
8.300101558736716623e-02
8.229297336972000998e-02
8.158539300814822426e-02
8.087823617166542411e-02
8.017146472443059668e-02
7.946504088838539370e-02
7.875892739824144617e-02
7.805308764871753124e-02
7.734748583254306975e-02
7.664208707000899623e-02
7.593685752845449888e-02
7.523176453252998497e-02
7.452677666450863159e-02
7.382186385471807555e-02
7.311699746233726871e-02
7.241215034634114478e-02
7.170729692729189975e-02
7.100241323972082685e-02
7.029747697577677645e-02
6.959246752044122297e-02
6.888736597823104379e-02
6.818215519239416433e-02
6.747681975683891831e-02
6.677134602078083070e-02
6.606572208683610115e-02
6.535993780292519151e-02
6.465398474876980772e-02
6.394785621645268647e-02
6.324154718616815940e-02
6.253505429737565846e-02
6.182837581560490792e-02
6.112151159549016055e-02
6.041446304004154111e-02
5.970723305721613305e-02
5.899982601265576360e-02
5.829224768133509788e-02
5.758450519590094935e-02
5.687660699339829734e-02
5.616856276105583468e-02
5.546038338009379870e-02
5.475208086886996367e-02
5.404366832557850470e-02
5.333515987020365917e-02
5.262657058625137135e-02
5.191791646280081995e-02
5.120921433673256834e-02
5.050048183547833913e-02
4.979173732007413644e-02
4.908299982951606910e-02
4.837428902550226784e-02
4.766562513914496951e-02
4.695702891781329547e-02
4.624852157419936244e-02
4.554012473632448182e-02
4.483186039909290571e-02
4.412375087784146943e-02
4.341581876286289970e-02
4.270808687590549324e-02
4.200057822877061725e-02
4.129331598301352879e-02
4.058632341159103957e-02
3.987962386287264432e-02
3.917324072531861573e-02
3.846719739517111963e-02
3.776151724496931011e-02
3.705622359421393425e-02
3.635133968172460373e-02
3.564688863971327698e-02
3.494289346950802538e-02
3.423937701878158879e-02
3.353636196051630602e-02
3.283387077363277007e-02
3.213192572479003917e-02
3.143054885182311464e-02
3.072976194866598038e-02
3.002958655138898009e-02
2.933004392586445463e-02
2.863115505610364098e-02
2.793294063437921221e-02
2.723542105210506256e-02
2.653861639170616155e-02
2.584254641983894582e-02
2.514723058123505273e-02
2.445268799357699224e-02
2.375893744308272409e-02
2.306599738104977634e-02
2.237388592089755227e-02
2.168262083605415613e-02
2.099221955843737220e-02
2.030269917738863547e-02
1.961407643932870301e-02
1.892636774768729352e-02
1.823958916346316711e-02
1.755375640612531415e-02
1.686888485469671684e-02
1.618498954952177910e-02
1.550208519404527342e-02
1.482018615695043610e-02
1.413930647450569247e-02
1.345945985325661468e-02
1.278065967262299873e-02
1.210291898793340419e-02
1.142625053341670555e-02
1.075066672541057783e-02
1.007617966555124367e-02
9.402801144121246749e-03
8.730542643511678830e-03
8.059415341581695549e-03
7.389430115122092198e-03
6.720597543365060440e-03
6.052927911499266303e-03
5.386431214073190282e-03
4.721117158537150790e-03
4.056995168635393716e-03
3.394074387819707734e-03
2.732363682654019490e-03
2.071871646095293888e-03
1.412606600743304122e-03
7.545766021075326355e-04
9.778944167024725890e-05
-5.577473500190413503e-04
-1.212026500338652616e-03
-1.865040991757996357e-03
-2.516784059008888262e-03
-3.167249186365456506e-03
-3.816430105025300952e-03
-4.464320790640437589e-03
-5.110915460894776066e-03
-5.756208573254872028e-03
-6.400194822783726242e-03
-7.042869140161606492e-03
-7.684226689808545951e-03
-8.324262868077823840e-03
-8.962973301738487442e-03
-9.600353846491226778e-03
-1.023640058573651278e-02
-1.087110982946108521e-02
-1.150447811330009874e-02
-1.213650219783488082e-02
-1.276717906807248171e-02
-1.339650593308613913e-02
-1.402448022594666999e-02
-1.465109960383772017e-02
-1.527636194838207992e-02
-1.590026536626885922e-02
-1.652280819009213989e-02
0.000000000000000000e+00
