3.302015823891635976e-02
1.539372403146506141e-01
1.579492360270210449e-01
1.616872303709467329e-01
1.652007120290454878e-01
1.685275072780828831e-01
1.716967858522898682e-01
1.747313315012204438e-01
1.776491971215854448e-01
1.804648975760690666e-01
1.831902697125545876e-01
1.858350965741852046e-01
1.884075649806168651e-01
1.909146048726899636e-01
1.933621440891475918e-01
1.957553020494568474e-01
1.980985388120828639e-01
2.003957711626475346e-01
2.026504640599216256e-01
2.048657034540116162e-01
2.070442548657139281e-01
2.091886109652773829e-01
2.113010305643394648e-01
2.133835708394035136e-01
2.154381141696898871e-01
2.174663906524579027e-01
2.194699971190130772e-01
2.214504132962984151e-01
2.234090156218425660e-01
2.253470891172190405e-01
2.272658376434069094e-01
2.291663928000999828e-01
2.310498216815931871e-01
2.329171336635078582e-01
2.347692863635231775e-01
2.366071908950899139e-01
2.384317165129667959e-01
2.402436947334731787e-01
2.420439229991562247e-01
2.438331679466747282e-01
2.456121683281246026e-01
2.473816376286813168e-01
2.491422664161969946e-01
2.508947244555015943e-01
2.526396626130235079e-01
2.543777145764496428e-01
2.561094984087191606e-01
2.578356179547363070e-01
2.595566641157515120e-01
2.612732160053671815e-01
2.629858419986348395e-01
2.646951006851385735e-01
2.664015417346499159e-01
2.681057066842705283e-01
2.698081296535107532e-01
2.715093379944699681e-01
2.732098528820816608e-01
2.749101898501856711e-01
2.766108592774456088e-01
2.783123668275972462e-01
2.800152138474722996e-01
2.817198977260665371e-01
2.834269122177483502e-01
2.851367477323136779e-01
2.868498915940869698e-01
2.885668282724808686e-01
2.902880395861292540e-01
2.920140048818957723e-01
2.937452011910938743e-01
2.954821033640633865e-01
2.972251841843378539e-01
2.989749144641545842e-01
3.007317631222324872e-01
3.024961972445727176e-01
3.042686821301159306e-01
3.060496813211278644e-01
3.078396566202412088e-01
3.096390680938677087e-01
3.114483740636695419e-01
3.132680310861496453e-01
3.150984939209776625e-01
3.169402154891483026e-01
3.187936468207897556e-01
3.206592369935520326e-01
3.225374330618380192e-01
3.244286799772218011e-01
3.263334205004658206e-01
3.282520951053133351e-01
3.301851418744536359e-01
3.321329963875164770e-01
3.340960916018417826e-01
3.360748577253544478e-01
3.380697220823707938e-01
3.400811089716582192e-01
3.421094395174327785e-01
3.441551315124333210e-01
3.462185992537154533e-01
3.483002533705688020e-01
3.504005006444245174e-01
3.525197438205373568e-01
3.546583814115741307e-01
3.568168074921737598e-01
3.589954114845066990e-01
3.611945779350415053e-01
3.634146862807943190e-01
3.656561106067036659e-01
3.679192193918248699e-01
3.702043752456111170e-01
3.725119346329401893e-01
3.748422475882585703e-01
3.771956574186720035e-01
3.795725003948854370e-01
3.819731054316232721e-01
3.843977937555780322e-01
3.868468785626979489e-01
3.893206646635670731e-01
3.918194481181881406e-01
3.943435158603094681e-01
3.968931453108770491e-01
3.994686039831558122e-01
4.020701490784334697e-01
4.046980270740481167e-01
4.073524733055095548e-01
4.100337115424279033e-01
4.127419535607362300e-01
4.154773987128796975e-01
4.182402334966239810e-01
4.210306311255546108e-01
4.238487511023233956e-01
4.266947387973305528e-01
4.295687250349175534e-01
4.324708256894740366e-01
4.354011412936936720e-01
4.383597566621161290e-01
4.413467405321925829e-01
4.443621452253845860e-01
4.474060063316712132e-01
4.504783424200848874e-01
4.535791547772520804e-01
4.567084271779670579e-01
4.598661256897342842e-01
4.630521985141184960e-01
4.662665758674960914e-01
4.695091699040060407e-01
4.727798746822234333e-01
4.760785661794142420e-01
4.794051023530163658e-01
4.827593232539227897e-01
4.861410511905926990e-01
4.895500909478538443e-01
4.929862300592879887e-01
4.964492391357563372e-01
4.999388722495415327e-01
5.034548673749837944e-01
5.069969468850469285e-01
5.105648181033248800e-01
5.141581739110959726e-01
5.177766934071341698e-01
5.214200426198752902e-01
5.250878752684453588e-01
5.287798335709509301e-01
5.324955490966922778e-01
5.362346436588256715e-01
5.399967302436512462e-01
5.437814139724176377e-01
5.475882930909128365e-01
5.514169599822531520e-01
5.552670021965796510e-01
5.591380034940883759e-01
5.630295448931856850e-01
5.669412057202660726e-01
5.708725646536400022e-01
5.748232007559286316e-01
5.787926944897354709e-01
5.827806287091620296e-01
5.867865896236368339e-01
5.908101677262398432e-01
5.948509586835161178e-01
5.989085641804637872e-01
6.029825927168503963e-01
6.070726603516274356e-01
6.111783913904044185e-01
6.152994190148335374e-01
6.194353858499754839e-01
6.235859444695951437e-01
6.277507578361545271e-01
6.319294996763934469e-01
6.361218547923011002e-01
6.403275193059982939e-01
6.445462008430433709e-01
6.487776186515428201e-01
6.530215036623063796e-01
6.572775984895875556e-01
6.615456573781970384e-01
6.658254460959118770e-01
6.701167417786385583e-01
6.744193327285762374e-01
6.787330181706878740e-01
6.830576079712830095e-01
6.873929223213486317e-01
6.917387913905339580e-01
6.960950549537883170e-01
7.004615619961771511e-01
7.048381702990196285e-01
7.092247460109162294e-01
7.136211632085498469e-01
7.180273034490762818e-01
7.224430553192060511e-01
7.268683139833194140e-01
7.313029807331319354e-01
7.357469625429579052e-01
7.402001716322534897e-01
7.446625250377532090e-01
7.491339441974680380e-01
7.536143545485922690e-01
7.581036851404631127e-01
7.626018682637942803e-01
7.671088390981952720e-01
7.716245353774966453e-01
7.761488970747454363e-01
7.806818661062939757e-01
7.852233860560025036e-01
7.897734019192244048e-01
7.943318598664312891e-01
7.988987070260721302e-01
8.034738912869343608e-01
8.080573611188789362e-01
8.126490654108398104e-01
8.172489533270531625e-01
8.218569741788686045e-01
8.264730773122209717e-01
8.310972120100957872e-01
8.357293274082876477e-01
8.403693724244256646e-01
8.450172956979860039e-01
8.496730455422822903e-01
8.543365699056066909e-01
8.590078163414123225e-01
8.636867319872093551e-01
8.683732635498252472e-01
8.730673572975599095e-01
8.777689590582593571e-01
8.824780142210731926e-01
8.871944677435454896e-01
8.919182641612946050e-01
8.966493476007655339e-01
9.013876617944356351e-01
9.061331500968006214e-01
9.108857555027638497e-01
9.156454206656017281e-01
9.204120879162644986e-01
9.251856992818369152e-01
9.299661965039995870e-01
9.347535210572471831e-01
9.395476141656894375e-01
9.443484168194258288e-01
9.491558697890374319e-01
9.539699136400391355e-01
9.587904887446629942e-01
9.636175352931077853e-01
9.684509933030615025e-01
9.732908026279722957e-01
9.781369029637220214e-01
9.829892338538065433e-01
9.878477346939846804e-01
9.927123447344188278e-01
9.975830030817400829e-01
1.002459648699399297e+00
1.007342220407338118e+00
1.012230656880367397e+00
1.017124896646288912e+00
1.022024878082695487e+00
1.026930539413464682e+00
1.031841818704844371e+00
1.036758653861097113e+00
1.041680982619130447e+00
1.046608742544316906e+00
1.051541871024227914e+00
1.056480305264372976e+00
1.061423982282287071e+00
1.066372838902142961e+00
1.071326811750422436e+00
1.076285837249973287e+00
1.081249851615970980e+00
1.086218790851149807e+00
1.091192590741834723e+00
1.096171186853624580e+00
1.101154514528724038e+00
1.106142508882114184e+00
1.111135104799340967e+00
1.116132236934037403e+00
1.121133839706151880e+00
1.126139847300614338e+00
1.131150193666338399e+00
1.136164812515781497e+00
1.141183637324832745e+00
1.146206601333082276e+00
1.151233637544983868e+00
1.156264678730804851e+00
1.161299657428368270e+00
1.166338505945097470e+00
1.171381156360956410e+00
1.176427540530553317e+00
1.181477590087184115e+00
1.186531236446178417e+00
1.191588410808893439e+00
1.196649044167510390e+00
1.201713067309482019e+00
1.206780410822694716e+00
1.211851005101358458e+00
1.216924780351601898e+00
1.222001666597568370e+00
1.227081593688452488e+00
1.232164491304910126e+00
1.237250288966829093e+00
1.242338916040620189e+00
1.247430301747421089e+00
1.252524375171218951e+00
1.257621065268251570e+00
1.262720300875176171e+00
1.267822010719379833e+00
1.272926123428516298e+00
1.278032567541134368e+00
1.283141271516765602e+00
1.288252163747906076e+00
1.293365172571040445e+00
1.298480226278724725e+00
1.303597253132376732e+00
1.308716181374596665e+00
1.313836939242818636e+00
1.318959454983598345e+00
1.324083656865493230e+00
1.329209473195147373e+00
1.334336832331553424e+00
1.339465662701664561e+00
1.344595892816381255e+00
1.349727451286791613e+00
1.354860266840820282e+00
1.359994268339845602e+00
1.365129384796481382e+00
1.370265545391529560e+00
1.375402679491728675e+00
1.380540716667834955e+00
1.385679586712281974e+00
1.390819219656899364e+00
1.395959545791338297e+00
1.401100495680243530e+00
1.406242000181386009e+00
1.411383990462311555e+00
1.416526398017861288e+00
1.421669154686184600e+00
1.426812192664615786e+00
1.431955444525443433e+00
1.437098843229476008e+00
1.442242322140032673e+00
1.447385815035707957e+00
1.452529256121059653e+00
1.457672580037487453e+00
1.462815721871324248e+00
1.467958617162187229e+00
1.473101201907567326e+00
1.478243412567665782e+00
1.483385186067641026e+00
1.488526459797578472e+00
1.493667171611249511e+00
1.498807259822361626e+00
1.503946663198731715e+00
1.509085320954093756e+00
1.514223172737908518e+00
1.519360158622776957e+00
1.524496219089289450e+00
1.529631295008410996e+00
1.534765327622444442e+00
1.539898258521744667e+00
1.545030029621170531e+00
1.550160583132617731e+00
1.555289861536291340e+00
1.560417807548897473e+00
1.565544364090975860e+00
1.570669474250673048e+00
1.575793081247126359e+00
1.580915128390903313e+00
1.586035559044082222e+00
1.591154316577542804e+00
1.596271344328593633e+00
1.601386585555674813e+00
1.606499983394561681e+00
1.611611480811845576e+00
1.616721020559560573e+00
1.621828545128818577e+00
1.626933996703846308e+00
1.632037317117167596e+00
1.637138447803640817e+00
1.642237329757703090e+00
1.647333903489837770e+00
1.652428108985457111e+00
1.657519885665498238e+00
1.662609172348274100e+00
1.667695907214574946e+00
1.672780027773614009e+00
1.677861470833442503e+00
1.682940172472259244e+00
1.688016068014775328e+00
1.693089092009115060e+00
1.698159178210315590e+00
1.703226259563514589e+00
1.708290268194623485e+00
1.713351135401015135e+00
1.718408791648798672e+00
1.723463166572058558e+00
1.728514188976435939e+00
1.733561786846921970e+00
1.738605887359255808e+00
1.743646416894140572e+00
1.748683301056531691e+00
1.753716464698380273e+00
1.758745831943343330e+00
1.763771326217607349e+00
1.768792870281127305e+00
1.773810386264423888e+00
1.778823795707680233e+00
1.783833019601402725e+00
1.788837978432519460e+00
1.793838592230527773e+00
1.798834780617279749e+00
1.803826462859370539e+00
1.808813557921337356e+00
1.813795984521800131e+00
1.818773661191437352e+00
1.823746506331456407e+00
1.828714438274382514e+00
1.833677375346297600e+00
1.838635235928991252e+00
1.843587938524186676e+00
1.848535401818375279e+00
1.853477544747549999e+00
1.858414286563309759e+00
1.863345546898805605e+00
1.868271245835344097e+00
1.873191303968171795e+00
1.878105642473902881e+00
1.883014183175138356e+00
1.887916848607751330e+00
1.892813562084713075e+00
1.897704247761603513e+00
1.902588830699256883e+00
1.907467236926982723e+00
1.912339393502801688e+00
1.917205228573646725e+00
1.922064671432402783e+00
1.926917652573699735e+00
1.931764103746722139e+00
1.936603958005653769e+00
1.941437149756481739e+00
1.946263614801235775e+00
1.951083290377062074e+00
1.955896115192256923e+00
1.960702029456787621e+00
1.965500974908090281e+00
1.970292894830933950e+00
1.975077734072225422e+00
1.979855439047758514e+00
1.984625957743679781e+00
1.989389239709379531e+00
1.994145236044032821e+00
1.998893899373562988e+00
2.003635183820152044e+00
2.008369044963032479e+00
2.013095439789605479e+00
2.017814326638098343e+00
2.022525665130530115e+00
2.027229416095812198e+00
2.031925541485286590e+00
2.036614004275323797e+00
2.041294768365570445e+00
2.045967798463403042e+00
2.050633059963379523e+00
2.055290518816359935e+00
2.059940141392675450e+00
2.064581894336011914e+00
2.069215744413499980e+00
2.073841658358304141e+00
2.078459602708377485e+00
2.083069543641965282e+00
2.087671446808981202e+00
2.092265277162627335e+00
2.096850998789268505e+00
2.101428574739951483e+00
2.105997966863220494e+00
2.110559135642502415e+00
2.115112040036219110e+00
2.119656637325932458e+00
2.124192882970390439e+00
2.128720730467877686e+00
2.133240131229021230e+00
2.137751034459622446e+00
2.142253387055652158e+00
2.146747133511010652e+00
2.151232215839183226e+00
2.155708573509035553e+00
2.160176143396203230e+00
2.164634859749711371e+00
2.169084654176104188e+00
2.173525455638126047e+00
2.177957190472464610e+00
2.182379782421465464e+00
2.186793152685007069e+00
2.191197219984950983e+00
2.195591900648911743e+00
2.199977108707956930e+00
2.204352756009595904e+00
2.208718752345581127e+00
2.213075005592512579e+00
2.217421421865831910e+00
2.221757905685516121e+00
2.226084360151526997e+00
2.230400687130858373e+00
2.234706787450574605e+00
2.239002561101895328e+00
2.243287907446547713e+00
2.247562725432568520e+00
2.251826913811381115e+00
2.256080371359753478e+00
2.260322997103425102e+00
2.264554690541804138e+00
2.268775351874323665e+00
2.272984882224280856e+00
2.277183183863241922e+00
2.281370160432366845e+00
2.285545717161554968e+00
2.289709761084540496e+00
2.293862201250916666e+00
2.298002948932043932e+00
2.302131917823589280e+00
2.306249024240707879e+00
2.310354187307043894e+00
2.314447329137685028e+00
2.318528375013154452e+00
2.322597253545652052e+00
2.326653896836646140e+00
2.330698240623243933e+00
2.334730224414811151e+00
2.338749791617724672e+00
2.342756889646816276e+00
2.346751470023059394e+00
2.350733488456841602e+00
2.354702904912749251e+00
2.358659683659682482e+00
2.362603793298827970e+00
2.366535206773000333e+00
2.370453901353007264e+00
2.374359858600638251e+00
2.378253064307988218e+00
2.382133508408566858e+00
2.386001184862361235e+00
2.389856091513296477e+00
2.393698229915194098e+00
2.397527605129201600e+00
2.401344225490668283e+00
2.405148102344017325e+00
2.408939249749050937e+00
2.412717684154958686e+00
2.416483424046536932e+00
2.420236489560840809e+00
2.423976902078420537e+00
2.427704683788749929e+00
2.431419857233153792e+00
2.435122444829739496e+00
2.438812468379339293e+00
2.442489948560142121e+00
2.446154904412328079e+00
2.449807352817741091e+00
2.453447307978843916e+00
2.457074780901725930e+00
2.460689778886914869e+00
2.464292305035312936e+00
2.467882357771461699e+00
2.471459930389551474e+00
2.475025010629507527e+00
2.478577580284984094e+00
2.482117614847406006e+00
2.485645083194004012e+00
2.489159947318377863e+00
2.492662162112156743e+00
2.496151675195863007e+00
2.499628426805065473e+00
2.503092349731454558e+00
2.506543369321899917e+00
2.509981403532850042e+00
2.513406363044750069e+00
2.516818151432298478e+00
2.520216665389022559e+00
2.523601795009215110e+00
2.526973424117286093e+00
2.530331430649207292e+00
2.533675687077298733e+00
2.537006060877555313e+00
2.540322415034593106e+00
2.543624608578948454e+00
2.546912497154536048e+00
2.550185933608850597e+00
2.553444768603992721e+00
2.556688851241095684e+00
2.559918029696693242e+00
2.563132151862988373e+00
2.566331065992870197e+00
2.569514621340148075e+00
2.572682668796253402e+00
2.575835061518130242e+00
2.578971655544108010e+00
2.582092310397634538e+00
2.585196889674107545e+00
2.588285261611086963e+00
2.591357299640666856e+00
2.594412882920992924e+00
2.597451896849124253e+00
2.600474233551390402e+00
2.603479792353686317e+00
2.606468480228906870e+00
2.609440212221532995e+00
2.612394911849790446e+00
2.615332511482031386e+00
2.618252952688615132e+00
2.621156186565782864e+00
2.624042174029528773e+00
2.626910886078464014e+00
2.629762304021241892e+00
2.632596419665249154e+00
2.635413235462880976e+00
2.638212764611547190e+00
2.640995031101527335e+00
2.643760069708012139e+00
2.646507925920250415e+00
2.649238655804957432e+00
2.651952325796412158e+00
2.654649012409731501e+00
2.657328801872009816e+00
2.659991789666516837e+00
2.662638079988229212e+00
2.665267785106177900e+00
2.667881024631387987e+00
2.670477924690898064e+00
2.673058617007357807e+00
2.675623237887212458e+00
2.678171927120491347e+00
2.680704826798750329e+00
2.683222080055335468e+00
2.685723829741364366e+00
2.688210217040615913e+00
2.690681380042570403e+00
2.693137452279497079e+00
2.695578561248222371e+00
2.698004826926890587e+00
2.700416360306343577e+00
2.702813261951775292e+00
2.705195620612169449e+00
2.707563511894783836e+00
2.709916997023574137e+00
2.712256121695297839e+00
2.714580915053393717e+00
2.716891388789239858e+00
2.719187536390787585e+00
2.721469332543792419e+00
2.723736732700268615e+00
2.725989672819491894e+00
2.728228069287457647e+00
2.730451819018027138e+00
2.732660799735411761e+00
2.734854870436300711e+00
2.737033872027654802e+00
2.739197628129691253e+00
2.741345946040059545e+00
2.743478617841976330e+00
2.745595421645139034e+00
2.747696122945677999e+00
2.749780476084884295e+00
2.751848225793279035e+00
2.753899108797654094e+00
2.755932855477358334e+00
2.757949191546977818e+00
2.759947839751684118e+00
2.761928521556737959e+00
2.763890958814796406e+00
2.765834875401161241e+00
2.767759998797586718e+00
2.769666061626257392e+00
2.771552803112254715e+00
2.773419970480969887e+00
2.775267320281607386e+00
2.777094619634021377e+00
2.778901647406877728e+00
2.780688195322142953e+00
2.782454068995704688e+00
2.784199088917608478e+00
2.785923091379595817e+00
2.787625929353367393e+00
2.789307473333265008e+00
2.790967612141603382e+00
2.792606253706740205e+00
2.794223325817368764e+00
2.795818776852923015e+00
2.797392576490639549e+00
2.798944716387053333e+00
2.800475210826819605e+00
2.801984097330876722e+00
2.803471437213309603e+00
2.804937316069938014e+00
2.806381844184095087e+00
2.807805156829008553e+00
2.809207414445300977e+00
2.810588802670038078e+00
2.811949532195694879e+00
2.813289838431622503e+00
2.814609980948730161e+00
2.815910242680718767e+00
2.817190928865037414e+00
2.818452365704508189e+00
2.819694898737830524e+00
2.820918890905339538e+00
2.822124720312283230e+00
2.823312777683275598e+00
2.824483463521549886e+00
2.825637184983246897e+00
2.826774352485839970e+00
2.827895376082436130e+00
2.829000661629929247e+00
2.830090606794477548e+00
2.831165596939388962e+00
2.832226000945606614e+00
2.833272167022138799e+00
2.834304418564131289e+00
2.835323050122946942e+00
2.836328323547591790e+00
2.837320464364481154e+00
2.838299658455112340e+00
2.839266049089608224e+00
2.840219734373900629e+00
2.841160765154044476e+00
2.842089143425955200e+00
2.843004821279823791e+00
2.843907700404418648e+00
2.844797632171771173e+00
2.845674418299676933e+00
2.846537812093539177e+00
2.847387520247586679e+00
2.848223205180707929e+00
2.849044487870254105e+00
2.849850951137838706e+00
2.850642143334643386e+00
2.851417582363282577e+00
2.852176759969884845e+00
2.852919146237919978e+00
2.853644194204828288e+00
2.854351344533450074e+00
2.855040030159122111e+00
2.855709680848352416e+00
2.856359727597378217e+00
2.856989606816499716e+00
2.857598764247024192e+00
2.858186658569153327e+00
2.858752764670465574e+00
2.859296576554420710e+00
2.859817609881986300e+00
2.860315404149424534e+00
2.860789524518508209e+00
2.861239563328888291e+00
2.861665141326054318e+00
2.862065908654946700e+00
2.862441545671384091e+00
2.862791763629308761e+00
2.863116305307482179e+00
2.863414945633869113e+00
2.863687492370485810e+00
2.863933786911064594e+00
2.864153705240224390e+00
2.864347159092087036e+00
2.864514097334515341e+00
2.864654507592149457e+00
2.864768418108636361e+00
2.864855899827076779e+00
2.864917068660563615e+00
2.864952087897509880e+00
2.864961170679358737e+00
2.864944582470454915e+00
2.864902643424930950e+00
2.864835730549402104e+00
2.864744279550571093e+00
2.864628786254375559e+00
2.864489807480317118e+00
2.864327961263122724e+00
2.864143926314227429e+00
2.863938440630694693e+00
2.863712299165564357e+00
2.863466350495248669e+00
2.863201492429551465e+00
2.862918666533618595e+00
2.862618851554232347e+00
2.862303055757932757e+00
2.861972308226908179e+00
2.861627649175324528e+00
2.861270119383651611e+00
2.860900748872921451e+00
2.860520544978708113e+00
2.860130479999360098e+00
2.859731478626561074e+00
2.859324405386889367e+00
2.858910052328607510e+00
2.858489127208049041e+00
2.858062242419852073e+00
2.857629904918359109e+00
2.857192507351706379e+00
2.856750320621219696e+00
2.856303488039975580e+00
2.855852021242531791e+00
2.855395797955430304e+00
2.854934561703708074e+00
2.854467923493542614e+00
2.853995365463557032e+00
2.853516246466098583e+00
2.853029809491147262e+00
2.852535190810679300e+00
2.852031430672639090e+00
2.851517485339848612e+00
2.850992240228935604e+00
2.850454523876395196e+00
2.849903122435253344e+00
2.849336794396806649e+00
2.848754285232069527e+00
2.848154341651262023e+00
2.847535725202390733e+00
2.846897224937224635e+00
2.846237668908230489e+00
2.845555934269148324e+00
2.844850955795122260e+00
2.844121732667726832e+00
2.843367333425614873e+00
2.842586899037147230e+00
2.841779644123126225e+00
2.840944856421531384e+00
2.840081894657767059e+00
2.839190185035718628e+00
2.838269216617419932e+00
2.837318535893742943e+00
2.836337740878955849e+00
2.835326475078341346e+00
2.834284421687978117e+00
2.833211298374133769e+00
2.832106852956947307e+00
2.830970860291857960e+00
2.829803120591454668e+00
2.828603459386491270e+00
2.827371729281735302e+00
2.826107813617237507e+00
2.824811632102044889e+00
2.823483148434966061e+00
2.822122379853160279e+00
2.820729408451346565e+00
2.819304394002899894e+00
2.817847587885334182e+00
2.816359347612291231e+00
2.814840151393207979e+00
2.813290612135422641e+00
2.811711490325927709e+00
2.810103705311234101e+00
2.808468344576162234e+00
2.806806670684483418e+00
2.805120125584712909e+00
2.803410331973465563e+00
2.801679091400402388e+00
2.799928378771755710e+00
2.798160332951892038e+00
2.796377243200393714e+00
2.794581531299869415e+00
2.792775729340476687e+00
2.790962453248449826e+00
2.789144372283455020e+00
2.787324174842150004e+00
2.785504531056391286e+00
2.783688052829166981e+00
2.781877252113760690e+00
2.780074498415515016e+00
2.778281976608080406e+00
2.776501646257607092e+00
2.774735203625770197e+00
2.772984047476278135e+00
2.771249249638896739e+00
2.769531531097472410e+00
2.767831244120233958e+00
2.766148360722478827e+00
2.764482467560100076e+00
2.762832767226393482e+00
2.761198085876226394e+00
2.759576887129266076e+00
2.757967292266215509e+00
2.756367106790407639e+00
2.754773853391805361e+00
2.753184811142371125e+00
2.751597060363117464e+00
2.750007532066100602e+00
2.748413060381573736e+00
2.746810436078966688e+00
2.745196459330303984e+00
2.743567990204581974e+00
2.741921995887761199e+00
2.740255594113722548e+00
2.738566092568580856e+00
2.736851024009774314e+00
2.735108176497811350e+00
2.733335617632688841e+00
2.731531711317443545e+00
2.729695125615085427e+00
2.727824830825229974e+00
2.725920087788559876e+00
2.723980427273728910e+00
2.722005621811210752e+00
2.719995651428097627e+00
2.717950664571037844e+00
2.715870935351256232e+00
2.713756818304857710e+00
2.711608702179502117e+00
2.709426964628463885e+00
2.707211929865126265e+00
2.704963831145676956e+00
2.702682779478111641e+00
2.700368739455225153e+00
2.698021512692974078e+00
2.695640729128870205e+00
2.693225846315497218e+00
2.690776156973385014e+00
2.688290805499505609e+00
2.685768814658552550e+00
2.683209123742720248e+00
2.680610638500040555e+00
2.677972291208278843e+00
2.675293107261782044e+00
2.672572273727621628e+00
2.669809206064839735e+00
2.667003611062555013e+00
2.664155545826571547e+00
2.661265473303526363e+00
2.658334314226464823e+00
2.655363494189928897e+00
2.652354983644884978e+00
2.649311328416227518e+00
2.646235668735510860e+00
2.643131745455495007e+00
2.640003892836856103e+00
2.636857017924703062e+00
2.633696566733208400e+00
2.630528476995686482e+00
2.627359116297133035e+00
2.624195203734622339e+00
2.621043713645697437e+00
2.617911761517475622e+00
2.614806474333621900e+00
2.611734849271256209e+00
2.608703605129117253e+00
2.605719030386566715e+00
2.602786831533955514e+00
2.599911986648164142e+00
2.597098612160011033e+00
2.594349853114823024e+00
2.591667805471208119e+00
2.589053471554303432e+00
2.586506739862693749e+00
2.584026374874505816e+00
2.581610006440514304e+00
2.579254120163063657e+00
2.576954061983848021e+00
2.574704074203385318e+00
2.572497374511467427e+00
2.570326278704937462e+00
2.568182357728703291e+00
2.566056614442548511e+00
2.563939666195262923e+00
2.561821924890938629e+00
2.559693773898302993e+00
2.557545746507186024e+00
2.555368710047578595e+00
2.553154053434108395e+00
2.550893868343453885e+00
2.548581110965375096e+00
2.546209734141308800e+00
2.543774786368593332e+00
2.541272481108853842e+00
2.538700244556927110e+00
2.536056750225623269e+00
2.533341942824783199e+00
2.530557043516757254e+00
2.527704519388382476e+00
2.524787998281373014e+00
2.521812118730491381e+00
2.518782320475296377e+00
2.515704596059280984e+00
2.512585230319085206e+00
2.509430549318818926e+00
2.506246688509316645e+00
2.503039380311062434e+00
2.499813758691941334e+00
2.496574180101446494e+00
2.493324061643391154e+00
2.490065738760431469e+00
2.486800349730311499e+00
2.483527761690811797e+00
2.480246553319116032e+00
2.476954055805864918e+00
2.473646434705682573e+00
2.470318789065172549e+00
2.466965258561330199e+00
2.463579150298617737e+00
2.460153103859473944e+00
2.456679301483660982e+00
2.453149713609588112e+00
2.449556363470792864e+00
2.445891599331283750e+00
2.442148369972269695e+00
2.438320501086219227e+00
2.434402968353949426e+00
2.430392160862529405e+00
2.426286126743198324e+00
2.422084790279515509e+00
2.417790127272019252e+00
2.413406285867172762e+00
2.408939644079668874e+00
2.404398800624929944e+00
2.399794500077598869e+00
2.395139496401838208e+00
2.390448360975111264e+00
2.385737241824285704e+00
2.381023579274416324e+00
2.376325780196755222e+00
2.371662850385693577e+00
2.367053985477205913e+00
2.362518129145200874e+00
2.358073521960662777e+00
2.353737272457526064e+00
2.349524967617801607e+00
2.345450307335526841e+00
2.341524728844877501e+00
2.337757012152216429e+00
2.334152911508899475e+00
2.330714886589288604e+00
2.327441974355155097e+00
2.324329777416711984e+00
2.321370513541597624e+00
2.318553103350841305e+00
2.315863328546361011e+00
2.313284107953592628e+00
2.310795897217307715e+00
2.308377163199722304e+00
2.306004866792717323e+00
2.303654917422387705e+00
2.301302608303547270e+00
2.298923068953357074e+00
2.296491769010733819e+00
2.293985084302289756e+00
2.291380907234096931e+00
2.288659260314924282e+00
2.285802860540667059e+00
2.282797584823697878e+00
2.279632799909850682e+00
2.276301541320699950e+00
2.272800552712886279e+00
2.269130222570941324e+00
2.265294465607988972e+00
2.261300582089941447e+00
2.257159096726339520e+00
2.252883550162067205e+00
2.248490205936701347e+00
2.243997643466313363e+00
2.239426224280156141e+00
2.234797441457368805e+00
2.230133193275490644e+00
2.225455053726200116e+00
2.220783620517154500e+00
2.216137985419083467e+00
2.211535307151048624e+00
2.206990422173874311e+00
2.202515442930341738e+00
2.198119354376208534e+00
2.193807675507163157e+00
2.189582260827388716e+00
2.185441279393962155e+00
2.181379359170787957e+00
2.177387850388031065e+00
2.173455150874072483e+00
2.169567043264124084e+00
2.165707012142290555e+00
2.161856533963359972e+00
2.157995358699404065e+00
2.154101822075403128e+00
2.150153232979501006e+00
2.146126368371615190e+00
2.141998082379888313e+00
2.137746007330829201e+00
2.133349301316282531e+00
2.128789385875993645e+00
2.124050622065841054e+00
2.119120890655404210e+00
2.113992060314077825e+00
2.108660334330068054e+00
2.103126462678329034e+00
2.097395805337699315e+00
2.091478243583437369e+00
2.085387952152180091e+00
2.079143054650662403e+00
2.072765186714559782e+00
2.066278995927820272e+00
2.059711614778604538e+00
2.053092137204236778e+00
2.046451101990923505e+00
2.039819958766653674e+00
2.033230495657656345e+00
2.026714238750909836e+00
2.020301852379449148e+00
2.014022551805181749e+00
2.007903513454889044e+00
2.001969275098151702e+00
1.996241157489202944e+00
1.990736763803578890e+00
1.985469592430822106e+00
1.980448755928102766e+00
1.975678782412954027e+00
1.971159498985935787e+00
1.966886024293202251e+00
1.962848889507801786e+00
1.959034268001657031e+00
1.955424265784761806e+00
1.951997238156779613e+00
1.948728139805074644e+00
1.945588946551068066e+00
1.942549182278995090e+00
1.939576551936333271e+00
1.936637646561875314e+00
1.933698669781253265e+00
1.930726141988765798e+00
1.927687560231506003e+00
1.924552014921877552e+00
1.921290776898811004e+00
1.917877864843254621e+00
1.914290587568309387e+00
1.910510037940859274e+00
1.906521503868132461e+00
1.902314759960483714e+00
1.897884210552323259e+00
1.893228870856260793e+00
1.888352198407528437e+00
1.883261815476427792e+00
1.877969178842806786e+00
1.872489240296500768e+00
1.866840101396491924e+00
1.861042625981581322e+00
1.855119966603379966e+00
1.849096994889387169e+00
1.842999674016888356e+00
1.836854435661559481e+00
1.830687609175919439e+00
1.824524915800781688e+00
1.818391014991376009e+00
1.812309086893983734e+00
1.806300445692403889e+00
1.800384186231942296e+00
1.794576863461698535e+00
1.788892197036352494e+00
1.783340793993800633e+00
1.777929896675003230e+00
1.772663183773612650e+00
1.767540664067346112e+00
1.762558694498371770e+00
1.757710130589916986e+00
1.752984591412693582e+00
1.748368805159028483e+00
1.743846997812165789e+00
1.739401293047823760e+00
1.735012101922337902e+00
1.730658492494276501e+00
1.726318539276899822e+00
1.721969658529033609e+00
1.717588938154862799e+00
1.713153472078589701e+00
1.708640709466736407e+00
1.704028828341481283e+00
1.699297138978735022e+00
1.694426513542436563e+00
1.689399826412052885e+00
1.684202380175131353e+00
1.678822291056425442e+00
1.673250814221616256e+00
1.667482596163818886e+00
1.661515840744384853e+00
1.655352369804067081e+00
1.648997560584147815e+00
1.642460159439680822e+00
1.635751998542387398e+00
1.628887661026251710e+00
1.621884135875144350e+00
1.614760480582445590e+00
1.607537486568785923e+00
1.600237336296086887e+00
1.592883251051366411e+00
1.585499138968672117e+00
1.578109251396284218e+00
1.570737845369022390e+00
1.563408844246040541e+00
1.556145495060662354e+00
1.548970032714015233e+00
1.541903364949663402e+00
1.534964784251062753e+00
1.528171702502728602e+00
1.521539402650457617e+00
1.515080810282557255e+00
1.508806298587926920e+00
1.502723543167206133e+00
1.496837436375556551e+00
1.491150059583326248e+00
1.485660703671642491e+00
1.480365927637626644e+00
1.475259650668462985e+00
1.470333278734030191e+00
1.465575867664415055e+00
1.460974320606380328e+00
1.456513612795022894e+00
1.452177035184770704e+00
1.447946451627820652e+00
1.443802569306848582e+00
1.439725225355557248e+00
1.435693692050818981e+00
1.431686998965732815e+00
1.427684264769516709e+00
1.423665026161920366e+00
1.419609548834984025e+00
1.415499106843710830e+00
1.411316222445598179e+00
1.407044866471798494e+00
1.402670626253659458e+00
1.398180850791488794e+00
1.393564780091545163e+00
1.388813659189632066e+00
1.383920830935751134e+00
1.378881798313338569e+00
1.373694247948870073e+00
1.368358030311428220e+00
1.362875096771537509e+00
1.357249397579929795e+00
1.351486747478536810e+00
1.345594667141580825e+00
1.339582208884482206e+00
1.333459773612982513e+00
1.327238922829523160e+00
1.320932185838333162e+00
1.314552860207017115e+00
1.308114804582446444e+00
1.301632226622710053e+00
1.295119472614342904e+00
1.288590826600902961e+00
1.282060324659364259e+00
1.275541585854542470e+00
1.269047658006222434e+00
1.262590875578101457e+00
1.256182728579432695e+00
1.249833743711213474e+00
1.243553380238142214e+00
1.237349942432822480e+00
1.231230508513446953e+00
1.225200874144034113e+00
1.219265508054318436e+00
1.213427518604089039e+00
1.207688632535150797e+00
1.202049189422828235e+00
1.196508156195262629e+00
1.191063165105632926e+00
1.185710576281021611e+00
1.180445563516157259e+00
1.175262220211333863e+00
1.170153681430353254e+00
1.165112257649485006e+00
1.160129575486098741e+00
1.155196720468601113e+00
1.150304377014749635e+00
1.145442961475638732e+00
1.140602745425788545e+00
1.135773968054030858e+00
1.130946938118471357e+00
1.126112127081991154e+00
1.121260255521726812e+00
1.116382374749392836e+00
1.111469945039542440e+00
1.106514911250755961e+00
1.101509776133392737e+00
1.096447671209792807e+00
1.091322424655964740e+00
1.086128625053220054e+00
1.080861679331227343e+00
1.075517862940321923e+00
1.070094360360686503e+00
1.064589294366511840e+00
1.059001742719586359e+00
1.053331741005827604e+00
1.047580270273153813e+00
1.041749228407076844e+00
1.035841385136211601e+00
1.029860322213860035e+00
1.023810362134192298e+00
1.017696489950852046e+00
1.011524272776175071e+00
1.005299780298808621e+00
9.990295077516555544e-01
9.927203010651886039e-01
9.863792831475912681e-01
9.800137804880747483e-01
9.736312501765200800e-01
9.672392082744020181e-01
9.608451607503574188e-01
9.544565378378027098e-01
9.480806320135976017e-01
9.417245392876828491e-01
9.353951034298386702e-01
9.290988630681007443e-01
9.228420020287620984e-01
9.166303035385414688e-01
9.104691088947560740e-01
9.043632810073332084e-01
8.983171730231942487e-01
8.923346022011796608e-01
8.864188292999070073e-01
8.805725438755150902e-01
8.747978559135366483e-01
8.690962940487277910e-01
8.634688102793717235e-01
8.579157906643772868e-01
8.524370711556319424e-01
8.470319575969262882e-01
8.416992490521895132e-01
8.364372639372020801e-01
8.312438687730903109e-01
8.261165096068473490e-01
8.210522461604520261e-01
8.160477886032259098e-01
8.110995365839152038e-01
8.062036199388877833e-01
8.013559403850984975e-01
7.965522135373849233e-01
7.917880107016932456e-01
7.870588000370269954e-01
7.823599867861816826e-01
7.776869523421028330e-01
7.730350919362900530e-01
7.683998507354118379e-01
7.637767581146143181e-01
7.591614598718909868e-01
7.545497481233298664e-01
7.499375886268562219e-01
7.453211452903054646e-01
7.406968016608292960e-01
7.360611792734526038e-01
7.314111528343727464e-01
7.267438623363260408e-01
7.220567223087083208e-01
7.173474284777536791e-01
7.126139621366295307e-01
7.078545924978836279e-01
7.030678772354714834e-01
6.982526613364875567e-01
6.934080743133559377e-01
6.885335257679568999e-01
6.836286992880309388e-01
6.786935446673865169e-01
6.737282684796277454e-01
6.687333230869016987e-01
6.637093942084010267e-01
6.586573872222573067e-01
6.535784124057698596e-01
6.484737693432440775e-01
6.433449307426994945e-01
6.381935259044033693e-01
6.330213240569720901e-01
6.278302177448703558e-01
6.226222063918319671e-01
6.173993801052205521e-01
6.121639037337839317e-01
6.069180011616333026e-01
6.016639398213348144e-01
5.964040154408269956e-01
5.911405370959759153e-01
5.858758126895128315e-01
5.806121350258265368e-01
5.753517686517413132e-01
5.700969376112561271e-01
5.648498142048501425e-01
5.596125087787572339e-01
5.543870605069203261e-01
5.491754290899873991e-01
5.439794872861138941e-01
5.388010142072586772e-01
5.336416893446699339e-01
5.285030873328314671e-01
5.233866734828360734e-01
5.182938001325521071e-01
5.132257038524168369e-01
5.081835035231876407e-01
5.031681992715243412e-01
4.981806722202168913e-01
4.932216849898634625e-01
4.882918828769994835e-01
4.833917956378720460e-01
4.785218398191167788e-01
4.736823215878004367e-01
4.688734400316522111e-01
4.640952909050961583e-01
4.593478707991024423e-01
4.546310817093911494e-01
4.499447359675080027e-01
4.452885614899779743e-01
4.406622072961520198e-01
4.360652492372044109e-01
4.314971958847536593e-01
4.269574945231429663e-01
4.224455372020781141e-01
4.179606668043962525e-01
4.135021830885588501e-01
4.090693486695987091e-01
4.046613949006325206e-01
4.002775276176555597e-01
3.959169327119599902e-01
3.915787814968922920e-01
3.872622358347365679e-01
3.829664529976846143e-01
3.786905902391639600e-01
3.744338090576146971e-01
3.701952791400611731e-01
3.659741819825711451e-01
3.617697141824960938e-01
3.575810904106647703e-01
3.534075460697741478e-01
3.492483396509008520e-01
3.451027548021460278e-01
3.409701021232236506e-01
3.368497207053474662e-01
3.327409794291474876e-01
3.286432780407820831e-01
3.245560480208528609e-01
3.204787532625374413e-01
3.164108905734051014e-01
3.123519900152317286e-01
3.083016150935413702e-01
3.042593628083945512e-01
3.002248635763481999e-01
2.961977810320093885e-01
2.921778117172138534e-01
2.881646846655100958e-01
2.841581608882503551e-01
2.801580327687440697e-01
2.761641233728843181e-01
2.721762856806665964e-01
2.681944017478599673e-01
2.642183818038869036e-01
2.602481632936600731e-01
2.562837098706042260e-01
2.523250103483028473e-01
2.483720776170350586e-01
2.444249475319247578e-01
2.404836777787494884e-01
2.365483467223490899e-01
2.326190522426022644e-01
2.286959105618631416e-01
2.247790550690265399e-01
2.208686351419554827e-01
2.169648149733525155e-01
2.130677724031597442e-01
2.091776977605156185e-01
2.052947927192456112e-01
2.014192691707652472e-01
1.975513481177260666e-01
1.936912585920639862e-01
1.898392366020887345e-01
1.859955241105670787e-01
1.821603680480252674e-01
1.783340193644114002e-01
1.745167321198098365e-01
1.707087626186127860e-01
1.669103685862645403e-01
1.631218083908733962e-01
1.593433403102337276e-01
1.555752218429495015e-01
1.518177090657170658e-01
1.480710560336387926e-01
1.443355142245093536e-01
1.406113320254975541e-01
1.368987542607483232e-01
1.331980217586116733e-01
1.295093709580341090e-01
1.258330335508656694e-01
1.221692361601821181e-01
1.185182000524017953e-01
1.148801408814066616e-01
1.112552684630802868e-01
1.076437865795732696e-01
1.040458928104841252e-01
1.004617783898367062e-01
9.689162808819370976e-02
9.333562011711343809e-02
8.979392605538794037e-02
8.626671079585432333e-02
8.275413251085247945e-02
7.925634263559394599e-02
7.577348586862907298e-02
7.230570018689681799e-02
6.885311687655573665e-02
6.541586057613076044e-02
6.199404933311780663e-02
5.858779467163184596e-02
5.519720167059666283e-02
5.182236905249737458e-02
4.846338927998923574e-02
4.512034866105193998e-02
4.179332746157959216e-02
3.848240002386508346e-02
3.518763489071727313e-02
3.190909493467972841e-02
2.864683749121180872e-02
2.540091449491335002e-02
2.217137261891671818e-02
1.895825341572604170e-02
1.576159345976201748e-02
1.258142449060068932e-02
9.417773556121581888e-03
6.270663155493997123e-03
3.140111381280564530e-03
2.613206009398664435e-05
-3.071265108718801862e-03
-6.152074416684321159e-03
-9.216294011574800021e-03
-1.226392576727817867e-02
-1.529497515571967906e-02
-1.830945112244437845e-02
-2.130736596681496314e-02
-2.428873522529047951e-02
-2.725357755925828310e-02
-3.020191464717787017e-02
-3.313377108126203813e-02
-3.604917426826671073e-02
-3.894815433520032455e-02
-4.183074403967933924e-02
-4.469697868447788935e-02
-4.754689603731563491e-02
-5.038053625468615765e-02
-5.319794181048631554e-02
-5.599915742931935170e-02
-5.878423002400503389e-02
-6.155320863739548176e-02
-6.430614438895107532e-02
-6.704309042524722595e-02
-6.976410187416394459e-02
-7.246923580428102363e-02
-7.515855118686189107e-02
-7.783210886277026896e-02
-8.048997151229947411e-02
-8.313220362906370564e-02
-8.575887149749746030e-02
-8.837004317304208989e-02
-9.096578846652891848e-02
-9.354617893111040472e-02
-9.611128785229740290e-02
-9.866119024119024417e-02
-1.011959628304435338e-01
-1.037156840725398932e-01
-1.062204341413536951e-01
-1.087102949358560861e-01
-1.111853500857583055e-01
-1.136456849604754182e-01
-1.160913866793397559e-01
-1.185225441242750838e-01
-1.209392479543438259e-01
-1.233415906224454156e-01
-1.257296663933818726e-01
-1.281035713638042361e-01
-1.304634034840184975e-01
-1.328092625807165139e-01
-1.351412503817617794e-01
-1.374594705417321039e-01
-1.397640286693686007e-01
-1.420550323553431138e-01
-1.443325912020000656e-01
-1.465968168535374261e-01
-1.488478230271283731e-01
-1.510857255452323633e-01
-1.533106423683672503e-01
-1.555226936285912520e-01
-1.577220016637415623e-01
-1.599086910522514726e-01
-1.620828886479762365e-01
-1.642447236160245183e-01
-1.663943274685265872e-01
-1.685318341005226928e-01
-1.706573798262709940e-01
-1.727711034157148329e-01
-1.748731461302088230e-01
-1.769636517590890412e-01
-1.790427666556753672e-01
-1.811106397724955297e-01
-1.831674226970539388e-01
0.000000000000000000e+00
