-1.048054572849336369e-02
-8.019906215377127848e-03
-5.918599353501320312e-03
-3.994562718631632613e-03
-2.223486105366381631e-03
-5.829990888102315819e-04
9.467825320741908753e-04
2.382593809772340886e-03
3.738211988360854495e-03
5.024892797705440319e-03
6.251831599862089049e-03
7.426572373408734697e-03
8.555344955516954938e-03
9.643333664600448052e-03
1.069488786376457216e-02
1.171368606305372290e-02
1.270286384108467934e-02
1.366511394305541284e-02
1.460276507023091849e-02
1.551784433550329120e-02
1.641212714813931189e-02
1.728717736732673232e-02
1.814437987058357959e-02
1.898496716635485193e-02
1.981004129462322905e-02
2.062059197170071356e-02
2.141751171979226764e-02
2.220160855882357537e-02
2.297361671424687918e-02
2.373420569997751126e-02
2.448398806254137305e-02
2.522352601564422508e-02
2.595333715056123702e-02
2.667389937235604622e-02
2.738565518468197291e-02
2.808901542364938483e-02
2.878436252373930276e-02
2.947205338483243481e-02
3.015242189710067716e-02
3.082578117180396343e-02
3.149242551852581007e-02
3.215263220205376998e-02
3.280666300814616410e-02
3.345476564217055027e-02
3.409717498143348402e-02
3.473411419914206738e-02
3.536579577502898392e-02
3.599242240573070212e-02
3.661418782638620195e-02
3.723127755327275412e-02
3.784386955583456114e-02
3.845213486586884777e-02
3.905623812996889682e-02
3.965633811142867809e-02
4.025258814625131548e-02
4.084513655784875741e-02
4.143412703454324442e-02
4.201969897305916912e-02
4.260198779158827498e-02
4.318112521467963594e-02
4.375723953297513957e-02
4.433045584001821249e-02
4.490089624777113958e-02
4.546868008326431648e-02
4.603392406789626190e-02
4.659674248085288184e-02
4.715724730818138255e-02
4.771554837887082012e-02
4.827175348924082898e-02
4.882596851643981883e-02
4.937829752255049054e-02
4.992884284985669302e-02
5.047770520864019311e-02
5.102498375769813632e-02
5.157077617884934378e-02
5.211517874601848122e-02
5.265828638924282407e-02
5.320019275449082430e-02
5.374099025968317317e-02
5.428077014742871409e-02
5.481962253442360100e-02
5.535763645892251977e-02
5.589489992509803079e-02
5.643149994564858329e-02
5.696752258237513383e-02
5.750305298502410289e-02
5.803817542807606505e-02
5.857297334606674510e-02
5.910752936684718351e-02
5.964192534315884003e-02
6.017624238224084099e-02
6.071056087329888828e-02
6.124496051275975933e-02
6.177952032694136730e-02
6.231431869209110713e-02
6.284943335166767731e-02
6.338494143016966398e-02
6.392091944403363590e-02
6.445744330826705393e-02
6.499458833961394011e-02
6.553242925546530484e-02
6.607104016849051076e-02
6.661049457666667895e-02
6.715086534832526155e-02
6.769222470281786863e-02
6.823464418587064928e-02
6.877819463991341475e-02
6.932294616926285014e-02
6.986896810042012018e-02
7.041632893664859227e-02
7.096509630856416562e-02
7.151533691858039110e-02
7.206711648183967978e-02
7.262049966160419312e-02
7.317555000090728012e-02
7.373232985001806905e-02
7.429090029006224505e-02
7.485132105334456332e-02
7.541365044049204436e-02
7.597794523504410036e-02
7.654426061600699827e-02
7.711265006812903500e-02
7.768316529103475032e-02
7.825585610740203035e-02
7.883077037055280512e-02
7.940795387227451985e-02
7.998745025058259794e-02
8.056930089872370304e-02
8.115354487544688966e-02
8.174021881703122383e-02
8.232935685115001789e-02
8.292099051389506537e-02
8.351514866947154503e-02
8.411185743322786845e-02
8.471114009879041062e-02
8.531301706883877289e-02
8.591750579112682196e-02
8.652462069844422954e-02
8.713437315479959089e-02
8.774677140589735858e-02
8.836182053674458692e-02
8.897952243425906460e-02
8.959987575720476660e-02
9.022287591195006506e-02
9.084851503611487966e-02
9.147678198892802981e-02
9.210766234912218242e-02
9.274113842097829463e-02
9.337718924818297350e-02
9.401579063581759488e-02
9.465691518103810931e-02
9.530053231207827324e-02
9.594660833647239429e-02
9.659510649777849900e-02
9.724598704166309560e-02
9.789920729056583726e-02
9.855472172786712559e-02
9.921248209077029867e-02
9.987243747218077505e-02
1.005345344314931000e-01
1.011987171134044877e-01
1.018649273755827533e-01
1.025331049235888442e-01
1.032031874540464411e-01
1.038751108043476923e-01
1.045488091089255833e-01
1.052242149616776090e-01
1.059012595832967418e-01
1.065798729936561634e-01
1.072599841877234228e-01
1.079415213148675889e-01
1.086244118598089503e-01
1.093085828257212011e-01
1.099939609170419996e-01
1.106804727225810109e-01
1.113680448968995540e-01
1.120566043393349115e-01
1.127460783700686142e-01
1.134363949018316609e-01
1.141274826073156168e-01
1.148192710793723287e-01
1.155116909856387652e-01
1.162046742151675860e-01
1.168981540166841443e-01
1.175920651281320284e-01
1.182863438958933894e-01
1.189809283848599630e-01
1.196757584772736860e-01
1.203707759601789634e-01
1.210659246022346702e-01
1.217611502184908073e-01
1.224564007236977059e-01
1.231516261739840912e-01
1.238467787966022193e-01
1.245418130089574471e-01
1.252366854262439710e-01
1.259313548577729591e-01
1.266257822942197242e-01
1.273199308845849032e-01
1.280137659036058029e-01
1.287072547117289467e-01
1.294003667064144159e-01
1.300930732674384360e-01
1.307853476953610705e-01
1.314771651447365908e-01
1.321685025528730462e-01
1.328593385653968062e-01
1.335496534576479655e-01
1.342394290553336478e-01
1.349286486527256357e-01
1.356172969304087761e-01
1.363053598734317307e-01
1.369928246893126755e-01
1.376796797274892625e-01
1.383659144005616459e-01
1.390515191075591683e-01
1.397364851591907098e-01
1.404208047064786080e-01
1.411044706720398223e-01
1.417874766847177781e-01
1.424698170175760503e-01
1.431514865296598105e-01
1.438324806109882448e-01
1.445127951315064718e-01
1.451924263927957814e-01
1.458713710845792877e-01
1.465496262430845686e-01
1.472271892143224292e-01
1.479040576190059353e-01
1.485802293215787162e-01
1.492557024016997191e-01
1.499304751279425529e-01
1.506045459348350768e-01
1.512779134016678795e-01
1.519505762332599152e-01
1.526225332431443427e-01
1.532937833387969517e-01
1.539643255071090344e-01
1.546341588032322800e-01
1.553032823391607420e-01
1.559716952743221419e-01
1.566393968074410448e-01
1.573063861679221409e-01
1.579726626101554121e-01
1.586382254065213104e-01
1.593030738428749260e-01
1.599672072133626333e-01
1.606306248155606187e-01
1.612933259471957537e-01
1.619553099020597520e-01
1.626165759669739586e-01
1.632771234183358899e-01
1.639369515196655858e-01
1.645960595185098074e-01
1.652544466437601556e-01
1.659121121030947277e-01
1.665690550807854553e-01
1.672252747350720659e-01
1.678807701951143816e-01
1.685355405588342959e-01
1.691895848906867228e-01
1.698429022189311133e-01
1.704954915321570952e-01
1.711473517782694242e-01
1.717984818601657193e-01
1.724488806336132996e-01
1.730985469043729297e-01
1.737474794253704435e-01
1.743956768935073787e-01
1.750431379470084314e-01
1.756898611621748318e-01
1.763358450506455899e-01
1.769810880563787436e-01
1.776255885525538369e-01
1.782693448388402990e-01
1.789123551386458955e-01
1.795546175964573832e-01
1.801961302747366878e-01
1.808368911519573075e-01
1.814768981200804154e-01
1.821161489816840451e-01
1.827546414491095783e-01
1.833923731414336122e-01
1.840293415837165325e-01
1.846655442046581386e-01
1.853009783361173057e-01
1.859356412112717349e-01
1.865695299646794036e-01
1.872026416316156516e-01
1.878349731473721862e-01
1.884665213474266687e-01
1.890972829682269762e-01
1.897272546476461430e-01
1.903564329254301968e-01
1.909848142448867248e-01
1.916123949540970983e-01
1.922391713081749998e-01
1.928651394708455480e-01
1.934902955172189132e-01
1.941146354362685289e-01
1.947381551340509609e-01
1.953608504370365762e-01
1.959827170955814879e-01
1.966037507878157786e-01
1.972239471243093512e-01
1.978433016521506937e-01
1.984618098595307689e-01
1.990794671812594063e-01
1.996962690038680543e-01
2.003122106711101025e-01
2.009272874900524530e-01
2.015414947365432308e-01
2.021548276617482487e-01
2.027672814989247840e-01
2.033788514698356420e-01
2.039895327911852851e-01
2.045993206825587052e-01
2.052082103728126994e-01
2.058161971078717734e-01
2.064232761575304775e-01
2.070294428232228312e-01
2.076346924462721677e-01
2.082390204145931345e-01
2.088424221709130058e-01
2.094448932202693237e-01
2.100464291376392956e-01
2.106470255761254684e-01
2.112466782735028248e-01
2.118453830606303601e-01
2.124431358689003457e-01
2.130399327368776574e-01
2.136357698178415199e-01
2.142306433867445514e-01
2.148245498463560721e-01
2.154174857343163496e-01
2.160094477296855553e-01
2.166004326578902517e-01
2.171904374968211260e-01
2.177794593816358981e-01
2.183674956106927967e-01
2.189545436486763363e-01
2.195406011319364636e-01
2.201256658707326230e-01
2.207097358538095966e-01
2.212928092491502075e-01
2.218748844078247684e-01
2.224559598650885095e-01
2.230360343406987134e-01
2.236151067403508441e-01
2.241931761549645630e-01
2.247702418598142571e-01
2.253463033140232497e-01
2.259213601578427544e-01
2.264954122104254342e-01
2.270684594667024547e-01
2.276405020932841805e-01
2.282115404247209434e-01
2.287815749580534019e-01
2.293506063464277878e-01
2.299186353942136440e-01
2.304856630493275493e-01
2.310516903957987034e-01
2.316167186456531690e-01
2.321807491308769678e-01
2.327437832941203488e-01
2.333058226785746092e-01
2.338668689185700034e-01
2.344269237279985041e-01
2.349859888902336436e-01
2.355440662465557444e-01
2.361011576838749348e-01
2.366572651228676105e-01
2.372123905056643112e-01
2.377665357826796999e-01
2.383197029000816425e-01
2.388718937863298641e-01
2.394231103390034865e-01
2.399733544113214212e-01
2.405226277987242145e-01
2.410709322252893583e-01
2.416182693300442663e-01
2.421646406538311147e-01
2.427100476259232420e-01
2.432544915507680039e-01
2.437979735951013582e-01
2.443404947745806410e-01
2.448820559423919851e-01
2.454226577759753558e-01
2.459623007665995287e-01
2.465009852067714946e-01
2.470387111801672364e-01
2.475754785512431222e-01
2.481112869548580957e-01
2.486461357873805400e-01
2.491800241982702890e-01
2.497129510824246945e-01
2.502449150714507464e-01
2.507759145299408576e-01
2.513059475473788384e-01
2.518350119344168192e-01
2.523631052185449919e-01
2.528902246411667831e-01
2.534163671559080400e-01
2.539415294261536671e-01
2.544657078266822081e-01
2.549888984423601679e-01
2.555110970717977548e-01
2.560322992291800270e-01
2.565525001487400369e-01
2.570716947891951709e-01
2.575898778402479494e-01
2.581070437307669829e-01
2.586231866356116238e-01
2.591383004862978789e-01
2.596523789812946736e-01
2.601654155981504291e-01
2.606774036062307065e-01
2.611883360808384125e-01
2.616982059188241450e-01
2.622070058536276616e-01
2.627147284745695033e-01
2.632213662434332857e-01
2.637269115146491094e-01
2.642313565561812405e-01
2.647346935696094361e-01
2.652369147126095728e-01
2.657380121222479019e-01
2.662379779377158084e-01
2.667368043248347087e-01
2.672344835013045206e-01
2.677310077611446126e-01
2.682263695006310011e-01
2.687205612435291657e-01
2.692135756677818126e-01
2.697054056312659376e-01
2.701960441969635252e-01
2.706854846597280262e-01
2.711737205704783937e-01
2.716607457615160537e-01
2.721465543711536483e-01
2.726311408662432378e-01
2.731145000653569799e-01
2.735966271598472832e-01
2.740775177341526758e-01
2.745571677855023762e-01
2.750355737401031231e-01
2.755127324700727409e-01
2.759886413068494138e-01
2.764632980539768470e-01
2.769367009972178439e-01
2.774088489124342805e-01
2.778797410719358596e-01
2.783493772482195094e-01
2.788177577149818509e-01
2.792848832464397413e-01
2.797507551133124881e-01
2.802153750772268248e-01
2.806787453810979938e-01
2.811408687389877481e-01
2.816017483219763196e-01
2.820613877410261261e-01
2.825197910291611381e-01
2.829769626189592158e-01
2.834329073201996563e-01
2.838876302922183070e-01
2.843411370165924712e-01
2.847934332666296475e-01
2.852445250744642946e-01
2.856944186974381128e-01
2.861431205813406153e-01
2.865906373236372096e-01
2.870369756342870948e-01
2.874821422962928752e-01
2.879261441239012176e-01
2.883689879211796536e-01
2.888106804402478245e-01
2.892512283378322335e-01
2.896906381329202307e-01
2.901289161643912373e-01
2.905660685480940253e-01
2.910021011350510389e-01
2.914370194700762751e-01
2.918708287518811950e-01
2.923035337946014445e-01
2.927351389884225719e-01
2.931656482646758377e-01
2.935950650604980949e-01
2.940233922869019967e-01
2.944506322973799439e-01
2.948767868599496689e-01
2.953018571306612050e-01
2.957258436311121508e-01
2.961487462260905534e-01
2.965705641058435926e-01
2.969912957709543999e-01
2.974109390199391467e-01
2.978294909390357126e-01
2.982469478968143850e-01
2.986633055408201010e-01
2.990785587972887294e-01
2.994927018742492009e-01
2.999057282694605475e-01
3.003176307794686029e-01
3.007284015132303256e-01
3.011380319093492353e-01
3.015465127564102010e-01
3.019538342162724209e-01
3.023599858517710959e-01
3.027649566574385775e-01
3.031687350926323132e-01
3.035713091202412173e-01
3.039726662463810847e-01
3.043727935640876958e-01
3.047716778016684724e-01
3.051693053711834192e-01
3.055656624225167595e-01
3.059607348989822340e-01
3.063545085958765402e-01
3.067469692213744548e-01
3.071381024594748155e-01
3.075278940358913138e-01
3.079163297853332870e-01
3.083033957194532548e-01
3.086890780967920800e-01
3.090733634931262519e-01
3.094562388741378678e-01
3.098376916656381819e-01
3.102177098243779629e-01
3.105962819097708993e-01
3.109733971514347939e-01
3.113490455181172067e-01
3.117232177824188488e-01
3.120959055837921881e-01
3.124671014879648046e-01
3.128367990431838441e-01
3.132049928319283749e-01
3.135716785176018151e-01
3.139368528870362662e-01
3.143005138865587189e-01
3.146626606516738645e-01
3.150232935305655180e-01
3.153824141009955451e-01
3.157400251801851798e-01
3.160961308250579416e-01
3.164507363273610374e-01
3.168038481988289523e-01
3.171554741491136031e-01
3.175056230547896874e-01
3.178543049204203275e-01
3.182015308323978831e-01
3.185473129029487427e-01
3.188916642072038288e-01
3.192345987126767870e-01
3.195761312021600520e-01
3.199162771890114998e-01
3.202550528265448726e-01
3.205924748104641564e-01
3.209285602779993196e-01
3.212633267023401462e-01
3.215967917810956811e-01
3.219289733241114670e-01
3.222598891384418351e-01
3.225895569101193683e-01
3.229179940869661980e-01
3.232452177605644184e-01
3.235712445494129397e-01
3.238960904843063426e-01
3.242197708935857237e-01
3.245423002950117430e-01
3.248636922883449407e-01
3.251839594534686739e-01
3.255031132549031092e-01
3.258211639507641033e-01
3.261381205070065237e-01
3.264539905201693237e-01
3.267687801461783281e-01
3.270824940372948908e-01
3.273951352858888164e-01
3.277067053769756044e-01
3.280172041490897472e-01
3.283266297631915465e-01
3.286349786810110474e-01
3.289422456500572522e-01
3.292484237004417169e-01
3.295535041466976511e-01
3.298574766029044314e-01
3.301603290019529124e-01
3.304620476260304862e-01
3.307626171472173304e-01
3.310620206728789316e-01
3.313602398027115647e-01
3.316572546931851884e-01
3.319530441314838543e-01
3.322475856162868668e-01
3.325408554485173585e-01
3.328328288292193848e-01
3.331234799671415336e-01
3.334127821915929824e-01
3.337007080782423696e-01
3.339872295765937693e-01
3.342723181515205866e-01
3.345559449262052731e-01
3.348380808359932570e-01
3.351186967872891165e-01
3.353977638226790514e-01
3.356752532916852383e-01
3.359511370270463759e-01
3.362253875232895095e-01
3.364979781189709196e-01
3.367688831815576767e-01
3.370380782931559627e-01
3.373055404335985052e-01
3.375712481658070807e-01
3.378351818135101325e-01
3.380973236364495649e-01
3.383576579982757737e-01
3.386161715266654548e-01
3.388728532636572366e-01
3.391276948009764869e-01
3.393806904071597352e-01
3.396318371350296461e-01
3.398811349138874949e-01
3.401285866219591614e-01
3.403741981406587791e-01
3.406179783853138798e-01
3.408599393148051271e-01
3.411000959175106706e-01
3.413384661716023505e-01
3.415750709832982568e-01
3.418099340973945188e-01
3.420430819845305392e-01
3.422745437039256267e-01
3.425043507412642851e-01
3.427325368252074345e-01
3.429591377200343905e-01
3.431841910007490393e-01
3.434077358065601437e-01
3.436298125801027226e-01
3.438504627907152389e-01
3.440697286477520378e-01
3.442876528010447301e-01
3.445042780390166204e-01
3.447196469771415250e-01
3.449338017494779640e-01
3.451467836979194570e-01
3.453586330689909500e-01
3.455693887128549746e-01
3.457790877945452479e-01
3.459877655152922005e-01
3.461954548468537674e-01
3.464021862817292519e-01
3.466079875999077964e-01
3.468128836554241201e-01
3.470168961809190211e-01
3.472200436137337642e-01
3.474223409443440991e-01
3.476237995848245887e-01
3.478244272611743515e-01
3.480242279265731709e-01
3.482232016968018762e-01
3.484213448088925302e-01
3.486186495977122712e-01
3.488151044952858548e-01
3.490106940499827504e-01
3.492053989638937983e-01
3.493991961487548092e-01
3.495920587994081341e-01
3.497839564854064998e-01
3.499748552577714444e-01
3.501647177734152905e-01
3.503535034345248156e-01
3.505411685446140346e-01
3.507276664799378052e-01
3.509129478782747613e-01
3.510969608433664457e-01
3.512796511677128697e-01
3.514609625726772824e-01
3.516408369672203160e-01
3.518192147267285019e-01
3.519960349907952923e-01
3.521712359824434868e-01
3.523447553474726157e-01
3.525165305157982321e-01
3.526864990816072631e-01
3.528545992059085590e-01
3.530207700369616397e-01
3.531849521475015630e-01
3.533470879900107442e-01
3.535071223605113500e-01
3.536650028766942233e-01
3.538206804593364008e-01
3.539741098145109954e-01
3.541252499128383913e-01
3.542740644607511036e-01
3.544205223553673623e-01
3.545645981189419205e-01
3.547062723060812051e-01
3.548455318764610067e-01
3.549823705268235763e-01
3.551167889764119678e-01
3.552487951991806781e-01
3.553784045972169237e-01
3.555056401090616602e-01
3.556305322527039126e-01
3.557531190924347886e-01
3.558734461354168266e-01
3.559915661481998228e-01
3.561075388996703950e-01
3.562214308265260754e-01
3.563333146245603045e-01
3.564432687686609480e-01
3.565513769676668110e-01
3.566577275548388215e-01
3.567624128256822180e-01
3.568655283246588428e-01
3.569671720948314753e-01
3.570674438934927641e-01
3.571664443878564965e-01
3.572642743357141160e-01
3.573610337633977840e-01
3.574568211518697192e-01
3.575517326343884972e-01
3.576458612235958734e-01
3.577392960685387702e-01
3.578321217522945630e-01
3.579244176375159792e-01
3.580162572671224397e-01
3.581077078194812024e-01
3.581988296286126028e-01
3.582896757667390908e-01
3.583802916951531747e-01
3.584707149788237679e-01
3.585609750675312069e-01
3.586510931405046954e-01
3.587410820108835052e-01
3.588309460880453883e-01
3.589206813902229287e-01
3.590102756072910961e-01
3.590997082013161479e-01
3.591889505465087895e-01
3.592779660959088961e-01
3.593667105742642809e-01
3.594551321877010874e-01
3.595431718497432150e-01
3.596307634147439813e-01
3.597178339186689611e-01
3.598043038258126325e-01
3.598900872790627425e-01
3.599750923550369963e-01
3.600592213288379417e-01
3.601423709475422008e-01
3.602244327239483290e-01
3.603052932495978133e-01
3.603848345446666879e-01
3.604629344411714453e-01
3.605394670205452345e-01
3.606143031025901835e-01
3.606873108049759580e-01
3.607583561744540090e-01
3.608273038984747272e-01
3.608940181022893823e-01
3.609583632352689198e-01
3.610202050488546810e-01
3.610794116615015370e-01
3.611358547103269423e-01
3.611894105789655862e-01
3.612399616923799850e-01
3.612873978654058682e-01
3.613316176877597874e-01
3.613725299273171654e-01
3.614100549249511518e-01
3.614441259619327051e-01
3.614746905720372383e-01
3.615017117690244586e-01
3.615251691649273291e-01
3.615450599511972340e-01
3.615613997176975736e-01
3.615742230818955738e-01
3.615835841123796190e-01
3.615895565259962252e-01
3.615922336431551254e-01
3.615917280966774450e-01
3.615881712850282370e-01
3.615817125717299962e-01
3.615725182408391913e-01
3.615607702091395703e-01
3.615466645208210705e-01
3.615304096378934018e-01
3.615122245493788133e-01
3.614923367346201677e-01
3.614709800009955343e-01
3.614483922372715985e-01
3.614248131140365694e-01
3.614004817676377268e-01
3.613756345022753336e-01
3.613505025486424826e-01
3.613253099087943010e-01
3.613002713213119832e-01
3.612755903732150498e-01
3.612514577836101748e-01
3.612280498792144745e-01
3.612055272767820124e-01
3.611840337868245099e-01
3.611636955404857185e-01
3.611446203488064000e-01
3.611268972881034323e-01
3.611105965086739422e-01
3.610957692565749944e-01
3.610824480965352801e-01
3.610706473145296469e-01
3.610603634818267960e-01
3.610515761551958969e-01
3.610442486844162024e-01
3.610383290962956848e-01
3.610337510286676377e-01
3.610304346767018169e-01
3.610282877251028144e-01
3.610272062301576046e-01
3.610270754228666057e-01
3.610277704010159128e-01
3.610291566818581988e-01
3.610310905968281414e-01
3.610334195073613417e-01
3.610359818418180100e-01
3.610386069533119691e-01
3.610411148280956439e-01
3.610433156748896755e-01
3.610450094452704595e-01
3.610459853433109489e-01
3.610460213861133583e-01
3.610448840738547105e-01
3.610423282263547362e-01
3.610380970338197826e-01
3.610319223659537169e-01
3.610235253794857879e-01
3.610126174665875820e-01
3.609989015873860119e-01
3.609820740301541431e-01
3.609618266348977311e-01
3.609378495026412947e-01
3.609098341910432217e-01
3.608774773676473036e-01
3.608404848660570763e-01
3.607985760709029321e-01
3.607514885362301249e-01
3.606989827384505798e-01
3.606408468627306241e-01
3.605769015191131466e-01
3.605070042866050928e-01
3.604310539697259119e-01
3.603489944603935902e-01
3.602608180861328058e-01
3.601665683384972505e-01
3.600663418858051634e-01
3.599602897960650916e-01
3.598486179132636686e-01
3.597315863531304059e-01
3.596095080919676779e-01
3.594827466404650895e-01
3.593517128020303764e-01
3.592168605494557854e-01
3.590786820756616260e-01
3.589377021256109357e-01
3.587944717396973626e-01
3.586495615607530052e-01
3.585035548553134888e-01
3.583570403900087076e-01
3.582106052736525603e-01
3.580648278624256609e-01
3.579202708183452097e-01
3.577774744291842834e-01
3.576369503004908079e-01
3.574991755577205388e-01
3.573645876782713948e-01
3.572335800692288399e-01
3.571064984709767520e-01
3.569836382241314277e-01
3.568652424278506707e-01
3.567515009749673283e-01
3.566425504545022163e-01
3.565384748991229369e-01
3.564393073464332540e-01
3.563450321751882588e-01
3.562555881521173862e-01
3.561708720991657584e-01
3.560907430745383628e-01
3.560150269543594925e-01
3.559435213104678031e-01
3.558760005077213906e-01
3.558122209541737524e-01
3.557519264326093333e-01
3.556948534186644140e-01
3.556407362350679779e-01
3.555893118146847831e-01
3.555403237877642342e-01
3.554935255568241192e-01
3.554486820251635537e-01
3.554055697165913741e-01
3.553639751285472270e-01
3.553236913322804780e-01
3.552845129962894921e-01
3.552462301503812592e-01
3.552086210967131952e-01
3.551714449140418450e-01
3.551344339870046718e-01
3.550972869398128506e-01
3.550596622989825590e-01
3.550211731334141363e-01
3.549813828605685173e-01
3.549398023585884632e-01
3.548958884914351630e-01
3.548490441503634463e-01
3.547986199327989310e-01
3.547439175888484342e-01
3.546841953549040305e-01
3.546186752426724875e-01
3.545465522883032294e-01
3.544670057131948937e-01
3.543792119540389862e-01
3.542823595369168355e-01
3.541756657696309429e-01
3.540583950888336884e-01
3.539298786625386661e-01
3.537895344942305620e-01
3.536368870090537131e-01
3.534715850103465340e-01
3.532934170975699506e-01
3.531023240335710023e-01
3.528984080203072526e-01
3.526819391015012517e-01
3.524533588958181918e-01
3.522132815140469053e-01
3.519624910972876108e-01
3.517019351398195104e-01
3.514327128810260104e-01
3.511560585538517909e-01
3.508733200286396348e-01
3.505859340574302707e-01
3.502953996658492719e-01
3.500032511092625587e-01
3.497110313225035849e-01
3.494202661655619879e-01
3.491324393327563946e-01
3.488489677092335151e-01
3.485711772680247789e-01
3.483002800666896159e-01
3.480373533348107840e-01
3.477833217908239405e-01
3.475389441608359165e-01
3.473048044482148766e-01
3.470813080083062774e-01
3.468686820621849631e-01
3.466669800747302355e-01
3.464760893971704503e-01
3.462957417072860533e-01
3.461255259541800577e-01
3.459649036477907558e-01
3.458132263688341035e-01
3.456697553086829355e-01
3.455336825781077370e-01
3.454041539908219161e-01
3.452802931377144113e-01
3.451612267064594342e-01
3.450461110088168804e-01
3.449341593359584457e-01
3.448246690605242248e-01
3.447170466295498281e-01
3.446108281072610136e-01
3.445056930671974715e-01
3.444014703277435974e-01
3.442981349829108417e-01
3.441957970042779369e-01
3.440946822062074251e-01
3.439951066325525608e-01
3.438974456438044225e-01
3.438020993145498583e-01
3.437094561263467352e-01
3.436198571156074966e-01
3.435335623820107154e-01
3.434507211657386039e-01
3.433713458685619391e-01
3.432952898162268118e-01
3.432222285214566737e-01
3.431516446468038661e-01
3.430828175051509055e-01
3.430148182753648411e-01
3.429465119010771113e-01
3.428765657874117134e-01
3.428034642484997785e-01
3.427255267653386284e-01
3.426409280749310726e-01
3.425477192961717821e-01
3.424438513033679632e-01
3.423272035543305503e-01
3.421956223647973361e-01
3.420469714959479823e-01
3.418791950586226314e-01
3.416903891859095488e-01
3.414788761605734857e-01
3.412432737843915098e-01
3.409825538906091635e-01
3.406960863037340470e-01
3.403836671724651541e-01
3.400455326494473685e-01
3.396823599855030573e-01
3.392952582257422467e-01
3.388857499558242670e-01
3.384557443957522116e-01
3.380075011573976385e-01
3.375435838367850661e-01
3.370668035421641173e-01
3.365801541195118096e-01
3.360867424611973520e-01
3.355897180301593008e-01
3.350922052165808407e-01
3.345972406358000417e-01
3.341077157367505768e-01
3.336263239783168189e-01
3.331555117995722570e-01
3.326974336042750613e-01
3.322539123809106210e-01
3.318264086867742657e-01
3.314160009146654984e-01
3.310233789083027456e-01
3.306488512858817286e-01
3.302923648157570780e-01
3.299535325393637142e-01
3.296316666023053066e-01
3.293258122128214227e-01
3.290347806254311225e-01
3.287571809527493061e-01
3.284914522682548244e-01
3.282358983017246157e-01
3.279887269061354527e-01
3.277480955513132344e-01
3.275121627722038520e-01
3.272791441676368152e-01
3.270473705252714414e-01
3.268153452250071589e-01
3.265817982016214205e-01
3.263457341216902119e-01
3.261064724557622974e-01
3.258636765576840011e-01
3.256173681327217406e-01
3.253679235758952237e-01
3.251160503737638430e-01
3.248627448263957662e-01
3.246092355677793750e-01
3.243569191610293223e-01
3.241072936287221484e-01
3.238618935812767607e-01
3.236222279610445063e-01
3.233897198180193389e-01
3.231656476456133964e-01
3.229510893073825883e-01
3.227468712921367500e-01
3.225535267738136036e-01
3.223712650806236923e-01
3.221999531291553920e-01
3.220391072315330616e-01
3.218878926975166088e-01
3.217451293675158142e-01
3.216093031404990699e-01
3.214785853533593807e-01
3.213508620354139644e-01
3.212237730232290200e-01
3.210947574828521556e-01
3.209610995103515663e-01
3.208199673566207721e-01
3.206684432342375990e-01
3.205035465415639329e-01
3.203222588357763634e-01
3.201215610717603188e-01
3.198984910680029992e-01
3.196502228293753856e-01
3.193741620188648156e-01
3.190680466374732349e-01
3.187300406982636058e-01
3.183588112014278382e-01
3.179535832281760177e-01
3.175141721599205047e-01
3.170409944928929136e-01
3.165350594615076729e-01
3.159979436176447165e-01
3.154317504473972411e-01
3.148390571759768775e-01
3.142228508826574451e-01
3.135864557999815116e-01
3.129334534793686284e-01
3.122675976909354834e-01
3.115927265765440213e-01
3.109126753732835424e-01
3.102311934632958623e-01
3.095518691616299112e-01
3.088780644615077842e-01
3.082128602505906367e-01
3.075590109763137736e-01
3.069189070404544362e-01
3.062945436721453696e-01
3.056874964985022425e-01
3.050989058292820633e-01
3.045294729066639339e-01
3.039794713272309656e-01
3.034487752202729149e-01
3.029369028840910305e-01
3.024430713189801279e-01
3.019662545388219210e-01
3.015052376794531419e-01
3.010586601887287328e-01
3.006250445551351680e-01
3.002028111680913325e-01
2.997902838233867939e-01
2.993856929568547987e-01
2.989871842556037773e-01
2.985928389133925553e-01
2.982007090260820337e-01
2.978088683745919729e-01
2.974154758817121325e-01
2.970188468202665799e-01
2.966175254979677156e-01
2.962103526825676236e-01
2.957965214436548140e-01
2.953756163639645882e-01
2.949476329658634044e-01
2.945129762148337993e-01
2.940724386791214728e-01
2.936271602216611876e-01
2.931785722083485868e-01
2.927283303489203736e-01
2.922782413430518589e-01
2.918301890843647550e-01
2.913860657735875548e-01
2.909477117653452849e-01
2.905168656518840598e-01
2.900951237191896626e-01
2.896839062923319830e-01
2.892844281319417732e-01
2.888976709544875399e-01
2.885243578057092861e-01
2.881649306526092857e-01
2.878195334210802425e-01
2.874880024648641674e-01
2.871698652501709637e-01
2.868643465424274286e-01
2.865703803183365928e-01
2.862866255613654154e-01
2.860114850227901129e-01
2.857431273798195503e-01
2.854795141947505388e-01
2.852184329408132824e-01
2.849575359855182066e-01
2.846943833292437942e-01
2.844264850563458236e-01
2.841513389221529406e-01
2.838664597932928912e-01
2.835694005422094155e-01
2.832577674343484953e-01
2.829292356087367288e-01
2.825815707861982773e-01
2.822126615114121662e-01
2.818205627409234859e-01
2.814035477697971466e-01
2.809601627231037568e-01
2.804892769673767439e-01
2.799901238142280535e-01
2.794623281269718040e-01
2.789059199104291231e-01
2.783213348305306756e-01
2.777094035196179811e-01
2.770713316123239456e-01
2.764086721388934187e-01
2.757232915564608033e-01
2.750173304680061936e-01
2.742931599649591767e-01
2.735533344332940486e-01
2.728005416146695450e-01
2.720375507475990551e-01
2.712671597920301436e-01
2.704921430175051267e-01
2.697152005081357995e-01
2.689389112581160313e-01
2.681656914145787995e-01
2.673977588285079143e-01
2.666371045010108576e-01
2.658854708899872632e-01
2.651443365679222453e-01
2.644149065077422978e-01
2.636981074088401433e-01
2.629945878484500899e-01
2.623047235217803586e-01
2.616286281771642575e-01
2.609661708724104745e-01
2.603169997895831700e-01
2.596805720511944915e-01
2.590561879841690174e-01
2.584430273271612899e-01
2.578401842522853871e-01
2.572466980148449545e-01
2.566615766153089173e-01
2.560838120091135095e-01
2.555123868929670694e-01
2.549462746148585812e-01
2.543844349956047579e-01
2.538258095169286799e-01
2.532693193491752925e-01
2.527138690472175986e-01
2.521583576298045415e-01
2.516016974304609577e-01
2.510428398181359100e-01
2.504808058707913010e-01
2.499147194423630980e-01
2.493438398071695095e-01
2.487675911489600211e-01
2.481855865085954571e-01
2.475976443448912878e-01
2.470037965552545622e-01
2.464042875589700365e-01
2.457995647630046299e-01
2.451902613168821521e-01
2.445771724732359875e-01
2.439612271050613235e-01
2.433434560595370832e-01
2.427249590761052511e-01
2.421068719763598831e-01
2.414903357063140632e-01
2.408764685468824385e-01
2.402663423975490431e-01
2.396609635223169721e-01
2.390612576193943128e-01
2.384680586230497334e-01
2.378821003637115461e-01
2.373040101317791806e-01
2.367343033297167887e-01
2.361733786691517234e-01
2.356215137253698244e-01
2.350788609749182856e-01
2.345454446559592787e-01
2.340211588632641615e-01
2.335057672098984072e-01
2.329989042389243314e-01
2.325000785841360718e-01
2.320086777638867837e-01
2.315239744559971780e-01
2.310451341697065952e-01
2.305712243240848058e-01
2.301012248424272322e-01
2.296340403649255457e-01
2.291685140860393044e-01
2.287034430110312933e-01
2.282375941710852452e-01
2.277697211062026661e-01
2.272985797935915542e-01
2.268229432218357988e-01
2.263416140194881021e-01
2.258534348806847669e-01
2.253572969648791058e-01
2.248521468304593429e-01
2.243369927291303800e-01
2.238109111399827489e-01
2.232730542349999348e-01
2.227226586119201712e-01
2.221590551644731237e-01
2.215816795414912721e-01
2.209900823497092104e-01
2.203839381525875274e-01
2.197630524183110945e-01
2.191273658063085938e-01
2.184769554998290397e-01
2.178120336098195997e-01
2.171329429025216640e-01
2.164401502510557296e-01
2.157342382505755551e-01
2.150158954023467517e-01
2.142859052165857203e-01
2.135451345019024338e-01
2.127945210545319210e-01
2.120350609164272926e-01
2.112677953353159777e-01
2.104937975465231426e-01
2.097141594903793038e-01
2.089299785898165451e-01
2.081423447315302044e-01
2.073523276251891256e-01
2.065609647437930407e-01
2.057692500676939762e-01
2.049781238549819584e-01
2.041884636422467425e-01
2.034010766397348347e-01
2.026166936228902538e-01
2.018359643652255508e-01
2.010594545894372753e-01
2.002876443608383739e-01
1.995209278170026745e-01
1.987596141041761133e-01
1.980039293966431579e-01
1.972540198842253623e-01
1.965099556308074202e-01
1.957717352215643525e-01
1.950392911150033992e-01
1.943124956134021364e-01
1.935911673380014131e-01
1.928750780688648636e-01
1.921639597726600146e-01
1.914575116205692318e-01
1.907554067773485351e-01
1.900572987507450629e-01
1.893628271126029938e-01
1.886716224474839776e-01
1.879833104428831336e-01
1.872975151079044331e-01
1.866138611765814637e-01
1.859319758220822905e-01
1.852514898590017500e-01
1.845720386472145258e-01
1.838932629204429459e-01
1.832148097514432750e-01
1.825363338260684032e-01
1.818574991475450098e-01
1.811779812244780352e-01
1.804974697277838824e-01
1.798156715401278971e-01
1.791323140694719984e-01
1.784471486660448025e-01
1.777599539682255814e-01
1.770705390077245422e-01
1.763787459208522590e-01
1.756844521440487361e-01
1.749875720017248226e-01
1.742880576305552154e-01
1.735858992146372959e-01
1.728811245353730208e-01
1.721737978634227950e-01
1.714640182419072401e-01
1.707519172223728732e-01
1.700376561266895015e-01
1.693214229139097804e-01
1.686034287362686845e-01
1.678839042662738923e-01
1.671630958846380410e-01
1.664412618122665388e-01
1.657186682758243490e-01
1.649955857898105227e-01
1.642722856346115479e-01
1.635490365963493953e-01
1.628261020214702148e-01
1.621037372214423067e-01
1.613821872405149793e-01
1.606616849841347172e-01
1.599424496853134037e-01
1.592246856752332629e-01
1.585085814163905982e-01
1.577943087520958521e-01
1.570820223289860484e-01
1.563718591518407641e-01
1.556639382373592173e-01
1.549583603446972324e-01
1.542552077651664633e-01
1.535545441656371302e-01
1.528564144835644900e-01
1.521608448785963796e-01
1.514678427503711178e-01
1.507773968282898891e-01
1.500894773454047315e-01
1.494040363033044549e-01
1.487210078345270192e-01
1.480403086695206150e-01
1.473618387085420256e-01
1.466854817039277836e-01
1.460111060530144556e-01
1.453385657011959931e-01
1.446677011556691261e-01
1.439983406058940874e-01
1.433303011465653365e-01
1.426633900959486667e-01
1.419974063974267231e-01
1.413321420907178438e-01
1.406673838362210160e-01
1.400029144698298755e-01
1.393385145693303295e-01
1.386739640064875156e-01
1.380090434649264841e-01
1.373435359018851665e-01
1.366772279344744823e-01
1.360099111374533376e-01
1.353413832405254147e-01
1.346714492169870381e-01
1.339999222614052243e-01
1.333266246550336154e-01
1.326513885235058865e-01
1.319740564895821033e-01
1.312944822304586145e-01
1.306125309440600568e-01
1.299280797353551953e-01
1.292410179280567284e-01
1.285512473090816010e-01
1.278586823111180770e-01
1.271632501364854118e-01
1.264648908247777426e-01
1.257635572650702693e-01
1.250592151525527496e-01
1.243518428866895870e-01
1.236414314120359292e-01
1.229279839984117328e-01
1.222115159590883432e-01
1.214920543088196248e-01
1.207696373612512086e-01
1.200443142693077975e-01
1.193161445113354174e-01
1.185851973279668098e-01
1.178515511167389784e-01
1.171152927901521340e-01
1.163765171039804758e-01
1.156353259655558546e-01
1.148918277266068461e-01
1.141461364690321695e-01
1.133983712908492592e-01
1.126486555966105807e-01
1.118971163983934064e-01
1.111438836311712530e-01
1.103890894873141015e-01
1.096328677716318506e-01
1.088753532798663465e-01
1.081166812035919272e-01
1.073569865609638047e-01
1.065964036563449846e-01
1.058350655682325503e-01
1.050731036676469665e-01
1.043106471665183610e-01
1.035478226972030569e-01
1.027847539225878876e-01
1.020215611795600719e-01
1.012583611532002770e-01
1.004952665841206683e-01
9.973238600862714687e-02
9.896982353059907700e-02
9.820767862662940773e-02
9.744604598309773713e-02
9.668501536465040624e-02
9.592467151390826618e-02
9.516509408051153363e-02
9.440635757968315889e-02
9.364853137763518021e-02
9.289167970355635684e-02
9.213586168511370134e-02
9.138113140783027388e-02
9.062753799401947197e-02
8.987512570150324454e-02
8.912393403954937954e-02
8.837399789933791938e-02
8.762534769949517632e-02
8.687800954146661370e-02
8.613200537673612600e-02
8.538735318151800813e-02
8.464406713879686628e-02
8.390215782542417844e-02
8.316163240399468415e-02
8.242249481696538316e-02
8.168474598227556949e-02
8.094838398991291428e-02
8.021340429705045572e-02
7.947979992202949817e-02
7.874756163519415486e-02
7.801667814673864110e-02
7.728713628973002403e-02
7.655892119821333663e-02
7.583201647991021088e-02
7.510640438227850213e-02
7.438206595224339246e-02
7.365898118852198806e-02
7.293712918665813671e-02
7.221648827683835314e-02
7.149703615326546968e-02
7.077874999644925835e-02
7.006160658743562641e-02
6.934558241428250003e-02
6.863065377139318524e-02
6.791679685157765711e-02
6.720398783075029470e-02
6.649220294614895110e-02
6.578141856851894842e-02
6.507161126806366991e-02
6.436275787463394127e-02
6.365483553284755069e-02
6.294782175289449777e-02
6.224169445617475788e-02
6.153643201733036833e-02
6.083201330229995318e-02
6.012841770322168572e-02
5.942562517027930036e-02
5.872361624049284023e-02
5.802237206412066972e-02
5.732187442881735151e-02
5.662210578148210716e-02
5.592304924794387622e-02
5.522468865138156768e-02
5.452700852814323929e-02
5.382999414251844750e-02
5.313363149974070082e-02
5.243790735703057759e-02
5.174280923360127099e-02
5.104832541871245910e-02
5.035444497846164325e-02
4.966115776073105198e-02
4.896845439876534867e-02
4.827632631314239531e-02
4.758476571241687658e-02
4.689376559177592385e-02
4.620331973035994577e-02
4.551342268714141104e-02
4.482406979533885838e-02
4.413525715509309527e-02
4.344698162486849979e-02
4.275924081163322288e-02
4.207203305934389959e-02
4.138535743637615505e-02
4.069921372171856483e-02
4.001360239040456512e-02
3.932852459711368154e-02
3.864398215958250032e-02
3.795997754067455959e-02
3.727651383015429670e-02
3.659359472530577390e-02
3.591122451119072023e-02
3.522940804046532232e-02
3.454815071281849836e-02
3.386745845393354659e-02
3.318733769431943259e-02
3.250779534814802335e-02
3.182883879176143238e-02
3.115047584238068989e-02
3.047271473679111914e-02
2.979556411032694557e-02
2.911903297581968503e-02
2.844313070287240314e-02
2.776786699747326587e-02
2.709325188210242805e-02
2.641929567559921088e-02
2.574600897428132307e-02
2.507340263277164222e-02
2.440148774555907923e-02
2.373027562902588206e-02
2.305977780388310944e-02
2.239000597806984141e-02
2.172097203010797326e-02
2.105268799310513334e-02
2.038516603887315440e-02
1.971841846294051029e-02
1.905245766975933314e-02
1.838729615836790648e-02
1.772294650877637504e-02
1.705942136827140465e-02
1.639673343880986012e-02
1.573489546423519417e-02
1.507392021821580066e-02
1.441382049245903615e-02
1.375460908537198997e-02
1.309629879094944063e-02
1.243890238815465246e-02
1.178243263047666287e-02
1.112690223601604453e-02
1.047232387751277465e-02
9.818710173056454174e-03
9.166073676824470010e-03
8.514426870091124436e-03
7.863782152644993584e-03
7.214151834219421217e-03
6.565548126327957687e-03
5.917983134161532502e-03
5.271468848785923131e-03
4.626017139566528970e-03
3.981639746587148365e-03
3.338348273473478768e-03
2.696154180100232122e-03
2.055068775702448627e-03
1.415103211988286537e-03
7.762684764068671778e-04
1.385753855401464056e-04
-4.979654214519219253e-04
-1.133343489155054984e-03
-1.767548552302993566e-03
-2.400570541961389703e-03
-3.032399591713776359e-03
-3.663026043775794403e-03
-4.292440455013623798e-03
-4.920633602986689871e-03
-5.547596491947501957e-03
-6.173320358743287183e-03
-6.797796678791523037e-03
-7.421017172013660498e-03
-8.042973808811708716e-03
-8.663658815988758630e-03
-9.283064682795943642e-03
-9.901184166956447305e-03
-1.051801030071614941e-02
-1.113353639707539804e-02
-1.174775605597011031e-02
-1.236066317064388013e-02
-1.297225193398998840e-02
-1.358251684516437532e-02
-1.419145271618541329e-02
-1.479905467879246740e-02
0.000000000000000000e+00
