1.087354566468793325e-02
1.127638229812491857e-02
1.190234214550673839e-02
1.259524394000510576e-02
1.332371681772368324e-02
1.407055538615977971e-02
1.482566336592937122e-02
1.558298821949239375e-02
1.633882103090981280e-02
1.709085166226245733e-02
1.783763154528694023e-02
1.857825883403727354e-02
1.931218785127713708e-02
2.003911002861461649e-02
2.075887724811206758e-02
2.147145113298167679e-02
2.217686871540701377e-02
2.287521874327428512e-02
2.356662508081799196e-02
2.425123494745876074e-02
2.492921052018201231e-02
2.560072291131908900e-02
2.626594784566789118e-02
2.692506256539461962e-02
2.757824362951315916e-02
2.822566536832876033e-02
2.886749882022484129e-02
2.950391102377023650e-02
3.013506457203252165e-02
3.076111736020493634e-02
3.138222247487158084e-02
3.199852818669856463e-02
3.261017801764392460e-02
3.321731086110947528e-02
3.382006113863671171e-02
3.441855898089833665e-02
3.501293042391778743e-02
3.560329761338353743e-02
3.618977901197681368e-02
3.677248960606471773e-02
3.735154110857601129e-02
3.792704215623127900e-02
3.849909849968270736e-02
3.906781318556957344e-02
3.963328672954403303e-02
4.019561728043550414e-02
4.075490077471474043e-02
4.131123108177707504e-02
4.186470013970918641e-02
4.241539808209674606e-02
4.296341335572814724e-02
4.350883282987213357e-02
4.405174189709779031e-02
4.459222456632987164e-02
4.513036354824055685e-02
4.566624033359434343e-02
4.619993526498950703e-02
4.673152760208391931e-02
4.726109558119199333e-02
4.778871646929535449e-02
4.831446661329823894e-02
4.883842148433976266e-02
4.936065571831210752e-02
4.988124315254700847e-02
5.040025685908910980e-02
5.091776917528340052e-02
5.143385173141925421e-02
5.194857547670761466e-02
5.246201070307629499e-02
5.297422706753340121e-02
5.348529361347120759e-02
5.399527879098842825e-02
5.450425047657418004e-02
5.501227599236616778e-02
5.551942212521466385e-02
5.602575514566814768e-02
5.653134082717669456e-02
5.703624446549362959e-02
5.754053089805520604e-02
5.804426452408287251e-02
5.854750932484163728e-02
5.905032888403130564e-02
5.955278640880307117e-02
6.005494475055470072e-02
6.055686642620526638e-02
6.105861363882449794e-02
6.156024829866529186e-02
6.206183204334378423e-02
6.256342625749072850e-02
6.306509209202762478e-02
6.356689048179793577e-02
6.406888216243784850e-02
6.457112768579670314e-02
6.507368743365858632e-02
6.557662162952204721e-02
6.607999034865279231e-02
6.658385352579637706e-02
6.708827096075750673e-02
6.759330232116085579e-02
6.809900714302448421e-02
6.860544482852763692e-02
6.911267464105802505e-02
6.962075569741174585e-02
7.012974695754600751e-02
7.063970721105027051e-02
7.115069506127572052e-02
7.166276890657012621e-02
7.217598691899840269e-02
7.269040702013139510e-02
7.320608685484714107e-02
7.372308376207324654e-02
7.424145474375450082e-02
7.476125643133568754e-02
7.528254504982241635e-02
7.580537637991430211e-02
7.632980571826715466e-02
7.685588783513819244e-02
7.738367693060756169e-02
7.791322658833324533e-02
7.844458972776985339e-02
7.897781855378149807e-02
7.951296450420700102e-02
8.005007819560633342e-02
8.058920936666048862e-02
8.113040681885264060e-02
8.167371835483647202e-02
8.221919071485797592e-02
8.276686950943858145e-02
8.331679915049765295e-02
8.386902277902728853e-02
8.442358218996842689e-02
8.498051775467338476e-02
8.553986834021644337e-02
8.610167122611175894e-02
8.666596201860629622e-02
8.723277456194789004e-02
8.780214084801535313e-02
8.837409092351697359e-02
8.894865279585877083e-02
8.952585233751829408e-02
9.010571318947502295e-02
9.068825666468136038e-02
9.127350165123725156e-02
9.186146451692482617e-02
9.245215901487952026e-02
9.304559619170849061e-02
9.364178429860127439e-02
9.424072870615454733e-02
9.484243182370355463e-02
9.544689302452309676e-02
9.605410857738094776e-02
9.666407158490908369e-02
9.727677193048679671e-02
9.789219623439776585e-02
9.851032781929480731e-02
9.913114668665894136e-02
9.975462950434331455e-02
1.003807496070444616e-01
1.010094770086650967e-01
1.016407784279248078e-01
1.022746173285308396e-01
1.029109539725525102e-01
1.035497454884924812e-01
1.041909459531472903e-01
1.048345064884351890e-01
1.054803753714442099e-01
1.061284981587145015e-01
1.067788178235177382e-01
1.074312749059183059e-01
1.080858076735292800e-01
1.087423522945429738e-01
1.094008430197391801e-01
1.100612123725165648e-01
1.107233913471458858e-01
1.113873096124951001e-01
1.120528957204716819e-01
1.127200773170994180e-01
1.133887813555551072e-01
1.140589343089885022e-01
1.147304623822249098e-01
1.154032917196715219e-01
1.160773486099823254e-01
1.167525596839424779e-01
1.174288521067236302e-01
1.181061537605272160e-01
1.187843934192061301e-01
1.194635009119919405e-01
1.201434072770343753e-01
1.208240449026821706e-01
1.215053476567386215e-01
1.221872510033391451e-01
1.228696921069392795e-01
1.235526099229988656e-01
1.242359452752096749e-01
1.249196409210056452e-01
1.256036416025929081e-01
1.262878940866218325e-01
1.269723471907655277e-01
1.276569517994465830e-01
1.283416608675775894e-01
1.290264294143287360e-01
1.297112145061672939e-01
1.303959752321207366e-01
1.310806726689565660e-01
1.317652698398835143e-01
1.324497316659411228e-01
1.331340249113331653e-01
1.338181181234967820e-01
1.345019815694549759e-01
1.351855871671827358e-01
1.358689084157888582e-01
1.365519203221573497e-01
1.372345993271792686e-01
1.379169232310775983e-01
1.385988711180961008e-01
1.392804232823885990e-01
1.399615611542665838e-01
1.406422672286287423e-01
1.413225249945925799e-01
1.420023188674918169e-01
1.426816341236763486e-01
1.433604568377595534e-01
1.440387738228909031e-01
1.447165725743540243e-01
1.453938412159915261e-01
1.460705684497365375e-01
1.467467435091598382e-01
1.474223561153690520e-01
1.480973964370349283e-01
1.487718550528754902e-01
1.494457229173268009e-01
1.501189913289298072e-01
1.507916519027374946e-01
1.514636965437614058e-01
1.521351174241834248e-01
1.528059069626091504e-01
1.534760578053289692e-01
1.541455628104584641e-01
1.548144150330041935e-01
1.554826077129073392e-01
1.561501342635364387e-01
1.568169882635450929e-01
1.574831634480511056e-01
1.581486537024983097e-01
1.588134530571470582e-01
1.594775556832893626e-01
1.601409558888142459e-01
1.608036481167206266e-01
1.614656269425747137e-01
1.621268870735033396e-01
1.627874233475043175e-01
1.634472307329780105e-01
1.641063043290115764e-01
1.647646393653608154e-01
1.654222312032742337e-01
1.660790753360424643e-01
1.667351673899111208e-01
1.673905031246046282e-01
1.680450784339695414e-01
1.686988893469870410e-01
1.693519320282961815e-01
1.700042027786069776e-01
1.706556980351250918e-01
1.713064143712735854e-01
1.719563484970574041e-01
1.726054972587078851e-01
1.732538576378298001e-01
1.739014267517001444e-01
1.745482018510541855e-01
1.751941803201609027e-01
1.758393596741931741e-01
1.764837375588009238e-01
1.771273117473627923e-01
1.777700801398533759e-01
1.784120407594554092e-01
1.790531917517594329e-01
1.796935313806094781e-01
1.803330580258744598e-01
1.809717701808333801e-01
1.816096664489169066e-01
1.822467455395146430e-01
1.828830062661718769e-01
1.835184475415202188e-01
1.841530683743161645e-01
1.847868678653311336e-01
1.854198452036055489e-01
1.860519996623556382e-01
1.866833305942798282e-01
1.873138374279623708e-01
1.879435196627762539e-01
1.885723768649450183e-01
1.892004086624741732e-01
1.898276147408420877e-01
1.904539948379292968e-01
1.910795487390709591e-01
1.917042762724892602e-01
1.923281773036834008e-01
1.929512517309425468e-01
1.935734994799615249e-01
1.941949204981396615e-01
1.948155147498625284e-01
1.954352822113722965e-01
1.960542228642758733e-01
1.966723366912948023e-01
1.972896236700730221e-01
1.979060837679268436e-01
1.985217169365958156e-01
1.991365231058055962e-01
1.997505021786414869e-01
2.003636540259645105e-01
2.009759784805744687e-01
2.015874753313429690e-01
2.021981443184565630e-01
2.028079851276121115e-01
2.034169973850355750e-01
2.040251806516501509e-01
2.046325344181637307e-01
2.052390580995768210e-01
2.058447510310240647e-01
2.064496124617657968e-01
2.070536415511395056e-01
2.076568373635366282e-01
2.082591988642470970e-01
2.088607249146298417e-01
2.094614142684303737e-01
2.100612655677945306e-01
2.106602773397628081e-01
2.112584479919136227e-01
2.118557758100446387e-01
2.124522589545270457e-01
2.130478954579595741e-01
2.136426832227663053e-01
2.142366200186671121e-01
2.148297034808658301e-01
2.154219311091640221e-01
2.160133002662553703e-01
2.166038081764639633e-01
2.171934519266608132e-01
2.177822284645386797e-01
2.183701345999729260e-01
2.189571670051297658e-01
2.195433222159822173e-01
2.201285966337818145e-01
2.207129865265358981e-01
2.212964880317873084e-01
2.218790971590504923e-01
2.224608097929483552e-01
2.230416216977643418e-01
2.236215285200241487e-01
2.242005257947623786e-01
2.247786089488224559e-01
2.253557733073102698e-01
2.259320140989605763e-01
2.265073264632168071e-01
2.270817054559071402e-01
2.276551460567845242e-01
2.282276431773777314e-01
2.287991916680068294e-01
2.293697863278623683e-01
2.299394219116820959e-01
2.305080931400376176e-01
2.310757947084979558e-01
2.316425212965337321e-01
2.322082675787993100e-01
2.327730282340730039e-01
2.333367979564962280e-01
2.338995714656525449e-01
2.344613435174714988e-01
2.350221089157068788e-01
2.355818625227466823e-01
2.361405992696080092e-01
2.366983141681825165e-01
2.372550023226948634e-01
2.378106589387811720e-01
2.383652793365531042e-01
2.389188589599752777e-01
2.394713933882031687e-01
2.400228783446861081e-01
2.405733097086499017e-01
2.411226835234682453e-01
2.416709960073675778e-01
2.422182435604504080e-01
2.427644227742662419e-01
2.433095304395243852e-01
2.438535635532801393e-01
2.443965193249884038e-01
2.449383951832448947e-01
2.454791887806719308e-01
2.460188979982790847e-01
2.465575209497997411e-01
2.470950559837670757e-01
2.476315016865276442e-01
2.481668568830133759e-01
2.487011206369178773e-01
2.492342922499439228e-01
2.497663712607228470e-01
2.502973574424988690e-01
2.508272507988367206e-01
2.513560515600393175e-01
2.518837601770324564e-01
2.524103773157769792e-01
2.529359038492046130e-01
2.534603408493480980e-01
2.539836895781784065e-01
2.545059514768566733e-01
2.550271281559491343e-01
2.555472213824597216e-01
2.560662330674535747e-01
2.565841652525979177e-01
2.571010200958946945e-01
2.576167998571825546e-01
2.581315068822874759e-01
2.586451435860653847e-01
2.591577124372752006e-01
2.596692159401833289e-01
2.601796566173001368e-01
2.606890369917801431e-01
2.611973595687718808e-01
2.617046268172492640e-01
2.622108411511003268e-01
2.627160049112991502e-01
2.632201203468687578e-01
2.637231895955476357e-01
2.642252146666715928e-01
2.647261974221956637e-01
2.652261395594178728e-01
2.657250425928847082e-01
2.662229078382254421e-01
2.667197363950084554e-01
2.672155291311892888e-01
2.677102866676468462e-01
2.682040093635496003e-01
2.686966973042442253e-01
2.691883502859829802e-01
2.696789678059373641e-01
2.701685490508703436e-01
2.706570928872802928e-01
2.711445978524370526e-01
2.716310621473643772e-01
2.721164836301561696e-01
2.726008598110667425e-01
2.730841878490457564e-01
2.735664645489832014e-01
2.740476863600609936e-01
2.745278493778376960e-01
2.750069493445898017e-01
2.754849816534379880e-01
2.759619413525183917e-01
2.764378231523371143e-01
2.769126214330810409e-01
2.773863302532842967e-01
2.778589433624235605e-01
2.783304542121864955e-01
2.788008559708131662e-01
2.792701415393664122e-01
2.797383035683673747e-01
2.802053344760548903e-01
2.806712264698073001e-01
2.811359715662848924e-01
2.815995616149142844e-01
2.820619883223243196e-01
2.825232432776022540e-01
2.829833179794105091e-01
2.834422038636638108e-01
2.838998923321282564e-01
2.843563747827580479e-01
2.848116426403836110e-01
2.852656873876830979e-01
2.857185005975964032e-01
2.861700739657531689e-01
2.866203993431958863e-01
2.870694687688893909e-01
2.875172745032738564e-01
2.879638090609126233e-01
2.884090652428594193e-01
2.888530361689369275e-01
2.892957153077833077e-01
2.897370965090113049e-01
2.901771740306196001e-01
2.906159425679359920e-01
2.910533972799399516e-01
2.914895338136662128e-01
2.919243483275630324e-01
2.923578375121350104e-01
2.927899986080927941e-01
2.932208294232173662e-01
2.936503283447010615e-01
2.940784943513327088e-01
2.945053270205134077e-01
2.949308265329956824e-01
2.953549936754618077e-01
2.957778298377881643e-01
2.961993370088624178e-01
2.966195177685455597e-01
2.970383752752668860e-01
2.974559132510739556e-01
2.978721359644025957e-01
2.982870482066716789e-01
2.987006552673970305e-01
2.991129629059313122e-01
2.995239773198190569e-01
2.999337051100494644e-01
3.003421532432509755e-01
3.007493290120519802e-01
3.011552399914158573e-01
3.015598939937323419e-01
3.019632990224001556e-01
3.023654632216751237e-01
3.027663948268566330e-01
3.031661021119159694e-01
3.035645933365389015e-01
3.039618766925659132e-01
3.043579602502969328e-01
3.047528519026961868e-01
3.051465593137067667e-01
3.055390898618935980e-01
3.059304505898448046e-01
3.063206481509719303e-01
3.067096887606827194e-01
3.070975781456330433e-01
3.074843214978197903e-01
3.078699234309300037e-01
3.082543879370603923e-01
3.086377183468219654e-01
3.090199172939478989e-01
3.094009866809298570e-01
3.097809276486647723e-01
3.101597405505793215e-01
3.105374249286083632e-01
3.109139794947022306e-01
3.112894021146978552e-01
3.116636897962590802e-01
3.120368386833005103e-01
3.124088440517867049e-01
3.127797003110733276e-01
3.131494010087476632e-01
3.135179388417158597e-01
3.138853056695278809e-01
3.142514925328980802e-01
3.146164896775345277e-01
3.149802865810609198e-01
3.153428719852343631e-01
3.157042339313372858e-01
3.160643598025714152e-01
3.164232363674580606e-01
3.167808498291072583e-01
3.171371858787940812e-01
3.174922297532015714e-01
3.178459662950645082e-01
3.181983800188393219e-01
3.185494551778451089e-01
3.188991758369791318e-01
3.192475259479182759e-01
3.195944894247938484e-01
3.199400502271942948e-01
3.202841924407389129e-01
3.206269003624667713e-01
3.209681585869864628e-01
3.213079520916388709e-01
3.216462663265532429e-01
3.219830873011263472e-01
3.223184016712744016e-01
3.226521968255155470e-01
3.229844609709154324e-01
3.233151832137177717e-01
3.236443536401554244e-01
3.239719633922221731e-01
3.242980047396747945e-01
3.246224711464241186e-01
3.249453573332630740e-01
3.252666593314469390e-01
3.255863745328497205e-01
3.259045017302383829e-01
3.262210411496865858e-01
3.265359944760165001e-01
3.268493648678110763e-01
3.271611569629231941e-01
3.274713768748235831e-01
3.277800321785528381e-01
3.280871318865627995e-01
3.283926864129107503e-01
3.286967075286050255e-01
3.289992083065237938e-01
3.293002030538927372e-01
3.295997072372113257e-01
3.298977373965469306e-01
3.301943110501166512e-01
3.304894465920253932e-01
3.307831631788374360e-01
3.310754806129859174e-01
3.313664192152714905e-01
3.316559996959795309e-01
3.319442430172470648e-01
3.322311702546882906e-01
3.325168024549148837e-01
3.328011604910929289e-01
3.330842649186105398e-01
3.333661358302511535e-01
3.336467927133739408e-01
3.339262543091460200e-01
3.342045384750680359e-01
3.344816620519098782e-01
3.347576407359036388e-01
3.350324889574928799e-01
3.353062197657891708e-01
3.355788447215539705e-01
3.358503737984858128e-01
3.361208152923874648e-01
3.363901757406452253e-01
3.366584598502975756e-01
3.369256704373691513e-01
3.371918083761795693e-01
3.374568725584341511e-01
3.377208598640928372e-01
3.379837651424361100e-01
3.382455812036034293e-01
3.385062988226501535e-01
3.387659067531083590e-01
3.390243917503125148e-01
3.392817386085342779e-01
3.395379302052574655e-01
3.397929475598202020e-01
3.400467698987744702e-01
3.402993747343423525e-01
3.405507379523725064e-01
3.408008339103283380e-01
3.410496355453185302e-01
3.412971144941296386e-01
3.415432412188008637e-01
3.417879851480687958e-01
3.420313148233720124e-01
3.422731980580804301e-01
3.425136021023973409e-01
3.427524938215438244e-01
3.429898398788405744e-01
3.432256069280517630e-01
3.434597618144236142e-01
3.436922717799318350e-01
3.439231046775419465e-01
3.441522291870188210e-01
3.443796150371081777e-01
3.446052332289429310e-01
3.448290562587789099e-01
3.450510583424157285e-01
3.452712156354443840e-01
3.454895064502824797e-01
3.457059114651340748e-01
3.459204139256698562e-01
3.461329998335494484e-01
3.463436581241757795e-01
3.465523808285487783e-01
3.467591632153557146e-01
3.469640039151572486e-01
3.471669050223936681e-01
3.473678721717748386e-01
3.475669145904557444e-01
3.477640451210849415e-01
3.479592802191314727e-01
3.481526399157980345e-01
3.483441477541475706e-01
3.485338306936794917e-01
3.487217189810968287e-01
3.489078459940328503e-01
3.490922480525322502e-01
3.492749642020220868e-01
3.494560359696082807e-01
3.496355070938181875e-01
3.498134232308891534e-01
3.499898316419189914e-01
3.501647808590213629e-01
3.503383203388288902e-01
3.505105001015474953e-01
3.506813703643721913e-01
3.508509811667177014e-01
3.510193819967116768e-01
3.511866214156580956e-01
3.513527466918556219e-01
3.515178034394521589e-01
3.516818352723932728e-01
3.518448834679333559e-01
3.520069866538180214e-01
3.521681805090776107e-01
3.523284974894791977e-01
3.524879665775271231e-01
3.526466130550061084e-01
3.528044583024207981e-01
3.529615196247290476e-01
3.531178101064008090e-01
3.532733384903302132e-01
3.534281090869274555e-01
3.535821217063144783e-01
3.537353716199162501e-01
3.538878495451602824e-01
3.540395416538311690e-01
3.541904296054579349e-01
3.543404905992459386e-01
3.544896974499375797e-01
3.546380186818031688e-01
3.547854186427981671e-01
3.549318576343312714e-01
3.550772920620133277e-01
3.552216746023290628e-01
3.553649543864251248e-01
3.555070772026593939e-01
3.556479857155472879e-01
3.557876197054668510e-01
3.559259163283975957e-01
3.560628103942198863e-01
3.561982346691581203e-01
3.563321202002899257e-01
3.564643966656281249e-01
3.565949927480870918e-01
3.567238365359969854e-01
3.568508559497557964e-01
3.569759791960294693e-01
3.570991352440106015e-01
3.572202543310296630e-01
3.573392684859377222e-01
3.574561120761061139e-01
3.575707223679209790e-01
3.576830401020162364e-01
3.577930100733154317e-01
3.579005817140787915e-01
3.580057096711940501e-01
3.581083543705304018e-01
3.582084825635068470e-01
3.583060678420864065e-01
3.584010911209513095e-01
3.584935410728271599e-01
3.585834145087007374e-01
3.586707166999424379e-01
3.587554616304421962e-01
3.588376721697420502e-01
3.589173801672319031e-01
3.589946264575970547e-01
3.590694607749447820e-01
3.591419415732643450e-01
3.592121357510814628e-01
3.592801182825468009e-01
3.593459717551821808e-01
3.594097858181641292e-01
3.594716565453253687e-01
3.595316857219765794e-01
3.595899800606894847e-01
3.596466503543955806e-01
3.597018105798788778e-01
3.597555769611103793e-01
3.598080670020695204e-01
3.598593985031942055e-01
3.599096885752572916e-01
3.599590526578080873e-01
3.600076035588580803e-01
3.600554505244568104e-01
3.601026983493202938e-01
3.601494465395714828e-01
3.601957885340628662e-01
3.602418109941510349e-01
3.602875931640041607e-01
3.603332063109633276e-01
3.603787132467228815e-01
3.604241679286135924e-01
3.604696151453190001e-01
3.605150902841623983e-01
3.605606191749352041e-01
3.606062180097278080e-01
3.606518933321608555e-01
3.606976420872675670e-01
3.607434517283431563e-01
3.607893003725147762e-01
3.608351569949388438e-01
3.608809816537684734e-01
3.609267257412988039e-01
3.609723322470371754e-01
3.610177360317415873e-01
3.610628641026663588e-01
3.611076358879796722e-01
3.611519635042221288e-01
3.611957520195273608e-01
3.612388997091259824e-01
3.612812983103641518e-01
3.613228332769650164e-01
3.613633840461056845e-01
3.614028243245527294e-01
3.614410224021189499e-01
3.614778415082890994e-01
3.615131402242108827e-01
3.615467729598251800e-01
3.615785905106743692e-01
3.616084407073540952e-01
3.616361691665974654e-01
3.616616201522321883e-01
3.616846375526134860e-01
3.617050659799131984e-01
3.617227519894667398e-01
3.617375454171783411e-01
3.617493008267052557e-01
3.617578790540999512e-01
3.617631488338390322e-01
3.617649884867079613e-01
3.617632876401329911e-01
3.617579489597206877e-01
3.617488898539040210e-01
3.617360441219391043e-01
3.617193635071155322e-01
3.616988191243539208e-01
3.616744027201099221e-01
3.616461277368201999e-01
3.616140301439323967e-01
3.615781690136076199e-01
3.615386268167929407e-01
3.614955094137755065e-01
3.614489457402859096e-01
3.613990871723080089e-01
3.613461065794424387e-01
3.612901970642994898e-01
3.612315704098156832e-01
3.611704552520789147e-01
3.611070949980634825e-01
3.610417455300835021e-01
3.609746727212399531e-01
3.609061498089837783e-01
3.608364546654657667e-01
3.607658670092926956e-01
3.606946656052829048e-01
3.606231254958701671e-01
3.605515153080979807e-01
3.604800946803050632e-01
3.604091118447295128e-01
3.603388014021099983e-01
3.602693823172768983e-01
3.602010561606767136e-01
3.601340056116897892e-01
3.600683932381821828e-01
3.600043605575496963e-01
3.599420273858182640e-01
3.598814914659166364e-01
3.598228283746160439e-01
3.597660916944862008e-01
3.597113134316106686e-01
3.596585046611595615e-01
3.596076563680039029e-01
3.595587404566473744e-01
3.595117108836614062e-01
3.594665048891707015e-01
3.594230442732780917e-01
3.593812366881635190e-01
3.593409769004892729e-01
3.593021479821237874e-01
3.592646223882695056e-01
3.592282628798517674e-01
3.591929232448907161e-01
3.591584487833813233e-01
3.591246765261366658e-01
3.590914351688113682e-01
3.590585447240682848e-01
3.590258159172083352e-01
3.589930493700804193e-01
3.589600346456013336e-01
3.589265492397379909e-01
3.588923576113553504e-01
3.588572103402106750e-01
3.588208434923301215e-01
3.587829782506803955e-01
3.587433208659807637e-01
3.587015629620974311e-01
3.586573822473055895e-01
3.586104436858255085e-01
3.585604011920881518e-01
3.585068999161055703e-01
3.584495791672884790e-01
3.583880760013317124e-01
3.583220294508219217e-01
3.582510853319079147e-01
3.581749015309911854e-01
3.580931536465106757e-01
3.580055408547780371e-01
3.579117918732271919e-01
3.578116708937527646e-01
3.577049833640584264e-01
3.575915814797150372e-01
3.574713692447958890e-01
3.573443069490997437e-01
3.572104149146694274e-01
3.570697763864544849e-01
3.569225394699765408e-01
3.567689180480946298e-01
3.566091916250000438e-01
3.564437040580609728e-01
3.562728611373439103e-01
3.560971269812928663e-01
3.559170192605586869e-01
3.557331033051478464e-01
3.555459852341669724e-01
3.553563043022470724e-01
3.551647246959247495e-01
3.549719270030309293e-01
3.547785995368443190e-01
3.545854296359565172e-01
3.543930950249120082e-01
3.542022553097784465e-01
3.540135437079670044e-01
3.538275591538608822e-01
3.536448589569594070e-01
3.534659522130403908e-01
3.532912941306277643e-01
3.531212814082574369e-01
3.529562487355381584e-01
3.527964664510973014e-01
3.526421393556037343e-01
3.524934066688784617e-01
3.523503430987776630e-01
3.522129609890628510e-01
3.520812134927155945e-01
3.519549986907934969e-01
3.518341645453711974e-01
3.517185145468847418e-01
3.516078139121608381e-01
3.515017962070429158e-01
3.514001702978222230e-01
3.513026275614031801e-01
3.512088492793805639e-01
3.511185140932810422e-01
3.510313053249200510e-01
3.509469178580726378e-01
3.508650641739824438e-01
3.507854790630421937e-01
3.507079225165429248e-01
3.506321803852329722e-01
3.505580625519576499e-01
3.504853986023225842e-01
3.504140312280309977e-01
3.503438078011971157e-01
3.502745706794831992e-01
3.502061468198718885e-01
3.501383372325144183e-01
3.500709067246727257e-01
3.500035743204321093e-01
3.499360046956073722e-01
3.498678009527589894e-01
3.497984990134062611e-01
3.497275638658092212e-01
3.496543878077662537e-01
3.495782907862978739e-01
3.494985228774512009e-01
3.494142689357787601e-01
3.493246554329873521e-01
3.492287594920813198e-01
3.491256201635269951e-01
3.490142520563342954e-01
3.488936615399843566e-01
3.487628657574176616e-01
3.486209145328114656e-01
3.484669148716210696e-01
3.483000571778160359e-01
3.481196417605134097e-01
3.479251038980014088e-01
3.477160358548697650e-01
3.474922047874582365e-01
3.472535662358109398e-01
3.470002735589102771e-01
3.467326839067330080e-01
3.464513610737713911e-01
3.461570749322231966e-01
3.458507965230557257e-01
3.455336876190431283e-01
3.452070839164917970e-01
3.448724718479977414e-01
3.445314600322413878e-01
3.441857471611756703e-01
3.438370883709481740e-01
3.434872618201509353e-01
3.431380364803174321e-01
3.427911413833984455e-01
3.424482361018083010e-01
3.421108822405807826e-01
3.417805161176078466e-01
3.414584233798322321e-01
3.411457167540865587e-01
3.408433182478690093e-01
3.405519468493883872e-01
3.402721122217201577e-01
3.400041142427245311e-01
3.397480477208509875e-01
3.395038113518339395e-01
3.392711200113038283e-01
3.390495197192455734e-01
3.388384049349670857e-01
3.386370381114891526e-01
3.384445715430265400e-01
3.382600714587531421e-01
3.380825441292492628e-01
3.379109636010841355e-01
3.377443006655982405e-01
3.375815528292058776e-01
3.374217751153352762e-01
3.372641112641781014e-01
3.371078241347350013e-01
3.369523231460226365e-01
3.367971859407957735e-01
3.366421715873363918e-01
3.364872236357157598e-01
3.363324627655085441e-01
3.361781700097262737e-01
3.360247621559985798e-01
3.358727609246247026e-01
3.357227572620889999e-01
3.355753720088036629e-01
3.354312144925910566e-01
3.352908410776705983e-01
3.351547159447031410e-01
3.350231760540428594e-01
3.348964013976785115e-01
3.347743906353040644e-01
3.346569415765474620e-01
3.345436359976291518e-01
3.344338289007147691e-01
3.343266430927238075e-01
3.342209703283424149e-01
3.341154798227508604e-01
3.340086337452566334e-01
3.338987078351234872e-01
3.337838144196566548e-01
3.336619255544966967e-01
3.335308959194619449e-01
3.333884877733456209e-01
3.332324023739345886e-01
3.330603225686340485e-01
3.328699692233377250e-01
3.326591704579878184e-01
3.324259387700798096e-01
3.321685486430320244e-01
3.318856070238650480e-01
3.315761108481973252e-01
3.312394885061958338e-01
3.308756246406114876e-01
3.304848693614821364e-01
3.300680337915767870e-01
3.296263740465277259e-01
3.291615653773665717e-01
3.286756674584298543e-01
3.281710810326589067e-01
3.276504958392587041e-01
3.271168302726611965e-01
3.265731644118607391e-01
3.260226693924118679e-01
3.254685368617492580e-01
3.249139119915966378e-01
3.243618322666247389e-01
3.238151726005769615e-01
3.232765960424721641e-01
3.227485089886850678e-01
3.222330205510208767e-01
3.217319071027622268e-01
3.212465843340536198e-01
3.207780897194849601e-01
3.203270777844962613e-01
3.198938290141307705e-01
3.194782711682859211e-01
3.190800097875661212e-01
3.186983634955231626e-01
3.183323997334988054e-01
3.179809678359210023e-01
3.176427284280897712e-01
3.173161803052778618e-01
3.169996874757202154e-01
3.166915095394374213e-01
3.163898379808374739e-01
3.160928396568587484e-01
3.157987071820613778e-01
3.155057144661115309e-01
3.152122745283885696e-01
3.149169961293284414e-01
3.146187357464729772e-01
3.143166418617462932e-01
3.140101890465680223e-01
3.136991995323265559e-01
3.133838499262452948e-01
3.130646610026519006e-01
3.127424697100991136e-01
3.124183847684565141e-01
3.120937298181593600e-01
3.117699798451780691e-01
3.114486966940284152e-01
3.111314678288791269e-01
3.108198499564114314e-01
3.105153169392895762e-01
3.102192105397394983e-01
3.099326931898864212e-01
3.096567035766928377e-01
3.093919173638575160e-01
3.091387159061860790e-01
3.088971650215506237e-01
3.086670041601541348e-01
3.084476445778252529e-01
3.082381743147188935e-01
3.080373683074584257e-01
3.078437034657385274e-01
3.076553799695374569e-01
3.074703503363496737e-01
3.072863564165048134e-01
3.071009719054062503e-01
3.069116455665857890e-01
3.067157397331035096e-01
3.065105606526457582e-01
3.062933814086373774e-01
3.060614627215645367e-01
3.058120796799804197e-01
3.055425618691651191e-01
3.052503505084930291e-01
3.049330706534204571e-01
3.045886115444098596e-01
3.042152056547161587e-01
3.038114975126659512e-01
3.033765962295738028e-01
3.029101092747556456e-01
3.024121579092492462e-01
3.018833761181923814e-01
3.013248951187246782e-01
3.007383152712684304e-01
3.001256670410499261e-01
2.994893626156249766e-01
2.988321397368994825e-01
2.981569991784780993e-01
2.974671372046340800e-01
2.967658745045647639e-01
2.960565835314048488e-01
2.953426167000077762e-01
2.946272382385010102e-01
2.939135623388762220e-01
2.932044995362741435e-01
2.925027121409874975e-01
2.918105783726490099e-01
2.911301640766386645e-01
2.904632007998304011e-01
2.898110696438579437e-01
2.891747913854862406e-01
2.885550243987884400e-01
2.879520723946000782e-01
2.873659035801413020e-01
2.867961814608693261e-01
2.862423055117010451e-01
2.857034578785926926e-01
2.851786508232431183e-01
2.846667693391389253e-01
2.841666044318305051e-01
2.836768747878996022e-01
2.831962373860127391e-01
2.827232902879886489e-01
2.822565726845164269e-01
2.817945678355381900e-01
2.813357137940039054e-01
2.808784250195674459e-01
2.804211257343464658e-01
2.799622936808764950e-01
2.795005112005087278e-01
2.790345194344953095e-01
2.785632709336349211e-01
2.780859760181463303e-01
2.776021388116162725e-01
2.771115799501938648e-01
2.766144443364690897e-01
2.761111937034186337e-01
2.756025849208750267e-01
2.750896358227693517e-01
2.745735809861833965e-01
2.740558204493138694e-01
2.735378648393423373e-01
2.730212806058286423e-01
2.725076388191680632e-01
2.719984701740479349e-01
2.714952275498138112e-01
2.709992560381830340e-01
2.705117691439736793e-01
2.700338292362259307e-01
2.695663304074673028e-01
2.691099825832784509e-01
2.686652967081385457e-01
2.682325717394910547e-01
2.678118846750335846e-01
2.674030847782784548e-01
2.670057926253645575e-01
2.666194038668990851e-01
2.662430969984442286e-01
2.658758442531095612e-01
2.655164249928217424e-01
2.651634415411095458e-01
2.648153379113354911e-01
2.644704220408111150e-01
2.641268917458529653e-01
2.637828637780712526e-01
2.634364043657456134e-01
2.630855589189770583e-01
2.627283785180799525e-01
2.623629415607544035e-01
2.619873703473197257e-01
2.615998440342392484e-01
2.611986106510458261e-01
2.607820013068156140e-01
2.603484490697210441e-01
2.598965135000651516e-01
2.594249099666249281e-01
2.589325412721525943e-01
2.584185282524967264e-01
2.578822360479044451e-01
2.573232935538548039e-01
2.567416047593839012e-01
2.561373518702767527e-01
2.555109909677431013e-01
2.548632413545696140e-01
2.541950697615764088e-01
2.535076704177847140e-01
2.528024417671042579e-01
2.520809604558693628e-01
2.513449531096108025e-01
2.505962663443813132e-01
2.498368354291568838e-01
2.490686520078903843e-01
2.482937313572261551e-01
2.475140797708504092e-01
2.467316627978958232e-01
2.459483751723907097e-01
2.451660132894280530e-01
2.443862509988050935e-01
2.436106192852477148e-01
2.428404901382364145e-01
2.420770646174861818e-01
2.413213648948025758e-01
2.405742299015150576e-01
2.398363142047305607e-01
2.391080898204230865e-01
2.383898508276130201e-01
2.376817207894154627e-01
2.369836630551524770e-01
2.362954939675414312e-01
2.356168988109517970e-01
2.349474500459520221e-01
2.342866270482084068e-01
2.336338362685631831e-01
2.329884305675475054e-01
2.323497264833723486e-01
2.317170184006741018e-01
2.310895889885849763e-01
2.304667157818595935e-01
2.298476743459121341e-01
2.292317389419512574e-01
2.286181819623951950e-01
2.280062735321794487e-01
2.273952825828939595e-01
2.267844804116048718e-01
2.261731472934651599e-01
2.255605822252305936e-01
2.249461154006931474e-01
2.243291226509829261e-01
2.237090408419873944e-01
2.230853831301027046e-01
2.224577530136634396e-01
2.218258562356767993e-01
2.211895097873420035e-01
2.205486474803856900e-01
2.199033218029725067e-01
2.192537020244034185e-01
2.186000687275071741e-01
2.179428051361134988e-01
2.172823857270813619e-01
2.166193626950854156e-01
2.159543508898043584e-01
2.152880118605792759e-01
2.146210376625782013e-01
2.139541350484875926e-01
2.132880106291812627e-01
2.126233574763336243e-01
2.119608435010448821e-01
2.113011017732563390e-01
2.106447227605065531e-01
2.099922483169292253e-01
2.093441671328667708e-01
2.087009113062902044e-01
2.080628536886130475e-01
2.074303057196528743e-01
2.068035155492516375e-01
2.061826663467809795e-01
2.055678747932472294e-01
2.049591898292148495e-01
2.043565917677233890e-01
2.037599918940876109e-01
2.031692326559572104e-01
2.025840885134578828e-01
2.020042674837753682e-01
2.014294133940768283e-01
2.008591088384273915e-01
2.002928788389693182e-01
1.997301952154949545e-01
1.991704816674347012e-01
1.986131195620606249e-01
1.980574543923428465e-01
1.975028028229522115e-01
1.969484601910970190e-01
1.963937082737479967e-01
1.958378230954964383e-01
1.952800825370809568e-01
1.947197735110499650e-01
1.941561985170953686e-01
1.935886814531909694e-01
1.930165726432961915e-01
1.924392531289534358e-01
1.918561383516847740e-01
1.912666814016207306e-01
1.906703760301245165e-01
1.900667595988257685e-01
1.894554160831517231e-01
1.888359791644996788e-01
1.882081353614227237e-01
1.875716270667675545e-01
1.869262553078927525e-01
1.862718820266331399e-01
1.856084316847003146e-01
1.849358920486638136e-01
1.842543140643842503e-01
1.835638107994724544e-01
1.828645554960498520e-01
1.821567788206566729e-01
1.814407654302261363e-01
1.807168499831031117e-01
1.799854127217795641e-01
1.792468747408009766e-01
1.785016930342581687e-01
1.777503554022321075e-01
1.769933752752816392e-01
1.762312865081754332e-01
1.754646381806815314e-01
1.746939894419109462e-01
1.739199044283777640e-01
1.731429472897620392e-01
1.723636773563762548e-01
1.715826444888178259e-01
1.708003846541763515e-01
1.700174157763025273e-01
1.692342339102030913e-01
1.684513097890247280e-01
1.676690857850954564e-01
1.668879733220298978e-01
1.661083507583122065e-01
1.653305617562187413e-01
1.645549141324365583e-01
1.637816791764870050e-01
1.630110914134601241e-01
1.622433487788487727e-01
1.614786131697615867e-01
1.607170113335057993e-01
1.599586360560280307e-01
1.592035476117340254e-01
1.584517754415000756e-01
1.577033200234586596e-01
1.569581549056797143e-01
1.562162288665457921e-01
1.554774681717282780e-01
1.547417788900781188e-01
1.540090492331198657e-01
1.532791518799268560e-01
1.525519462499057843e-01
1.518272806865715030e-01
1.511049945201309030e-01
1.503849199806718828e-01
1.496668839414022900e-01
1.489507094793254272e-01
1.482362172494323671e-01
1.475232266759876898e-01
1.468115569743560500e-01
1.461010280222299895e-01
1.453914611051119465e-01
1.446826795646087849e-01
1.439745093778065088e-01
1.432667796975820029e-01
1.425593233796564330e-01
1.418519775187608301e-01
1.411445840089211035e-01
1.404369901381835317e-01
1.397290492208555224e-01
1.390206212617646486e-01
1.383115736431121956e-01
1.376017818188192132e-01
1.368911299960763883e-01
1.361795117860735704e-01
1.354668308003013355e-01
1.347530011755089241e-01
1.340379480095567344e-01
1.333216076967353170e-01
1.326039281517392143e-01
1.318848689196500945e-01
1.311644011701781354e-01
1.304425075801838307e-01
1.297191821075263374e-01
1.289944296669644497e-01
1.282682657148863092e-01
1.275407157536414537e-01
1.268118147664586415e-01
1.260816065921714912e-01
1.253501432510126801e-01
1.246174842309454162e-01
1.238836957436860592e-01
1.231488499597730574e-01
1.224130242314376837e-01
1.216763003109810615e-01
1.209387635737421696e-01
1.202005022532358497e-01
1.194616066969454438e-01
1.187221686495978090e-01
1.179822805716428946e-01
1.172420349992005090e-01
1.165015239498371769e-01
1.157608383783193112e-01
1.150200676843131098e-01
1.142792992742930613e-01
1.135386181741815381e-01
1.127981066933962107e-01
1.120578441362841821e-01
1.113179065570913395e-01
1.105783665540979593e-01
1.098392930993786765e-01
1.091007513989299266e-01
1.083628027797654131e-01
1.076255045997126791e-01
1.068889101765158195e-01
1.061530687352200825e-01
1.054180253697901276e-01
1.046838210189063034e-01
1.039504924542635628e-01
1.032180722808462014e-01
1.024865889493789817e-01
1.017560667805766095e-01
1.010265260008268995e-01
1.002979827898473619e-01
9.957044934159194061e-02
9.884393393569475272e-02
9.811844102270360357e-02
9.739397131967456045e-02
9.667052191916677972e-02
9.594808640831044289e-02
9.522665499927572552e-02
9.450621466958340766e-02
9.378674931220160049e-02
9.306823989411709686e-02
9.235066462294687362e-02
9.163399912099794153e-02
9.091821660547794171e-02
9.020328807452050734e-02
8.948918249728932128e-02
8.877586700850520485e-02
8.806330710602275347e-02
8.735146685046696335e-02
8.664030906557432243e-02
8.592979553933202674e-02
8.521988722430261232e-02
8.451054443612575351e-02
8.380172704880409218e-02
8.309339468730808642e-02
8.238550691422852346e-02
8.167802341159229040e-02
8.097090415553771792e-02
8.026410958399268769e-02
7.955760075569087708e-02
7.885133950073119902e-02
7.814528856122296419e-02
7.743941172306532950e-02
7.673367393616099819e-02
7.602804142603823701e-02
7.532248179311143432e-02
7.461696410334661689e-02
7.391145896723633202e-02
7.320593860960902810e-02
7.250037692899344299e-02
7.179474954736846104e-02
7.108903385123990781e-02
7.038320902317668493e-02
6.967725606576090358e-02
6.897115781659610145e-02
6.826489895616263959e-02
6.755846600891446396e-02
6.685184733688706582e-02
6.614503312752209596e-02
6.543801537524138179e-02
6.473078785804170510e-02
6.402334610848915697e-02
6.331568738045548206e-02
6.260781061131980019e-02
6.189971638056058351e-02
6.119140686454721534e-02
6.048288578846137270e-02
5.977415837511487751e-02
5.906523129187932208e-02
5.835611259508659276e-02
5.764681167279543661e-02
5.693733918615538625e-02
5.622770701000716354e-02
5.551792817197968855e-02
5.480801679157518841e-02
5.409798801893929421e-02
5.338785797334198724e-02
5.267764368208968651e-02
5.196736301973163552e-02
5.125703464800833442e-02
5.054667795659637669e-02
4.983631300473258252e-02
4.912596046391344562e-02
4.841564156199616720e-02
4.770537802877471145e-02
4.699519204242398607e-02
4.628510617837920671e-02
4.557514335934069460e-02
4.486532680697700309e-02
4.415567999564797008e-02
4.344622660772637368e-02
4.273699049107664710e-02
4.202799561780792142e-02
4.131926604567011385e-02
4.061082588085376810e-02
3.990269924270679891e-02
3.919491023067951663e-02
3.848748289266811645e-02
3.778044119565658610e-02
3.707380899781924366e-02
3.636761002267362847e-02
3.566186783482820644e-02
3.495660581748289558e-02
3.425184715168066996e-02
3.354761479693283560e-02
3.284393147378138200e-02
3.214081964740248681e-02
3.143830151311750865e-02
3.073639898277796129e-02
3.003513367293678821e-02
2.933452689406189362e-02
2.863459964107990807e-02
2.793537258476197840e-02
2.723686606449540748e-02
2.653910008187232439e-02
2.584209429546101278e-02
2.514586801613469258e-02
2.445044020349802782e-02
2.375582946298727266e-02
2.306205404373874029e-02
2.236913183701236957e-02
2.167708037545580668e-02
2.098591683269499658e-02
2.029565802353138979e-02
1.960632040467393672e-02
1.891792007587771163e-02
1.823047278137539251e-02
1.754399391181417356e-02
1.685849850641765388e-02
1.617400125540845168e-02
1.549051650272826978e-02
1.480805824896499687e-02
1.412664015454412857e-02
1.344627554284368032e-02
1.276697740375325879e-02
1.208875839721009274e-02
1.141163085676516649e-02
1.073560679321987170e-02
1.006069789864937752e-02
9.386915549996231733e-03
8.714270812969261010e-03
8.042774445872744038e-03
7.372436903483746591e-03
6.703268340840970105e-03
6.035278617131686722e-03
5.368477299447287250e-03
4.702873666421489816e-03
4.038476712126488899e-03
3.375295149541970331e-03
2.713337414162002130e-03
2.052611667523007114e-03
1.393125800639157235e-03
7.348874372605364129e-04
7.790393724230366707e-05
-5.778176003472789432e-04
-1.232270334188242337e-03
-1.885447677735132069e-03
-2.537343296252336962e-03
-3.187951104231111221e-03
-3.837265262622899416e-03
-4.485280176414415537e-03
-5.131990492165758137e-03
-5.777391095777594833e-03
-6.421477110423368453e-03
-7.064243894445597013e-03
-7.705687039609225748e-03
-8.345802369391794318e-03
-8.984585937423416463e-03
-9.622034026117019800e-03
-1.025814314553264925e-02
-1.089291003225916626e-02
-1.152633164868159185e-02
-1.215840518220662539e-02
-1.278912804497909714e-02
-1.341849787350055806e-02
-1.404651252869227804e-02
-1.467317009606958732e-02
-1.529846888619748428e-02
-1.592240743537136002e-02
-1.654498450652147623e-02
0.000000000000000000e+00
