9.030413470209683879e-01
1.489080862515393400e-01
1.535392160750486124e-01
1.577305199727990492e-01
1.615900155706038177e-01
1.651902131080810188e-01
1.685817613557168415e-01
1.718012928452688770e-01
1.748761213395251812e-01
1.778271606440614827e-01
1.806708001280672438e-01
1.834201470027901903e-01
1.860858720609517292e-01
1.886767999321848077e-01
1.912003304016718919e-01
1.936627453379517749e-01
1.960694364658938371e-01
1.984250772700503207e-01
2.007337547409668022e-01
2.029990717741162187e-01
2.052242277902838197e-01
2.074120829646252662e-01
2.095652099579057015e-01
2.116859360016092317e-01
2.137763774546647122e-01
2.158384684222600658e-01
2.178739846451262230e-01
2.198845635872157533e-01
2.218717214413871708e-01
2.238368676161854587e-01
2.257813171482934700e-01
2.277063013951994841e-01
2.296129772916543910e-01
2.315024354003235030e-01
2.333757069431734443e-01
2.352337699673384408e-01
2.370775547715834874e-01
2.389079486988353318e-01
2.407258003816194480e-01
2.425319235146866093e-01
2.443271002156783278e-01
2.461120840276254662e-01
2.478876026065256477e-01
2.496543601329389850e-01
2.514130394800598856e-01
2.531643041662933191e-01
2.549088001167468254e-01
2.566471572545698243e-01
2.583799909407378803e-01
2.601079032776658639e-01
2.618314842913159746e-01
2.635513130037346330e-01
2.652679584062595519e-01
2.669819803441637607e-01
2.686939303196345663e-01
2.704043522216134088e-01
2.721137829887701476e-01
2.738227532109253071e-01
2.755317876753003992e-01
2.772414058610418452e-01
2.789521223870480293e-01
2.806644474165572167e-01
2.823788870216296099e-01
2.840959435111726217e-01
2.858161157246402184e-01
2.875398992941054499e-01
2.892677868772274286e-01
2.910002683625701470e-01
2.927378310498334746e-01
2.944809598059942024e-01
2.962301371994214838e-01
2.979858436131535004e-01
2.997485573387149715e-01
3.015187546513553030e-01
3.032969098685559528e-01
3.050834953918247772e-01
3.068789817333429371e-01
3.086838375284532976e-01
3.104985295339983131e-01
3.123235226139661203e-01
3.141592797130423609e-01
3.160062618177867932e-01
3.178649279076931622e-01
3.197357348946033850e-01
3.216191375524644069e-01
3.235155884372736268e-01
3.254255377973808705e-01
3.273494334749249557e-01
3.292877207979438836e-01
3.312408424646146599e-01
3.332092384179712874e-01
3.351933457134317340e-01
3.371935983771375822e-01
3.392104272564848699e-01
3.412442598627001278e-01
3.432955202046187315e-01
3.453646286146627165e-01
3.474520015661994310e-01
3.495580514823401486e-01
3.516831865361527698e-01
3.538278104418228764e-01
3.559923222369192342e-01
3.581771160548672395e-01
3.603825808885536275e-01
3.626091003431392013e-01
3.648570523797890486e-01
3.671268090481719093e-01
3.694187362090844418e-01
3.717331932459281285e-01
3.740705327655725609e-01
3.764311002880458279e-01
3.788152339252458534e-01
3.812232640487400737e-01
3.836555129465845093e-01
3.861122944691764425e-01
3.885939136651719861e-01
3.911006664068510941e-01
3.936328390061886173e-01
3.961907078219417677e-01
3.987745388586028117e-01
4.013845873578914536e-01
4.040210973843263442e-01
4.066843014055384620e-01
4.093744198688509250e-01
4.120916607755675254e-01
4.148362192548868399e-01
4.176082771386697146e-01
4.204080025392740172e-01
4.232355494326682788e-01
4.260910572484097325e-01
4.289746504695656215e-01
4.318864382441954808e-01
4.348265140110950666e-01
4.377949551428906294e-01
4.407918226081076751e-01
4.438171606558668492e-01
4.468709965247713023e-01
4.499533401801347754e-01
4.530641840807839160e-01
4.562035029788447660e-01
4.593712537549944352e-01
4.625673752919491344e-01
4.657917883877071286e-01
4.690443957122747975e-01
4.723250818084184788e-01
4.756337131403921559e-01
4.789701381904065136e-01
4.823341876060780464e-01
4.857256743996834492e-01
4.891443942002910994e-01
4.925901255599876016e-01
4.960626303145747595e-01
4.995616539991376004e-01
5.030869263188126883e-01
5.066381616739240590e-01
5.102150597391770237e-01
5.138173060953659110e-01
5.174445729131148530e-01
5.210965196853736270e-01
5.247727940080438858e-01
5.284730324043797056e-01
5.321968611916523262e-01
5.359438973853090094e-01
5.397137496379553756e-01
5.435060192075701346e-01
5.473203009515864581e-01
5.511561843415390127e-01
5.550132544923812583e-01
5.588910932022834732e-01
5.627892799961895509e-01
5.667073931680853827e-01
5.706450108158227508e-01
5.746017118625931230e-01
5.785770770593765544e-01
5.825706899629354840e-01
5.865821378827057453e-01
5.906110127934994791e-01
5.946569122060195722e-01
5.987194399935918954e-01
6.027982071686174281e-01
6.068928326065462509e-01
6.110029437124872009e-01
6.151281770298001605e-01
6.192681787861478160e-01
6.234226053773224141e-01
6.275911237863096570e-01
6.317734119377167445e-01
6.359691589878599949e-01
6.401780655498557904e-01
6.443998438563801612e-01
6.486342178597680475e-01
6.528809232730699019e-01
6.571397075532774412e-01
6.614103298300326728e-01
6.656925607821360114e-01
6.699861824659759657e-01
6.742909880991856397e-01
6.786067818022971654e-01
6.829333783036927175e-01
6.872706026107860966e-01
6.916182896515166156e-01
6.959762838905886317e-01
7.003444389238632217e-01
7.047226170554298230e-01
7.091106888607210390e-01
7.135085327388677179e-01
7.179160344597829146e-01
7.223330867067969674e-01
7.267595886196818178e-01
7.311954453410289823e-01
7.356405675674191347e-01
7.400948711097542487e-01
7.445582764635138018e-01
7.490307083914509167e-01
7.535120955209212434e-01
7.580023699568360085e-01
7.625014669116452204e-01
7.670093243533592231e-01
7.715258826728434993e-01
7.760510843702707051e-01
7.805848737615237454e-01
7.851271967049959777e-01
7.896780003478365284e-01
7.942372328929203640e-01
7.988048433843987217e-01
8.033807815137263830e-01
8.079649974427891568e-01
8.125574416461622818e-01
8.171580647700682487e-01
8.217668175075538706e-01
8.263836504893673496e-01
8.310085141897503025e-01
8.356413588449342900e-01
8.402821343856358149e-01
8.449307903800149511e-01
8.495872759882303615e-01
8.542515399267049947e-01
8.589235304407770721e-01
8.636031952860055982e-01
8.682904817161097855e-01
8.729853364774651237e-01
8.776877058087517725e-01
8.823975354457537223e-01
8.871147706294190138e-01
8.918393561183217688e-01
8.965712362026373450e-01
9.013103547209956323e-01
9.060566550786853801e-01
9.108100802671498242e-01
9.155705728836567303e-01
9.203380751518603908e-01
9.251125289422075237e-01
9.298938757913882691e-01
9.346820569223031061e-01
9.394770132620575698e-01
9.442786854598607116e-01
9.490870139033125152e-01
9.539019387336926670e-01
9.587233998597284312e-01
9.635513369705193121e-01
9.683856895462134018e-01
9.732263968683380062e-01
9.780733980276343775e-01
9.829266319320585366e-01
9.877860373118129145e-01
9.926515527245920456e-01
9.975231165590872084e-01
1.002400667036964954e+00
1.007284142215283840e+00
1.012173479986765212e+00
1.017068618079357112e+00
1.021969494056447658e+00
1.026876045314744523e+00
1.031788209082973085e+00
1.036705922419293380e+00
1.041629122209357883e+00
1.046557745163264164e+00
1.051491727812825072e+00
1.056431006508603776e+00
1.061375517417161518e+00
1.066325196517884155e+00
1.071279979600754162e+00
1.076239802263051715e+00
1.081204599907668706e+00
1.086174307740295220e+00
1.091148860768208939e+00
1.096128193797888173e+00
1.101112241434615058e+00
1.106100938080317730e+00
1.111094217934595951e+00
1.116092014992846382e+00
1.121094263047461403e+00
1.126100895687771386e+00
1.131111846301301460e+00
1.136127048074423440e+00
1.141146433994922438e+00
1.146169936852422300e+00
1.151197489242503424e+00
1.156229023567923120e+00
1.161264472042355722e+00
1.166303766693536748e+00
1.171346839366978365e+00
1.176393621729771910e+00
1.181444045275287680e+00
1.186498041327606723e+00
1.191555541046057654e+00
1.196616475431229620e+00
1.201680775329737383e+00
1.206748371440580891e+00
1.211819194320808757e+00
1.216893174392151833e+00
1.221970241947792690e+00
1.227050327158740739e+00
1.232133360081896001e+00
1.237219270666718884e+00
1.242307988763639903e+00
1.247399444131868984e+00
1.252493566447926421e+00
1.257590285313905154e+00
1.262689530267096849e+00
1.267791230788737566e+00
1.272895316313875425e+00
1.278001716240808827e+00
1.283110359942010614e+00
1.288221176773938215e+00
1.293334096087955798e+00
1.298449047241911680e+00
1.303565959610653024e+00
1.308684762598391504e+00
1.313805385650601121e+00
1.318927758265794115e+00
1.324051810008264551e+00
1.329177470520910065e+00
1.334304669537798027e+00
1.339433336897709603e+00
1.344563402556984588e+00
1.349694796602917357e+00
1.354827449267879569e+00
1.359961290942032219e+00
1.365096252187256498e+00
1.370232263751073098e+00
1.375369256579295207e+00
1.380507161829911400e+00
1.385645910886451837e+00
1.390785435369860323e+00
1.395925667152490668e+00
1.401066538368634706e+00
1.406207981428169607e+00
1.411349929025764505e+00
1.416492314153154464e+00
1.421635070108064669e+00
1.426778130503636666e+00
1.431921429277203561e+00
1.437064900696721548e+00
1.442208479368307428e+00
1.447352100240800077e+00
1.452495698610426489e+00
1.457639210123321760e+00
1.462782570777608981e+00
1.467925716923590196e+00
1.473068585262435892e+00
1.478211112843847763e+00
1.483353237061546759e+00
1.488494895647836325e+00
1.493636026665869032e+00
1.498776568501054784e+00
1.503916459849668152e+00
1.509055639706695207e+00
1.514194047351622219e+00
1.519331622332701581e+00
1.524468304448587608e+00
1.529604033729942358e+00
1.534738750417986575e+00
1.539872394941691702e+00
1.545004907894264257e+00
1.550136230007343130e+00
1.555266302123807787e+00
1.560395065169724260e+00
1.565522460124987303e+00
1.570648427992487273e+00
1.575772909766921526e+00
1.580895846402178062e+00
1.586017178778602155e+00
1.591136847669363252e+00
1.596254793706234132e+00
1.601370957346235580e+00
1.606485278837001873e+00
1.611597698182134719e+00
1.616708155109173983e+00
1.621816589035006029e+00
1.626922939033706328e+00
1.632027143805596436e+00
1.637129141645471186e+00
1.642228870414541131e+00
1.647326267511651121e+00
1.652421269846982010e+00
1.657513813818038528e+00
1.662603835286035725e+00
1.667691269555875433e+00
1.672776051357386606e+00
1.677858114828916003e+00
1.682937393503598722e+00
1.688013820298474910e+00
1.693087327504819939e+00
1.698157846782974989e+00
1.703225309158953538e+00
1.708289645023166159e+00
1.713350784133985671e+00
1.718408655621309622e+00
1.723463187996316925e+00
1.728514309160833484e+00
1.733561946421785738e+00
1.738606026507063529e+00
1.743646475585606037e+00
1.748683219287956669e+00
1.753716182731878126e+00
1.758745290548461293e+00
1.763770466912087942e+00
1.768791635572015464e+00
1.773808719886101004e+00
1.778821642857606466e+00
1.783830327172496455e+00
1.788834695240353323e+00
1.793834669235645940e+00
1.798830171141507783e+00
1.803821122794764698e+00
1.808807445932284486e+00
1.813789062239146377e+00
1.818765893396687705e+00
1.823737861133571059e+00
1.828704887275713675e+00
1.833666893798273634e+00
1.838623802878018632e+00
1.843575536945705640e+00
1.848522018739671591e+00
1.853463171358608053e+00
1.858398918315826931e+00
1.863329183591958760e+00
1.868253891688543611e+00
1.873172967680840850e+00
1.878086337270404860e+00
1.882993926836233456e+00
1.887895663486487186e+00
1.892791475107222343e+00
1.897681290412065902e+00
1.902565038988306645e+00
1.907442651342886375e+00
1.912314058945888462e+00
1.917179194271239506e+00
1.922037990836570565e+00
1.926890383238362592e+00
1.931736307186191937e+00
1.936575699531527306e+00
1.941408498294722840e+00
1.946234642687814098e+00
1.951054073131794020e+00
1.955866731271090231e+00
1.960672559982062690e+00
1.965471503377284934e+00
1.970263506803679565e+00
1.975048516834690959e+00
1.979826481258001536e+00
1.984597349055301052e+00
1.989361070376618246e+00
1.994117596507866796e+00
1.998866879831343368e+00
2.003608873779876731e+00
2.008343532783376961e+00
2.013070812208862304e+00
2.017790668293593548e+00
2.022503058070996840e+00
2.027207939290141425e+00
2.031905270328287827e+00
2.036595010098495973e+00
2.041277117948815611e+00
2.045951553558979175e+00
2.050618276829604181e+00
2.055277247767866466e+00
2.059928426369579846e+00
2.064571772496737623e+00
2.069207245753781788e+00
2.073834805360819988e+00
2.078454410026576049e+00
2.083066017820501159e+00
2.087669586046204007e+00
2.092265071114796982e+00
2.096852428422916415e+00
2.101431612232083967e+00
2.106002575552779366e+00
2.110565270034846730e+00
2.115119645862145958e+00
2.119665651654230931e+00
2.124203234378511329e+00
2.128732339266627083e+00
2.133252909743143633e+00
2.137764887363789335e+00
2.142268211762433872e+00
2.146762820611503475e+00
2.151248649592536033e+00
2.155725632378434398e+00
2.160193700629144509e+00
2.164652783998685770e+00
2.169102810154488026e+00
2.173543704810704469e+00
2.177975391772104086e+00
2.182397792991230379e+00
2.186810828638003468e+00
2.191214417179377705e+00
2.195608475472364152e+00
2.199992918865629310e+00
2.204367661313198834e+00
2.208732615496374674e+00
2.213087692955820529e+00
2.217432804229804599e+00
2.221767859003614731e+00
2.226092766260869826e+00
2.230407434445256243e+00
2.234711771624630749e+00
2.239005685660653722e+00
2.243289084381383081e+00
2.247561875757547956e+00
2.251823968080016947e+00
2.256075270138947264e+00
2.260315691403028460e+00
2.264545142199629879e+00
2.268763533893073614e+00
2.272970779061689317e+00
2.277166791672897261e+00
2.281351487255887545e+00
2.285524783069925903e+00
2.289686598269124129e+00
2.293836854063731501e+00
2.297975473874025898e+00
2.302102383480288061e+00
2.306217511165550516e+00
2.310320787850852486e+00
2.314412147223846361e+00
2.318491525857201196e+00
2.322558863319768907e+00
2.326614102275530005e+00
2.330657188573012739e+00
2.334688071323554048e+00
2.338706702963882389e+00
2.342713039309277434e+00
2.346707039588280974e+00
2.350688666464692655e+00
2.354657886041350068e+00
2.358614667846667068e+00
2.362558984803827311e+00
2.366490813179159325e+00
2.370410132510932133e+00
2.374316925517891530e+00
2.378211177984761004e+00
2.382092878626888233e+00
2.385962018931857997e+00
2.389818592978648848e+00
2.393662597232932399e+00
2.397494030321946745e+00
2.401312892784996933e+00
2.405119186803664100e+00
2.408912915910960351e+00
2.412694084681402007e+00
2.416462698402332521e+00
2.420218762729330564e+00
2.423962283327544043e+00
2.427693265499837327e+00
2.431411713806198804e+00
2.435117631675994598e+00
2.438811021015110825e+00
2.442491881813500409e+00
2.446160211753947600e+00
2.449816005827013754e+00
2.453459255954255180e+00
2.457089950624959052e+00
2.460708074548583202e+00
2.464313608325874760e+00
2.467906528143742229e+00
2.471486805496120098e+00
2.475054406933880013e+00
2.478609293845637662e+00
2.482151422275257424e+00
2.485680742773937357e+00
2.489197200292196488e+00
2.492700734111335414e+00
2.496191277818168519e+00
2.499668759318960820e+00
2.503133100898611296e+00
2.506584219321547735e+00
2.510022025973322357e+00
2.513446427046440057e+00
2.516857323762376808e+00
2.520254612634881042e+00
2.523638185768208420e+00
2.527007931188442136e+00
2.530363733209415322e+00
2.533705472822185722e+00
2.537033028115607269e+00
2.540346274715068020e+00
2.543645086242661613e+00
2.546929334793097244e+00
2.550198891421439740e+00
2.553453626642106400e+00
2.556693410931798915e+00
2.559918115238888792e+00
2.563127611490251923e+00
2.566321773099014436e+00
2.569500475465201994e+00
2.572663596471128855e+00
2.575811016968081901e+00
2.578942621251082201e+00
2.582058297522014545e+00
2.585157938339521344e+00
2.588241441052634428e+00
2.591308708219208778e+00
2.594359648004545438e+00
2.597394174564974900e+00
2.600412208407727022e+00
2.603413676732758475e+00
2.606398513749959456e+00
2.609366660974936192e+00
2.612318067497211960e+00
2.615252690222908072e+00
2.618170494087191713e+00
2.621071452236471089e+00
2.623955546175682940e+00
2.626822765878902288e+00
2.629673109861970559e+00
2.632506585210342642e+00
2.635323207562943360e+00
2.638123001045424854e+00
2.640905998152211609e+00
2.643672239572052884e+00
2.646421773955234258e+00
2.649154657618748576e+00
2.651870954188255691e+00
2.654570734172947422e+00
2.657254074474464822e+00
2.659921057825495261e+00
2.662571772162398265e+00
2.665206309928271455e+00
2.667824767312059642e+00
2.670427243422919261e+00
2.673013839407400560e+00
2.675584657509640252e+00
2.678139800085416855e+00
2.680679368572467247e+00
2.683203462428402908e+00
2.685712178042622078e+00
2.688205607634119421e+00
2.690683838143898665e+00
2.693146950134222450e+00
2.695595016705464531e+00
2.698028102444713028e+00
2.700446262414756937e+00
2.702849541198284022e+00
2.705237972009472802e+00
2.707611575880925159e+00
2.709970360941858836e+00
2.712314321792183680e+00
2.714643438986281687e+00
2.716957678629994710e+00
2.719256992100646642e+00
2.721541315892376911e+00
2.723810571592257368e+00
2.726064665987184110e+00
2.728303491302682460e+00
2.730526925570690544e+00
2.732734833125451956e+00
2.734927065218174747e+00
2.737103460749512163e+00
2.739263847105759986e+00
2.741408041095341641e+00
2.743535849971396878e+00
2.745647072530901234e+00
2.747741500278351623e+00
2.749818918641486309e+00
2.751879108228947768e+00
2.753921846112526772e+00
2.755946907128767442e+00
2.757954065183552128e+00
2.759943094549917042e+00
2.761913771153442276e+00
2.763865873829542075e+00
2.765799185552264117e+00
2.767713494624459258e+00
2.769608595825110431e+00
2.771484291512795295e+00
2.773340392678524502e+00
2.775176719952736626e+00
2.776993104561204184e+00
2.778789389233464302e+00
2.780565429066790273e+00
2.782321092342012303e+00
2.784056261300722035e+00
2.785770832879344017e+00
2.787464719406064884e+00
2.789137849258540136e+00
2.790790167484637152e+00
2.792421636383164429e+00
2.794032236043793027e+00
2.795621964840252716e+00
2.797190839873970880e+00
2.798738897357554656e+00
2.800266192932113540e+00
2.801772801907223887e+00
2.803258819411394320e+00
2.804724360439987851e+00
2.806169559788978418e+00
2.807594571857313426e+00
2.808999570306157878e+00
2.810384747558803298e+00
2.811750314129578321e+00
2.813096497769341120e+00
2.814423542415461110e+00
2.815731706940719725e+00
2.817021263693654909e+00
2.818292496828360250e+00
2.819545700425972079e+00
2.820781176409208779e+00
2.821999232264103430e+00
2.823200178575924646e+00
2.824384326402227252e+00
2.825551984500190184e+00
2.826703456437006601e+00
2.827839037610238471e+00
2.828959012216085700e+00
2.830063650194473812e+00
2.831153204198854745e+00
2.832227906623272062e+00
2.833287966734887586e+00
2.834333567951119015e+00
2.835364865304264015e+00
2.836381983134250273e+00
2.837385013047423854e+00
2.838374012178140227e+00
2.839349001781634296e+00
2.840309966187226642e+00
2.841256852132096444e+00
2.842189568490295137e+00
2.843107986406768095e+00
2.844011939838007486e+00
2.844901226494061408e+00
2.845775609171101728e+00
2.846634817456223931e+00
2.847478549778450940e+00
2.848306475777437008e+00
2.849118238952328408e+00
2.849913459551339123e+00
2.850691737657984781e+00
2.851452656427919230e+00
2.852195785429029851e+00
2.852920684033533938e+00
2.853626904821195520e+00
2.854313996940215148e+00
2.854981509390389860e+00
2.855628994187477954e+00
2.856256009373811633e+00
2.856862121852990377e+00
2.857446910022576780e+00
2.858009966193866269e+00
2.858550898792001860e+00
2.859069334335908152e+00
2.859564919206730949e+00
2.860037321217231643e+00
2.860486231004592206e+00
2.860911363270469465e+00
2.861312457894764183e+00
2.861689280961066117e+00
2.862041625717759441e+00
2.862369313515903180e+00
2.862672194748312471e+00
2.862950149821787971e+00
2.863203090180938659e+00
2.863430959406193743e+00
2.863633734390134578e+00
2.863811426596332588e+00
2.863964083394701543e+00
2.864091789452588799e+00
2.864194668158711821e+00
2.864272883043423423e+00
2.864326639149240350e+00
2.864356184300709707e+00
2.864361810213541304e+00
2.864343853379782701e+00
2.864302695658302422e+00
2.864238764505063983e+00
2.864152532772126669e+00
2.864044518010471219e+00
2.863915281216489639e+00
2.863765424966493889e+00
2.863595590897332510e+00
2.863406456494936858e+00
2.863198731173004941e+00
2.862973151628508184e+00
2.862730476486203823e+00
2.862471480250135869e+00
2.862196946605958914e+00
2.861907661129855285e+00
2.861604403481128767e+00
2.861287939170754413e+00
2.860959011017223386e+00
2.860618330414890664e+00
2.860266568552811250e+00
2.859904347735030328e+00
2.859532232954576259e+00
2.859150723885590217e+00
2.858760247445870650e+00
2.858361151086536989e+00
2.857953696949206090e+00
2.857538057021695721e+00
2.857114309401580510e+00
2.856682435763616468e+00
2.856242320093831388e+00
2.855793748742057048e+00
2.855336411805951435e+00
2.854869905838315791e+00
2.854393737847873425e+00
2.853907330521865404e+00
2.853410028588659220e+00
2.852901106199609682e+00
2.852379775196353773e+00
2.851845194100639080e+00
2.851296477654616801e+00
2.850732706721003318e+00
2.850152938355714038e+00
2.849556215849653906e+00
2.848941578556429821e+00
2.848308071318077506e+00
2.847654753319253107e+00
2.846980706216219126e+00
2.846285041403044502e+00
2.845566906305576182e+00
2.844825489617825554e+00
2.844060025430428684e+00
2.843269796233900415e+00
2.842454134816403855e+00
2.841612425118674068e+00
2.840744102136488092e+00
2.839848651000814961e+00
2.838925605394003959e+00
2.837974545476105170e+00
2.836995095524228017e+00
2.835986921483813372e+00
2.834949728647473410e+00
2.833883259657778542e+00
2.832787293032357212e+00
2.831661642376730015e+00
2.830506156434959397e+00
2.829320720098706055e+00
2.828105256454062744e+00
2.826859729923759446e+00
2.825584150509999226e+00
2.824278579107429188e+00
2.822943133799768134e+00
2.821577997004197869e+00
2.820183423267724088e+00
2.818759747468662091e+00
2.817307393133636317e+00
2.815826880551788314e+00
2.814318834355944432e+00
2.812783990252546218e+00
2.811223200598082617e+00
2.809637438549738242e+00
2.808027800546269326e+00
2.806395506897431780e+00
2.804741900278322930e+00
2.803068441940286704e+00
2.801376705472113038e+00
2.799668367969726290e+00
2.797945198519575349e+00
2.796209043947715855e+00
2.794461811861399081e+00
2.792705451078493439e+00
2.790941929628711460e+00
2.789173210598896890e+00
2.787401226187742331e+00
2.785627850434175379e+00
2.783854871165142963e+00
2.782083961796030902e+00
2.780316653651024872e+00
2.778554309510559150e+00
2.776798099062695258e+00
2.775048976902965148e+00
2.773307663638819864e+00
2.771574630568609088e+00
2.769850088287944434e+00
2.768133979476687490e+00
2.766425976013421106e+00
2.764725480492334242e+00
2.763031632151387917e+00
2.761343317185633417e+00
2.759659183385730241e+00
2.757977658999439363e+00
2.756296975630389667e+00
2.754615194861033789e+00
2.752930238095685489e+00
2.751239918913626958e+00
2.749541977042668783e+00
2.747834112968606135e+00
2.746114022219780626e+00
2.744379428508381569e+00
2.742628115105243403e+00
2.740857954003557584e+00
2.739066932518357422e+00
2.737253176916298880e+00
2.735414972529313093e+00
2.733550779637403672e+00
2.731659244371222428e+00
2.729739204014103304e+00
2.727789686443035766e+00
2.725809903870702211e+00
2.723799241436176466e+00
2.721757241406236982e+00
2.719683583784023639e+00
2.717578064061047627e+00
2.715440568810139066e+00
2.713271049897505449e+00
2.711069498266440725e+00
2.708835918431498069e+00
2.706570304877728539e+00
2.704272621435038104e+00
2.701942784414313792e+00
2.699580649977565194e+00
2.697186005970037659e+00
2.694758568342094485e+00
2.692297982337141793e+00
2.689803828789462337e+00
2.687275636098612530e+00
2.684712898566343320e+00
2.682115101628062437e+00
2.679481753947458689e+00
2.676812425458332534e+00
2.674106789498758463e+00
2.671364666608027072e+00
2.668586067566951936e+00
2.665771233858806877e+00
2.662920674583320046e+00
2.660035199567569730e+00
2.657115948714730003e+00
2.654164417452869351e+00
2.651182477689645545e+00
2.648172393191756679e+00
2.645136828007510932e+00
2.642078846573046480e+00
2.639001904466615311e+00
2.635909829312195640e+00
2.632806791798069757e+00
2.629697267029559526e+00
2.626585986380773008e+00
2.623477879847403216e+00
2.620378008870800635e+00
2.617291489828761364e+00
2.614223408897045520e+00
2.611178729604770599e+00
2.608162195083860713e+00
2.605178227694096460e+00
2.602230829497224285e+00
2.599323487939720234e+00
2.596459091796549323e+00
2.593639862244459415e+00
2.590867302223800017e+00
2.588142164065319495e+00
2.585464431921499884e+00
2.582833313796501606e+00
2.580247239164516593e+00
2.577703861861872170e+00
2.575200071983390515e+00
2.572732022677052477e+00
2.570295177042953849e+00
2.567884377490785131e+00
2.565493936274804820e+00
2.563117742778831420e+00
2.560749381316671958e+00
2.558382253289872565e+00
2.556009699457770346e+00
2.553625120668261861e+00
2.551222096964591124e+00
2.548794504378757431e+00
2.546336626584731810e+00
2.543843256745714321e+00
2.541309784926451876e+00
2.538732268575187412e+00
2.536107486589382454e+00
2.533432979593989387e+00
2.530707078798446030e+00
2.527928923002620287e+00
2.525098459479448110e+00
2.522216422007106829e+00
2.519284280068701420e+00
2.516304157106365569e+00
2.513278720927956567e+00
2.510211053594844977e+00
2.507104509809219728e+00
2.503962571833174167e+00
2.500788706493070279e+00
2.497586227559085881e+00
2.494358165774326785e+00
2.491107148787255809e+00
2.487835293445944451e+00
2.484544113388603925e+00
2.481234446167111862e+00
2.477906405571875581e+00
2.474559363767045106e+00
2.471191962780189044e+00
2.467802148829968623e+00
2.464387221741253686e+00
2.460943897402120051e+00
2.457468388552934258e+00
2.453956510439609939e+00
2.450403811318483172e+00
2.446805719717298100e+00
2.443157698158707092e+00
2.439455397730076580e+00
2.435694814101281747e+00
2.431872447903959511e+00
2.427985470005127766e+00
2.424031887890598203e+00
2.420010705664814132e+00
2.415922068354727337e+00
2.411767381755446138e+00
2.407549401965328517e+00
2.403272292639157648e+00
2.398941650376127832e+00
2.394564498124642338e+00
2.390149244124402994e+00
2.385705602442529383e+00
2.381244472209388618e+00
2.376777775248251512e+00
2.372318253842823133e+00
2.367879231238572579e+00
2.363474338948523545e+00
2.359117219552802514e+00
2.354821220691691419e+00
2.350599099276132087e+00
2.346462747448753827e+00
2.342422934667936385e+00
2.338489047263257348e+00
2.334668813878345794e+00
2.330968031992984635e+00
2.327390334749948941e+00
2.323937033705957944e+00
2.320607042343374893e+00
2.317396856463345589e+00
2.314300569125032236e+00
2.311309925303976609e+00
2.308414442688349943e+00
2.305601615830155993e+00
2.302857190137862275e+00
2.300165469500752735e+00
2.297509624956598717e+00
2.294871994460705000e+00
2.292234385707153432e+00
2.289578402313131367e+00
2.286885808334363723e+00
2.284138932624290685e+00
2.281321098789689916e+00
2.278417054068558656e+00
2.275413365593573989e+00
2.272298755151203942e+00
2.269064350729174784e+00
2.265703843759539815e+00
2.262213555843703539e+00
2.258592435050569058e+00
2.254842011449231798e+00
2.250966337062983325e+00
2.246971917207209568e+00
2.242867616101564376e+00
2.238664500213656705e+00
2.234375577649663658e+00
2.230015408026451595e+00
2.225599594389894520e+00
2.221144212728105582e+00
2.216665258917947412e+00
2.212178176173153155e+00
2.207697474488639067e+00
2.203236403085375272e+00
2.198806625022035721e+00
2.194417875715505506e+00
2.190077633569313509e+00
2.185790854236331793e+00
2.181559808999468775e+00
2.177384039787327197e+00
2.173260420659997472e+00
2.169183304319248773e+00
2.165144725566879647e+00
2.161134628506840905e+00
2.157141087634484755e+00
2.153150511320088167e+00
2.149147843745339514e+00
2.145116801872952284e+00
2.141040184657196477e+00
2.136900273692320162e+00
2.132679319911970239e+00
2.128360090908919311e+00
2.123926441830778611e+00
2.119363870027228813e+00
2.114660020348976044e+00
2.109805122336773753e+00
2.104792354728244774e+00
2.099618137782672367e+00
2.094282348120275028e+00
2.088788441767267301e+00
2.083143468571647894e+00
2.077357968473954930e+00
2.071445753815687407e+00
2.065423597198225547e+00
2.059310857190372879e+00
2.053129077837541505e+00
2.046901585479141250e+00
2.040653082000146501e+00
2.034409216419976296e+00
2.028196122485162345e+00
2.022039929442188022e+00
2.015966261119964020e+00
2.009999727395518132e+00
2.004163404253207936e+00
1.998478313982923638e+00
1.992962941300108870e+00
1.987632821355806545e+00
1.982500205600025822e+00
1.977573784855408467e+00
1.972858458548179428e+00
1.968355174235635108e+00
1.964060878714497083e+00
1.959968595767406008e+00
1.956067599383391142e+00
1.952343631262460466e+00
1.948779136303875337e+00
1.945353533543068059e+00
1.942043562340424412e+00
1.938823728863312557e+00
1.935666842831044843e+00
1.932544606666934506e+00
1.929428213813751958e+00
1.926288927101240889e+00
1.923098628872584204e+00
1.919830349885478071e+00
1.916458787540717079e+00
1.912960816315491863e+00
1.909315979842639344e+00
1.905506941663258402e+00
1.901519864749694699e+00
1.897344689500645165e+00
1.892975286015018632e+00
1.888409470257278233e+00
1.883648895517904265e+00
1.878698854063774792e+00
1.873568035073358784e+00
1.868268271661561730e+00
1.862814275947527465e+00
1.857223329896299902e+00
1.851514896469852456e+00
1.845710144492721305e+00
1.839831418459454193e+00
1.833901701804465212e+00
1.827944109464090250e+00
1.821981419156310844e+00
1.816035634148215561e+00
1.810127572388000594e+00
1.804276487650061656e+00
1.798499731905344179e+00
1.792812459006105863e+00
1.787227357489710844e+00
1.781754399628975971e+00
1.776400609968568300e+00
1.771169879036099903e+00
1.766062859298759946e+00
1.761076971727440155e+00
1.756206528516760734e+00
1.751442954386783324e+00
1.746775075547882583e+00
1.742189443646196878e+00
1.737670668441446686e+00
1.733201743212031909e+00
1.728764357053260259e+00
1.724339195699418070e+00
1.719906236640859953e+00
1.715445046388357708e+00
1.710935089003199128e+00
1.706356055160902940e+00
1.701688218666184582e+00
1.696912821376326042e+00
1.692012478397470154e+00
1.686971586129863976e+00
1.681776710871345726e+00
1.676416937929403383e+00
1.670884167668366782e+00
1.665173348611336035e+00
1.659282634641477738e+00
1.653213448287162546e+00
1.646970435248680031e+00
1.640561311686542734e+00
1.633996627879195085e+00
1.627289484651449403e+00
1.620455233429049846e+00
1.613511172660231141e+00
1.606476238221979047e+00
1.599370683849868913e+00
1.592215755793442211e+00
1.585033371078635511e+00
1.577845803762895072e+00
1.570675374234715482e+00
1.563544134372377492e+00
1.556473549531375511e+00
1.549484188008362295e+00
1.542595429107790350e+00
1.535825192085375823e+00
1.529189680352815772e+00
1.522703137548720109e+00
1.516377622754264465e+00
1.510222821374551216e+00
1.504245907708724683e+00
1.498451465414536887e+00
1.492841460516286523e+00
1.487415256277508924e+00
1.482169662277712296e+00
1.477099016798263165e+00
1.472195305348895644e+00
1.467448315742257758e+00
1.462845824306297171e+00
1.458373804100962623e+00
1.454016647579805532e+00
1.449757401491385878e+00
1.445578016778412689e+00
1.441459617473802579e+00
1.437382789660146987e+00
1.433327886227095949e+00
1.429275337884191810e+00
1.425205957662975864e+00
1.421101226132370776e+00
1.416943547927966840e+00
1.412716475923859738e+00
1.408404905288114461e+00
1.403995243272300186e+00
1.399475560353558024e+00
1.394835724726252169e+00
1.390067517274902409e+00
1.385164720625631007e+00
1.380123175087798471e+00
1.374940796045679647e+00
1.369617550427066455e+00
1.364155393138106298e+00
1.358558167381389348e+00
1.352831475457450860e+00
1.346982528544673485e+00
1.341019984051768921e+00
1.334953776700297468e+00
1.328794945128689786e+00
1.322555451754056310e+00
1.316247992518831955e+00
1.309885795977131284e+00
1.303482416260725030e+00
1.297051528426498734e+00
1.290606734929794719e+00
1.284161388466368070e+00
1.277728431616974358e+00
1.271320250523967132e+00
1.264948539658891979e+00
1.258624176818321061e+00
1.252357109816319758e+00
1.246156257190497829e+00
1.240029424246923195e+00
1.233983233843633842e+00
1.228023069929595090e+00
1.222153032078699519e+00
1.216375901103016854e+00
1.210693118323373563e+00
1.205104782748587455e+00
1.199609670297401953e+00
1.194205277355989470e+00
1.188887888366226830e+00
1.183652664916797770e+00
1.178493752553784635e+00
1.173404401074650938e+00
1.168377093961355584e+00
1.163403682511318316e+00
1.158475520226045052e+00
1.153583593366384941e+00
1.148718644458050164e+00
1.143871286851902314e+00
1.139032109916478408e+00
1.134191775701067550e+00
1.129341108713797448e+00
1.124471180652033109e+00
1.119573391643555071e+00
1.114639549022220066e+00
1.109661944098372377e+00
1.104633426884982228e+00
1.099547478239265130e+00
1.094398278340909414e+00
1.089180769926119341e+00
1.083890714416162693e+00
1.078524739154656853e+00
1.073080374280606097e+00
1.067556078064216596e+00
1.061951249552956167e+00
1.056266227166506422e+00
1.050502271808776644e+00
1.044661533604016812e+00
1.038747002715529222e+00
1.032762446560232750e+00
1.026712337377644557e+00
1.020601774792404104e+00
1.014436407389462946e+00
1.008222355704943674e+00
1.001966137203180285e+00
9.956745925732625180e-01
9.893548124766009533e-01
9.830140645154737955e-01
9.766597210751110092e-01
9.702991892028121068e-01
9.639398435470138971e-01
9.575889627834338613e-01
9.512536693379719521e-01
9.449408719791714262e-01
9.386572110575956973e-01
9.324090066090371387e-01
9.262022099012436893e-01
9.200423590756711123e-01
9.139345393766171721e-01
9.078833482412794753e-01
9.018928654344220419e-01
8.959666285022310772e-01
8.901076139894836814e-01
8.843182249578633858e-01
8.786002852192337231e-01
8.729550403581182172e-01
8.673831651477195148e-01
8.618847765516811643e-01
8.564594513024820222e-01
8.511062471346096947e-01
8.458237270527778628e-01
8.406099864070786243e-01
8.354626828089505297e-01
8.303790689880412579e-01
8.253560285225940429e-01
8.203901141078782100e-01
8.154775877716868848e-01
8.106144623234949886e-01
8.057965433390662513e-01
8.010194711150654401e-01
7.962787621779114922e-01
7.915698500549908090e-01
7.868881250840892294e-01
7.822289730407225861e-01
7.775878123577630863e-01
7.729601296770913788e-01
7.683415134607708419e-01
7.637276853762631212e-01
7.591145291739169743e-01
7.544981167950298717e-01
7.498747314955976906e-01
7.452408878446488139e-01
7.405933485592970378e-01
7.359291382478911903e-01
7.312455542397446884e-01
7.265401747464172999e-01
7.218108646305420040e-01
7.170557790322353853e-01
7.122733650467598654e-01
7.074623615735258220e-01
7.026217973869168798e-01
6.977509874344054452e-01
6.928495273541134258e-01
6.879172862156300861e-01
6.829543975238754339e-01
6.779612485680117651e-01
6.729384682430449294e-01
6.678869135133869150e-01
6.628076547185053347e-01
6.577019599537814454e-01
6.525712787721860142e-01
6.474172254557565287e-01
6.422415620891972488e-01
6.370461816265936550e-01
6.318330910855947113e-01
6.266043949355580844e-01
6.213622786935071307e-01
6.161089927051225379e-01
6.108468360950387588e-01
6.055781409062823695e-01
6.003052565071091973e-01
5.950305344102374550e-01
5.897563136858203769e-01
5.844849071613671398e-01
5.792185885692714420e-01
5.739595807378077286e-01
5.687100448513031647e-01
5.634720707358904512e-01
5.582476680882777487e-01
5.530387585576144183e-01
5.478471686104287031e-01
5.426746231487084016e-01
5.375227398938101642e-01
5.323930245765732261e-01
5.272868669876988879e-01
5.222055379309784584e-01
5.171501870939849699e-01
5.121218418217240442e-01
5.071214067422581406e-01
5.021496641759344293e-01
4.972072752500428239e-01
4.922947816457974302e-01
4.874126079188941807e-01
4.825610643501199171e-01
4.777403502992861872e-01
4.729505580396640152e-01
4.681916770532569272e-01
4.634635987572376381e-01
4.587661216246286533e-01
4.540989566494741947e-01
4.494617330999830518e-01
4.448540045017618794e-01
4.402752547902317182e-01
4.357249045792946918e-01
4.312023174959706551e-01
4.267068065334883031e-01
4.222376403820746193e-01
4.177940496956311645e-01
4.133752332520619355e-01
4.089803639684505554e-01
4.046085947312703102e-01
4.002590640023098723e-01
3.959309011694623348e-01
3.916232316094557797e-01
3.873351814411695182e-01
3.830658819509296098e-01
3.788144736791035916e-01
3.745801101629639973e-01
3.703619613378170694e-01
3.661592166012183625e-01
3.619710875514343118e-01
3.577968104114989112e-01
3.536356481562654697e-01
3.494868923564876106e-01
3.453498647590595994e-01
3.412239186194013785e-01
3.371084398054858822e-01
3.330028476880055877e-01
3.289065958340963713e-01
3.248191725195629376e-01
3.207401010724214019e-01
3.166689400599728144e-01
3.126052833308739509e-01
3.085487599212674570e-01
3.044990338326717394e-01
3.004558036913068664e-01
2.964188022943914369e-01
2.923877960511623852e-01
2.883625843263002420e-01
2.843429986924686514e-01
2.803289020994293446e-01
2.763201879691322693e-01
2.723167792223779027e-01
2.683186272472909417e-01
2.643257108169212999e-01
2.603380349622569923e-01
2.563556298096550945e-01
2.523785493885061237e-01
2.484068704137180617e-01
2.444406910508802877e-01
2.404801296661849830e-01
2.365253235680166433e-01
2.325764277423945092e-01
2.286336135866994246e-01
2.246970676471423123e-01
2.207669903617302809e-01
2.168435948152361570e-01
2.129271055087578468e-01
2.090177571500423104e-01
2.051157934673868144e-01
2.012214660535997790e-01
1.973350332422018627e-01
1.934567590207404431e-01
1.895869119857866991e-01
1.857257643394775726e-01
1.818735909335664480e-01
1.780306683600331175e-01
1.741972740906069794e-01
1.703736856655335141e-01
1.665601799324131216e-01
1.627570323331376523e-01
1.589645162404343948e-01
1.551829023414949271e-01
1.514124580685584920e-01
1.476534470746004579e-01
1.439061287526314237e-01
1.401707577980307040e-01
1.364475838110997541e-01
1.327368509385158102e-01
1.290387975531729070e-01
1.253536559685765606e-01
1.216816521876639134e-01
1.180230056842428848e-01
1.143779292143709686e-01
1.107466286565697289e-01
1.071293028797838109e-01
1.035261436367771598e-01
9.993733548102319564e-02
9.636305570763006867e-02
9.280347431442081962e-02
8.925875398334570665e-02
8.572905008160736084e-02
8.221451067870949592e-02
7.871527658147603468e-02
7.523148138397088569e-02
7.176325153099608056e-02
6.831070639605774097e-02
6.487395837038210933e-02
6.145311296420166020e-02
5.804826891714926634e-02
5.465951831903038960e-02
5.128694673799053666e-02
4.793063335654040857e-02
4.459065111398309578e-02
4.126706685432599692e-02
3.795994147895235399e-02
3.466933010311788743e-02
3.139528221568521626e-02
2.813784184095503849e-02
2.489704770211843832e-02
2.167293338565583899e-02
1.846552750570975426e-02
1.527485386798621211e-02
1.210093163291909267e-02
8.943775476654919690e-03
5.803395750080028725e-03
2.679798635540232149e-03
-4.270137001424409440e-04
-3.517042955690577195e-03
-6.590294549422665363e-03
-9.646777477310013171e-03
-1.268650417561585989e-02
-1.570949038804712872e-02
-1.871575503774356927e-02
-2.170532010415583690e-02
-2.467821050539629676e-02
-2.763445398503091427e-02
-3.057408100478380131e-02
-3.349712464233899761e-02
-3.640362049384829324e-02
-3.929360658254867772e-02
-4.216712327209432010e-02
-4.502421318470953282e-02
-4.786492112539803001e-02
-5.068929401032030990e-02
-5.349738080030047582e-02
-5.628923243954037092e-02
-5.906490179874182567e-02
-6.182444362268197519e-02
-6.456791448285104096e-02
-6.729537273433836009e-02
-7.000687847624738336e-02
-7.270249351765277479e-02
-7.538228134613486620e-02
-7.804630710158960705e-02
-8.069463755246256143e-02
-8.332734107676409430e-02
-8.594448764599348090e-02
-8.854614881257422132e-02
-9.113239770044395671e-02
-9.370330899933444757e-02
-9.625895896105970961e-02
-9.879942539960469283e-02
-1.013247876936688163e-01
-1.038351267915414433e-01
-1.063305252189941930e-01
-1.088110670894816001e-01
-1.112768381160730014e-01
-1.137279256264942806e-01
-1.161644185798356987e-01
-1.185864075846745636e-01
-1.209939849201802364e-01
-1.233872445582778477e-01
-1.257662821874565851e-01
-1.281311952387456654e-01
-1.304820829123922721e-01
-1.328190462069878119e-01
-1.351421879487152145e-01
-1.374516128227557532e-01
-1.397474274057626531e-01
-1.420297401987279384e-01
-1.442986616616706574e-01
-1.465543042490012049e-01
-1.487967824452027521e-01
-1.510262128020579131e-01
-1.532427139762557455e-01
-1.554464067672684524e-01
-1.576374141562384146e-01
-1.598158613453676824e-01
-1.619818757970223067e-01
-1.641355872740074273e-01
-1.662771278796376373e-01
-1.684066320977009035e-01
-1.705242368332070546e-01
-1.726300814525442706e-01
-1.747243078238076563e-01
-1.768070603568122345e-01
-1.788784860433598189e-01
-1.809387344961503330e-01
-1.829879579886390384e-01
0.000000000000000000e+00
