-2.817870506414035456e-02
-2.406497885616146540e-02
-2.074746809084372992e-02
-1.780735597314139426e-02
-1.517594880859302574e-02
-1.279828530071455694e-02
-1.062970180678557940e-02
-8.634617912365832870e-03
-6.784794119935347485e-03
-5.057754116641568175e-03
-3.435497635984917537e-03
-1.903492819435392705e-03
-4.499026703044129035e-04
9.350039369138149828e-04
2.259300129181232228e-03
3.529742612822145235e-03
4.752033656305705220e-03
5.931023483046666579e-03
7.070867898949889999e-03
8.175152099686781165e-03
9.246988745577644150e-03
1.028909630363294275e-02
1.130386213350499658e-02
1.229339368082829446e-02
1.325956032457471442e-02
1.420402782203901773e-02
1.512828684648236457e-02
1.603367677676475686e-02
1.692140564459803515e-02
1.779256695247145165e-02
1.864815392696975507e-02
1.948907165853055318e-02
2.031614748958023367e-02
2.113013994329672463e-02
2.193174643071597874e-02
2.272160993016884845e-02
2.350032479825338999e-02
2.426844184394414197e-02
2.502647277469009085e-02
2.577489410515282006e-02
2.651415060458687037e-02
2.724465834647681745e-02
2.796680741394137054e-02
2.868096430667924773e-02
2.938747408748725032e-02
3.008666230181800127e-02
3.077883669776878411e-02
3.146428877110563765e-02
3.214329515592209002e-02
3.281611887836845265e-02
3.348301048958451931e-02
3.414420909068600907e-02
3.479994326173306562e-02
3.545043190490591162e-02
3.609588501048887482e-02
3.673650435391643404e-02
3.737248413040675926e-02
3.800401153345417393e-02
3.863126728239485441e-02
3.925442610398736237e-02
3.987365717218266381e-02
4.048912450967842580e-02
4.110098735518280533e-02
4.170940049872898236e-02
4.231451458847204639e-02
4.291647641097649790e-02
4.351542914760250097e-02
4.411151260871783164e-02
4.470486344796134603e-02
4.529561535806529704e-02
4.588389924998236002e-02
4.646984341646877986e-02
4.705357368190973832e-02
4.763521353936802510e-02
4.821488427589988579e-02
4.879270508765350123e-02
4.936879318504004688e-02
4.994326388954478668e-02
5.051623072263627945e-02
5.108780548757622941e-02
5.165809834487791047e-02
5.222721788202751986e-02
5.279527117784447304e-02
5.336236386239583823e-02
5.392860017233859493e-02
5.449408300225513924e-02
5.505891395258988297e-02
5.562319337394604213e-02
5.618702040807540404e-02
5.675049302601633400e-02
5.731370806258102857e-02
5.787676124812946715e-02
5.843974723728014020e-02
5.900275963388326717e-02
5.956589101311643430e-02
6.012923293950134251e-02
6.069287598173361137e-02
6.125690972271325557e-02
6.182142276609473019e-02
6.238650273764274889e-02
6.295223628198490240e-02
6.351870905432559222e-02
6.408600570641784233e-02
6.465420986718548035e-02
6.522340411707701346e-02
6.579366995673985308e-02
6.636508776872983295e-02
6.693773677320584425e-02
6.751169497689975263e-02
6.808703911552556332e-02
6.866384458927203560e-02
6.924218539219621771e-02
6.982213403480105884e-02
7.040376146089913356e-02
7.098713695808096802e-02
7.157232806297926520e-02
7.215940046108383632e-02
7.274841788208138982e-02
7.333944199143481446e-02
7.393253227754369161e-02
7.452774593694205807e-02
7.512513775716371522e-02
7.572475999804487157e-02
7.632666227263698588e-02
7.693089142845771500e-02
7.753749143001403832e-02
7.814650324312030771e-02
7.875796472206160470e-02
7.937191050133393655e-02
7.998837189080344745e-02
8.060737677759693964e-02
8.122894953347123415e-02
8.185311093006310268e-02
8.247987806135391453e-02
8.310926427547746242e-02
8.374127911516641987e-02
8.437592826870049523e-02
8.501321353094616617e-02
8.565313277551628302e-02
8.629567993825233707e-02
8.694084501268072029e-02
8.758861405728637917e-02
8.823896921505178237e-02
8.889188874577078070e-02
8.954734707017636408e-02
9.020531482731976303e-02
9.086575894369600115e-02
9.152864271471602975e-02
9.219392589838765195e-02
9.286156482013169233e-02
9.353151248899660430e-02
9.420371872471128283e-02
9.487813029432662359e-02
9.555469105861705281e-02
9.623334212680766109e-02
9.691402201986441811e-02
9.759666684021339744e-02
9.828121044772897275e-02
9.896758464127161647e-02
9.965571934442610247e-02
1.003455427948632267e-01
1.010369817358986594e-01
1.017299616098645276e-01
1.024244067523853580e-01
1.031202405861026544e-01
1.038173858141075434e-01
1.045157646112216399e-01
1.052152988136663414e-01
1.059159101052613988e-01
1.066175202005186090e-01
1.073200510236638761e-01
1.080234248836853539e-01
1.087275646441127896e-01
1.094323938882976188e-01
1.101378370784620586e-01
1.108438197095943378e-01
1.115502684570607583e-01
1.122571113177757152e-01
1.129642777444745533e-01
1.136716987733494971e-01
1.143793071431977448e-01
1.150870374082939296e-01
1.157948260414596309e-01
1.165026115291827868e-01
1.172103344583779183e-01
1.179179375926663748e-01
1.186253659393989301e-01
1.193325668069476070e-01
1.200394898511958908e-01
1.207460871120704382e-01
1.214523130390530170e-01
1.221581245063672744e-01
1.228634808174447202e-01
1.235683436992928985e-01
1.242726772859820694e-01
1.249764480926112420e-01
1.256796249807693444e-01
1.263821791136810202e-01
1.270840839038084591e-01
1.277853149525307597e-01
1.284858499836110390e-01
1.291856687692489458e-01
1.298847530522385108e-01
1.305830864627163246e-01
1.312806544309277068e-01
1.319774440982616204e-01
1.326734442251608914e-01
1.333686450982871641e-01
1.340630384374871531e-01
1.347566173020739999e-01
1.354493759985073431e-01
1.361413099898653445e-01
1.368324158065574725e-01
1.375226909602191017e-01
1.382121338598887306e-01
1.389007437322488103e-01
1.395885205443777866e-01
1.402754649315364477e-01
1.409615781276902791e-01
1.416468619007303364e-01
1.423313184921370100e-01
1.430149505599961068e-01
1.436977611266950783e-01
1.443797535302352164e-01
1.450609313798556510e-01
1.457412985147232276e-01
1.464208589676138095e-01
1.470996169297512646e-01
1.477775767212879399e-01
1.484547427628420957e-01
1.491311195508707721e-01
1.498067116348490990e-01
1.504815235972082332e-01
1.511555600354790585e-01
1.518288255458480063e-01
1.525013247080647116e-01
1.531730620731704129e-01
1.538440421507858147e-01
1.545142693987902882e-01
1.551837482134209578e-01
1.558524829200345629e-01
1.565204777652775547e-01
1.571877369090493026e-01
1.578542644173036580e-01
1.585200642557018647e-01
1.591851402827419992e-01
1.598494962439881983e-01
1.605131357657418600e-01
1.611760623501280465e-01
1.618382793685045618e-01
1.624997900573188214e-01
1.631605975118748109e-01
1.638207046816446688e-01
1.644801143648383090e-01
1.651388292034942085e-01
1.657968516787047542e-01
1.664541841052253335e-01
1.671108286268306597e-01
1.677667872109740999e-01
1.684220616448993124e-01
1.690766535292386741e-01
1.697305642746517185e-01
1.703837950961470116e-01
1.710363470083743620e-01
1.716882208213841854e-01
1.723394171353095916e-01
1.729899363361900866e-01
1.736397785911140967e-01
1.742889438438774419e-01
1.749374318107259352e-01
1.755852419754940774e-01
1.762323735862010299e-01
1.768788256511102663e-01
1.775245969344686758e-01
1.781696859530858545e-01
1.788140909731866512e-01
1.794578100075029381e-01
1.801008408122540261e-01
1.807431808847021204e-01
1.813848274610874722e-01
1.820257775153473201e-01
1.826660277571944824e-01
1.833055746313737300e-01
1.839444143178918245e-01
1.845825427308497302e-01
1.852199555204314951e-01
1.858566480727730785e-01
1.864926155126073737e-01
1.871278527046159601e-01
1.877623542570354409e-01
1.883961145242211699e-01
1.890291276113449659e-01
1.896613873791556104e-01
1.902928874491173206e-01
1.909236212094904683e-01
1.915535818216116404e-01
1.921827622282872849e-01
1.928111551610642016e-01
1.934387531493577117e-01
1.940655485304677019e-01
1.946915334585289092e-01
1.953166999167899598e-01
1.959410397283082306e-01
1.965645445687694282e-01
1.971872059796884735e-01
1.978090153814049679e-01
1.984299640885308635e-01
1.990500433236717104e-01
1.996692442340108620e-01
2.002875579068242318e-01
2.009049753868095145e-01
2.015214876931850363e-01
2.021370858374027801e-01
2.027517608415027039e-01
2.033655037570211987e-01
2.039783056834992836e-01
2.045901577885555767e-01
2.052010513271804448e-01
2.058109776619684306e-01
2.064199282822279102e-01
2.070278948258454932e-01
2.076348690978560563e-01
2.082408430917188635e-01
2.088458090090823394e-01
2.094497592789184848e-01
2.100526865792459452e-01
2.106545838542173699e-01
2.112554443349250466e-01
2.118552615568911057e-01
2.124540293784867306e-01
2.130517419978044669e-01
2.136483939700202506e-01
2.142439802229340051e-01
2.148384960719653958e-01
2.154319372341695904e-01
2.160242998416101456e-01
2.166155804529327211e-01
2.172057760644956204e-01
2.177948841196089280e-01
2.183829025176468042e-01
2.189698296200377481e-01
2.195556642563643857e-01
2.201404057286540650e-01
2.207240538134666585e-01
2.213066087631596346e-01
2.218880713057301557e-01
2.224684426423443884e-01
2.230477244430199568e-01
2.236259188431258538e-01
2.242030284344546653e-01
2.247790562572411777e-01
2.253540057900899063e-01
2.259278809375107888e-01
2.265006860169492819e-01
2.270724257433838766e-01
2.276431052121061505e-01
2.282127298818059091e-01
2.287813055540383333e-01
2.293488383520697338e-01
2.299153346988558333e-01
2.304808012934964345e-01
2.310452450861745777e-01
2.316086732524708647e-01
2.321710931657849364e-01
2.327325123701962095e-01
2.332929385515233878e-01
2.338523795069002709e-01
2.344108431157654882e-01
2.349683373086839944e-01
2.355248700359364178e-01
2.360804492364429186e-01
2.366350828050330091e-01
2.371887785613286392e-01
2.377415442179698912e-01
2.382933873477383058e-01
2.388443153521682960e-01
2.393943354300970272e-01
2.399434545464475543e-01
2.404916794018198689e-01
2.410390164013543890e-01
2.415854716263162727e-01
2.421310508036166320e-01
2.426757592794456242e-01
2.432196019910061735e-01
2.437625834402479263e-01
2.443047076684724817e-01
2.448459782328599732e-01
2.453863981818970863e-01
2.459259700343355559e-01
2.464646957584456510e-01
2.470025767524778870e-01
2.475396138265575918e-01
2.480758071859059388e-01
2.486111564153231368e-01
2.491456604664027408e-01
2.496793176447466289e-01
2.502121255992527660e-01
2.507440813135605184e-01
2.512751810986407208e-01
2.518054205879160512e-01
2.523347947335811137e-01
2.528632978039646595e-01
2.533909233850725751e-01
2.539176643824634927e-01
2.544435130254218413e-01
2.549684608743958969e-01
2.554924988282741838e-01
2.560156171368349054e-01
2.565378054139157982e-01
2.570590526527885000e-01
2.575793472452012622e-01
2.580986770021621024e-01
2.586170291778417396e-01
2.591343904953270494e-01
2.596507471758083829e-01
2.601660849709319101e-01
2.606803891973814569e-01
2.611936447736336042e-01
2.617058362608884470e-01
2.622169479060282860e-01
2.627269636874436376e-01
2.632358673640664559e-01
2.637436425258803396e-01
2.642502726480834285e-01
2.647557411476558764e-01
2.652600314413893767e-01
2.657631270065258233e-01
2.662650114442151050e-01
2.667656685425299212e-01
2.672650823434888911e-01
2.677632372094374547e-01
2.682601178903990524e-01
2.687557095926205175e-01
2.692499980476236177e-01
2.697429695803161831e-01
2.702346111759122982e-01
2.707249105477301798e-01
2.712138562011133791e-01
2.717014374983734437e-01
2.721876447184496950e-01
2.726724691158388114e-01
2.731559029748195644e-01
2.736379396610447712e-01
2.741185736678904417e-01
2.745978006600165999e-01
2.750756175090873223e-01
2.755520223265081614e-01
2.760270144888524735e-01
2.765005946577586138e-01
2.769727647936416903e-01
2.774435281612239734e-01
2.779128893297884706e-01
2.783808541654196334e-01
2.788474298147118891e-01
2.793126246842551619e-01
2.797764484094363846e-01
2.802389118175478422e-01
2.807000268837918644e-01
2.811598066788660311e-01
2.816182653097017430e-01
2.820754178561763470e-01
2.825312802975805671e-01
2.829858694351286563e-01
2.834392028093555838e-01
2.838912986111178371e-01
2.843421755879628199e-01
2.847918529483888794e-01
2.852403502593944262e-01
2.856876873438082831e-01
2.861338841737782190e-01
2.865789607634874336e-01
2.870229370601382057e-01
2.874658328352072689e-01
2.879076675747241909e-01
2.883484603721790940e-01
2.887882298217033239e-01
2.892269939124837430e-01
2.896647699289733313e-01
2.901015743505268030e-01
2.905374227568289225e-01
2.909723297370248596e-01
2.914063088037097682e-01
2.918393723103909765e-01
2.922715313755112065e-01
2.927027958127436102e-01
2.931331740639094852e-01
2.935626731416212110e-01
2.939912985750414709e-01
2.944190543630945678e-01
2.948459429336737214e-01
2.952719651089059094e-01
2.956971200781104425e-01
2.961214053742132757e-01
2.965448168586939381e-01
2.969673487118396071e-01
2.973889934292174297e-01
2.978097418252057538e-01
2.982295830401625603e-01
2.986485045565372975e-01
2.990664922182361685e-01
2.994835302586839609e-01
2.998996013323207421e-01
3.003146865551764577e-01
3.007287655482496769e-01
3.011418164893151506e-01
3.015538161717441490e-01
3.019647400676707116e-01
3.023745623997354803e-01
3.027832562195181820e-01
3.031907934912925762e-01
3.035971451864931114e-01
3.040022813821143810e-01
3.044061713698290594e-01
3.048087837697824876e-01
3.052100866548303482e-01
3.056100476809184840e-01
3.060086342260465164e-01
3.064058135367700997e-01
3.068015528810015824e-01
3.071958197094499243e-01
3.075885818225702062e-01
3.079798075430782989e-01
3.083694658947706557e-01
3.087575267840871884e-01
3.091439611868162518e-01
3.095287413367527884e-01
3.099118409127930018e-01
3.102932352304604846e-01
3.106729014258534094e-01
3.110508186409491893e-01
3.114269682005940676e-01
3.118013337838798082e-01
3.121739015860437449e-01
3.125446604707263765e-01
3.129136021087153274e-01
3.132807211031466421e-01
3.136460150972622540e-01
3.140094848664443661e-01
3.143711343892715560e-01
3.147309708973025644e-01
3.150890049052477160e-01
3.154452502148108461e-01
3.157997238954681762e-01
3.161524462420693959e-01
3.165034407046952158e-01
3.168527337942168565e-01
3.172003549630197372e-01
3.175463364601803784e-01
3.178907131624969518e-01
3.182335223834476534e-01
3.185748036587133236e-01
3.189145985128022942e-01
3.192529502056659085e-01
3.195899034645205417e-01
3.199255041991684312e-01
3.202597992080415956e-01
3.205928358720990801e-01
3.209246618433364007e-01
3.212553247293998826e-01
3.215848717751033092e-01
3.219133495484033936e-01
3.222408036256614317e-01
3.225672782884635437e-01
3.228928162259880330e-01
3.232174582496888937e-01
3.235412430210122814e-01
3.238642067963760640e-01
3.241863831853674660e-01
3.245078029318516633e-01
3.248284937105302417e-01
3.251484799464637865e-01
3.254677826546071295e-01
3.257864193017206422e-01
3.261044036876911689e-01
3.264217458498033797e-01
3.267384519880500160e-01
3.270545244088208792e-01
3.273699614900840715e-01
3.276847576637773041e-01
3.279989034165732287e-01
3.283123853061291619e-01
3.286251859936801800e-01
3.289372842900282201e-01
3.292486552158749857e-01
3.295592700740263559e-01
3.298690965318250568e-01
3.301780987182988958e-01
3.304862373283940502e-01
3.307934697393741241e-01
3.310997501389170705e-01
3.314050296629151848e-01
3.317092565460366127e-01
3.320123762849261362e-01
3.323143318157910642e-01
3.326150637059581694e-01
3.329145103644596260e-01
3.332126082688934843e-01
3.335092922127513293e-01
3.338044955750880671e-01
3.340981506117096100e-01
3.343901887717362631e-01
3.346805410373818179e-01
3.349691382902459935e-01
3.352559117038805825e-01
3.355407931594547866e-01
3.358237156873189466e-01
3.361046139307563019e-01
3.363834246284785889e-01
3.366600871161622432e-01
3.369345438404927062e-01
3.372067408824483414e-01
3.374766284853620846e-01
3.377441615799992580e-01
3.380093003024343123e-01
3.382720104990372123e-01
3.385322642063542387e-01
3.387900401057448163e-01
3.390453239396885032e-01
3.392981088828782577e-01
3.395483958664482493e-01
3.397961938386482306e-01
3.400415199666158017e-01
3.402843997643942853e-01
3.405248671451707176e-01
3.407629643971392674e-01
3.409987420749235887e-01
3.412322588068814611e-01
3.414635810177762965e-01
3.416927825671817187e-01
3.419199443053322351e-01
3.421451535514918874e-01
3.423685034945910810e-01
3.425900925290462640e-01
3.428100235268141671e-01
3.430284030551895014e-01
3.432453405518072209e-01
3.434609474632981940e-01
3.436753363581829257e-01
3.438886200265525162e-01
3.441009105777431132e-01
3.443123185397830577e-01
3.445229519830831366e-01
3.447329156669916017e-01
3.449423102250165907e-01
3.451512313983285951e-01
3.453597693183784179e-01
3.455680078544914324e-01
3.457760240243568095e-01
3.459838874764231686e-01
3.461916600442276337e-01
3.463993953757629751e-01
3.466071386376493035e-01
3.468149262934958066e-01
3.470227859521536340e-01
3.472307362858916280e-01
3.474387870088245789e-01
3.476469389166365054e-01
3.478551839749676744e-01
3.480635054544236606e-01
3.482718781014052523e-01
3.484802683388832922e-01
3.486886344900543833e-01
3.488969270162425307e-01
3.491050887634407074e-01
3.493130552095231045e-01
3.495207547086044420e-01
3.497281087287749113e-01
3.499350320787246726e-01
3.501414331248881573e-01
3.503472139989505241e-01
3.505522707973960372e-01
3.507564937840247365e-01
3.509597675948288309e-01
3.511619714580995755e-01
3.513629794407856499e-01
3.515626607312120067e-01
3.517608799696481658e-01
3.519574976397936705e-01
3.521523705343936328e-01
3.523453523047123670e-01
3.525362941071251699e-01
3.527250453477649428e-01
3.529114545473424625e-01
3.530953703104106611e-01
3.532766424196578936e-01
3.534551230382658726e-01
3.536306680261381841e-01
3.538031383496489379e-01
3.539724015836556714e-01
3.541383334790698112e-01
3.543008195802513915e-01
3.544597568667952059e-01
3.546150553931185501e-01
3.547666398957798894e-01
3.549144513384130395e-01
3.550584483618046683e-01
3.551986086057973835e-01
3.553349298706348636e-01
3.554674310878366827e-01
3.555961530701021722e-01
3.557211590181976746e-01
3.558425347594684762e-01
3.559603887032150582e-01
3.560748515017156390e-01
3.561860754104550497e-01
3.562942333457938537e-01
3.563995176492542605e-01
3.565021385676243604e-01
3.566023224697619787e-01
3.567003098207220946e-01
3.567963529440262294e-01
3.568907136068401043e-01
3.569836604640291289e-01
3.570754664009628820e-01
3.571664058191934554e-01
3.572567519070702358e-01
3.573467739405710719e-01
3.574367346541230672e-01
3.575268877239243248e-01
3.576174754034138203e-01
3.577087263428384567e-01
3.578008536244859372e-01
3.578940530398653230e-01
3.579885016244080953e-01
3.580843564667922641e-01
3.581817537966683340e-01
3.582808083552862510e-01
3.583816130414837486e-01
3.584842388239992683e-01
3.585887349115132183e-01
3.586951291525952712e-01
3.588034286517027271e-01
3.589136205683636227e-01
3.590256730732266366e-01
3.591395364263249013e-01
3.592551441460095640e-01
3.593724142252529563e-01
3.594912503644613899e-01
3.596115431776722438e-01
3.597331713333134506e-01
3.598560025878301261e-01
3.599798946692074342e-01
3.601046959754517496e-01
3.602302460458876032e-01
3.603563757872207951e-01
3.604829074407880918e-01
3.606096542907787361e-01
3.607364201461938369e-01
3.608629986385672450e-01
3.609891723993678969e-01
3.611147121947192451e-01
3.612393760960921907e-01
3.613629087701646370e-01
3.614850409594317915e-01
3.616054892201737703e-01
3.617239559723278153e-01
3.618401299203316546e-01
3.619536868962133780e-01
3.620642911848499512e-01
3.621715973831607371e-01
3.622752528430295271e-01
3.623749007266492406e-01
3.624701836717170167e-01
3.625607480432538887e-01
3.626462487025191583e-01
3.627263542107507233e-01
3.628007523623787423e-01
3.628691559318922288e-01
3.629313085199830646e-01
3.629869903774895490e-01
3.630360240804800243e-01
3.630782799184685272e-01
3.631136808462936405e-01
3.631422068504928102e-01
3.631638985816532661e-01
3.631788601267701422e-01
3.631872608183103757e-01
3.631893360051063890e-01
3.631853867231583655e-01
3.631757782276311408e-01
3.631609373472595159e-01
3.631413486525301160e-01
3.631175494531469483e-01
3.630901237008374305e-01
3.630596949297559828e-01
3.630269184131930116e-01
3.629924727505543514e-01
3.629570510896948932e-01
3.629213521602924208e-01
3.628860712710576530e-01
3.628518913789828826e-01
3.628194743567326741e-01
3.627894525935936865e-01
3.627624210991050591e-01
3.627389302957705897e-01
3.627194796911930030e-01
3.627045125788349589e-01
3.626944118803105965e-01
3.626894971746773555e-01
3.626900229211539317e-01
3.626961778430232708e-01
3.627080854244817409e-01
3.627258054603121340e-01
3.627493365960340332e-01
3.627786197787175593e-01
3.628135425280171189e-01
3.628539439146338808e-01
3.628996201229268137e-01
3.629503304902921279e-01
3.630058039213726606e-01
3.630657456046753051e-01
3.631298439490717733e-01
3.631977776277539038e-01
3.632692225411982556e-01
3.633438584162728691e-01
3.634213746537681144e-01
3.635014749542943013e-01
3.635838802457840857e-01
3.636683294907835928e-01
3.637545781178298521e-01
3.638423940498375364e-01
3.639315515455098238e-01
3.640218232936571208e-01
3.641129713334522733e-01
3.642047374080709665e-01
3.642968333164096073e-01
3.643889317294088936e-01
3.644806578321010404e-01
3.645715820792387873e-01
3.646612143110905535e-01
3.647489994605673247e-01
3.648343150706348514e-01
3.649164708414959213e-01
3.649947104036921353e-01
3.650682154635634946e-01
3.651361123932856390e-01
3.651974812515015878e-01
3.652513671495659642e-01
3.652967938973275541e-01
3.653327799617190341e-01
3.653583568756092470e-01
3.653725902414356463e-01
3.653746032496228979e-01
3.653636021411261758e-01
3.653389024901640969e-01
3.652999547143143122e-01
3.652463671646255516e-01
3.651779255243545741e-01
3.650946079515574594e-01
3.649965960861047964e-01
3.648842823860775075e-01
3.647582740738782858e-01
3.646193933668816500e-01
3.644686730198614666e-01
3.643073459322145879e-01
3.641368279211492087e-01
3.639586936737149725e-01
3.637746469730911980e-01
3.635864871229834705e-01
3.633960736878557585e-01
3.632052912427754521e-01
3.630160149975409367e-01
3.628300774023356379e-01
3.626492354965530351e-01
3.624751389680775371e-01
3.623092995076118150e-01
3.621530626965018818e-01
3.620075840275072676e-01
3.618738105448235376e-01
3.617524690458026049e-01
3.616440610214748941e-01
3.615488638378323016e-01
3.614669372329362695e-01
3.613981341345277043e-01
3.613421149862682258e-01
3.612983650603164287e-01
3.612662144737581738e-01
3.612448607128026512e-01
3.612333934098482247e-01
3.612308210548587639e-01
3.612360993966922673e-01
3.612481615812105362e-01
3.612659503343853551e-01
3.612884523679710247e-01
3.613147343700093272e-01
3.613439785579349861e-01
3.613755145119626477e-01
3.614088435289025680e-01
3.614436523704118165e-01
3.614798147046964782e-01
3.615173800806231186e-01
3.615565514155942850e-01
3.615976526376414313e-01
3.616410885318100399e-01
3.616872993095191502e-01
3.617367129283058924e-01
3.617896983898002961e-01
3.618465227606335044e-01
3.619073134712351703e-01
3.619720260051897398e-01
3.620404161815173882e-01
3.621120163356741362e-01
3.621861157797247044e-01
3.622617472678527628e-01
3.623376818792120591e-01
3.624124340718743453e-01
3.624842766801403271e-01
3.625512632073404906e-01
3.626112533603723098e-01
3.626619386037933657e-01
3.627008677276361559e-01
3.627254766500357386e-01
3.627331295607787442e-01
3.627211780519220552e-01
3.626870406946829384e-01
3.626282992987124310e-01
3.625428026320965946e-01
3.624287660756562168e-01
3.622848570550998848e-01
3.621102599304730774e-01
3.619047183196313910e-01
3.616685561794215076e-01
3.614026807375376182e-01
3.611085705291711689e-01
3.607882505620241820e-01
3.604442547221876625e-01
3.600795741257468152e-01
3.596975902799004476e-01
3.593019938574166794e-01
3.588966927111794103e-01
3.584857148757547574e-01
3.580731124988315028e-01
3.576628708106297516e-01
3.572588234316393385e-01
3.568645731623296680e-01
3.564834170210639530e-01
3.561182758517184022e-01
3.557716313648415229e-01
3.554454755844174696e-01
3.551412781073209346e-01
3.548599749132504977e-01
3.546019791315913605e-01
3.543672103422099706e-01
3.541551361331790604e-01
3.539648188745492807e-01
3.537949622935070981e-01
3.536439557593734628e-01
3.535099177278652749e-01
3.533907421513214908e-01
3.532841520458315232e-01
3.531877629514054706e-01
3.530991565552799583e-01
3.530159622065275893e-01
3.529359423135012275e-01
3.528570771252279026e-01
3.527776450412130060e-01
3.526962953692971414e-01
3.526121100673339503e-01
3.525246491408186023e-01
3.524339724793118522e-01
3.523406314053720845e-01
3.522456273278989913e-01
3.521503412503330654e-01
3.520564432523314302e-01
3.519657925528307252e-01
3.518803360775255018e-01
3.518020089380370363e-01
3.517326370972364558e-01
3.516738426459922739e-01
3.516269548412543910e-01
3.515929328280795185e-01
3.515723061452396547e-01
3.515651358719591446e-01
3.515709943338463095e-01
3.515889578306532481e-01
3.516176074586542244e-01
3.516550376248850918e-01
3.516988771208964804e-01
3.517463291373280621e-01
3.517942318716679728e-01
3.518391322032549673e-01
3.518773571539035583e-01
3.519050678357418804e-01
3.519182904673716639e-01
3.519129345226428285e-01
3.518848204508531197e-01
3.518297410422469018e-01
3.517435698998724880e-01
3.516224130606198095e-01
3.514627844005283608e-01
3.512617788866980728e-01
3.510172212788333912e-01
3.507277773759146511e-01
3.503930242432524711e-01
3.500134811322025974e-01
3.495906042706866668e-01
3.491267488510131356e-01
3.486251020911867449e-01
3.480895919423988016e-01
3.475247759692607907e-01
3.469357142405242733e-01
3.463278298271481592e-01
3.457067614128697675e-01
3.450782142385021567e-01
3.444478167408710489e-01
3.438209895450556886e-01
3.432028305886555830e-01
3.425980161649332945e-01
3.420107146155717537e-01
3.414445091413561562e-01
3.409023292962441998e-01
3.403863959029782560e-01
3.398981887426082427e-01
3.394384475660874867e-01
3.390072131335636896e-01
3.386039066422680266e-01
3.382274358571473738e-01
3.378763084784519588e-01
3.375487312840680931e-01
3.372426787046245433e-01
3.369559252036899988e-01
3.366860483617492017e-01
3.364304194970865192e-01
3.361862028092167387e-01
3.359503815995488196e-01
3.357198227236618537e-01
3.354913809379117540e-01
3.352620359740370870e-01
3.350290485484377911e-01
3.347901176508936150e-01
3.345435205948613100e-01
3.342882196484903701e-01
3.340239241018039817e-01
3.337511027789464291e-01
3.334709475192024208e-01
3.331852922789336202e-01
3.328964959314498762e-01
3.326073002298867154e-01
3.323206772308336943e-01
3.320396810452896363e-01
3.317673156670087886e-01
3.315064243005083622e-01
3.312595984564797313e-01
3.310291004259630632e-01
3.308167926795156921e-01
3.306240719653412707e-01
3.304518117192015714e-01
3.303003201747702899e-01
3.301693207661834939e-01
3.300579561956389352e-01
3.299648109273241037e-01
3.298879430460708306e-01
3.298249181713470146e-01
3.297728446700048388e-01
3.297284165543565848e-01
3.296879729769464640e-01
3.296475783699214790e-01
3.296031170159290369e-01
3.295503861194359896e-01
3.294851688679023005e-01
3.294032765345934477e-01
3.293005636695007787e-01
3.291729352720622614e-01
3.290163715097204622e-01
3.288269901747770674e-01
3.286011524190565747e-01
3.283356007706504931e-01
3.280276074891737004e-01
3.276751096218615822e-01
3.272768134051237121e-01
3.268322603076551092e-01
3.263418552249103266e-01
3.258068615186299755e-01
3.252293681900699784e-01
3.246122335324544417e-01
3.239590088103493359e-01
3.232738452596443102e-01
3.225613875251771012e-01
3.218266563413095804e-01
3.210749231151966421e-01
3.203115795208196781e-01
3.195420062502064007e-01
3.187714461235768848e-01
3.180048870502902858e-01
3.172469593413428934e-01
3.165018497012633270e-01
3.157732316244116211e-01
3.150642100513374455e-01
3.143772780058973204e-01
3.137142848571359277e-01
3.130764191254723494e-01
3.124642117967576516e-01
3.118775670874013861e-01
3.113158252078538912e-01
3.107778559159345422e-01
3.102621740396890315e-01
3.097670612728180561e-01
3.092906750988667630e-01
3.088311273967228598e-01
3.083865220762617154e-01
3.079549512156602997e-01
3.075344596523176266e-01
3.071229958437265983e-01
3.067183699778078254e-01
3.063182382544233917e-01
3.059201259315830201e-01
3.055214931550387925e-01
3.051198389322948845e-01
3.047128316495936184e-01
3.042984501421410748e-01
3.038751177346223908e-01
3.034418127466441129e-01
3.029981424616914332e-01
3.025443729350765221e-01
3.020814131901733424e-01
3.016107579933064442e-01
3.011343974352714836e-01
3.006547037233072706e-01
3.001743063000460454e-01
2.996959660693066518e-01
2.992224583093434087e-01
2.987564715946838256e-01
2.983005267942261951e-01
2.978569163389033769e-01
2.974276604202403806e-01
2.970144746142828196e-01
2.966187433043907529e-01
2.962414952135374868e-01
2.958833804674799173e-01
2.955446515737351065e-01
2.952251521798711087e-01
2.949243168214799593e-01
2.946411824153961634e-01
2.943744093031455122e-01
2.941223077408690045e-01
2.938828659990636027e-01
2.936537785927653688e-01
2.934324763740439046e-01
2.932161624336676042e-01
2.930018575040730933e-01
2.927864556287642639e-01
2.925667864483067482e-01
2.923396766895012266e-01
2.921020023109768271e-01
2.918507252245504668e-01
2.915829138791780628e-01
2.912957532116535742e-01
2.909865538405615459e-01
2.906527709499567291e-01
2.902920397426907995e-01
2.899022282210619306e-01
2.894815018832200826e-01
2.890283910262214651e-01
2.885418507396489418e-01
2.880213059726178804e-01
2.874666778331161909e-01
2.868783909376259045e-01
2.862573640330173252e-01
2.856049870194906082e-01
2.849230873022586819e-01
2.842138877849887391e-01
2.834799582406887786e-01
2.827241614165468819e-01
2.819495949587408901e-01
2.811595300490217220e-01
2.803573475522200820e-01
2.795464725808994300e-01
2.787303087285716297e-01
2.779121736542881638e-01
2.770952380778686219e-01
2.762824703244278202e-01
2.754765882641493913e-01
2.746800198536599735e-01
2.738948726836546443e-01
2.731229121982110541e-01
2.723655478507329142e-01
2.716238265047902223e-01
2.708984328764348359e-01
2.701896974994910661e-01
2.694976132682519454e-01
2.688218616807478978e-01
2.681618492816878474e-01
2.675167534705252259e-01
2.668855750892937806e-01
2.662671935069104157e-01
2.656604188035547320e-01
2.650640355577851826e-01
2.644768338003844477e-01
2.638976247857118818e-01
2.633252419127071198e-01
2.627585298289054072e-01
2.621963268789393453e-01
2.616374471601778384e-01
2.610806683531515793e-01
2.605247302508676421e-01
2.599683468540247566e-01
2.594102324832312512e-01
2.588491400613361915e-01
2.582839079088112832e-01
2.577135103068300404e-01
2.571371067339993655e-01
2.565540849858800043e-01
2.559640942104188799e-01
2.553670650661373775e-01
2.547632156121032998e-01
2.541530429583949702e-01
2.535373019692795937e-01
2.529169732395012971e-01
2.522932230986411617e-01
2.516673585980411798e-01
2.510407803863624610e-01
2.504149361752866509e-01
2.497912771821108879e-01
2.491712194554395743e-01
2.485561113763032626e-01
2.479472078812088864e-01
2.473456511953258108e-01
2.467524571948069845e-01
2.461685060813327275e-01
2.455945359145832452e-01
2.450311377163203463e-01
2.444787512732518597e-01
2.439376612902620645e-01
2.434079940399840047e-01
2.428897149837356828e-01
2.423826279385441207e-01
2.418863762342104429e-01
2.414004460375726302e-01
2.409241717372071490e-01
2.404567431086402918e-01
2.399972139822599548e-01
2.395445123063195680e-01
2.390974517424070411e-01
2.386547451240366990e-01
2.382150201234910503e-01
2.377768372711425438e-01
2.373387100684534179e-01
2.368991264509168748e-01
2.364565704399755885e-01
2.360095426245084060e-01
2.355565782053133939e-01
2.350962617539847921e-01
2.346272384842738867e-01
2.341482225639142656e-01
2.336580036076074673e-01
2.331554528146558836e-01
2.326395301397266580e-01
2.321092934299056054e-01
2.315639097644077160e-01
2.310026684712307432e-01
2.304249947057045445e-01
2.298304621611204634e-01
2.292188035149706204e-01
2.285899175276254469e-01
2.279438721837757642e-01
2.272809037720445735e-01
2.266014121988846886e-01
2.259059530888335998e-01
2.251952273063019261e-01
2.244700684988478190e-01
2.237314291684024958e-01
2.229803656595262806e-01
2.222180223639130259e-01
2.214456153680592621e-01
2.206644157228638825e-01
2.198757324848543138e-01
2.190808956711117750e-01
2.182812392825286552e-01
2.174780845791475792e-01
2.166727238471772288e-01
2.158664049323799350e-01
2.150603168554937605e-01
2.142555768235165359e-01
2.134532189195102736e-01
2.126541846915630252e-01
2.118593157744323996e-01
2.110693485829646110e-01
2.102849110271439725e-01
2.095065211319648846e-01
2.087345874074963414e-01
2.079694107985300411e-01
2.072111880640073456e-01
2.064600164563886731e-01
2.057158995976324789e-01
2.049787544596549937e-01
2.042484193421273408e-01
2.035246627064521141e-01
2.028071926643728873e-01
2.020956668585627558e-01
2.013897024077637155e-01
2.006888855518939585e-01
1.999927806278405107e-01
1.993009380362567307e-01
1.986129009387698208e-01
1.979282105291705063e-01
1.972464098516306386e-01
1.965670462771912930e-01
1.958896728720238289e-01
1.952138489897556617e-01
1.945391404821843195e-01
1.938651199293392191e-01
1.931913672649115676e-01
1.925174710867698091e-01
1.918430308397581496e-01
1.911676599293217205e-01
1.904909897004463948e-01
1.898126741048411503e-01
1.891323947994384413e-01
1.884498663706163368e-01
1.877648413696132446e-01
1.870771148651965143e-01
1.863865282630461917e-01
1.856929721981847026e-01
1.849963883731019498e-01
1.842967702725146761e-01
1.835941627472502391e-01
1.828886605046881053e-01
1.821804055938436584e-01
1.814695839934596655e-01
1.807564214407563763e-01
1.800411786477333631e-01
1.793241460523126440e-01
1.786056382618073091e-01
1.778859883348264670e-01
1.771655420543061521e-01
1.764446523346030749e-01
1.757236738967747902e-01
1.750029583317262993e-01
1.742828496469286392e-01
1.735636803609941770e-01
1.728457681788559130e-01
1.721294132454481429e-01
1.714148959450028653e-01
1.707024751886358493e-01
1.699923871210702597e-01
1.692848441623535927e-01
1.685800343116510835e-01
1.678781206401439019e-01
1.671792409205024033e-01
1.664835073498606433e-01
1.657910063437804671e-01
1.651017983906033770e-01
1.644159179704865470e-01
1.637333735476063645e-01
1.630541476540021129e-01
1.623781970802397057e-01
1.617054531912622828e-01
1.610358223818272871e-01
1.603691866823273027e-01
1.597054045254134858e-01
1.590443116815836166e-01
1.583857223669648817e-01
1.577294305313740597e-01
1.570752113245921511e-01
1.564228227434923124e-01
1.557720074516860398e-01
1.551224947636995199e-01
1.544740027706568153e-01
1.538262405873379590e-01
1.531789106822756819e-01
1.525317112585377610e-01
1.518843386382165983e-01
1.512364896119640090e-01
1.505878637100504791e-01
1.499381653603263365e-01
1.492871059005943801e-01
1.486344054243998458e-01
1.479797944457062198e-01
1.473230153754880867e-01
1.466638238136014905e-01
1.460019896629188574e-01
1.453372980808030901e-01
1.446695502844633496e-01
1.439985642277775701e-01
1.433241751676893050e-01
1.426462361365665454e-01
1.419646183302804565e-01
1.412792114196243787e-01
1.405899237879738584e-01
1.398966826912260430e-01
1.391994343346528717e-01
1.384981438578749002e-01
1.377927952193415684e-01
1.370833909700860387e-01
1.363699519115909309e-01
1.356525166332879229e-01
1.349311409300553155e-01
1.342058971030386516e-01
1.334768731529154262e-01
1.327441718745607235e-01
1.320079098686630925e-01
1.312682164838886723e-01
1.305252327054925721e-01
1.297791100061612968e-01
1.290300091741524158e-01
1.282780991309423746e-01
1.275235557519110441e-01
1.267665606980919735e-01
1.260073002685975219e-01
1.252459642801591333e-01
1.244827449783128676e-01
1.237178359861392796e-01
1.229514312927298264e-01
1.221837242842777616e-01
1.214149068212668076e-01
1.206451683632180361e-01
1.198746951426541696e-01
1.191036693930169199e-01
1.183322686286120418e-01
1.175606649823685845e-01
1.167890246021070499e-01
1.160175071054948270e-01
1.152462650989007076e-01
1.144754437575116190e-01
1.137051804698804847e-01
1.129356045461873820e-01
1.121668369893372708e-01
1.113989903285394212e-01
1.106321685130188942e-01
1.098664668631214314e-01
1.091019720764130341e-01
1.083387622861825272e-01
1.075769071663298382e-01
1.068164680811009570e-01
1.060574982741573774e-01
1.053000430935519677e-01
1.045441402482126247e-01
1.037898200917376085e-01
1.030371059302337133e-01
1.022860143491812618e-01
1.015365555580775986e-01
1.007887337459255211e-01
1.000425474484176736e-01
9.929798992012585368e-02
9.855504951049511020e-02
9.781371004121905410e-02
9.707395118101619369e-02
9.633574881604613227e-02
9.559907541365840478e-02
9.486390037703262834e-02
9.413019038887497636e-02
9.339790974207685947e-02
9.266702065631660101e-02
9.193748357954206751e-02
9.120925747174267462e-02
9.048230007280987086e-02
8.975656815139640421e-02
8.903201773709956690e-02
8.830860433441738155e-02
8.758628311882654671e-02
8.686500911729802543e-02
8.614473737199021541e-02
8.542542308911427185e-02
8.470702177405585453e-02
8.398948935356703727e-02
8.327278228677215122e-02
8.255685766520073909e-02
8.184167330420685782e-02
8.112718782633711323e-02
8.041336073735616541e-02
7.970015249666394241e-02
7.898752458240240748e-02
7.827543955206849036e-02
7.756386109905716308e-02
7.685275410621185410e-02
7.614208469573724436e-02
7.543182027631362141e-02
7.472192958705932420e-02
7.401238273929780509e-02
7.330315125407302346e-02
7.259420809741279346e-02
7.188552771194191282e-02
7.117708604412228968e-02
7.046886056843718049e-02
6.976083030688663700e-02
6.905297584393042809e-02
6.834527933706988079e-02
6.763772452252730938e-02
6.693029671564851291e-02
6.622298280700820994e-02
6.551577125309133998e-02
6.480865206224872832e-02
6.410161677591275087e-02
6.339465844529817984e-02
6.268777160365604506e-02
6.198095223483640615e-02
6.127419773778274015e-02
6.056750688784798969e-02
5.986087979513492197e-02
5.915431786006396936e-02
5.844782372704453860e-02
5.774140123592778201e-02
5.703505537208633513e-02
5.632879221575283479e-02
5.562261888997953319e-02
5.491654350880280366e-02
5.421057512491668506e-02
5.350472367715228966e-02
5.279899993947811260e-02
5.209341546918955235e-02
5.138798255719317920e-02
5.068271417847172028e-02
4.997762394405862174e-02
4.927272605407503892e-02
4.856803525241137898e-02
4.786356678260335340e-02
4.715933634526660312e-02
4.645536005747560176e-02
4.575165441301427827e-02
4.504823624484511485e-02
4.434512268887773334e-02
4.364233114960706927e-02
4.293987926712881931e-02
4.223778488571281603e-02
4.153606602418642713e-02
4.083474084763702439e-02
4.013382764042705553e-02
3.943334478111461261e-02
3.873331071831901534e-02
3.803374394836738642e-02
3.733466299367169811e-02
3.663608638308325782e-02
3.593803263289756939e-02
3.524052022921408955e-02
3.454356761149254135e-02
3.384719315716198246e-02
3.315141516697073937e-02
3.245625185197115875e-02
3.176172132051267166e-02
3.106784156709236494e-02
3.037463046126974778e-02
2.968210573786161585e-02
2.899028498772509427e-02
2.829918564923147514e-02
2.760882500050335087e-02
2.691922015226022938e-02
2.623038804134569107e-02
2.554234542480047707e-02
2.485510887426112259e-02
2.416869477128888444e-02
2.348311930284516236e-02
2.279839845743520874e-02
2.211454802149887683e-02
2.143158357627314090e-02
2.074952049506282453e-02
2.006837394080233233e-02
1.938815886389633203e-02
1.870889000049483566e-02
1.803058187087286032e-02
1.735324877817346831e-02
1.667690480718260482e-02
1.600156382360355331e-02
1.532723947324660801e-02
1.465394518147769207e-02
1.398169415277975523e-02
1.331049937050137084e-02
1.264037359660023264e-02
1.197132937143737842e-02
1.130337901382718474e-02
1.063653462094400412e-02
9.970808068375176456e-03
9.306211010031343808e-03
8.642754878254672868e-03
7.980450883849379146e-03
7.319310015931392369e-03
6.659343042049269308e-03
6.000560507937962793e-03
5.342972737331771679e-03
4.686589831910243503e-03
4.031421670739917043e-03
3.377477910071494983e-03
2.724767982741475771e-03
2.073301097555273372e-03
1.423086238605781456e-03
7.741321644410939550e-04
1.264474070083860234e-04
-5.199597293189542552e-04
-1.165081169026464586e-03
-1.808909066825677842e-03
-2.451435809245206942e-03
-3.092654016235141072e-03
-3.732556543036775858e-03
-4.371136482180565733e-03
-5.008387165655604246e-03
-5.644302167283924906e-03
-6.278875305189455039e-03
-6.912100644573841365e-03
-7.543972500522756405e-03
-8.174485441193072091e-03
-8.803634290995648870e-03
-9.431414134155611043e-03
-1.005782031836668575e-02
-1.068284845868273242e-02
-1.130649444166854228e-02
-1.192875442971422575e-02
-1.254962486559415939e-02
-1.316910247726897285e-02
-1.378718428295437441e-02
-1.440386759635163723e-02
-1.501915003220848088e-02
-1.563302951208267802e-02
0.000000000000000000e+00
