1.650073395190602976e-02
1.613319728932194677e-02
1.638037150831138031e-02
1.676327679343356594e-02
1.722912193167602801e-02
1.775050206297956040e-02
1.830992127141923762e-02
1.889570232949970910e-02
1.949979342310325520e-02
2.011649634883742183e-02
2.074169377396152536e-02
2.137236089487971544e-02
2.200624635237745721e-02
2.264165760795983431e-02
2.327731287776779734e-02
2.391223670788410888e-02
2.454568491431616609e-02
2.517708974036442227e-02
2.580601921861072623e-02
2.643214668994788019e-02
2.705522769876901601e-02
2.767508231622025153e-02
2.829158150609159192e-02
2.890463653239756098e-02
2.951419067730809073e-02
3.012021272830534349e-02
3.072269183052084990e-02
3.132163339994047113e-02
3.191705586567564895e-02
3.250898806443607708e-02
3.309746715020973895e-02
3.368253691326479615e-02
3.426424642555018357e-02
3.484264894761727321e-02
3.541780104534800189e-02
3.598976187614594952e-02
3.655859261192597603e-02
3.712435597297475409e-02
3.768711585157818317e-02
3.824693700899973320e-02
3.880388483167440672e-02
3.935802513586674628e-02
3.990942401153731861e-02
4.045814769830200636e-02
4.100426248721028566e-02
4.154783464333758336e-02
4.208893034537612710e-02
4.262761563884734373e-02
4.316395639978085064e-02
4.369801830735785264e-02
4.422986682284220372e-02
4.475956717398221762e-02
4.528718434320944813e-02
4.581278305883181023e-02
4.633642778836117443e-02
4.685818273357569841e-02
4.737811182643458796e-02
4.789627872575356882e-02
4.841274681439042965e-02
4.892757919659158905e-02
4.944083869540352727e-02
4.995258785036567339e-02
5.046288891512294705e-02
5.097180385505592493e-02
5.147939434531825093e-02
5.198572176885223745e-02
5.249084721479773535e-02
5.299483147756910845e-02
5.349773505599976497e-02
5.399961815379546864e-02
5.450054068024504789e-02
5.500056225205564309e-02
5.549974219614909471e-02
5.599813955352085648e-02
5.649581308401117885e-02
5.699282127274316739e-02
5.748922233703741835e-02
5.798507423510239345e-02
5.848043467548744156e-02
5.897536112790118662e-02
5.946991083489494567e-02
5.996414082435645720e-02
6.045810792315561844e-02
6.095186877110245205e-02
6.144547983564139365e-02
6.193899742680876452e-02
6.243247771224495757e-02
6.292597673239198885e-02
6.341955041514951708e-02
6.391325459039916279e-02
6.440714500354514926e-02
6.490127732843042896e-02
6.539570717890894058e-02
6.589049011962844205e-02
6.638568167477475190e-02
6.688133733579100515e-02
6.737751256691669466e-02
6.787426280932241929e-02
6.837164348276211778e-02
6.886970998555322354e-02
6.936851769258223221e-02
6.986812195069176668e-02
7.036857807247488827e-02
7.086994132756226084e-02
7.137226693197945560e-02
7.187561003540617055e-02
7.238002570645220290e-02
7.288556891598614584e-02
7.339229451846174257e-02
7.390025723158455406e-02
7.440951161400698177e-02
7.492011204161336257e-02
7.543211268169462691e-02
7.594556746596413388e-02
7.646053006154077125e-02
7.697705384042557997e-02
7.749519184715972231e-02
7.801499676489181967e-02
7.853652087917964431e-02
7.905981604033211763e-02
7.958493362291002571e-02
8.011192448344778283e-02
8.064083891558325445e-02
8.117172660203710033e-02
8.170463656394069685e-02
8.223961710696653382e-02
8.277671576425191247e-02
8.331597923503146486e-02
8.385745332007374375e-02
8.440118285307188217e-02
8.494721162736512676e-02
8.549558231890631854e-02
8.604633640449936560e-02
8.659951407625829378e-02
8.715515415129382326e-02
8.771329397708993447e-02
8.827396933351308594e-02
8.883721433047028770e-02
8.940306130251804428e-02
8.997154070021232131e-02
9.054268097936901682e-02
9.111650848779337397e-02
9.169304735133504414e-02
9.227231935889929071e-02
9.285434384779969741e-02
9.343913759027196175e-02
9.402671468196260873e-02
9.461708643282418230e-02
9.521026126287043811e-02
9.580624460197391390e-02
9.640503879580682167e-02
9.700664301957453994e-02
9.761105319854772311e-02
9.821826193896737722e-02
9.882825846833158401e-02
9.944102858730313743e-02
1.000565546331025207e-01
1.006748154565801356e-01
1.012957864124803958e-01
1.019194393642688240e-01
1.025457427039612318e-01
1.031746613871420692e-01
1.038061569845508264e-01
1.044401877484820024e-01
1.050767086960670560e-01
1.057156717079026642e-01
1.063570256422982085e-01
1.070007164650352838e-01
1.076466873930219392e-01
1.082948790518731830e-01
1.089452296463355868e-01
1.095976751419670547e-01
1.102521494575459948e-01
1.109085846663288161e-01
1.115669112051951850e-01
1.122270580894765279e-01
1.128889531321691786e-01
1.135525231665143742e-01
1.142176942694379665e-01
1.148843919842524319e-01
1.155525415416138041e-01
1.162220680769302794e-01
1.168928968424006037e-01
1.175649534123751894e-01
1.182381638812760871e-01
1.189124550522719648e-01
1.195877546156682014e-01
1.202639913168472435e-01
1.209410951119614941e-01
1.216189973113743356e-01
1.222976307099417487e-01
1.229769297048471793e-01
1.236568303985004086e-01
1.243372706895351371e-01
1.250181903489305246e-01
1.256995310834743973e-01
1.263812365857278630e-01
1.270632525713937810e-01
1.277455268047112125e-01
1.284280091109172017e-01
1.291106513793789379e-01
1.297934075540500831e-01
1.304762336160002478e-01
1.311590875556371549e-01
1.318419293372017354e-01
1.325247208559134915e-01
1.332074258881448536e-01
1.338900100355542300e-01
1.345724406656293448e-01
1.352546868459222063e-01
1.359367192764876497e-01
1.366185102195252299e-01
1.373000334264488642e-01
1.379812640645573241e-01
1.386621786426110448e-01
1.393427549366587914e-01
1.400229719169492626e-01
1.407028096748786095e-01
1.413822493529156288e-01
1.420612730751120711e-01
1.427398638810194464e-01
1.434180056613986731e-01
1.440956830973270653e-01
1.447728816013789388e-01
1.454495872632066145e-01
1.461257867973838054e-01
1.468014674945930242e-01
1.474766171763023936e-01
1.481512241525767826e-01
1.488252771836006960e-01
1.494987654431457758e-01
1.501716784862399678e-01
1.508440062192593634e-01
1.515157388731188937e-01
1.521868669787986850e-01
1.528573813458293795e-01
1.535272730424346033e-01
1.541965333798374638e-01
1.548651538961387519e-01
1.555331263439472256e-01
1.562004426796832490e-01
1.568670950537437991e-01
1.575330758030583644e-01
1.581983774449569613e-01
1.588629926717286256e-01
1.595269143471743645e-01
1.601901355034668351e-01
1.608526493393515056e-01
1.615144492192387426e-01
1.621755286722865730e-01
1.628358813930877169e-01
1.634955012419053444e-01
1.641543822459284596e-01
1.648125186005338083e-01
1.654699046709837695e-01
1.661265349938345626e-01
1.667824042788224603e-01
1.674375074106679018e-01
1.680918394514374914e-01
1.687453956416297696e-01
1.693981714013834128e-01
1.700501623326778344e-01
1.707013642205287285e-01
1.713517730335612221e-01
1.720013849251991467e-01
1.726501962335951768e-01
1.732982034826585638e-01
1.739454033818213785e-01
1.745917928250273476e-01
1.752373688910513760e-01
1.758821288419867845e-01
1.765260701224564688e-01
1.771691903581411598e-01
1.778114873534177021e-01
1.784529590901822727e-01
1.790936037249445945e-01
1.797334195864657702e-01
1.803724051726915689e-01
1.810105591478103071e-01
1.816478803389609264e-01
1.822843677321347999e-01
1.829200204691858733e-01
1.835548378422671989e-01
1.841888192911830258e-01
1.848219643974436388e-01
1.854542728803704466e-01
1.860857445913007280e-01
1.867163795087128930e-01
1.873461777328661593e-01
1.879751394800578401e-01
1.886032650767496821e-01
1.892305549531916875e-01
1.898570096373266014e-01
1.904826297488366182e-01
1.911074159914577242e-01
1.917313691473201964e-01
1.923544900688941017e-01
1.929767796726347406e-01
1.935982389314390428e-01
1.942188688670434260e-01
1.948386705422270326e-01
1.954576450538142995e-01
1.960757935237716354e-01
1.966931170920854788e-01
1.973096169085202800e-01
1.979252941241847752e-01
1.985401498832671530e-01
1.991541853151956587e-01
1.997674015254430335e-01
2.003797995881454463e-01
2.009913805366504713e-01
2.016021453556817167e-01
2.022120949728108408e-01
2.028212302498754172e-01
2.034295519743400393e-01
2.040370608521364926e-01
2.046437574975635831e-01
2.052496424265226882e-01
2.058547160481001559e-01
2.064589786562135154e-01
2.070624304222132006e-01
2.076650713873482434e-01
2.082669014548875486e-01
2.088679203831898812e-01
2.094681277787383278e-01
2.100675230890381440e-01
2.106661055968790663e-01
2.112638744129721191e-01
2.118608284710811196e-01
2.124569665221389958e-01
2.130522871290632947e-01
2.136467886615761314e-01
2.142404692921561216e-01
2.148333269923018429e-01
2.154253595283161515e-01
2.160165644585685385e-01
2.166069391311606918e-01
2.171964806807480386e-01
2.177851860282395968e-01
2.183730518792872666e-01
2.189600747233483025e-01
2.195462508340328689e-01
2.201315762699756484e-01
2.207160468760964445e-01
2.212996582855501493e-01
2.218824059222631873e-01
2.224642850038822672e-01
2.230452905455887203e-01
2.236254173654636523e-01
2.242046600894989361e-01
2.247830131566566358e-01
2.253604708267840928e-01
2.259370271872149782e-01
2.265126761614822959e-01
2.270874115171664098e-01
2.276612268765179359e-01
2.282341157255387554e-01
2.288060714261662409e-01
2.293770872263227734e-01
2.299471562735185270e-01
2.305162716270336976e-01
2.310844262712831720e-01
2.316516131303781312e-01
2.322178250821076984e-01
2.327830549736587262e-01
2.333472956373804919e-01
2.339105399062971768e-01
2.344727806313118001e-01
2.350340106974902477e-01
2.355942230416948058e-01
2.361534106698342794e-01
2.367115666749042002e-01
2.372686842541786856e-01
2.378247567278135022e-01
2.383797775557641996e-01
2.389337403567512730e-01
2.394866389249754313e-01
2.400384672480616599e-01
2.405892195236679076e-01
2.411388901775300964e-01
2.416874738783474086e-01
2.422349655541723434e-01
2.427813604077850296e-01
2.433266539307557264e-01
2.438708419181035980e-01
2.444139204793372988e-01
2.449558860518921133e-01
2.454967354114939160e-01
2.460364656822909835e-01
2.465750743446620541e-01
2.471125592434526841e-01
2.476489185935303317e-01
2.481841509848658478e-01
2.487182553859217105e-01
2.492512311454107843e-01
2.497830779925276357e-01
2.503137960360660719e-01
2.508433857617881624e-01
2.513718480283077539e-01
2.518991840608282295e-01
2.524253954440144332e-01
2.529504841127921400e-01
2.534744523416742612e-01
2.539973027329171518e-01
2.545190382022741171e-01
2.550396619641417950e-01
2.555591775146341393e-01
2.560775886135017165e-01
2.565948992643437565e-01
2.571111136942056952e-01
2.576262363314130721e-01
2.581402717821409398e-01
2.586532248063742045e-01
2.591651002927079506e-01
2.596759032312985216e-01
2.601856386888606321e-01
2.606943117798200538e-01
2.612019276378699795e-01
2.617084913877771313e-01
2.622140081167790293e-01
2.627184828451678000e-01
2.632219204969500348e-01
2.637243258697378745e-01
2.642257036077757526e-01
2.647260581711923244e-01
2.652253938076655215e-01
2.657237145249689014e-01
2.662210240632739700e-01
2.667173258684315540e-01
2.672126230656806101e-01
2.677069184349907816e-01
2.682002143871136113e-01
2.686925129402907841e-01
2.691838156990941644e-01
2.696741238336178847e-01
2.701634380605854591e-01
2.706517586260877017e-01
2.711390852892554548e-01
2.716254173081188994e-01
2.721107534274453954e-01
2.725950918671086187e-01
2.730784303133696467e-01
2.735607659119144164e-01
2.740420952620764017e-01
2.745224144152042522e-01
2.750017188711089133e-01
2.754800035816527548e-01
2.759572629521901965e-01
2.764334908470889585e-01
2.769086805976759269e-01
2.773828250121894157e-01
2.778559163869480653e-01
2.783279465216789150e-01
2.787989067353869865e-01
2.792687878860199424e-01
2.797375803914282089e-01
2.802052742533202023e-01
2.806718590829221927e-01
2.811373241298241177e-01
2.816016583122157857e-01
2.820648502499581434e-01
2.825268882992199582e-01
2.829877605902999527e-01
2.834474550666809534e-01
2.839059595259641466e-01
2.843632616639965027e-01
2.848193491185406767e-01
2.852742095163445235e-01
2.857278305216638392e-01
2.861801998846980610e-01
2.866313054920869852e-01
2.870811354195840770e-01
2.875296779822024140e-01
2.879769217876507748e-01
2.884228557892609124e-01
2.888674693375616886e-01
2.893107522335039983e-01
2.897526947791114749e-01
2.901932878283796091e-01
2.906325228363953461e-01
2.910703919066580658e-01
2.915068878360375648e-01
2.919420041588436376e-01
2.923757351870431287e-01
2.928080760463391274e-01
2.932390227116996040e-01
2.936685720366994934e-01
2.940967217799172473e-01
2.945234706268252678e-01
2.949488182073358167e-01
2.953727651073255744e-01
2.957953128772073947e-01
2.962164640326707676e-01
2.966362220521235327e-01
2.970545913676955196e-01
2.974715773503430749e-01
2.978871862890254407e-01
2.983014253643370139e-01
2.987143026184112538e-01
2.991258269151261806e-01
2.995360078980533469e-01
2.999448559425565985e-01
3.003523821007764716e-01
3.007585980447559093e-01
3.011635160023660718e-01
3.015671486902097853e-01
3.019695092419835691e-01
3.023706111343235081e-01
3.027704681075922832e-01
3.031690940866320627e-01
3.035665030971617107e-01
3.039627091816736737e-01
3.043577263132415389e-01
3.047515683098762085e-01
3.051442487471539011e-01
3.055357808730315150e-01
3.059261775216908785e-01
3.063154510300703515e-01
3.067036131558588119e-01
3.070906749975286787e-01
3.074766469175655992e-01
3.078615384677923505e-01
3.082453583210946202e-01
3.086281142029371205e-01
3.090098128316722814e-01
3.093904598593441024e-01
3.097700598205554434e-01
3.101486160853900720e-01
3.105261308160868206e-01
3.109026049329306485e-01
3.112780380816584369e-01
3.116524286097560048e-01
3.120257735471992366e-01
3.123980685950242253e-01
3.127693081168589351e-01
3.131394851396758217e-01
3.135085913588364082e-01
3.138766171510826153e-01
3.142435515915852351e-01
3.146093824790635596e-01
3.149740963665993432e-01
3.153376785984310926e-01
3.157001133531714410e-01
3.160613836935827758e-01
3.164214716218260448e-01
3.167803581422954373e-01
3.171380233293779605e-01
3.174944464006929090e-01
3.178496057999617985e-01
3.182034792819716240e-01
3.185560440050001496e-01
3.189072766300182771e-01
3.192571534239362907e-01
3.196056503694205131e-01
3.199527432797235615e-01
3.202984079180492549e-01
3.206426201213268823e-01
3.209853559305076431e-01
3.213265917203725341e-01
3.216663043348266249e-01
3.220044712260564657e-01
3.223410705916332497e-01
3.226760815166193619e-01
3.230094841114665716e-01
3.233412596533281613e-01
3.236713907213614738e-01
3.239998613330518640e-01
3.243266570726371367e-01
3.246517652160890166e-01
3.249751748495285919e-01
3.252968769791146908e-01
3.256168646326811911e-01
3.259351329511817608e-01
3.262516792674565735e-01
3.265665031736225687e-01
3.268796065743775348e-01
3.271909937259787626e-01
3.275006712585847857e-01
3.278086481830648768e-01
3.281149358812791572e-01
3.284195480779686371e-01
3.287225007941547150e-01
3.290238122848064828e-01
3.293235029562046057e-01
3.296215952667295168e-01
3.299181136103681578e-01
3.302130841818474161e-01
3.305065348272170911e-01
3.307984948792871416e-01
3.310889949782025443e-01
3.313780668801719065e-01
3.316657432538086536e-01
3.319520574682363612e-01
3.322370433720620020e-01
3.325207350659109551e-01
3.328031666717793380e-01
3.330843720983278078e-01
3.333643848064417048e-01
3.336432375755521429e-01
3.339209622726915794e-01
3.341975896271351387e-01
3.344731490105601335e-01
3.347476682264413084e-01
3.350211733077089749e-01
3.352936883266957047e-01
3.355652352167622920e-01
3.358358336075076278e-01
3.361055006723128180e-01
3.363742509936201719e-01
3.366420964427747631e-01
3.369090460737000359e-01
3.371751060365584252e-01
3.374402795026132940e-01
3.377045666113366318e-01
3.379679644283840045e-01
3.382304669230039584e-01
3.384920649594311270e-01
3.387527463036287267e-01
3.390124956446998183e-01
3.392712946328231283e-01
3.395291219288227857e-01
3.397859532689684325e-01
3.400417615432478335e-01
3.402965168854032441e-01
3.405501867794600290e-01
3.408027361754231155e-01
3.410541276214498763e-01
3.413043214070674014e-01
3.415532757220557936e-01
3.418009468263242256e-01
3.420472892359786021e-01
3.422922559241713958e-01
3.425357985345991452e-01
3.427778676120417645e-01
3.430184128477510308e-01
3.432573833400693886e-01
3.434947278695107409e-01
3.437303951919648548e-01
3.439643343427153943e-01
3.441964949573738108e-01
3.444268276046345001e-01
3.446552841311413262e-01
3.448818180140151290e-01
3.451063847238423077e-01
3.453289420917019514e-01
3.455494506762623041e-01
3.457678741336053241e-01
3.459841795797493624e-01
3.461983379453067999e-01
3.464103243176860358e-01
3.466201182647714596e-01
3.468277041402269001e-01
3.470330713588262173e-01
3.472362146442400377e-01
3.474371342383520411e-01
3.476358360756302002e-01
3.478323319104704714e-01
3.480266393981813478e-01
3.482187821289938756e-01
3.484087896059948619e-01
3.485966971702367800e-01
3.487825458703668891e-01
3.489663822754057732e-01
3.491482582324633155e-01
3.493282305696024381e-01
3.495063607444317544e-01
3.496827144443648283e-01
3.498573611382715387e-01
3.500303735881687417e-01
3.502018273182335717e-01
3.503718000567648816e-01
3.505403711485344243e-01
3.507076209457827276e-01
3.508736301880093778e-01
3.510384793736067710e-01
3.512022481309404753e-01
3.513650145948257197e-01
3.515268547989557901e-01
3.516878420835880537e-01
3.518480465327066264e-01
3.520075344367424863e-01
3.521663677937884041e-01
3.523246038486913534e-01
3.524822946743216279e-01
3.526394867994055993e-01
3.527962208807409183e-01
3.529525314268792124e-01
3.531084465659659055e-01
3.532639878647517717e-01
3.534191701925462614e-01
3.535740016311989531e-01
3.537284834246573473e-01
3.538826099726178342e-01
3.540363688562732092e-01
3.541897408998156971e-01
3.543427002594968789e-01
3.544952145405934063e-01
3.546472449345871580e-01
3.547987463759565419e-01
3.549496677166544267e-01
3.550999519137346128e-01
3.552495362290539194e-01
3.553983524423958706e-01
3.555463270742134085e-01
3.556933816218519340e-01
3.558394328117680527e-01
3.559843928652767220e-01
3.561281697882282549e-01
3.562706676825382335e-01
3.564117870888317552e-01
3.565514253608831341e-01
3.566894770825288496e-01
3.568258345279489707e-01
3.569603881696297720e-01
3.570930272427955132e-01
3.572236403652405690e-01
3.573521162171066079e-01
3.574783442806344635e-01
3.576022156412589359e-01
3.577236238444811978e-01
3.578424658076722609e-01
3.579586427789819281e-01
3.580720613359339999e-01
3.581826344122110428e-01
3.582902823433731787e-01
3.583949339125522271e-01
3.584965273868866986e-01
3.585950115233524360e-01
3.586903465267853863e-01
3.587825049428556845e-01
3.588714724665181821e-01
3.589572486473169843e-01
3.590398474755673308e-01
3.591192978298329286e-01
3.591956437737700569e-01
3.592689446898902905e-01
3.593392752374368615e-01
3.594067251327268675e-01
3.594713987411469192e-01
3.595334144873623683e-01
3.595929040820659006e-01
3.596500115737383818e-01
3.597048922356681500e-01
3.597577112978117553e-01
3.598086425449658621e-01
3.598578667964948963e-01
3.599055702891035824e-01
3.599519429858037967e-01
3.599971768356986512e-01
3.600414640119019571e-01
3.600849951469682342e-01
3.601279576003738603e-01
3.601705337721378131e-01
3.602128994949874152e-01
3.602552225199369129e-01
3.602976611186902711e-01
3.603403628151216065e-01
3.603834632625440570e-01
3.604270852753282961e-01
3.604713380232402731e-01
3.605163163903860601e-01
3.605621005027240256e-01
3.606087554179228105e-01
3.606563309749736268e-01
3.607048617930649903e-01
3.607543674091725494e-01
3.608048525405035400e-01
3.608563074548728489e-01
3.609087084313634675e-01
3.609620182904646479e-01
3.610161869749326513e-01
3.610711521575746263e-01
3.611268398559320802e-01
3.611831650317259279e-01
3.612400321583562057e-01
3.612973357308877365e-01
3.613549607095148941e-01
3.614127828808643139e-01
3.614706691293268492e-01
3.615284776169335190e-01
3.615860578761134203e-01
3.616432508295086556e-01
3.616998887559690345e-01
3.617557952266409749e-01
3.618107850504139744e-01
3.618646642560783278e-01
3.619172301551401016e-01
3.619682715166356868e-01
3.620175688942072756e-01
3.620648951361268852e-01
3.621100161082024260e-01
3.621526916620821934e-01
3.621926768736772884e-01
3.622297235739213583e-01
3.622635821886555085e-01
3.622940038922612960e-01
3.623207430737268031e-01
3.623435600915694277e-01
3.623622242854532827e-01
3.623765172050574801e-01
3.623862359866713012e-01
3.623911968269622474e-01
3.623912384731290404e-01
3.623862256633292867e-01
3.623760524308161091e-01
3.623606452031938874e-01
3.623399656068348462e-01
3.623140129017522471e-01
3.622828259685511032e-01
3.622464847811406319e-01
3.622051113106872777e-01
3.621588698122398808e-01
3.621079664683790056e-01
3.620526483751607127e-01
3.619932018616803249e-01
3.619299501579844591e-01
3.618632504318059495e-01
3.617934902360375737e-01
3.617210834279560583e-01
3.616464656319487436e-01
3.615700893360863089e-01
3.614924187202083194e-01
3.614139243107114541e-01
3.613350775563823891e-01
3.612563454191459744e-01
3.611781850666816451e-01
3.611010387523129195e-01
3.610253289741791050e-01
3.609514539973862068e-01
3.608797838270236813e-01
3.608106566923968694e-01
3.607443761033223839e-01
3.606812085078378582e-01
3.606213815654636390e-01
3.605650830411008534e-01
3.605124603110007042e-01
3.604636204640492281e-01
3.604186309811778788e-01
3.603775209651632894e-01
3.603402828767530153e-01
3.603068747251449988e-01
3.602772226431891212e-01
3.602512237692028774e-01
3.602287493605627611e-01
3.602096480649414345e-01
3.601937492856841505e-01
3.601808665774818285e-01
3.601708009992837800e-01
3.601633443280080060e-01
3.601582820120659001e-01
3.601553957061306432e-01
3.601544652139301306e-01
3.601552696587345115e-01
3.601575877297136796e-01
3.601611969031465743e-01
3.601658716235879298e-01
3.601713805204099228e-01
3.601774828331587575e-01
3.601839243008543301e-01
3.601904328056362292e-01
3.601967140848356119e-01
3.602024477724936613e-01
3.602072839952417116e-01
3.602108406571869481e-01
3.602127015051241887e-01
3.602124150391212698e-01
3.602094943370420799e-01
3.602034179060752406e-01
3.601936317146237632e-01
3.601795525663973319e-01
3.601605729606611739e-01
3.601360674977128751e-01
3.601054007858961459e-01
3.600679367198155179e-01
3.600230489472837636e-01
3.599701323373283857e-01
3.599086152812354111e-01
3.598379726379287158e-01
3.597577390801354746e-01
3.596675224672763460e-01
3.595670167509199544e-01
3.594560138640722213e-01
3.593344140819269006e-01
3.592022345067786282e-01
3.590596155020573388e-01
3.589068250457400633e-01
3.587442609630036028e-01
3.585724508894602702e-01
3.583920496417306034e-01
3.582038335933455109e-01
3.580086917334878716e-01
3.578076133906759049e-01
3.576016730118264930e-01
3.573920127466339580e-01
3.571798237648987073e-01
3.569663271353855638e-01
3.567527547774050900e-01
3.565403306446173759e-01
3.563302520718002464e-01
3.561236712253981751e-01
3.559216768187680735e-01
3.557252765619839385e-01
3.555353810504615630e-01
3.553527898551661068e-01
3.551781804329906533e-01
3.550121002049039798e-01
3.548549618736445699e-01
3.547070418350100618e-01
3.545684814402615959e-01
3.544392908591920688e-01
3.543193553299993637e-01
3.542084436098739131e-01
3.541062184530625601e-01
3.540122489022237695e-01
3.539260241539471941e-01
3.538469687591565549e-01
3.537744589865214895e-01
3.537078402838319535e-01
3.536464458456433646e-01
3.535896161992103104e-01
3.535367194298599802e-01
3.534871712002382593e-01
3.534404532967628243e-01
3.533961291921656200e-01
3.533538551651540516e-01
3.533133857845109915e-01
3.532745730015822705e-01
3.532373585824628570e-01
3.532017601631501358e-01
3.531678517769526460e-01
3.531357402326131822e-01
3.531055390732044108e-01
3.530773418948860431e-01
3.530511964793852098e-01
3.530270806417133977e-01
3.530048801438184780e-01
3.529843687535558217e-01
3.529651906177102560e-01
3.529468454589389514e-01
3.529286774404628568e-01
3.529098686452644684e-01
3.528894378533417586e-01
3.528662447430320204e-01
3.528389989685193906e-01
3.528062730674492165e-01
3.527665181531524086e-01
3.527180819889886298e-01
3.526592302322276162e-01
3.525881728314148034e-01
3.525030980985197071e-01
3.524022162723854934e-01
3.522838124407754457e-01
3.521463061252694815e-01
3.519883126694700048e-01
3.518087007293486113e-01
3.516066409265354853e-01
3.513816427271531095e-01
3.511335789876995350e-01
3.508626995163783291e-01
3.505696357814094832e-01
3.502553984123568109e-01
3.499213677599639638e-01
3.495692762731138492e-01
3.492011807384625133e-01
3.488194230097588777e-01
3.484265795790045805e-01
3.480254024343046315e-01
3.476187551036679646e-01
3.472095479819484742e-01
3.468006759928718985e-01
3.463949600040943655e-01
3.459950919869921870e-01
3.456035833544924274e-01
3.452227163601592208e-01
3.448544995326886520e-01
3.445006292497592160e-01
3.441624601277726292e-01
3.438409866292516659e-01
3.435368371801136300e-01
3.432502805064533424e-01
3.429812423290968249e-01
3.427293295637026671e-01
3.424938590683297424e-01
3.422738887388268592e-01
3.420682500176168706e-01
3.418755821260238137e-01
3.416943690738092343e-01
3.415229805655806694e-01
3.413597173316851863e-01
3.412028604858153846e-01
3.410507236467609227e-01
3.409017061863009457e-01
3.407543461247170558e-01
3.406073715546797387e-01
3.404597492460373909e-01
3.403107278650469025e-01
3.401598714889623176e-01
3.400070781116486529e-01
3.398525787903938222e-01
3.396969160916706865e-01
3.395409042297850011e-01
3.393855759866013511e-01
3.392321219799714349e-01
3.390818263380990238e-01
3.389360007261202901e-01
3.387959174683647379e-01
3.386627428760000114e-01
3.385374733334198805e-01
3.384208779141262280e-01
3.383134511786586307e-01
3.382153780737326421e-01
3.381265103883477341e-01
3.380463524397928632e-01
3.379740536578805798e-01
3.379084075218430905e-01
3.378478586441150400e-01
3.377905208671038717e-01
3.377342077878268123e-01
3.376764734150604630e-01
3.376146567493954476e-01
3.375459226760124110e-01
3.374672944586484813e-01
3.373756795583572332e-01
3.372678974122238493e-01
3.371407212686056698e-01
3.369909439277565810e-01
3.368154699922062401e-01
3.366114282847232908e-01
3.363762915209392856e-01
3.361079886172070319e-01
3.358049980527996192e-01
3.354664160557593866e-01
3.350919981677433213e-01
3.346821754648156011e-01
3.342380476558669544e-01
3.337613555757137918e-01
3.332544358626949865e-01
3.327201606238571197e-01
3.321618644840800827e-01
3.315832608194510533e-01
3.309883488937647167e-01
3.303813143607010061e-01
3.297664269052110741e-01
3.291479398194780415e-01
3.285299962710060973e-01
3.279165455745255975e-01
3.273112704271036177e-01
3.267175238502542656e-01
3.261382736615774380e-01
3.255760531544765191e-01
3.250329190064628060e-01
3.245104200807562567e-01
3.240095823670077757e-01
3.235309147807471364e-01
3.230744376601791257e-01
3.226397313873908823e-01
3.222259980728902073e-01
3.218321264127074754e-01
3.214567498234446319e-01
3.210982909813163699e-01
3.207549910123747017e-01
3.204249270654197512e-01
3.201060260485520947e-01
3.197960837473900475e-01
3.194927971633297892e-01
3.191938145537687177e-01
3.188968035305406734e-01
3.185995338051582637e-01
3.182999683032589067e-01
3.179963546629260840e-01
3.176873086264371260e-01
3.173718816816871735e-01
3.170496072117143238e-01
3.167205217106572324e-01
3.163851596310111036e-01
3.160445219726961685e-01
3.157000203615040745e-01
3.153534005927491890e-01
3.150066522097583199e-01
3.146619126187321092e-01
3.143213742794495058e-01
3.139872012579293381e-01
3.136614575747453948e-01
3.133460460239014811e-01
3.130426540173317229e-01
3.127527033529953759e-01
3.124773031199137852e-01
3.122172078259419226e-01
3.119727846263170012e-01
3.117439932035314665e-01
3.115303795563239553e-01
3.113310819557477682e-01
3.111448453660248803e-01
3.109700408440603248e-01
3.108046887563480909e-01
3.106464875861319475e-01
3.104928516518302151e-01
3.103409597806657261e-01
3.101878131547548545e-01
3.100302960096799620e-01
3.098652303892596716e-01
3.096894176803190457e-01
3.094996651833716861e-01
3.092928033285131662e-01
3.090657047664702728e-01
3.088153175897442315e-01
3.085387206300865270e-01
3.082332010377920595e-01
3.078963465780056863e-01
3.075261403430339380e-01
3.071210452945306035e-01
3.066800694589280063e-01
3.062028076249768693e-01
3.056894597385038104e-01
3.051408285711633694e-01
3.045582997402980219e-01
3.039438066874584066e-01
3.032997827486110798e-01
3.026291022320841684e-01
3.019350123703560262e-01
3.012210578900283431e-01
3.004909998456055664e-01
2.997487304814160924e-01
2.989981863341294455e-01
2.982432624165744506e-01
2.974877307587736053e-01
2.967351665112091252e-01
2.959888840666505816e-01
2.952518843746570476e-01
2.945268132211645851e-01
2.938159292271175227e-01
2.931210801220044959e-01
2.924436865740790426e-01
2.917847342152655177e-01
2.911447758892778959e-01
2.905239468328643659e-01
2.899219949628818460e-01
2.893383265266629145e-01
2.887720644973202910e-01
2.882221140771448198e-01
2.876872275201514118e-01
2.871660600214344106e-01
2.866572100075926999e-01
2.861592405072567180e-01
2.856706825705546682e-01
2.851900258075976136e-01
2.847157039908745357e-01
2.842460846234211025e-01
2.837794703208336156e-01
2.833141171746882403e-01
2.828482717609479558e-01
2.823802249517453067e-01
2.819083778614674407e-01
2.814313134395727833e-01
2.809478664479997945e-01
2.804571847454058187e-01
2.799587758296921969e-01
2.794525343449195676e-01
2.789387484721457255e-01
2.784180853905424691e-01
2.778915578942247055e-01
2.773604755581510206e-01
2.768263846106241988e-01
2.762910010737963939e-01
2.757561418718141311e-01
2.752236584504429429e-01
2.746953767997010187e-01
2.741730466050568138e-01
2.736583006460337475e-01
2.731526238733466005e-01
2.726573302372661267e-01
2.721735446812184600e-01
2.717021878911132227e-01
2.712439622816364415e-01
2.707993389447144739e-01
2.703685464135082706e-01
2.699515626990756090e-01
2.695481119655170898e-01
2.691576665069161378e-01
2.687794537609262124e-01
2.684124673534798444e-01
2.680554810016826939e-01
2.677070645287290551e-01
2.673656020679192613e-01
2.670293132576424533e-01
2.666962784553836840e-01
2.663644684639783211e-01
2.660317781132514603e-01
2.656960616989333945e-01
2.653551673021038448e-01
2.650069669034666453e-01
2.646493801457590056e-01
2.642803913927049830e-01
2.638980618148686341e-01
2.635005398701733004e-01
2.630860740971973089e-01
2.626530313586663001e-01
2.621999218275105070e-01
2.617254297373192706e-01
2.612284469853273228e-01
2.607081056744130487e-01
2.601638057565214823e-01
2.595952349458740538e-01
2.590023795018208674e-01
2.583855258712052794e-01
2.577452541488259308e-01
2.570824247356424119e-01
2.563981595799415536e-01
2.556938191485675360e-01
2.549709760171257056e-01
2.542313857652029330e-01
2.534769557272339435e-01
2.527097120648961193e-01
2.519317655732669081e-01
2.511452766399493997e-01
2.503524198431652525e-01
2.495553488183827051e-01
2.487561621825649660e-01
2.479568714210226010e-01
2.471593716695654752e-01
2.463654162181237728e-01
2.455765953387287759e-01
2.447943197370335278e-01
2.440198086181304127e-01
2.432540821072713966e-01
2.424979576362732980e-01
2.417520499071022788e-01
2.410167741679424824e-01
2.402923527047088337e-01
2.395788246007538591e-01
2.388760588613091096e-01
2.381837708843184409e-01
2.375015419989884857e-01
2.368288414139922415e-01
2.361650495085212409e-01
2.355094810739130073e-01
2.348614069585471809e-01
2.342200726481547535e-01
2.335847126500549542e-01
2.329545600897802715e-01
2.323288515954165523e-01
2.317068282158593617e-01
2.310877336864788911e-01
2.304708116992314204e-01
2.298553039187454239e-01
2.292404502926663479e-01
2.286254927722114749e-01
2.280096829830836891e-01
2.273922937687627432e-01
2.267726339614337394e-01
2.261500653223491586e-01
2.255240203384820397e-01
2.248940195118617202e-01
2.242596868538264121e-01
2.236207624950977690e-01
2.229771115885798571e-01
2.223287289830862268e-01
2.216757394606588272e-01
2.210183936346849509e-01
2.203570598618359022e-01
2.196922127155242765e-01
2.190244186900998646e-01
2.183543198720644951e-01
2.176826163318390517e-01
2.170100479962374651e-01
2.163373767298611416e-01
2.156653693058036558e-01
2.149947818464368887e-01
2.143263461756389765e-01
2.136607583386151699e-01
2.129986693539253073e-01
2.123406780696879270e-01
2.116873258430973792e-01
2.110390926745141227e-01
2.103963943927183999e-01
2.097595805234378497e-01
2.091289325567680657e-01
2.085046624378703306e-01
2.078869112198544200e-01
2.072757479152049775e-01
2.066711686462553710e-01
2.060730962231291929e-01
2.054813802714468007e-01
2.048957980029092740e-01
2.043160556793774674e-01
2.037417907962688068e-01
2.031725749873037057e-01
2.026079176565034334e-01
2.020472703486924093e-01
2.014900318793073630e-01
2.009355542363705227e-01
2.003831492464695496e-01
1.998320959459598811e-01
1.992816485358704648e-01
1.987310447329471708e-01
1.981795142732810655e-01
1.976262872894408162e-01
1.970706022827663217e-01
1.965117134475504734e-01
1.959488971729844153e-01
1.953814576414519555e-01
1.948087315457504576e-01
1.942300920481426496e-01
1.936449521756322678e-01
1.930527678866553465e-01
1.924530410268580072e-01
1.918453223431924592e-01
1.912292146352176092e-01
1.906043760165013201e-01
1.899705231642575820e-01
1.893274343625950540e-01
1.886749521049239930e-01
1.880129850292699967e-01
1.873415090016122553e-01
1.866605672231946844e-01
1.859702693199760670e-01
1.852707894427509938e-01
1.845623634659241952e-01
1.838452854120924129e-01
1.831199032462627607e-01
1.823866141802522600e-01
1.816458596193815112e-01
1.808981198570081272e-01
1.801439086081810803e-01
1.793837674497434365e-01
1.786182602227150973e-01
1.778479674410655964e-01
1.770734807436508684e-01
1.762953974229383991e-01
1.755143150662107354e-01
1.747308263445754850e-01
1.739455139937620409e-01
1.731589460316983464e-01
1.723716712699285558e-01
1.715842151669771665e-01
1.707970760829551071e-01
1.700107219807030223e-01
1.692255876139145410e-01
1.684420722294635298e-01
1.676605377975428912e-01
1.668813077677851198e-01
1.661046663381124389e-01
1.653308582088497680e-01
1.645600887895402598e-01
1.637925248173262571e-01
1.630282953455304273e-01
1.622674930595298104e-01
1.615101758818031363e-01
1.607563688243093258e-01
1.600060660551986258e-01
1.592592331400739525e-01
1.585158094254264793e-01
1.577757105243435543e-01
1.570388308652523601e-01
1.563050462623633285e-01
1.555742164644658976e-01
1.548461876380910207e-01
1.541207947462573946e-01
1.533978637808986190e-01
1.526772138238687015e-01
1.519586589082340122e-01
1.512420096713152640e-01
1.505270747922604346e-01
1.498136622249368888e-01
1.491015802395657674e-01
1.483906382987029149e-01
1.476806477974300646e-01
1.469714227022081432e-01
1.462627801210557021e-01
1.455545408415902797e-01
1.448465298646380850e-01
1.441385769579006382e-01
1.434305172488611058e-01
1.427221918632454178e-01
1.420134486122255069e-01
1.413041427196557454e-01
1.405941375758772427e-01
1.398833054981270529e-01
1.391715284749572568e-01
1.384586988698741361e-01
1.377447200595238175e-01
1.370295069851513725e-01
1.363129865999205270e-01
1.355950981971390246e-01
1.348757936114150513e-01
1.341550372900147670e-01
1.334328062331880671e-01
1.327090898091709270e-01
1.319838894518737815e-01
1.312572182479151139e-01
1.305291004284569734e-01
1.297995707731280923e-01
1.290686739418794859e-01
1.283364637442885037e-01
1.276030023597699570e-01
1.268683595185649271e-01
1.261326116550421095e-01
1.253958410433938520e-01
1.246581349256248306e-01
1.239195846409982538e-01
1.231802847672987811e-01
1.224403322833568508e-01
1.216998257605184930e-01
1.209588645930979589e-01
1.202175482738545853e-01
1.194759757220989344e-01
1.187342446676079022e-01
1.179924510947894661e-01
1.172506887472021669e-01
1.165090486925910163e-01
1.157676189459592997e-01
1.150264841476136002e-01
1.142857252909690452e-01
1.135454194970126479e-01
1.128056398278903666e-01
1.120664551359658312e-01
1.113279299434161845e-01
1.105901243468787876e-01
1.098530939447335819e-01
1.091168897830190054e-01
1.083815583181646502e-01
1.076471413938950988e-01
1.069136762331006074e-01
1.061811954416552600e-01
1.054497270251165131e-01
1.047192944193556796e-01
1.039899165326586966e-01
1.032616078021225403e-01
1.025343782634130368e-01
1.018082336333395316e-01
1.010831754069450167e-01
1.003592009676679414e-01
9.963630371066822811e-02
9.891447317901236325e-02
9.819369521219661889e-02
9.747395210615328320e-02
9.675522278373993590e-02
9.603748297606128081e-02
9.532070541249859641e-02
9.460486001889882590e-02
9.388991412425563843e-02
9.317583267268839120e-02
9.246257844189884056e-02
9.175011226606238912e-02
9.103839326203064242e-02
9.032737905843636617e-02
8.961702602640703175e-02
8.890728950976901912e-02
8.819812405479925121e-02
8.748948363741489154e-02
8.678132188724591023e-02
8.607359230660591165e-02
8.536624848305877922e-02
8.465924429577004195e-02
8.395253411249228859e-02
8.324607297773074788e-02
8.253981679083396972e-02
8.183372247306522351e-02
8.112774812273201852e-02
8.042185315929326062e-02
7.971599845422783215e-02
7.901014645017696847e-02
7.830426126751904858e-02
7.759830879882352594e-02
7.689225679079614295e-02
7.618607491516440899e-02
7.547973482750545970e-02
7.477321021538828327e-02
7.406647683630072920e-02
7.335951254489948836e-02
7.265229731138299341e-02
7.194481323056568789e-02
7.123704452274991217e-02
7.052897752614771532e-02
6.982060068216966453e-02
6.911190451389234712e-02
6.840288159813369406e-02
6.769352653080065729e-02
6.698383588789860732e-02
6.627380818056913259e-02
6.556344380607879996e-02
6.485274499444404483e-02
6.414171575171216666e-02
6.343036179953172315e-02
6.271869051233362746e-02
6.200671085176231306e-02
6.129443329930847617e-02
6.058186978716779969e-02
5.986903362808107532e-02
5.915593944386123015e-02
5.844260309359698008e-02
5.772904160127553114e-02
5.701527308398304794e-02
5.630131667977280457e-02
5.558719247639524325e-02
5.487292144085505197e-02
5.415852534948330244e-02
5.344402672001569155e-02
5.272944874420658345e-02
5.201481522269053859e-02
5.130015050075441979e-02
5.058547940660581416e-02
4.987082719128204528e-02
4.915621947037672468e-02
4.844168216827143131e-02
4.772724146405608880e-02
4.701292373996011908e-02
4.629875553209858441e-02
4.558476348319465132e-02
4.487097429766957746e-02
4.415741469963029020e-02
4.344411139216741019e-02
4.273109101974761903e-02
4.201838013244745679e-02
4.130600515259639366e-02
4.059399234367899734e-02
3.988236778114229164e-02
3.917115732579023318e-02
3.846038659846080787e-02
3.775008095753563941e-02
3.704026547782786338e-02
3.633096493152938866e-02
3.562220377091974283e-02
3.491400611268680870e-02
3.420639572409386875e-02
3.349939601046506010e-02
3.279303000427171572e-02
3.208732035566486812e-02
3.138228932428749340e-02
3.067795877221417278e-02
2.997435015827741231e-02
2.927148453330839784e-02
2.856938253653053608e-02
2.786806439285291134e-02
2.716754991101099498e-02
2.646785848267551450e-02
2.576900908205896623e-02
2.507102026653364180e-02
2.437391017762017761e-02
2.367769654256236464e-02
2.298239667674002729e-02
2.228802748614569854e-02
2.159460547055393892e-02
2.090214672697950776e-02
2.021066695340881930e-02
1.952018145302742910e-02
1.883070513834981738e-02
1.814225253606872867e-02
1.745483779157236751e-02
1.676847467402000844e-02
1.608317658119649135e-02
1.539895654485062999e-02
1.471582723578951715e-02
1.403380096902869661e-02
1.335288970938295836e-02
1.267310507650460868e-02
1.199445835028974290e-02
1.131696047613037909e-02
1.064062207010077823e-02
9.965453424232979460e-03
9.291464511479132632e-03
8.618664990949025800e-03
7.947064212698156174e-03
7.276671222666017749e-03
6.607494767405954102e-03
5.939543298749478534e-03
5.272824978265295767e-03
4.607347681788756880e-03
3.943119003578714719e-03
3.280146260532771849e-03
2.618436496206707695e-03
1.957996484597352739e-03
1.298832733922091918e-03
6.409514902242330163e-04
-1.564125920879337077e-05
-6.709397826363265767e-04
-1.324938600649526758e-03
-1.977632483264206865e-03
-2.629016447136939966e-03
-3.279085752788906891e-03
-3.927835902292944534e-03
-4.575262636811392759e-03
-5.221361934497959802e-03
-5.866130008523778687e-03
-6.509563305221286074e-03
-7.151658502468254477e-03
-7.792412508232115544e-03
-8.431822459229014466e-03
-9.069885719887317913e-03
-9.706599881390196721e-03
-1.034196276093769101e-02
-1.097597240122773730e-02
-1.160862707012755984e-02
-1.223992526051697130e-02
-1.286986569038741854e-02
-1.349844730312640441e-02
-1.412566926797176325e-02
-1.475153098083493639e-02
-1.537603206517224735e-02
-1.599917237321609245e-02
-1.662095198740115576e-02
0.000000000000000000e+00
