2.878422225415182018e-03
3.989398753473843984e-03
5.173298097470396123e-03
6.333435443007748647e-03
7.457507881376275287e-03
8.543296507137119328e-03
9.592144653402768020e-03
1.060669088928126343e-02
1.158988512058335002e-02
1.254457575301676231e-02
1.347335712248431613e-02
1.437853265624150501e-02
1.526212639779668361e-02
1.612591200670792160e-02
1.697144558599507705e-02
1.780009674216029986e-02
1.861307595153990913e-02
1.941145790265765350e-02
2.019620111825193992e-02
2.096816436195002298e-02
2.172812035155455290e-02
2.247676724858527902e-02
2.321473832167230203e-02
2.394261011097787925e-02
2.466090935979433837e-02
2.537011892822972278e-02
2.607068286272791122e-02
2.676301076198946832e-02
2.744748155394974645e-02
2.812444677689322770e-02
2.879423344151451139e-02
2.945714653702520558e-02
3.011347123349979865e-02
3.076347482401591699e-02
3.140740844308149982e-02
3.204550859150644831e-02
3.267799849378274363e-02
3.330508930931455613e-02
3.392698121654316029e-02
3.454386438491961059e-02
3.515591984885922672e-02
3.576332029471915308e-02
3.636623077112086100e-02
3.696480933082987863e-02
3.755920761193283497e-02
3.814957136461370746e-02
3.873604092910539615e-02
3.931875166995350834e-02
3.989783437085255013e-02
4.047341559360331797e-02
4.104561800512540604e-02
4.161456067502351114e-02
4.218035934654416896e-02
4.274312668338948323e-02
4.330297249451883074e-02
4.386000393881871878e-02
4.441432571150261133e-02
4.496604021352551550e-02
4.551524770599550684e-02
4.606204645060614500e-02
4.660653283716702927e-02
4.714880149982611512e-02
4.768894542249952490e-02
4.822705603517763590e-02
4.876322330128106397e-02
4.929753579736352587e-02
4.983008078585717676e-02
5.036094428183211791e-02
5.089021111374625317e-02
5.141796497998631088e-02
5.194428850036747480e-02
5.246926326450345596e-02
5.299296987672608844e-02
5.351548799828262371e-02
5.403689638713692067e-02
5.455727293587150917e-02
5.507669470759440911e-02
5.559523797120347055e-02
5.611297823464706652e-02
5.662999027791691675e-02
5.714634818472896088e-02
5.766212537396307042e-02
5.817739462995939054e-02
5.869222813262076066e-02
5.920669748667502924e-02
5.972087375019356770e-02
6.023482746250869574e-02
6.074862867099102559e-02
6.126234695713717732e-02
6.177605146101051992e-02
6.228981090472651000e-02
6.280369361398677186e-02
6.331776753811323155e-02
6.383210026784817692e-02
6.434675905099596083e-02
6.486181080565070478e-02
6.537732213078169263e-02
6.589335931378162425e-02
6.640998833534145218e-02
6.692727487068682313e-02
6.744528428769111517e-02
6.796408164159038756e-02
6.848373166606044893e-02
6.900429876052620315e-02
6.952584697375913114e-02
7.004843998417598083e-02
7.057214107573475670e-02
7.109701311104241195e-02
7.162311849986723045e-02
7.215051916496446893e-02
7.267927650380212601e-02
7.320945134729410497e-02
7.374110391545127263e-02
7.427429376957062068e-02
7.480907976169789975e-02
7.534551998143923512e-02
7.588367169984609750e-02
7.642359131125228688e-02
7.696533427222192192e-02
7.750895503904471628e-02
7.805450700263166786e-02
7.860204242153553955e-02
7.915161235356808767e-02
7.970326658572937650e-02
8.025705356227580411e-02
8.081302031158853205e-02
8.137121237175991284e-02
8.193167371505893914e-02
8.249444667129815500e-02
8.305957184998541409e-02
8.362708806206303747e-02
8.419703224091515392e-02
8.476943936235536992e-02
8.534434236501090010e-02
8.592177207019502383e-02
8.650175710159106746e-02
8.708432380590089283e-02
8.766949617337160827e-02
8.825729575985982733e-02
8.884774161005976056e-02
8.944085018167369228e-02
9.003663527286964730e-02
9.063510795115631291e-02
9.123627648587576133e-02
9.184014628391466706e-02
9.244671982953366063e-02
9.305599662888212886e-02
9.366797315981346961e-02
9.428264282695171528e-02
9.489999592422396213e-02
9.552001960348766030e-02
9.614269785151861869e-02
9.676801147465526054e-02
9.739593809325344798e-02
9.802645214478675206e-02
9.865952489736061481e-02
9.929512447406667330e-02
9.993321588734052630e-02
1.005737610856771436e-01
1.012167190113624632e-01
1.018620456700070898e-01
1.025096942124199551e-01
1.031596150280689184e-01
1.038117558500610549e-01
1.044660618728992380e-01
1.051224758797816294e-01
1.057809383824589167e-01
1.064413877703127287e-01
1.071037604694526219e-01
1.077679911100309917e-01
1.084340127022258432e-01
1.091017568187761522e-01
1.097711537831607548e-01
1.104421328625384280e-01
1.111146224648363462e-01
1.117885503363457017e-01
1.124638437623453335e-01
1.131404297657785385e-01
1.138182353047612755e-01
1.144971874675040913e-01
1.151772136626648679e-01
1.158582418040385170e-01
1.165402004894270094e-01
1.172230191712090863e-01
1.179066283192943543e-01
1.185909595736164557e-01
1.192759458867747036e-01
1.199615216564118292e-01
1.206476228450346355e-01
1.213341870892843538e-01
1.220211537954331155e-01
1.227084642243818635e-01
1.233960615620285223e-01
1.240838909790328570e-01
1.247718996768561045e-01
1.254600369228599799e-01
1.261482540719202905e-01
1.268365045790017520e-01
1.275247439985019715e-01
1.282129299745761175e-01
1.289010222215031531e-01
1.295889824948109892e-01
1.302767745545334588e-01
1.309643641201741482e-01
1.316517188201212774e-01
1.323388081336847322e-01
1.330256033290240225e-01
1.337120773968001330e-01
1.343982049794343325e-01
1.350839622985221533e-01
1.357693270799812113e-01
1.364542784775796547e-01
1.371387969959561026e-01
1.378228644142092951e-01
1.385064637093915973e-01
1.391895789812684081e-01
1.398721953785540539e-01
1.405542990279204929e-01
1.412358769632532096e-01
1.419169170609514974e-01
1.425974079744399270e-01
1.432773390735943564e-01
1.439567003877249562e-01
1.446354825509182374e-01
1.453136767503955262e-01
1.459912746796037386e-01
1.466682684937093972e-01
1.473446507678322637e-01
1.480204144595729798e-01
1.486955528739972721e-01
1.493700596319254559e-01
1.500439286405557404e-01
1.507171540670771415e-01
1.513897303147690443e-01
1.520616520019612838e-01
1.527329139421914339e-01
1.534035111274522079e-01
1.540734387128985250e-01
1.547426920031414743e-01
1.554112664407715227e-01
1.560791575960760735e-01
1.567463611575902749e-01
1.574128729248054359e-01
1.580786888015686675e-01
1.587438047901115201e-01
1.594082169864914911e-01
1.600719215769531856e-01
1.607349148336841838e-01
1.613971931131630289e-01
1.620587528532673183e-01
1.627195905717901125e-01
1.633797028651327865e-01
1.640390864070253030e-01
1.646977379470004610e-01
1.653556543109030164e-01
1.660128323992332844e-01
1.666692691868368048e-01
1.673249617224869534e-01
1.679799071283855083e-01
1.686341025991566211e-01
1.692875454015609349e-01
1.699402328736561718e-01
1.705921624239081780e-01
1.712433315298695913e-01
1.718937377374147868e-01
1.725433786594743890e-01
1.731922519741807831e-01
1.738403554237571702e-01
1.744876868126215008e-01
1.751342440053102467e-01
1.757800249247752911e-01
1.764250275500540144e-01
1.770692499139910336e-01
1.777126901010192828e-01
1.783553462443299154e-01
1.789972165239110680e-01
1.796382991633709292e-01
1.802785924272415352e-01
1.809180946183204797e-01
1.815568040749053480e-01
1.821947191679990641e-01
1.828318382981270196e-01
1.834681598928904478e-01
1.841036824035421904e-01
1.847384043024268008e-01
1.853723240802913064e-01
1.860054402428018283e-01
1.866377513082068396e-01
1.872692558043658195e-01
1.878999522662659627e-01
1.885298392327577344e-01
1.891589152442556265e-01
1.897871788402089033e-01
1.904146285560027185e-01
1.910412629211352409e-01
1.916670804561575459e-01
1.922920796710465841e-01
1.929162590618204165e-01
1.935396171092093054e-01
1.941621522759784668e-01
1.947838630047520891e-01
1.954047477167081270e-01
1.960248048085695971e-01
1.966440326513252124e-01
1.972624295880683332e-01
1.978799939326841839e-01
1.984967239675531070e-01
1.991126179425728726e-01
1.997276740733238132e-01
2.003418905397042205e-01
2.009552654841150754e-01
2.015677970111935946e-01
2.021794831858740871e-01
2.027903220324296651e-01
2.034003115334391820e-01
2.040094496295994930e-01
2.046177342178425729e-01
2.052251631513923591e-01
2.058317342388678306e-01
2.064374452444293073e-01
2.070422938863188123e-01
2.076462778375833262e-01
2.082493947255060762e-01
2.088516421318387384e-01
2.094530175932509675e-01
2.100535186004164334e-01
2.106531425996965579e-01
2.112518869927904330e-01
2.118497491379291997e-01
2.124467263503501957e-01
2.130428159034200297e-01
2.136380150292307434e-01
2.142323209200816536e-01
2.148257307306433439e-01
2.154182415777347592e-01
2.160098505433457883e-01
2.166005546754684874e-01
2.171903509905235286e-01
2.177792364753080856e-01
2.183672080887050226e-01
2.189542627642834527e-01
2.195403974129058744e-01
2.201256089244856273e-01
2.207098941714773499e-01
2.212932500109658362e-01
2.218756732877689153e-01
2.224571608372708231e-01
2.230377094884925526e-01
2.236173160673761429e-01
2.241959773994781080e-01
2.247736903136711706e-01
2.253504516452173034e-01
2.259262582394360730e-01
2.265011069549532630e-01
2.270749946666659747e-01
2.276479182702592086e-01
2.282198746843512316e-01
2.287908608551006140e-01
2.293608737591147639e-01
2.299299104071193534e-01
2.304979678469592785e-01
2.310650431672042482e-01
2.316311335007504302e-01
2.321962360276688675e-01
2.327603479779559725e-01
2.333234666355140097e-01
2.338855893401573238e-01
2.344467134906542960e-01
2.350068365475317667e-01
2.355659560356405946e-01
2.361240695457829109e-01
2.366811747378285979e-01
2.372372693418846046e-01
2.377923511602229867e-01
2.383464180692451695e-01
2.388994680200459686e-01
2.394514990399205234e-01
2.400025092331471988e-01
2.405524967812370241e-01
2.411014599438116301e-01
2.416493970579905726e-01
2.421963065385183689e-01
2.427421868772128843e-01
2.432870366419790931e-01
2.438308544757736840e-01
2.443736390955354720e-01
2.449153892895689077e-01
2.454561039167364456e-01
2.459957819030815507e-01
2.465344222402436891e-01
2.470720239817796038e-01
2.476085862407373661e-01
2.481441081855049746e-01
2.486785890366995933e-01
2.492120280627194429e-01
2.497444245759904979e-01
2.502757779284892625e-01
2.508060875068912066e-01
2.513353527276967481e-01
2.518635730317867472e-01
2.523907478800787585e-01
2.529168767472851354e-01
2.534419591163612484e-01
2.539659944733316799e-01
2.544889823009771623e-01
2.550109220725851333e-01
2.555318132471024462e-01
2.560516552615358377e-01
2.565704475260007777e-01
2.570881894172374338e-01
2.576048802727795017e-01
2.581205193845027557e-01
2.586351059929652418e-01
2.591486392814401629e-01
2.596611183700908154e-01
2.601725423101158285e-01
2.606829100792083520e-01
2.611922205756148085e-01
2.617004726131831327e-01
2.622076649164263307e-01
2.627137961163338864e-01
2.632188647459994812e-01
2.637228692368712157e-01
2.642258079150632821e-01
2.647276789977862643e-01
2.652284805909979060e-01
2.657282106866723503e-01
2.662268671613121085e-01
2.667244477736886443e-01
2.672209501641298890e-01
2.677163718536472725e-01
2.682107102437956136e-01
2.687039626173857165e-01
2.691961261385557025e-01
2.696871978547538684e-01
2.701771746984366063e-01
2.706660534896621617e-01
2.711538309381121836e-01
2.716405036481750468e-01
2.721260681213025778e-01
2.726105207613919168e-01
2.730938578798554617e-01
2.735760757008031674e-01
2.740571703674151705e-01
2.745371379483027563e-01
2.750159744450733079e-01
2.754936757992993979e-01
2.759702379003215467e-01
2.764456565939188981e-01
2.769199276915767505e-01
2.773930469784907094e-01
2.778650102243281905e-01
2.783358131919092537e-01
2.788054516477395661e-01
2.792739213723813285e-01
2.797412181704204137e-01
2.802073378815460591e-01
2.806722763914403229e-01
2.811360296419073701e-01
2.815985936418716751e-01
2.820599644781953130e-01
2.825201383263051258e-01
2.829791114606793889e-01
2.834368802646581864e-01
2.838934412411116548e-01
2.843487910219670844e-01
2.848029263769767949e-01
2.852558442228694258e-01
2.857075416324593720e-01
2.861580158412551644e-01
2.866072642556434236e-01
2.870552844588251107e-01
2.875020742175142807e-01
2.879476314857886132e-01
2.883919544112186761e-01
2.888350413372031134e-01
2.892768908051835397e-01
2.897175015576223811e-01
2.901568725381454272e-01
2.905950028915306182e-01
2.910318919620225597e-01
2.914675392920030306e-01
2.919019446176012167e-01
2.923351078657783209e-01
2.927670291479438358e-01
2.931977087543028437e-01
2.936271471457714277e-01
2.940553449466653535e-01
2.944823029341833709e-01
2.949080220290032917e-01
2.953325032835644182e-01
2.957557478695371778e-01
2.961777570663596260e-01
2.965985322452390771e-01
2.970180748570722673e-01
2.974363864147165915e-01
2.978534684795084431e-01
2.982693226434872669e-01
2.986839505135271411e-01
2.990973536934229404e-01
2.995095337668445823e-01
2.999204922798108797e-01
3.003302307227887491e-01
3.007387505127213090e-01
3.011460529754098059e-01
3.015521393281732632e-01
3.019570106618147953e-01
3.023606679245166018e-01
3.027631119053482700e-01
3.031643432174550012e-01
3.035643622833899546e-01
3.039631693198265872e-01
3.043607643250477168e-01
3.047571470649039771e-01
3.051523170608546609e-01
3.055462735798921692e-01
3.059390156238192549e-01
3.063305419218230741e-01
3.067208509227158930e-01
3.071099407885453103e-01
3.074978093907438925e-01
3.078844543072822848e-01
3.082698728202961647e-01
3.086540619161748933e-01
3.090370182879147443e-01
3.094187383376116873e-01
3.097992181807361911e-01
3.101784536537275372e-01
3.105564403204607582e-01
3.109331734829730576e-01
3.113086481921625293e-01
3.116828592606618042e-01
3.120558012773178569e-01
3.124274686231205966e-01
3.127978554883308893e-01
3.131669558914076390e-01
3.135347636995267639e-01
3.139012726500638450e-01
3.142664763728325039e-01
3.146303684145285717e-01
3.149929422636281728e-01
3.153541913764720261e-01
3.157141092037188401e-01
3.160726892183984282e-01
3.164299249429352034e-01
3.167858099787070891e-01
3.171403380345971801e-01
3.174935029566365863e-01
3.178452987553960218e-01
3.181957196358846662e-01
3.185447600270177038e-01
3.188924146066660636e-01
3.192386783323784005e-01
3.195835464651139435e-01
3.199270145963006851e-01
3.202690786705156278e-01
3.206097350083344510e-01
3.209489803286132981e-01
3.212868117658226885e-01
3.216232268880735434e-01
3.219582237128736368e-01
3.222918007178526834e-01
3.226239568540335556e-01
3.229546915505407401e-01
3.232840047213953460e-01
3.236118967669426860e-01
3.239383685735613416e-01
3.242634215096944494e-01
3.245870574189851365e-01
3.249092786105771680e-01
3.252300878462578426e-01
3.255494883242739945e-01
3.258674836600937708e-01
3.261840778652269623e-01
3.264992753206367171e-01
3.268130807499060042e-01
3.271254991889374075e-01
3.274365359520943208e-01
3.277461965962309431e-01
3.280544868845122197e-01
3.283614127452326725e-01
3.286669802297211840e-01
3.289711954711948549e-01
3.292740646383741643e-01
3.295755938905704507e-01
3.298757893315834022e-01
3.301746569618210225e-01
3.304722026329188767e-01
3.307684319994902977e-01
3.310633504728510701e-01
3.313569631761471013e-01
3.316492748982624583e-01
3.319402900505810106e-01
3.322300126254575936e-01
3.325184461564215099e-01
3.328055936791695091e-01
3.330914576970250285e-01
3.333760401470513557e-01
3.336593423713166695e-01
3.339413650888405360e-01
3.342221083726700792e-01
3.345015716290176133e-01
3.347797535817437775e-01
3.350566522587397067e-01
3.353322649838141878e-01
3.356065883720438237e-01
3.358796183283475068e-01
3.361513500524898612e-01
3.364217780454810125e-01
3.366908961233739950e-01
3.369586974326291284e-01
3.372251744710401677e-01
3.374903191145883774e-01
3.377541226444199518e-01
3.380165757819637018e-01
3.382776687267429194e-01
3.385373911975820271e-01
3.387957324774356627e-01
3.390526814644193587e-01
3.393082267238732852e-01
3.395623565446206915e-01
3.398150589973312208e-01
3.400663219992149933e-01
3.403161333767589780e-01
3.405644809332994405e-01
3.408113525189415127e-01
3.410567361012568077e-01
3.413006198370894806e-01
3.415429921454521400e-01
3.417838417816546626e-01
3.420231579104199282e-01
3.422609301786595504e-01
3.424971487878801790e-01
3.427318045636473243e-01
3.429648890261645100e-01
3.431963944539442313e-01
3.434263139482330307e-01
3.436546414908961955e-01
3.438813719999408991e-01
3.441065013794133431e-01
3.443300265648469582e-01
3.445519455611026349e-01
3.447722574757031699e-01
3.449909625449509853e-01
3.452080621517921166e-01
3.454235588384239053e-01
3.456374563081379137e-01
3.458497594208343462e-01
3.460604741794847672e-01
3.462696077088692204e-01
3.464771682256553853e-01
3.466831649980517960e-01
3.468876082998342825e-01
3.470905093536094110e-01
3.472918802668897853e-01
3.474917339608979416e-01
3.476900840914945445e-01
3.478869449629102273e-01
3.480823314352832765e-01
3.482762588262834358e-01
3.484687428079131788e-01
3.486597992988410555e-01
3.488494443527448974e-01
3.490376940430675035e-01
3.492245643479690576e-01
3.494100710314698155e-01
3.495942295265000443e-01
3.497770548158704029e-01
3.499585613188368471e-01
3.501387627746069264e-01
3.503176721329324117e-01
3.504953014478764395e-01
3.506716617742601239e-01
3.508467630726607722e-01
3.510206141179263994e-01
3.511932224155908666e-01
3.513645941249618487e-01
3.515347339916534697e-01
3.517036452859982898e-01
3.518713297520933980e-01
3.520377875653314392e-01
3.522030172986526653e-01
3.523670158997178059e-01
3.525297786766615205e-01
3.526912992944958303e-01
3.528515697814521013e-01
3.530105805445126199e-01
3.531683203964947060e-01
3.533247765922406525e-01
3.534799348753496773e-01
3.536337795336209067e-01
3.537862934657651226e-01
3.539374582574711936e-01
3.540872542664080247e-01
3.542356607160918047e-01
3.543826558015883976e-01
3.545282167996250400e-01
3.546723201912398427e-01
3.548149417893330937e-01
3.549560568770914748e-01
3.550956403511125181e-01
3.552336668724787039e-01
3.553701110246506589e-01
3.555049474748555594e-01
3.556381511425660835e-01
3.557696973704305154e-01
3.558995620991344255e-01
3.560277220431135037e-01
3.561541548693186177e-01
3.562788393730176306e-01
3.564017556541978493e-01
3.565228852885846678e-01
3.566422114982898961e-01
3.567597193121243571e-01
3.568753957200174187e-01
3.569892298186632673e-01
3.571012129467290852e-01
3.572113388054124483e-01
3.573196035683734451e-01
3.574260059722427774e-01
3.575305473929534239e-01
3.576332319024843609e-01
3.577340663059236925e-01
3.578330601580143044e-01
3.579302257567239520e-01
3.580255781166501450e-01
3.581191349177623162e-01
3.582109164322568873e-01
3.583009454269299177e-01
3.583892470429959065e-01
3.584758486549671219e-01
3.585607797067478231e-01
3.586440715262206314e-01
3.587257571229967579e-01
3.588058709670686186e-01
3.588844487519409765e-01
3.589615271438605926e-01
3.590371435183195570e-01
3.591113356896451503e-01
3.591841416306173485e-01
3.592555991884965882e-01
3.593257458004034954e-01
3.593946182068776807e-01
3.594622521700208129e-01
3.595286821961549140e-01
3.595939412653669787e-01
3.596580605743450176e-01
3.597210692868901827e-01
3.597829943015555809e-01
3.598438600321309799e-01
3.599036882086358857e-01
3.599624976940826171e-01
3.600203043198824115e-01
3.600771207448641431e-01
3.601329563329550010e-01
3.601878170503081678e-01
3.602417053874618080e-01
3.602946203013090987e-01
3.603465571765005482e-01
3.603975078119719955e-01
3.604474604234925161e-01
3.604963996700008000e-01
3.605443066972511268e-01
3.605911592026189161e-01
3.606369315168028167e-01
3.606815947042224524e-01
3.607251166827308841e-01
3.607674623579327777e-01
3.608085937779225150e-01
3.608484703024551488e-01
3.608870487912950731e-01
3.609242838071122228e-01
3.609601278388040457e-01
3.609945315385680864e-01
3.610274439790547296e-01
3.610588129266253388e-01
3.610885851325768003e-01
3.611167066427822814e-01
3.611431231209507597e-01
3.611677801939683907e-01
3.611906238099070743e-01
3.612116006098443077e-01
3.612306583173383601e-01
3.612477461358975517e-01
3.612628151585368652e-01
3.612758187817816657e-01
3.612867131261605080e-01
3.612954574552641462e-01
3.613020145911839398e-01
3.613063513218606748e-01
3.613084387962320898e-01
3.613082529004819077e-01
3.613057746123793379e-01
3.613009903270086864e-01
3.612938921474666554e-01
3.612844781397427929e-01
3.612727525398241046e-01
3.612587259148672403e-01
3.612424152714452386e-01
3.612238441060429128e-01
3.612030423969080917e-01
3.611800465331151955e-01
3.611548991804647835e-01
3.611276490852950438e-01
3.610983508107415418e-01
3.610670644143194052e-01
3.610338550642883115e-01
3.609987925970761791e-01
3.609619510251404484e-01
3.609234079943401396e-01
3.608832442000567409e-01
3.608415427670901843e-01
3.607983886005886043e-01
3.607538677158883544e-01
3.607080665526868346e-01
3.606610712837374777e-01
3.606129671253176516e-01
3.605638376564643810e-01
3.605137641531547255e-01
3.604628249486901970e-01
3.604110948217305044e-01
3.603586444213266460e-01
3.603055397331661469e-01
3.602518415900826110e-01
3.601976052320980948e-01
3.601428799195836028e-01
3.600877085980096481e-01
3.600321276172375184e-01
3.599761665067027772e-01
3.599198478022292980e-01
3.598631869261473826e-01
3.598061921153764553e-01
3.597488643959007026e-01
3.596911976012542866e-01
3.596331784274339749e-01
3.595747865237374219e-01
3.595159946110892957e-01
3.594567686288500097e-01
3.593970678986195821e-01
3.593368453088097714e-01
3.592760475110899909e-01
3.592146151301905954e-01
3.591524829802874574e-01
3.590895802943505077e-01
3.590258309585854235e-01
3.589611537609011527e-01
3.588954626507925294e-01
3.588286670148083113e-01
3.587606719731864513e-01
3.586913787041420276e-01
3.586206847957750798e-01
3.585484846377839929e-01
3.584746698556740552e-01
3.583991297943298626e-01
3.583217520548463986e-01
3.582424230921877339e-01
3.581610288729065728e-01
3.580774556011929177e-01
3.579915905068995485e-01
3.579033227005681272e-01
3.578125440903106025e-01
3.577191503540302353e-01
3.576230419611717282e-01
3.575241252360653599e-01
3.574223134440880356e-01
3.573175278952814837e-01
3.572096990423898610e-01
3.570987675596054567e-01
3.569846853792121855e-01
3.568674166716422347e-01
3.567469387393942259e-01
3.566232428157257717e-01
3.564963347401715055e-01
3.563662354950943856e-01
3.562329815879223260e-01
3.560966252651327490e-01
3.559572345434766638e-01
3.558148930565169787e-01
3.556696997078913070e-01
3.555217681309115196e-01
3.553712259594634659e-01
3.552182139159377194e-01
3.550628847278063938e-01
3.549054018814151723e-01
3.547459382379144488e-01
3.545846745217968721e-01
3.544217977088343074e-01
3.542574993356562563e-01
3.540919737576138093e-01
3.539254163735677250e-01
3.537580218538194932e-01
3.535899823890530924e-01
3.534214859877218839e-01
3.532527148484559953e-01
3.530838438239905508e-01
3.529150389967172785e-01
3.527464563882950488e-01
3.525782408096802545e-01
3.524105248642287469e-01
3.522434281147990842e-01
3.520770564145621062e-01
3.519115014089368998e-01
3.517468402046540765e-01
3.515831352035347357e-01
3.514204340952997718e-01
3.512587700015818992e-01
3.510981617564987722e-01
3.509386143101898003e-01
3.507801192350490371e-01
3.506226553178575234e-01
3.504661892134579571e-01
3.503106761337614339e-01
3.501560605541348958e-01
3.500022769062217654e-01
3.498492502413909078e-01
3.496968968354055018e-01
3.495451247161369679e-01
3.493938340978838819e-01
3.492429177041092569e-01
3.490922609682237665e-01
3.489417421080675541e-01
3.487912320769734897e-01
3.486405943985000366e-01
3.484896849104004435e-01
3.483383514425821836e-01
3.481864334670679018e-01
3.480337617602538569e-01
3.478801581247512043e-01
3.477254352049438668e-01
3.475693964395488167e-01
3.474118361786586728e-01
3.472525399957790970e-01
3.470912852156449180e-01
3.469278416853018854e-01
3.467619728152354641e-01
3.465934369146090321e-01
3.464219888484126875e-01
3.462473820277795489e-01
3.460693707386791607e-01
3.458877127944270935e-01
3.457021724755272585e-01
3.455125237118001347e-01
3.453185534391262079e-01
3.451200650630767974e-01
3.449168819585891055e-01
3.447088509296440950e-01
3.444958455530273689e-01
3.442777693349148294e-01
3.440545585960881336e-01
3.438261850148168763e-01
3.435926577464840648e-01
3.433540250588581477e-01
3.431103754266328076e-01
3.428618380470852545e-01
3.426085827538359885e-01
3.423508193127292043e-01
3.420887960976219944e-01
3.418227981489874723e-01
3.415531446309968411e-01
3.412801857190578825e-01
3.410042989659526347e-01
3.407258852223999379e-01
3.404453641998207436e-01
3.401631697729645132e-01
3.398797451266519221e-01
3.395955378235764321e-01
3.393109948727226488e-01
3.390265578534219504e-01
3.387426581516900792e-01
3.384597123596357893e-01
3.381781179065052600e-01
3.378982489849222670e-01
3.376204528555195594e-01
3.373450465886212446e-01
3.370723143062936966e-01
3.368025049614480348e-01
3.365358306816108591e-01
3.362724656833662729e-01
3.360125457661369275e-01
3.357561683764939131e-01
3.355033932469679847e-01
3.352542435898941409e-01
3.350087078363223614e-01
3.347667418770332581e-01
3.345282717523168081e-01
3.342931967136137383e-01
3.340613925707168752e-01
3.338327152397643216e-01
3.336070044175854510e-01
3.333840873178179898e-01
3.331637824124762393e-01
3.329459031180764250e-01
3.327302613545895515e-01
3.325166708717685049e-01
3.323049502155350776e-01
3.320949251666232005e-01
3.318864304718754377e-01
3.316793106896120391e-01
3.314734199997714792e-01
3.312686208985548553e-01
3.310647817662113468e-01
3.308617733959478557e-01
3.306594646507755031e-01
3.304577174739129486e-01
3.302563815214838439e-01
3.300552886959700061e-01
3.298542478512874743e-01
3.296530399124336097e-01
3.294514136140736515e-01
3.292490820161605436e-01
3.290457199037658542e-01
3.288409621262247673e-01
3.286344029060451200e-01
3.284255961309673344e-01
3.282140566637042900e-01
3.279992627217129253e-01
3.277806594019163633e-01
3.275576634272145959e-01
3.273296691624974497e-01
3.270960559192818140e-01
3.268561965388073198e-01
3.266094672195315463e-01
3.263552585258523431e-01
3.260929874535730688e-01
3.258221103124148144e-01
3.255421360454791024e-01
3.252526394513323149e-01
3.249532736973862468e-01
3.246437815338296118e-01
3.243240047573215379e-01
3.239938917013826525e-01
3.236535027427391853e-01
3.233030139500981948e-01
3.229427189810650800e-01
3.225730291904027047e-01
3.221944717152313564e-01
3.218076851536766925e-01
3.214134124695694483e-01
3.210124909426289586e-01
3.206058393319016764e-01
3.201944427700914586e-01
3.197793361894598618e-01
3.193615871410764306e-01
3.189422787425799100e-01
3.185224931997740483e-01
3.181032960283062261e-01
3.176857208921952669e-01
3.172707549218890533e-01
3.168593245029107663e-01
3.164522817436160596e-01
3.160503920301592773e-01
3.156543232004217492e-01
3.152646368325250914e-01
3.148817820042795201e-01
3.145060916684565555e-01
3.141377815741891455e-01
3.137769515276791488e-01
3.134235887096865625e-01
3.130775727898892913e-01
3.127386826478552040e-01
3.124066045882089582e-01
3.120809420116162358e-01
3.117612265210306099e-01
3.114469304119202864e-01
3.111374804360118040e-01
3.108322726332852226e-01
3.105306879859727198e-01
3.102321086240484305e-01
3.099359343218010543e-01
3.096415990176323296e-01
3.093485869728551108e-01
3.090564479925091979e-01
3.087648108988166329e-01
3.084733943124897126e-01
3.081820138578684753e-01
3.078905851750084466e-01
3.075991225204655621e-01
3.073077331166111925e-01
3.070166076544966205e-01
3.067260074455318009e-01
3.064362486955671261e-01
3.061476843693915484e-01
3.058606841856935654e-01
3.055756134607251484e-01
3.052928116762547162e-01
3.050125717216214949e-01
3.047351206347008734e-01
3.044606024180235848e-01
3.041890632109340298e-01
3.039204389006449625e-01
3.036545452130055001e-01
3.033910703948640708e-01
3.031295707204811896e-01
3.028694690944425116e-01
3.026100569333012857e-01
3.023504992777590328e-01
3.020898427910740369e-01
3.018270260392227344e-01
3.015608913542234260e-01
3.012901977621185723e-01
3.010136348928340033e-01
3.007298383900807726e-01
3.004374078663294423e-01
3.001349286321284282e-01
2.998209981326548368e-01
2.994942572029570815e-01
2.991534251582484427e-01
2.987973366958108778e-01
2.984249779431927818e-01
2.980355189603344779e-01
2.976283405459883014e-01
2.972030540815395749e-01
2.967595140642527163e-01
2.962978237061937303e-01
2.958183343970188228e-01
2.953216399407030957e-01
2.948085663499261933e-01
2.942801576766994609e-01
2.937376580147579852e-01
2.931824895793724295e-01
2.926162267659301874e-01
2.920405663781665551e-01
2.914572947043163609e-01
2.908682526448359007e-01
2.902753004565488126e-01
2.896802837017831700e-01
2.890850016801286837e-01
2.884911790603227333e-01
2.879004408376762969e-01
2.873142903406590842e-01
2.867340898850712638e-01
2.861610438598686246e-01
2.855961843794179722e-01
2.850403599814568256e-01
2.844942280379248456e-01
2.839582515054923095e-01
2.834327003687205915e-01
2.829176576963979284e-01
2.824130297737447171e-01
2.819185593659744304e-01
2.814338409541131680e-01
2.809583368101178924e-01
2.804913930280425460e-01
2.800322550627813989e-01
2.795800827992510618e-01
2.791339655711996270e-01
2.786929377715459677e-01
2.782559957030164566e-01
2.778221161494493496e-01
2.773902768602611313e-01
2.769594788037461064e-01
2.765287696990760824e-01
2.760972680491649012e-01
2.756641866961185849e-01
2.752288548377282429e-01
2.747907374894524857e-01
2.743494514803202500e-01
2.739047771566511802e-01
2.734566650079428007e-01
2.730052364810117149e-01
2.725507784327369509e-01
2.720937311021631722e-01
2.716346701123651952e-01
2.711742837245058046e-01
2.707133470837242428e-01
2.702526953455685055e-01
2.697931972967643754e-01
2.693357304777663774e-01
2.688811581231186354e-01
2.684303076852597170e-01
2.679839504873854916e-01
2.675427821571743081e-01
2.671074038536907502e-01
2.666783047182326727e-01
2.662558462697406370e-01
2.658402495203208704e-01
2.654315853956880633e-01
2.650297687033770222e-01
2.646345555444190589e-01
2.642455438409357926e-01
2.638621766140813452e-01
2.634837477747727918e-01
2.631094103719023303e-01
2.627381873640811660e-01
2.623689849206986002e-01
2.620006080215736000e-01
2.616317777461327765e-01
2.612611493179252675e-01
2.608873298356061410e-01
2.605088948217779699e-01
2.601244032540047657e-01
2.597324114651065052e-01
2.593314869872890283e-01
2.589202237673399742e-01
2.584972600767562745e-01
2.580612998162264971e-01
2.576111370028387748e-01
2.571456822574206824e-01
2.566639894065413929e-01
2.561652800530948015e-01
2.556489641928828549e-01
2.551146555452960540e-01
2.545621809992898998e-01
2.539915842387993061e-01
2.534031240374632898e-01
2.527972679093679620e-01
2.521746817986990075e-01
2.515362164189057781e-01
2.508828907616362791e-01
2.502158732259397445e-01
2.495364607554182435e-01
2.488460563247041624e-01
2.481461450917830935e-01
2.474382695528364873e-01
2.467240041146441243e-01
2.460049296055134005e-01
2.452826083639052246e-01
2.445585606032506243e-01
2.438342427431780257e-01
2.431110282833688629e-01
2.423901916116393829e-01
2.416728948946457456e-01
2.409601779759947826e-01
2.402529510387726719e-01
2.395519897132216691e-01
2.388579323442759361e-01
2.381712792308589288e-01
2.374923937793771145e-01
2.368215056212703562e-01
2.361587157788721802e-01
2.355040039175136379e-01
2.348572375822512159e-01
2.342181831366944578e-01
2.335865179199517749e-01
2.329618429811283753e-01
2.323436956756813332e-01
2.317315614373843813e-01
2.311248841758059003e-01
2.305230749895615938e-01
2.299255191627286310e-01
2.293315817074469132e-01
2.287406119506804059e-01
2.281519478050120786e-01
2.275649203923521546e-01
2.269788595862651526e-01
2.263931008577201864e-01
2.258069935647502302e-01
2.252199105827204229e-01
2.246312589675601989e-01
2.240404911928164378e-01
2.234471164269382637e-01
2.228507112805940826e-01
2.222509294777385569e-01
2.216475099501933055e-01
2.210402829341558129e-01
2.204291737582238508e-01
2.198142041325607254e-01
2.191954908777850597e-01
2.185732421475010401e-01
2.179477512967166741e-01
2.173193886355408166e-01
2.166885913801628316e-01
2.160558521952086197e-01
2.154217067960444154e-01
2.147867211295586831e-01
2.141514786726381459e-01
2.135165683450529206e-01
2.128825734469267095e-01
2.122500618860831967e-01
2.116195778070684153e-01
2.109916345784998426e-01
2.103667089721705519e-01
2.097452362954517757e-01
2.091276062232200750e-01
2.085141591043790932e-01
2.079051825933466713e-01
2.073009085383905048e-01
2.067015101473962113e-01
2.061070995134071937e-01
2.055177256166122735e-01
2.049333729274366023e-01
2.043539607070504471e-01
2.037793430699461339e-01
2.032093098364516903e-01
2.026435881665502037e-01
2.020818449552199969e-01
2.015236899589301078e-01
2.009686796290719168e-01
2.004163216243192158e-01
1.998660799710193503e-01
1.993173808198391295e-01
1.987696187196884567e-01
1.982221632914837883e-01
1.976743661480508951e-01
1.971255678808759015e-01
1.965751049209740198e-01
1.960223160933155517e-01
1.954665487205771435e-01
1.949071641825596557e-01
1.943435429116912028e-01
1.937750888699239782e-01
1.932012336167299171e-01
1.926214401097567919e-01
1.920352063896421657e-01
1.914420692637406329e-01
1.908416080549709126e-01
1.902334483971497292e-01
1.896172659931330273e-01
1.889927901773462149e-01
1.883598070987904938e-01
1.877181623243230901e-01
1.870677626905572766e-01
1.864085772820871234e-01
1.857406374676482952e-01
1.850640359989297046e-01
1.843789252218397956e-01
1.836855144984226029e-01
1.829840669544839649e-01
1.822748956777018037e-01
1.815583594827403779e-01
1.808348583456096115e-01
1.801048285971579288e-01
1.793687379457516995e-01
1.786270803866896462e-01
1.778803710482874945e-01
1.771291410145067469e-01
1.763739321629900769e-01
1.756152920542716211e-01
1.748537689121234806e-01
1.740899067374890585e-01
1.733242406035376548e-01
1.725572921850878627e-01
1.717895655772955499e-01
1.710215434577779803e-01
1.702536836421862376e-01
1.694864160777921624e-01
1.687201403063092187e-01
1.679552234138170785e-01
1.671919984743350518e-01
1.664307634763808053e-01
1.656717807145146881e-01
1.649152766128144099e-01
1.641614419467893604e-01
1.634104324238659922e-01
1.626623695830790584e-01
1.619173419753018595e-01
1.611754065900540822e-01
1.604365904949191513e-01
1.597008926554782937e-01
1.589682859066900433e-01
1.582387190408073852e-01
1.575121189828167512e-01
1.567883930154954641e-01
1.560674310178332136e-01
1.553491076795024961e-01
1.546332846562787078e-01
1.539198126301350167e-01
1.532085332472852279e-01
1.524992809096891999e-01
1.517918844059157890e-01
1.510861683725864824e-01
1.503819545912120637e-01
1.496790631261250559e-01
1.489773133226105495e-01
1.482765246878264553e-01
1.475765176774855858e-01
1.468771144188204814e-01
1.461781393942307994e-01
1.454794201127361519e-01
1.447807877877894944e-01
1.440820780362811748e-01
1.433831316078239271e-01
1.426837951450042052e-01
1.419839219688431298e-01
1.412833728770284403e-01
1.405820169397844766e-01
1.398797322734753323e-01
1.391764067705071606e-01
1.384719387644960942e-01
1.377662376139380807e-01
1.370592241859237281e-01
1.363508312310156012e-01
1.356410036392162732e-01
1.349296985748710820e-01
1.342168854896361729e-01
1.335025460168861589e-01
1.327866737524926455e-01
1.320692739307716412e-01
1.313503630028665936e-01
1.306299681274492586e-01
1.299081265839048815e-01
1.291848851175819435e-01
1.284602992277974198e-01
1.277344324074382309e-01
1.270073553462919558e-01
1.262791451042953317e-01
1.255498842686450789e-01
1.248196601017717011e-01
1.240885636925089797e-01
1.233566891185563785e-01
1.226241326323514458e-01
1.218909918773718043e-01
1.211573651467423712e-01
1.204233506862402298e-01
1.196890460518489907e-01
1.189545475235582184e-01
1.182199495771879827e-01
1.174853444141128189e-01
1.167508215486458834e-01
1.160164674479150504e-01
1.152823652228782136e-01
1.145485943637707810e-01
1.138152305160278072e-01
1.130823452917980587e-01
1.123500061121517762e-01
1.116182760767130966e-01
1.108872138560859089e-01
1.101568736047831149e-01
1.094273048927631720e-01
1.086985526539408220e-01
1.079706571500592127e-01
1.072436539505484399e-01
1.065175739276426892e-01
1.057924432661753178e-01
1.050682834900691365e-01
1.043451115040227861e-01
1.036229396512730327e-01
1.029017757875223815e-01
1.021816233711297234e-01
1.014624815689752074e-01
1.007443453772909059e-01
1.000272057576278989e-01
9.931104978692120722e-02
9.859586082046439826e-02
9.788161866722092097e-02
9.716829977670732310e-02
9.645587743621089616e-02
9.574432197702648084e-02
9.503360098914351295e-02
9.432367954383380493e-02
9.361452042117067440e-02
9.290608434390817960e-02
9.219833021423326502e-02
9.149121535390730697e-02
9.078469574541310483e-02
9.007872627386682984e-02
8.937326096711147028e-02
8.866825323353055843e-02
8.796365609593795321e-02
8.725942242046141883e-02
8.655550513881363206e-02
8.585185746258607031e-02
8.514843308907424357e-02
8.444518639666248605e-02
8.374207263020486125e-02
8.303904807453842130e-02
8.233607021614425259e-02
8.163309789219416746e-02
8.093009142699315872e-02
8.022701275585750191e-02
7.952382553596466785e-02
7.882049524500800430e-02
7.811698926662791198e-02
7.741327696506318523e-02
7.670932974651152592e-02
7.600512111091178857e-02
7.530062669139417353e-02
7.459582428449668123e-02
7.389069386984302434e-02
7.318521762109479745e-02
7.247937990746343428e-02
7.177316728749985608e-02
7.106656849461824577e-02
7.035957441538967516e-02
6.965217806129905820e-02
6.894437453407079031e-02
6.823616098498971883e-02
6.752753656900012391e-02
6.681850239381904866e-02
6.610906146485828749e-02
6.539921862605045655e-02
6.468898049708576847e-02
6.397835540803796517e-02
6.326735333061436761e-02
6.255598580802097797e-02
6.184426588253309764e-02
6.113220802158942507e-02
6.041982804351221648e-02
5.970714304162755975e-02
5.899417130893416794e-02
5.828093226196412457e-02
5.756744636567470708e-02
5.685373505815011219e-02
5.613982067645938157e-02
5.542572638367709165e-02
5.471147609710170362e-02
5.399709441751196493e-02
5.328260656047327515e-02
5.256803828937059442e-02
5.185341584999081377e-02
5.113876590769195207e-02
5.042411548636119983e-02
4.970949190953211083e-02
4.899492274408055736e-02
4.828043574607243649e-02
4.756605880919518442e-02
4.685181991536509216e-02
4.613774708822521858e-02
4.542386834862423284e-02
4.471021167291673593e-02
4.399680495369575478e-02
4.328367596270933648e-02
4.257085231622736304e-02
4.185836144319338842e-02
4.114623055505800542e-02
4.043448661834336127e-02
3.972315632905139282e-02
3.901226608926823547e-02
3.830184198605696144e-02
3.759190977200172618e-02
3.688249484775015657e-02
3.617362224639254775e-02
3.546531661962801230e-02
3.475760222523308074e-02
3.405050291667664764e-02
3.334404213345365520e-02
3.263824289361830222e-02
3.193312778685452463e-02
3.122871896932934849e-02
3.052503815950524321e-02
2.982210663489853752e-02
2.911994523002576357e-02
2.841857433509576911e-02
2.771801389569332474e-02
2.701828341316013515e-02
2.631940194570987768e-02
2.562138811027492302e-02
2.492426008484239369e-02
2.422803561123230282e-02
2.353273199865315093e-02
2.283836612751053569e-02
2.214495445355671097e-02
2.145251301240868463e-02
2.076105742452451566e-02
2.007060290022239651e-02
1.938116424495583273e-02
1.869275586491397564e-02
1.800539177266775870e-02
1.731908559278666146e-02
1.663385056798240280e-02
1.594969956477929746e-02
1.526664507961086707e-02
1.458469924485792518e-02
1.390387383468575169e-02
1.322418027115314712e-02
1.254562963008890204e-02
1.186823264690495087e-02
1.119199972252343279e-02
1.051694092897214640e-02
9.843066015115928616e-03
9.170384412112169217e-03
8.498905238827776307e-03
7.828637307143502741e-03
7.159589127082002097e-03
6.491768911810079888e-03
5.825184582524428611e-03
5.159843773181529980e-03
4.495753834988277207e-03
3.832921840881752234e-03
3.171354589716114409e-03
2.511058610308482611e-03
1.852040165436115871e-03
1.194305255376793386e-03
5.378596217026943320e-04
-1.172912495648149661e-04
-7.711421246188986936e-04
-1.423688018914396518e-03
-2.074924194310711310e-03
-2.724846156402045347e-03
-3.373449652025363975e-03
-4.020730667045875270e-03
-4.666685424171550592e-03
-5.311310381039477391e-03
-5.954602228511442219e-03
-6.596557889063119420e-03
-7.237174515470844692e-03
-7.876449489647430885e-03
-8.514380421609308441e-03
-9.150965148707453090e-03
-9.786201735037787161e-03
-1.042008847105430069e-02
-1.105262387338097445e-02
-1.168380668478198083e-02
-1.231363587441245203e-02
-1.294211063822257868e-02
-1.356923039962210954e-02
-1.419499481030922668e-02
-1.481940375139426808e-02
-1.544245733464890205e-02
-1.606415590406758825e-02
-1.668450003763121553e-02
0.000000000000000000e+00
