-1.380595063915533438e-01
1.727077682207556475e-01
1.742217705752371615e-01
1.761532149594334795e-01
1.783059350363382922e-01
1.805712419608496155e-01
1.828875688008128886e-01
1.852194696724234202e-01
1.875463633725801826e-01
1.898563281478292120e-01
1.921425897567426988e-01
1.944014848913801496e-01
1.966312536731938398e-01
1.988313093284884703e-01
2.010017886960618338e-01
2.031432714489840585e-01
2.052566026025719470e-01
2.073427793413510078e-01
2.094028785113542512e-01
2.114380101650664701e-01
2.134492879833453649e-01
2.154378107274273479e-01
2.174046509452784715e-01
2.193508484654729251e-01
2.212774070506006996e-01
2.231852931260170092e-01
2.250754358583942349e-01
2.269487280948316588e-01
2.288060278327511687e-01
2.306481599979844921e-01
2.324759183808297880e-01
2.342900676304829066e-01
2.360913452413835045e-01
2.378804634891487912e-01
2.396581112893041987e-01
2.414249559633077358e-01
2.431816449039542471e-01
2.449288071369054853e-01
2.466670547787568890e-01
2.483969843944897338e-01
2.501191782576461797e-01
2.518342055185743833e-01
2.535426232853558171e-01
2.552449776231690559e-01
2.569418044767701748e-01
2.586336305219044118e-01
2.603209739498207886e-01
2.620043451901565845e-01
2.636842475760315385e-01
2.653611779559303940e-01
2.670356272553938703e-01
2.687080809931436387e-01
2.703790197538353812e-01
2.720489196206977156e-01
2.737182525716092552e-01
2.753874868399249221e-01
2.770570872431848963e-01
2.787275154818668055e-01
2.803992304099419131e-01
2.820726882788203160e-01
2.837483429573732230e-01
2.854266461283530565e-01
2.871080474636542590e-01
2.887929947793131946e-01
2.904819341716080028e-01
2.921753101353224413e-01
2.938735656657681106e-01
2.955771423447172142e-01
2.972864804119870752e-01
2.990020188233074583e-01
3.007241952952300346e-01
3.024534463378543703e-01
3.041902072764195997e-01
3.059349122620657613e-01
3.076879942726671313e-01
3.094498851043500087e-01
3.112210153541501434e-01
3.130018143946295961e-01
3.147927103403238558e-01
3.165941300077131926e-01
3.184064988675233132e-01
3.202302409911653158e-01
3.220657789912423352e-01
3.239135339558852356e-01
3.257739253779732280e-01
3.276473710795302363e-01
3.295342871302779919e-01
3.314350877625601988e-01
3.333501852807903010e-01
3.352799899666089600e-01
3.372249099797025584e-01
3.391853512538420268e-01
3.411617173884835541e-01
3.431544095355295587e-01
3.451638262812846136e-01
3.471903635233998253e-01
3.492344143423102842e-01
3.512963688669903384e-01
3.533766141347874368e-01
3.554755339446779017e-01
3.575935087035822524e-01
3.597309152652464759e-01
3.618881267613146546e-01
3.640655124235812057e-01
3.662634373972853408e-01
3.684822625446026456e-01
3.707223442378883016e-01
3.729840341417351990e-01
3.752676789836277838e-01
3.775736203122581069e-01
3.799021942434294141e-01
3.822537311921702652e-01
3.846285555919786714e-01
3.870269855991204100e-01
3.894493327833473129e-01
3.918959018036576314e-01
3.943669900694745101e-01
3.968628873874872065e-01
3.993838755938559082e-01
4.019302281723233783e-01
4.045022098589707293e-01
4.071000762338430334e-01
4.097240733003819635e-01
4.123744370539222381e-01
4.150513930401310558e-01
4.177551559048210406e-01
4.204859289369816677e-01
4.232439036060768878e-01
4.260292590966672233e-01
4.288421618413467695e-01
4.316827650547788719e-01
4.345512082715407565e-01
4.374476168898567829e-01
4.403721017242576696e-01
4.433247585702101978e-01
4.463056677829250196e-01
4.493148938746429621e-01
4.523524851323642570e-01
4.554184732599710905e-01
4.585128730472843861e-01
4.616356820704358155e-01
4.647868804250806507e-01
4.679664304969587407e-01
4.711742767728963610e-01
4.744103456935000462e-01
4.776745455530430062e-01
4.809667664469202131e-01
4.842868802704267672e-01
4.876347407709936688e-01
4.910101836553540378e-01
4.944130267543508928e-01
4.978430702461736357e-01
5.013000969391951944e-01
5.047838726160079892e-01
5.082941464378832874e-01
5.118306514109315364e-01
5.153931049122313368e-01
5.189812092767372986e-01
5.225946524418452199e-01
5.262331086492857413e-01
5.298962392011139499e-01
5.335836932676989441e-01
5.372951087437747297e-01
5.410301131497167182e-01
5.447883245726593548e-01
5.485693526438710776e-01
5.523727995467890839e-01
5.561982610505686875e-01
5.600453275627845784e-01
5.639135851962938650e-01
5.678026168431933307e-01
5.717120032498047566e-01
5.756413240861035785e-01
5.795901590037412232e-01
5.835580886753143348e-01
5.875446958098601291e-01
5.915495661369509772e-01
5.955722893561552489e-01
5.996124600436745222e-01
6.036696785137600774e-01
6.077435516288017814e-01
6.118336935548646105e-01
6.159397264597513688e-01
6.200612811492682841e-01
6.241979976416958120e-01
6.283495256766785664e-01
6.325155251594314354e-01
6.366956665379973623e-01
6.408896311156707659e-01
6.450971112977498256e-01
6.493178107745021244e-01
6.535514446417546308e-01
6.577977394619349827e-01
6.620564332667890906e-01
6.663272755058278207e-01
6.706100269428300065e-01
6.749044595048094841e-01
6.792103560851439070e-01
6.835275103070774794e-01
6.878557262492847046e-01
6.921948181388573040e-01
6.965446100146350794e-01
7.009049353659230208e-01
7.052756367492739598e-01
7.096565653881001801e-01
7.140475807583873680e-01
7.184485501644494176e-01
7.228593483071431569e-01
7.272798568497457206e-01
7.317099639821477153e-01
7.361495639884064746e-01
7.405985568186422840e-01
7.450568476690104802e-01
7.495243465706635799e-01
7.540009679910419926e-01
7.584866304475390564e-01
7.629812561369910817e-01
7.674847705803516940e-01
7.719971022845348863e-01
7.765181824229712149e-01
7.810479445329452375e-01
7.855863242331362351e-01
7.901332589597588330e-01
7.946886877214367484e-01
7.992525508733532291e-01
8.038247899096723215e-01
8.084053472747633196e-01
8.129941661913870909e-01
8.175911905067443364e-01
8.221963645543373111e-01
8.268096330316851983e-01
8.314309408930763423e-01
8.360602332558774163e-01
8.406974553202066769e-01
8.453425523003520459e-01
8.499954693682332252e-01
8.546561516061407238e-01
8.593245439693417698e-01
8.640005912576258496e-01
8.686842380931434349e-01
8.733754289068416110e-01
8.780741079287190942e-01
8.827802191851659153e-01
8.874937064994310454e-01
8.922145134959215129e-01
8.969425836082896009e-01
9.016778600888710749e-01
9.064202860210659463e-01
9.111698043312882467e-01
9.159263578041810794e-01
9.206898890958841175e-01
9.254603407485945121e-01
9.302376552043394309e-01
9.350217748183633493e-01
9.398126418709374930e-01
9.446101985790013034e-01
9.494143871055117367e-01
9.542251495679331397e-01
9.590424280449371119e-01
9.638661645814836643e-01
9.686963011918965361e-01
9.735327798620669881e-01
9.783755425486329038e-01
9.832245311775487107e-01
9.880796876409794205e-01
9.929409537913836958e-01
9.978082714358784688e-01
1.002681582327585197e+00
1.007560828157107347e+00
1.012445950541442485e+00
1.017336891012840638e+00
1.022233591006478814e+00
1.027135991846637397e+00
1.032044034733524240e+00
1.036957660728211827e+00
1.041876810737735637e+00
1.046801425500207383e+00
1.051731445568838019e+00
1.056666811296967268e+00
1.061607462822153014e+00
1.066553340050980569e+00
1.071504382644183684e+00
1.076460530001511096e+00
1.081421721247754819e+00
1.086387895218738464e+00
1.091358990448369592e+00
1.096334945155524654e+00
1.101315697233029134e+00
1.106301184235653157e+00
1.111291343370680584e+00
1.116286111487690746e+00
1.121285425070605246e+00
1.126289220229878874e+00
1.131297432695348437e+00
1.136309997810978523e+00
1.141326850530063552e+00
1.146347925410201807e+00
1.151373156612017334e+00
1.156402477895379199e+00
1.161435822619637293e+00
1.166473123742058249e+00
1.171514313819552733e+00
1.176559325009267853e+00
1.181608089071171097e+00
1.186660537370892499e+00
1.191716600883513610e+00
1.196776210198061019e+00
1.201839295522447504e+00
1.206905786689282500e+00
1.211975613162393106e+00
1.217048704043355523e+00
1.222124988079272168e+00
1.227204393670489280e+00
1.232286848879098784e+00
1.237372281437907118e+00
1.242460618759307911e+00
1.247551787945694546e+00
1.252645715798858195e+00
1.257742328830959266e+00
1.262841553275138251e+00
1.267943315097021850e+00
1.273047540006198020e+00
1.278154153468637588e+00
1.283263080719076132e+00
1.288374246773962062e+00
1.293487576445185638e+00
1.298602994354030926e+00
1.303720424946160916e+00
1.308839792506256927e+00
1.313961021174805621e+00
1.319084034964270513e+00
1.324208757776785594e+00
1.329335113422626113e+00
1.334463025639384126e+00
1.339592418112102834e+00
1.344723214494969010e+00
1.349855338433141316e+00
1.354988713586680493e+00
1.360123263655146131e+00
1.365258912403133129e+00
1.370395583687987529e+00
1.375533201487571411e+00
1.380671689930467849e+00
1.385810973326438988e+00
1.390950976198978895e+00
1.396091623318534314e+00
1.401232839736921365e+00
1.406374550823411562e+00
1.411516682300752112e+00
1.416659160283524566e+00
1.421801911315893063e+00
1.426944862410727488e+00
1.432087941089756677e+00
1.437231075422241711e+00
1.442374194066137427e+00
1.447517226306706206e+00
1.452660102096781314e+00
1.457802752095042287e+00
1.462945107704175740e+00
1.468087101107202308e+00
1.473228665302888540e+00
1.478369734138975433e+00
1.483510242343058838e+00
1.488650125551501890e+00
1.493789320335062953e+00
1.498927764221621217e+00
1.504065395715082243e+00
1.509202154310640642e+00
1.514337980505688908e+00
1.519472815806615307e+00
1.524606602730611327e+00
1.529739284801469923e+00
1.534870806542223409e+00
1.540001113459912530e+00
1.545130152026161774e+00
1.550257869651322729e+00
1.555384214652250074e+00
1.560509136214979220e+00
1.565632584349908374e+00
1.570754509842283930e+00
1.575874864195560887e+00
1.580993599569002317e+00
1.586110668710387195e+00
1.591226024881245760e+00
1.596339621779115925e+00
1.601451413452866790e+00
1.606561354214331994e+00
1.611669398545165999e+00
1.616775501001000093e+00
1.621879616110746269e+00
1.626981698274489796e+00
1.632081701658800954e+00
1.637179580090280195e+00
1.642275286948543300e+00
1.647368775059318224e+00
1.652459996587161140e+00
1.657548902930268353e+00
1.662635444616814340e+00
1.667719571203613027e+00
1.672801231178822290e+00
1.677880371868347931e+00
1.682956939346098579e+00
1.688030878351273856e+00
1.693102132209786115e+00
1.698170642763692229e+00
1.703236350306106761e+00
1.708299193525592230e+00
1.713359109456005447e+00
1.718416033436832357e+00
1.723469899080811718e+00
1.728520638250338859e+00
1.733568181043900980e+00
1.738612455790133016e+00
1.743653389051863511e+00
1.748690905638393911e+00
1.753724928628197066e+00
1.758755379397783702e+00
1.763782177662076789e+00
1.768805241519799454e+00
1.773824487509726211e+00
1.778839830671535838e+00
1.783851184615760976e+00
1.788858461598746619e+00
1.793861572604602994e+00
1.798860427431721476e+00
1.803854934784560937e+00
1.808845002369962707e+00
1.813830536996448251e+00
1.818811444677794986e+00
1.823787630738120447e+00
1.828758999920259143e+00
1.833725456494973205e+00
1.838686904372068609e+00
1.843643247212016556e+00
1.848594388538161493e+00
1.853540231849456266e+00
1.858480680732766288e+00
1.863415638975382649e+00
1.868345010677058049e+00
1.873268700361177430e+00
1.878186613085971235e+00
1.883098654555361851e+00
1.888004731228439814e+00
1.892904750429290406e+00
1.897798620456316421e+00
1.902686250690791336e+00
1.907567551706099485e+00
1.912442435375479644e+00
1.917310814981472600e+00
1.922172605323520411e+00
1.927027722826959444e+00
1.931876085650741981e+00
1.936717613795381432e+00
1.941552229211102043e+00
1.946379855903587863e+00
1.951200420040223316e+00
1.956013850053175629e+00
1.960820076742660900e+00
1.965619033373939395e+00
1.970410655773873643e+00
1.975194882421115405e+00
1.979971654531121006e+00
1.984740916135249167e+00
1.989502614151117399e+00
1.994256698444561104e+00
1.999003121881260059e+00
2.003741840366842553e+00
2.008472812873642432e+00
2.013196001453255946e+00
2.017911371233719109e+00
2.022618890399312086e+00
2.027318530151932752e+00
2.032010264653561826e+00
2.036694070947859370e+00
2.041369928859834371e+00
2.046037820874950341e+00
2.050697731992699335e+00
2.055349649560755498e+00
2.059993563081732315e+00
2.064629464000454995e+00
2.069257345466122722e+00
2.073877202072881065e+00
2.078489029580155911e+00
2.083092824611537441e+00
2.087688584336372166e+00
2.092276306134147390e+00
2.096855987244144348e+00
2.101427624403683136e+00
2.105991213475218338e+00
2.110546749068497707e+00
2.115094224156329084e+00
2.119633629693246313e+00
2.124164954232115488e+00
2.128688183551099566e+00
2.133203300287230153e+00
2.137710283584146165e+00
2.142209108755366742e+00
2.146699746968110389e+00
2.151182164948461484e+00
2.155656324715125916e+00
2.160122183337720436e+00
2.164579692731252614e+00
2.169028799480254399e+00
2.173469444700598441e+00
2.177901563938261731e+00
2.182325087105650319e+00
2.186739938458443167e+00
2.191146036611673065e+00
2.195543294594998418e+00
2.199931619948371164e+00
2.204310914855898584e+00
2.208681076316806990e+00
2.213041996352461904e+00
2.217393562247685690e+00
2.221735656823000227e+00
2.226068158736545843e+00
2.230390942812563004e+00
2.234703880392462594e+00
2.239006839707701424e+00
2.243299686268762194e+00
2.247582283268566794e+00
2.251854491997027363e+00
2.256116172263372910e+00
2.260367182822473175e+00
2.264607381804522479e+00
2.268836627143681284e+00
2.273054777002613491e+00
2.277261690194045674e+00
2.281457226594350907e+00
2.285641247548789057e+00
2.289813616268349783e+00
2.293974198215872562e+00
2.298122861480940582e+00
2.302259477145894184e+00
2.306383919637988722e+00
2.310496067074681470e+00
2.314595801595299651e+00
2.318683009685117646e+00
2.322757582490858397e+00
2.326819416126149953e+00
2.330868411970400178e+00
2.334904476960465658e+00
2.338927523874408276e+00
2.342937471608598443e+00
2.346934245447581890e+00
2.350917777325370661e+00
2.354888006077210605e+00
2.358844877681170793e+00
2.362788345486523500e+00
2.366718370426283524e+00
2.370634921211941304e+00
2.374537974506038651e+00
2.378427515068803455e+00
2.382303535875041511e+00
2.386166038195672634e+00
2.390015031640973842e+00
2.393850534157676790e+00
2.397672571977870426e+00
2.401481179512363617e+00
2.405276399184922198e+00
2.409058281202916874e+00
2.412826883258582633e+00
2.416582270160785306e+00
2.420324513390204046e+00
2.424053690579497378e+00
2.427769884915708776e+00
2.431473184464927328e+00
2.435163681420243975e+00
2.438841471276487649e+00
2.442506651933669559e+00
2.446159322735003805e+00
2.449799583444746354e+00
2.453427533174286523e+00
2.457043269265439811e+00
2.460646886137095812e+00
2.464238474111624999e+00
2.467818118228435775e+00
2.471385897057734038e+00
2.474941881530293486e+00
2.478486133793019519e+00
2.482018706105825867e+00
2.485539639793620026e+00
2.489048964266892927e+00
2.492546696121333394e+00
2.496032838332944870e+00
2.499507379555438558e+00
2.502970293533141710e+00
2.506421538637043867e+00
2.509861057530105910e+00
2.513288776969783811e+00
2.516704607749562506e+00
2.520108444781806512e+00
2.523500167321857557e+00
2.526879639332835659e+00
2.530246709984367737e+00
2.533601214281952618e+00
2.536942973818953728e+00
2.540271797639912510e+00
2.543587483209585720e+00
2.546889817468498407e+00
2.550178577970800387e+00
2.553453534082053000e+00
2.556714448232103365e+00
2.559961077198304125e+00
2.563193173416849380e+00
2.566410486296602400e+00
2.569612763532086674e+00
2.572799752397984641e+00
2.575971201014690237e+00
2.579126859579176312e+00
2.582266481547043746e+00
2.585389824766135103e+00
2.588496652551324217e+00
2.591586734702993056e+00
2.594659848463496399e+00
2.597715779417169468e+00
2.600754322332117674e+00
2.603775281952773302e+00
2.606778473741439672e+00
2.609763724583406663e+00
2.612730873454733427e+00
2.615679772064046560e+00
2.618610285475883259e+00
2.621522292717856750e+00
2.624415687381501883e+00
2.627290378220401568e+00
2.630146289746921884e+00
2.632983362829504514e+00
2.635801555291279019e+00
2.638600842503654675e+00
2.641381217971633610e+00
2.644142693901185837e+00
2.646885301737307739e+00
2.649609092662650767e+00
2.652314138036094171e+00
2.655000529759056427e+00
2.657668380544773612e+00
2.660317824076765092e+00
2.662949015027795685e+00
2.665562128924291230e+00
2.668157361831267949e+00
2.670734929839031935e+00
2.673295068333918945e+00
2.675838031035246090e+00
2.678364088786955755e+00
2.680873528093701719e+00
2.683366649394678838e+00
2.685843765076424638e+00
2.688305197225835830e+00
2.690751275134088516e+00
2.693182332566256498e+00
2.695598704814193169e+00
2.698000725562075264e+00
2.700388723591078399e+00
2.702763019363026320e+00
2.705123921521068286e+00
2.707471723350993287e+00
2.709806699254047047e+00
2.712129101277835463e+00
2.714439155758905375e+00
2.716737060127629722e+00
2.719022979928151340e+00
2.721297046103268613e+00
2.723559352587344939e+00
2.725809954257245593e+00
2.728048865272234558e+00
2.730276057840566928e+00
2.732491461434149560e+00
2.734694962474554458e+00
2.736886404494825342e+00
2.739065588784665550e+00
2.741232275509761340e+00
2.743386185291667001e+00
2.745527001224379759e+00
2.747654371298160481e+00
2.749767911192030567e+00
2.751867207389118608e+00
2.753951820567434261e+00
2.756021289207808422e+00
2.758075133364497944e+00
2.760112858535503921e+00
2.762133959575915121e+00
2.764137924588605966e+00
2.766124238743274955e+00
2.768092387963547729e+00
2.770041862436133151e+00
2.771972159903619115e+00
2.773882788700436475e+00
2.775773270511201929e+00
2.777643142834011591e+00
2.779491961137353861e+00
2.781319300720634491e+00
2.783124758283443079e+00
2.784907953230538524e+00
2.786668528739090434e+00
2.788406152628689405e+00
2.790120518073250011e+00
2.791811344210355816e+00
2.793478376689364495e+00
2.795121388218782421e+00
2.796740179156544492e+00
2.798334578194690447e+00
2.799904443177140934e+00
2.801449662085608860e+00
2.802970154222042432e+00
2.804465871595944293e+00
2.805936800526413144e+00
2.807382963444815527e+00
2.808804420875871344e+00
2.810201273559827406e+00
2.811573664666186634e+00
2.812921782035170182e+00
2.814245860371465291e+00
2.815546183308664130e+00
2.816823085248297609e+00
2.818076952882555997e+00
2.819308226294810815e+00
2.820517399545813042e+00
2.821705020646199547e+00
2.822871690830464964e+00
2.824018063050297123e+00
2.825144839622141912e+00
2.826252768974797380e+00
2.827342641459493766e+00
2.828415284204772284e+00
2.829471555015233175e+00
2.830512335340964469e+00
2.831538522357574639e+00
2.832551020233641914e+00
2.833550730672343310e+00
2.834538542849372789e+00
2.835515322886934975e+00
2.836481903023537310e+00
2.837439070660567886e+00
2.838387557479822298e+00
2.839328028833322470e+00
2.840261073618897125e+00
2.841187194843299846e+00
2.842106801077516565e+00
2.843020198990808822e+00
2.843927587133854740e+00
2.844829051118753949e+00
2.845724560314541574e+00
2.846613966153003883e+00
2.847497002101513797e+00
2.848373285328167803e+00
2.849242320054771405e+00
2.850103502549385937e+00
2.850956127684554531e+00
2.851799396944798559e+00
2.852632427740373178e+00
2.853454263844783512e+00
2.854263886754104806e+00
2.855060227734834033e+00
2.855842180313612477e+00
2.856608612954166126e+00
2.857358381655872304e+00
2.858090342224838931e+00
2.858803361968306866e+00
2.859496330583959800e+00
2.860168170043215330e+00
2.860817843278373740e+00
2.861444361533106218e+00
2.862046790257420703e+00
2.862624253480099856e+00
2.863175936637523122e+00
2.863701087887352337e+00
2.864199017995587848e+00
2.864669098929651270e+00
2.865110761347069879e+00
2.865523491201696693e+00
2.865906825732852603e+00
2.866260349115426820e+00
2.866583688073363945e+00
2.866876507752054604e+00
2.867138508144336129e+00
2.867369421336388058e+00
2.867569009819327164e+00
2.867737066068567042e+00
2.867873413555574569e+00
2.867977909314515905e+00
2.868050448135695873e+00
2.868090968409402475e+00
2.868099459585609079e+00
2.868075971141028635e+00
2.868020622872251568e+00
2.867933616241268524e+00
2.867815246421322684e+00
2.867665914619314638e+00
2.867486140205448564e+00
2.867276572168792725e+00
2.867037999427046735e+00
2.866771359562143573e+00
2.866477745596418991e+00
2.866158410466894679e+00
2.865814768893884423e+00
2.865448396358436067e+00
2.865061024925907862e+00
2.864654535676080638e+00
2.864230947545739703e+00
2.863792402446325269e+00
2.863341146604727605e+00
2.862879508172726961e+00
2.862409871254397942e+00
2.861934646621653755e+00
2.861456239508775035e+00
2.860977015003056234e+00
2.860499261691098916e+00
2.860025154336146791e+00
2.859556716480580185e+00
2.859095783935385882e+00
2.858643970148679880e+00
2.858202634418265387e+00
2.857772853826052728e+00
2.857355399646467120e+00
2.856950718817345525e+00
2.856558920883593977e+00
2.856179770669682760e+00
2.855812686795684119e+00
2.855456746061413309e+00
2.855110693681702116e+00
2.854772959326939308e+00
2.854441678919141356e+00
2.854114722071820154e+00
2.853789724925236193e+00
2.853464127893048374e+00
2.853135217499722653e+00
2.852800171158224707e+00
2.852456103487374328e+00
2.852100112701862145e+00
2.851729325738450171e+00
2.851340941075661384e+00
2.850932268505061540e+00
2.850500765337316000e+00
2.850044068553301724e+00
2.849560022264880477e+00
2.849046699613562161e+00
2.848502418076340525e+00
2.847925747227258775e+00
2.847315508363043257e+00
2.846670765970794825e+00
2.845990811607995052e+00
2.845275141204890890e+00
2.844523427001785620e+00
2.843735485352830050e+00
2.842911241595466709e+00
2.842050693223888036e+00
2.841153872774803801e+00
2.840220812022921315e+00
2.839251509170723775e+00
2.838245900559461798e+00
2.837203838067323236e+00
2.836125072895518073e+00
2.835009246068830535e+00
2.833855885780963035e+00
2.832664411775255964e+00
2.831434147239414223e+00
2.830164339083553582e+00
2.828854187661961284e+00
2.827502886660431258e+00
2.826109672797632477e+00
2.824673883450276257e+00
2.823195018925497290e+00
2.821672805505878845e+00
2.820107255864370277e+00
2.818498724678325296e+00
2.816847958578649891e+00
2.815156140353900049e+00
2.813424927331198866e+00
2.811656483300086329e+00
2.809853502622996491e+00
2.808019224692750448e+00
2.806157436866182131e+00
2.804272464438661849e+00
2.802369146958798130e+00
2.800452800826512156e+00
2.798529168325863736e+00
2.796604352947271721e+00
2.794684740440083193e+00
2.792776905072002158e+00
2.790887501316286379e+00
2.789023142437880853e+00
2.787190268672643523e+00
2.785395008538102513e+00
2.783643037419182953e+00
2.781939438407524889e+00
2.780288571753064986e+00
2.778693960574323274e+00
2.777158200146284450e+00
2.775682894723233041e+00
2.774268620001101748e+00
2.772914903967238942e+00
2.771620217749497073e+00
2.770381972478452859e+00
2.769196525522036989e+00
2.768059205116341737e+00
2.766964363258868076e+00
2.765905462932809922e+00
2.764875199630520974e+00
2.763865651160306580e+00
2.762868445697257869e+00
2.761874937394618534e+00
2.760876381977440008e+00
2.759864109633578533e+00
2.758829695552813543e+00
2.757765127258990923e+00
2.756662963838423686e+00
2.755516479193608870e+00
2.754319782244118553e+00
2.753067911182360383e+00
2.751756903865874460e+00
2.750383849315591878e+00
2.748946924024706639e+00
2.747445411330802223e+00
2.745879695149527233e+00
2.744251215390661969e+00
2.742562374735900033e+00
2.740816394844757919e+00
2.739017130526773425e+00
2.737168857874170413e+00
2.735276053651521266e+00
2.733343179162067038e+00
2.731374476123294315e+00
2.729373778396341876e+00
2.727344342113729336e+00
2.725288696088042251e+00
2.723208514165229577e+00
2.721104513556540816e+00
2.718976387997609212e+00
2.716822786098123554e+00
2.714641337904399876e+00
2.712428720663358384e+00
2.710180750202449307e+00
2.707892493141708101e+00
2.705558407647929542e+00
2.703172521992567745e+00
2.700728648570595247e+00
2.698220618681248517e+00
2.695642522218208992e+00
2.692988945410546009e+00
2.690255208600225600e+00
2.687437607428258879e+00
2.684533655569422805e+00
2.681542319953276188e+00
2.678464234146840539e+00
2.675301874823157178e+00
2.672059690653408204e+00
2.668744179572518860e+00
2.665363914034456272e+00
2.661929512500140316e+00
2.658453552494708383e+00
2.654950420797454136e+00
2.651436099658939227e+00
2.647927890317488320e+00
2.644444074519066046e+00
2.641003515299702453e+00
2.637625206719757642e+00
2.634327799238284307e+00
2.631129140120313181e+00
2.628045857122512707e+00
2.625092975678525065e+00
2.622283525380103342e+00
2.619628102990652518e+00
2.617134420517479132e+00
2.614806923549950923e+00
2.612646554813468747e+00
2.610650665278929417e+00
2.608813015711715533e+00
2.607123826738814820e+00
2.605569899361345865e+00
2.604134859747179842e+00
2.602799544270386622e+00
2.601542476735220433e+00
2.600340365544726584e+00
2.599168580376043813e+00
2.598001619081470981e+00
2.596813605421050664e+00
2.595578855014617492e+00
2.594272520863895704e+00
2.592871295776099760e+00
2.591354120263058114e+00
2.589702830347351714e+00
2.587902681920497550e+00
2.585942704960270788e+00
2.583815872475017983e+00
2.581519112010917993e+00
2.579053223796608840e+00
2.576422774573895680e+00
2.573636001169161691e+00
2.570704699418633332e+00
2.567644021894588846e+00
2.564472089759614715e+00
2.561209357784315799e+00
2.557877754521457270e+00
2.554499714940546173e+00
2.551097266713507672e+00
2.547691280466620078e+00
2.544300878176313674e+00
2.540942905454044887e+00
2.537631385358576797e+00
2.534376962692991953e+00
2.531186428516499554e+00
2.528062420818198319e+00
2.525003344368269786e+00
2.522003495697667130e+00
2.519053345754918460e+00
2.516139914223195717e+00
2.513247160132068281e+00
2.510356329547865251e+00
2.507446254235729199e+00
2.504493663470233056e+00
2.501473610495143163e+00
2.498360096923109896e+00
2.495126913818976444e+00
2.491748645322825695e+00
2.488201733292442874e+00
2.484465494232769966e+00
2.480523010770031789e+00
2.476361870906123475e+00
2.471974766782048860e+00
2.467359965058130822e+00
2.462521630101875747e+00
2.457469953646183480e+00
2.452221048693112859e+00
2.446796600162299828e+00
2.441223310896786902e+00
2.435532219291414613e+00
2.429757972297929669e+00
2.423938098256687823e+00
2.418112260669799340e+00
2.412321449257388117e+00
2.406607104262595165e+00
2.401010212493238871e+00
2.395570393795293462e+00
2.390324952702651995e+00
2.385307889689201044e+00
2.380548941922642658e+00
2.376072750206857709e+00
2.371898183272187932e+00
2.368037783080856773e+00
2.364497320198338137e+00
2.361275525225515093e+00
2.358364068930947965e+00
2.355747769907235778e+00
2.353404922499839014e+00
2.351307665856914753e+00
2.349422427809742864e+00
2.347710552198653655e+00
2.346129183204016755e+00
2.344632376163133358e+00
2.343172321996470409e+00
2.341700564949122487e+00
2.340169149549727212e+00
2.338531704575417258e+00
2.336744513136666868e+00
2.334767608343330192e+00
2.332565884421661018e+00
2.330110153713941035e+00
2.327378038472980748e+00
2.324354577801647004e+00
2.321032463181668781e+00
2.317411895127772681e+00
2.313500158341169843e+00
2.309311082167723406e+00
2.304864520052530619e+00
2.300185849586517506e+00
2.295305367134837571e+00
2.290257445603639752e+00
2.285079446279087545e+00
2.279810507599022262e+00
2.274490361985384901e+00
2.269158260939716953e+00
2.263852009040262736e+00
2.258607083593269671e+00
2.253455833361091454e+00
2.248426756395173420e+00
2.243543835748344151e+00
2.238825895869589022e+00
2.234285973681538806e+00
2.229930772448329268e+00
2.225760325512632143e+00
2.221767983227978860e+00
2.217940751261112009e+00
2.214259907712692765e+00
2.210701767250792038e+00
2.207238463033426967e+00
2.203838666932832702e+00
2.200468233041623645e+00
2.197090796495352549e+00
2.193668375579736374e+00
2.190162021164330231e+00
2.186532553305097437e+00
2.182741423860490304e+00
2.178751729556392736e+00
2.174529356980357875e+00
2.170044182372970809e+00
2.165271215105345703e+00
2.160191591857926863e+00
2.154793373016318903e+00
2.149072107235368900e+00
2.143031102816092215e+00
2.136681336431474509e+00
2.130040998535380314e+00
2.123134785554613657e+00
2.115993098833242048e+00
2.108651250902839003e+00
2.101148680886007813e+00
2.093528144910183908e+00
2.085834882635782428e+00
2.078115786047874725e+00
2.070418565457181614e+00
2.062790874443668265e+00
2.055279386828895216e+00
2.047928884511673875e+00
2.040781424583240522e+00
2.033875587872969071e+00
2.027245751951711750e+00
2.020921353472102222e+00
2.014926181524298254e+00
2.009277793217351338e+00
2.003987123481226096e+00
1.999058301890053624e+00
1.994488644430918223e+00
1.990268783847756406e+00
1.986382921286922176e+00
1.982809191064511811e+00
1.979520118966105802e+00
1.976483143987759705e+00
1.973661187439117892e+00
1.971013287682319426e+00
1.968495345262204266e+00
1.966061017168326597e+00
1.963662758159046895e+00
1.961252950791317673e+00
1.958785023974234374e+00
1.956214458975733095e+00
1.953499628689989276e+00
1.950602487354788694e+00
1.947489179573175466e+00
1.944130634558335347e+00
1.940503157249963140e+00
1.936588962474975473e+00
1.932376565868843876e+00
1.927860960979333793e+00
1.923043557857609720e+00
1.917931905561107930e+00
1.912539251300149790e+00
1.906883998385041634e+00
1.900989114511603129e+00
1.894881513730056088e+00
1.888591401651414703e+00
1.882151557600204361e+00
1.875596546368797579e+00
1.868961893228787696e+00
1.862283283077355023e+00
1.855595834519418785e+00
1.848933464394229231e+00
1.842328329058677605e+00
1.835810323178562520e+00
1.829406627049385614e+00
1.823141301673849135e+00
1.817034928358546075e+00
1.811104281776896752e+00
1.805362023688530604e+00
1.799816416478215109e+00
1.794471079330687502e+00
1.789324832628351514e+00
1.784371682416897364e+00
1.779600979913490422e+00
1.774997758952837401e+00
1.770543222267498829e+00
1.766215326450037537e+00
1.761989408003074908e+00
1.757838797784160301e+00
1.753735386908932714e+00
1.749650130170648410e+00
1.745553495225081519e+00
1.741415878153141916e+00
1.737208005404080602e+00
1.732901334421519612e+00
1.728468460375347959e+00
1.723883539075011795e+00
1.719122740610026012e+00
1.714164743061537433e+00
1.708991255823012478e+00
1.703587536710251094e+00
1.697942852162154903e+00
1.692050832655593418e+00
1.685909688038072396e+00
1.679522258687582648e+00
1.672895889282258963e+00
1.666042133368997202e+00
1.658976330605215654e+00
1.651717126335406682e+00
1.644286001218402182e+00
1.636706843237329512e+00
1.629005550285122172e+00
1.621209630867728402e+00
1.613347783266220192e+00
1.605449459587592109e+00
1.597544432887031629e+00
1.589662375812698203e+00
1.581832444943303440e+00
1.574082864616768385e+00
1.566440517076729932e+00
1.558930556264253031e+00
1.551576059388473094e+00
1.544397718613580217e+00
1.537413567874027720e+00
1.530638743042486372e+00
1.524085282209940662e+00
1.517761977877276625e+00
1.511674290392312603e+00
1.505824324234525058e+00
1.500210860706539195e+00
1.494829436660574551e+00
1.489672460875923310e+00
1.484729365820755875e+00
1.479986798035808127e+00
1.475428850933907743e+00
1.471037338911172387e+00
1.466792105123790657e+00
1.462671351863119806e+00
1.458651984180520111e+00
1.454709962639727738e+00
1.450820666227762068e+00
1.446959268359911288e+00
1.443101125935199569e+00
1.439222173990093667e+00
1.435299309451895766e+00
1.431310741420033450e+00
1.427236286768386542e+00
1.423057600038985848e+00
1.418758341972568005e+00
1.414324304234723773e+00
1.409743511940338756e+00
1.405006318411006205e+00
1.400105492592289114e+00
1.395036286734530284e+00
1.389796466875706793e+00
1.384386292769985705e+00
1.378808443439573761e+00
1.373067893765014702e+00
1.367171752516890493e+00
1.361129072487683445e+00
1.354950641075664652e+00
1.348648757196281966e+00
1.342236998851622509e+00
1.335729984868479825e+00
1.329143133835798629e+00
1.322492423270915429e+00
1.315794152614382151e+00
1.309064714324728929e+00
1.302320377079119851e+00
1.295577083434051868e+00
1.288850261938618846e+00
1.282154652130167216e+00
1.275504141151871718e+00
1.268911612721937088e+00
1.262388811477500816e+00
1.255946226682597366e+00
1.249592998155821588e+00
1.243336844559973953e+00
1.237184011362685965e+00
1.231139234327054188e+00
1.225205715087719360e+00
1.219385107884174868e+00
1.213677519612342381e+00
1.208081527563785729e+00
1.202594219575488399e+00
1.197211259839022768e+00
1.191926981169339594e+00
1.186734502102835709e+00
1.181625865378640228e+00
1.176592193088070282e+00
1.171623852772011753e+00
1.166710627930009458e+00
1.161841886068580187e+00
1.157006738006423952e+00
1.152194183816008799e+00
1.147393243202397439e+00
1.142593070633720398e+00
1.137783057442456558e+00
1.132952923971972448e+00
1.128092804653105130e+00
1.123193328064990393e+00
1.118245693128390394e+00
1.113241742025766978e+00
1.108174030252464970e+00
1.103035894024016583e+00
1.097821514757850281e+00
1.092525979419260107e+00
1.087145334504793670e+00
1.081676630779424997e+00
1.076117955822643690e+00
1.070468451866694037e+00
1.064728316988788004e+00
1.058898788287283788e+00
1.052982106354017899e+00
1.046981461482016984e+00
1.040900923713558912e+00
1.034745360692822747e+00
1.028520348567721232e+00
1.022232081216038813e+00
1.015887281681373322e+00
1.009493117460322553e+00
1.003057119161510524e+00
9.965871009625887345e-01
9.900910814954571038e-01
9.835772048832330805e-01
9.770536628215852337e-01
9.705286191595225986e-01
9.640101381761972954e-01
9.575061170391918619e-01
9.510242222600563400e-01
9.445718297528998830e-01
9.381559683537525896e-01
9.317832671032826308e-01
9.254599069262594568e-01
9.191915773741798912e-01
9.129834389202222678e-01
9.068400910568417128e-01
9.007655463165684662e-01
8.947632103572746853e-01
8.888358683417332262e-01
8.829856778869611400e-01
8.772141687701994206e-01
8.715222493284858762e-01
8.659102191362162415e-01
8.603777872137166050e-01
8.549240948273538754e-01
8.495477419645300898e-01
8.442468167985012206e-01
8.390189277946279445e-01
8.338612383891751412e-01
8.287705043025128671e-01
8.237431134602056781e-01
8.187751282809346831e-01
8.138623298288292229e-01
8.090002631549191303e-01
8.041842830915137963e-01
7.994095998269717951e-01
7.946713237110674122e-01
7.899645088730521403e-01
7.852841953457291302e-01
7.806254494614096595e-01
7.759834023277200066e-01
7.713532861998682044e-01
7.667304685593577807e-01
7.621104836761656287e-01
7.574890613976954512e-01
7.528621528890759862e-01
7.482259530617183518e-01
7.435769194996244558e-01
7.389117878069461076e-01
7.342275834608076313e-01
7.295216304043584676e-01
7.247915567370065704e-01
7.200352979151219968e-01
7.152510978548533016e-01
7.104375082444147615e-01
7.055933862513832366e-01
7.007178906864743873e-01
6.958104765920600787e-01
6.908708881809897395e-01
6.858991500589832757e-01
6.808955567133117004e-01
6.758606603216238407e-01
6.707952570117402535e-01
6.657003717617843153e-01
6.605772421832672991e-01
6.554273014492180138e-01
6.502521606437687840e-01
6.450535907981622685e-01
6.398335048521047730e-01
6.345939397381449298e-01
6.293370387264194399e-01
6.240650341077237373e-01
6.187802302338621940e-01
6.134849869028331515e-01
6.081817030709274485e-01
6.028728009001955712e-01
5.975607102030235929e-01
5.922478533994730565e-01
5.869366311402905989e-01
5.816294087651741052e-01
5.763285037356509211e-01
5.710361741289484705e-01
5.657546082157869360e-01
5.604859150800701739e-01
5.552321162037163749e-01
5.499951379285937803e-01
5.447768047296448479e-01
5.395788332663883358e-01
5.344028272208918295e-01
5.292502729579029452e-01
5.241225360546071244e-01
5.190208587349319780e-01
5.139463582232673966e-01
5.089000259961786732e-01
5.038827278824526967e-01
4.988952049415717460e-01
4.939380750414568144e-01
4.890118350575777817e-01
4.841168636330089314e-01
4.792534244487701156e-01
4.744216699729774112e-01
4.696216456604744849e-01
4.648532945815395667e-01
4.601164624466507203e-01
4.554109029917884355e-01
4.507362836751181989e-01
4.460921916306972435e-01
4.414781398228196929e-01
4.368935733423988665e-01
4.323378757946932383e-01
4.278103757266100149e-01
4.233103530526300950e-01
4.188370454374075180e-01
4.143896545943648868e-01
4.099673524644874556e-01
4.055692872346831068e-01
4.011945891588961088e-01
3.968423761457259280e-01
3.925117590799914735e-01
3.882018468475559314e-01
3.839117510423586399e-01
3.796405903360438039e-01
3.753874944996647978e-01
3.711516080734428291e-01
3.669320936851817039e-01
3.627281350241075009e-01
3.585389394807024788e-01
3.543637404676392988e-01
3.502017994364927667e-01
3.460524076096157531e-01
3.419148874456611753e-01
3.377885938568965241e-01
3.336729151977909646e-01
3.295672740417022184e-01
3.254711277647442946e-01
3.213839689496982288e-01
3.173053256264186661e-01
3.132347613610941828e-01
3.091718752046427321e-01
3.051163015119470190e-01
3.010677096389168805e-01
2.970258035269917052e-01
2.929903211810295782e-01
2.889610340490624263e-01
2.849377463093095142e-01
2.809202940728576792e-01
2.769085445085934793e-01
2.729023948984238834e-01
2.689017716296196459e-01
2.649066291339490786e-01
2.609169487786126007e-01
2.569327377192718309e-01
2.529540277206496213e-01
2.489808739510692148e-01
2.450133537582565579e-01
2.410515654300162958e-01
2.370956269466001909e-01
2.331456747264875062e-01
2.292018623719956349e-01
2.252643594170264940e-01
2.213333500807458387e-01
2.174090320313020741e-01
2.134916151630456005e-01
2.095813203911497391e-01
2.056783784673066884e-01
2.017830288217312140e-01
1.978955184337959083e-01
1.940161007360400314e-01
1.901450345554274723e-01
1.862825830945293304e-01
1.824290129546825290e-01
1.785845932057361085e-01
1.747495945008053497e-01
1.709242882397210839e-01
1.671089457812932333e-01
1.633038377029780441e-01
1.595092331100831928e-01
1.557253989919251402e-01
1.519525996255939315e-01
1.481910960244803011e-01
1.444411454322591937e-01
1.407030008593392056e-01
1.369769106609967368e-01
1.332631181554941868e-01
1.295618612804955716e-01
1.258733722858677573e-01
1.221978774616301611e-01
1.185355968990245423e-01
1.148867442827718743e-01
1.112515267131354429e-01
1.076301445562588832e-01
1.040227913204352789e-01
1.004296535576256755e-01
9.685091078793782449e-02
9.328673544627540115e-02
8.973729284863085631e-02
8.620274117911204403e-02
8.268323149290990326e-02
7.917890773732280674e-02
7.568990678794317029e-02
7.221635849915421235e-02
6.875838576832135618e-02
6.531610461193586292e-02
6.188962425383746913e-02
5.847904722324324955e-02
5.508446946260120436e-02
5.170598044391835207e-02
4.834366329306006432e-02
4.499759492004501427e-02
4.166784615655674817e-02
3.835448189733312030e-02
3.505756124648833072e-02
3.177713766760166536e-02
2.851325913584716251e-02
2.526596829276307049e-02
2.203530260246387359e-02
1.882129450796274361e-02
1.562397158823298528e-02
1.244335671435546978e-02
9.279468204992077918e-03
6.132319979634250247e-03
3.001921710700467504e-03
-1.117210278263000307e-04
-3.208606613734800092e-03
-6.288737234362060113e-03
-9.352118746414308376e-03
-1.239876054139677115e-02
-1.542867541417585094e-02
-1.844187943570349542e-02
-2.143839183151169392e-02
-2.441823486368987703e-02
-2.738143371820809385e-02
-3.032801639734271359e-02
-3.325801361675915363e-02
-3.617145870778114281e-02
-3.906838752443922425e-02
-4.194883835622825047e-02
-4.481285184470294725e-02
-4.766047090632919564e-02
-5.049174065916913617e-02
-5.330670835494857179e-02
-5.610542331577385994e-02
-5.888793687551033967e-02
-6.165430232542741529e-02
-6.440457486476462712e-02
-6.713881155554954350e-02
-6.985707128114113096e-02
-7.255941470961853323e-02
-7.524590426074019567e-02
-7.791660407693941359e-02
-8.057157999783892688e-02
-8.321089953885146828e-02
-8.583463187290266139e-02
-8.844284781561212450e-02
-9.103561981389450553e-02
-9.361302193763332280e-02
-9.617512987421400483e-02
-9.872202092624197955e-02
-1.012537740118631679e-01
-1.037704696676208932e-01
-1.062721900542911574e-01
-1.087590189647133360e-01
-1.112310418341571489e-01
-1.136883457527851082e-01
-1.161310194806959434e-01
-1.185591534640211275e-01
-1.209728398539405003e-01
-1.233721725271327285e-01
-1.257572471074817066e-01
-1.281281609901909202e-01
-1.304850133669362977e-01
-1.328279052526575299e-01
-1.351569395134449847e-01
-1.374722208960734993e-01
-1.397738560585382039e-01
-1.420619536014687545e-01
-1.443366241010569651e-01
-1.465979801425700835e-01
-1.488461363547094185e-01
-1.510812094449953680e-01
-1.533033182357810276e-01
-1.555125837006639533e-01
-1.577091290018082237e-01
-1.598930795276650996e-01
-1.620645629307124747e-01
-1.642237091661457593e-01
-1.663706505305559413e-01
-1.685055217004311490e-01
-1.706284597713045026e-01
-1.727396042967642431e-01
-1.748390973271631288e-01
-1.769270834483963051e-01
-1.790037098206483102e-01
-1.810691262162642257e-01
-1.831234850578128959e-01
0.000000000000000000e+00
