1.012726992913938820e-02
1.045824834884282253e-02
1.114423670325382851e-02
1.189107206282119002e-02
1.266513416361672757e-02
1.345081477159329117e-02
1.423943257072106047e-02
1.502600904215579784e-02
1.580764152959318602e-02
1.658263269620908684e-02
1.735000751240031031e-02
1.810923596475705680e-02
1.886006859714240216e-02
1.960243587960402295e-02
2.033638481119705299e-02
2.106203792575319506e-02
2.177956619365546340e-02
2.248917079482972564e-02
2.319107070413534838e-02
2.388549417223524707e-02
2.457267286654172059e-02
2.525283785654981739e-02
2.592621689249063541e-02
2.659303259874839370e-02
2.725350131780774482e-02
2.790783241759681524e-02
2.855622792900561202e-02
2.919888241771515305e-02
2.983598302074690067e-02
3.046770959743524271e-02
3.109423495788632072e-02
3.171572514246272234e-02
3.233233973235602465e-02
3.294423217741037496e-02
3.355155013063243485e-02
3.415443578224066495e-02
3.475302618805549415e-02
3.534745358830049256e-02
3.593784571460410804e-02
3.652432608365295541e-02
3.710701427628328164e-02
3.768602620158997135e-02
3.826147434616335857e-02
3.883346800813934629e-02
3.940211351666680212e-02
3.996751443678878135e-02
4.052977176091912548e-02
4.108898408648795075e-02
4.164524778107411840e-02
4.219865713549903613e-02
4.274930450499911383e-02
4.329728043984873431e-02
4.384267380517983120e-02
4.438557189151135646e-02
4.492606051569255493e-02
4.546422411354882065e-02
4.600014582432034038e-02
4.653390756771037806e-02
4.706559011396442560e-02
4.759527314777954599e-02
4.812303532598486561e-02
4.864895433017615844e-02
4.917310691435867326e-02
4.969556894823077414e-02
5.021641545661133937e-02
5.073572065531633396e-02
5.125355798411575237e-02
5.177000013699587649e-02
5.228511909014785242e-02
5.279898612823512999e-02
5.331167186891526411e-02
5.382324628645993037e-02
5.433377873410125125e-02
5.484333796594546839e-02
5.535199215845798548e-02
5.585980893150271909e-02
5.636685536933067064e-02
5.687319804180529514e-02
5.737890302555335997e-02
5.788403592533784836e-02
5.838866189563526182e-02
5.889284566236551582e-02
5.939665154496905769e-02
5.990014347820370177e-02
6.040338503412143178e-02
6.090643944415551764e-02
6.140936962042738145e-02
6.191223817674249702e-02
6.241510744927601662e-02
6.291803951590653476e-02
6.342109621480024328e-02
6.392433916172690633e-02
6.442782976589665755e-02
6.493162924424675242e-02
6.543579863317447454e-02
6.594039879950092109e-02
6.644549044793350567e-02
6.695113412700433309e-02
6.745739023185966243e-02
6.796431900509085355e-02
6.847198053404135454e-02
6.898043474621258497e-02
6.948974140101421559e-02
6.999996007909017881e-02
7.051115016860037832e-02
7.102337084895760100e-02
7.153668107138556886e-02
7.205113953685207684e-02
7.256680467122639255e-02
7.308373459831453423e-02
7.360198710961513013e-02
7.412161963227137385e-02
7.464268919431729654e-02
7.516525238785998209e-02
7.568936533009303080e-02
7.621508362169299167e-02
7.674246230403401758e-02
7.727155581344391511e-02
7.780241793418714302e-02
7.833510174877167387e-02
7.886965958670838495e-02
7.940614297088290086e-02
7.994460256203551884e-02
8.048508810089809173e-02
8.102764834807894834e-02
8.157233102148442327e-02
8.211918273204137086e-02
8.266824891560663191e-02
8.321957376367714043e-02
8.377320015087591498e-02
8.432916955963173922e-02
8.488752200269254755e-02
8.544829594286838803e-02
8.601152821010955851e-02
8.657725391627799083e-02
8.714550636781021042e-02
8.771631697629392321e-02
8.828971516687399157e-02
8.886572828596449314e-02
8.944438150716509106e-02
9.002569773684213073e-02
9.060969751973579900e-02
9.119639894451303519e-02
9.178581755092134198e-02
9.237796623822361330e-02
9.297285517605848038e-02
9.357049171847475755e-02
9.417088032223421001e-02
9.477402246900315519e-02
9.537991659436120817e-02
9.598855802199256215e-02
9.659993890632498359e-02
9.721404818271205117e-02
9.783087152643063500e-02
9.845039132246893865e-02
9.907258664493723277e-02
9.969743324861848888e-02
1.003249035719822047e-01
1.009549667534759554e-01
1.015875886605392547e-01
1.022227319321249439e-01
1.028603560357226610e-01
1.035004173374411141e-01
1.041428691875295465e-01
1.047876620186897895e-01
1.054347434589246318e-01
1.060840584578285617e-01
1.067355494252221620e-01
1.073891563829766499e-01
1.080448171275136260e-01
1.087024674032311955e-01
1.093620410850924679e-01
1.100234703699620037e-01
1.106866859747165782e-01
1.113516173397289949e-01
1.120181928372873670e-01
1.126863399819658107e-01
1.133559856429652152e-01
1.140270562559303480e-01
1.146994780332283442e-01
1.153731771708600140e-01
1.160480800513167543e-01
1.167241134400025110e-01
1.174012046747036631e-01
1.180792818472870681e-01
1.187582739756051775e-01
1.194381111655717087e-01
1.201187247614866199e-01
1.208000474860612683e-01
1.214820135669466561e-01
1.221645588511784675e-01
1.228476209068566499e-01
1.235311391114973928e-01
1.242150547276259093e-01
1.248993109650355371e-01
1.255838530304894118e-01
1.262686281644857522e-01
1.269535856667579621e-01
1.276386769093294793e-01
1.283238553389055014e-01
1.290090764683974878e-01
1.296942978588249973e-01
1.303794790926803837e-01
1.310645817379480216e-01
1.317495693051908834e-01
1.324344071977365811e-01
1.331190626567334279e-01
1.338035046989602128e-01
1.344877040531841095e-01
1.351716330906461427e-01
1.358552657545537279e-01
1.365385774862033774e-01
1.372215451507150241e-01
1.379041469619090021e-01
1.385863624069210709e-01
1.392681721719346288e-01
1.399495580683915719e-01
1.406305029612645863e-01
1.413109906983016917e-01
1.419910060432834076e-01
1.426705346099730876e-01
1.433495627997849742e-01
1.440280777423881275e-01
1.447060672394049619e-01
1.453835197112374744e-01
1.460604241470749021e-01
1.467367700584402690e-01
1.474125474357194654e-01
1.480877467082401255e-01
1.487623587069446529e-01
1.494363746305280571e-01
1.501097860149541441e-01
1.507825847049625856e-01
1.514547628284045877e-01
1.521263127736633414e-01
1.527972271691998563e-01
1.534674988649230576e-01
1.541371209167429757e-01
1.548060865721696544e-01
1.554743892579849296e-01
1.561420225692507213e-01
1.568089802609589078e-01
1.574752562401231237e-01
1.581408445589879419e-01
1.588057394103166431e-01
1.594699351231045059e-01
1.601334261589675845e-01
1.607962071096235013e-01
1.614582726958800896e-01
1.621196177655264137e-01
1.627802372928725816e-01
1.634401263789700687e-01
1.640992802510000126e-01
1.647576942630224472e-01
1.654153638964197814e-01
1.660722847607475072e-01
1.667284525941107320e-01
1.673838632638336432e-01
1.680385127680121549e-01
1.686923972350740653e-01
1.693455129252071090e-01
1.699978562303637308e-01
1.706494236747456150e-01
1.713002119146260493e-01
1.719502177386306452e-01
1.725994380672316586e-01
1.732478699522137233e-01
1.738955105760231212e-01
1.745423572510745869e-01
1.751884074180987128e-01
1.758336586449381345e-01
1.764781086249865572e-01
1.771217551753886676e-01
1.777645962351134257e-01
1.784066298625208435e-01
1.790478542328183820e-01
1.796882676359776720e-01
1.803278684734069826e-01
1.809666552552466612e-01
1.816046265974273766e-01
1.822417812180369689e-01
1.828781179340969731e-01
1.835136356581351103e-01
1.841483333945274636e-01
1.847822102355186624e-01
1.854152653572999354e-01
1.860474980162636904e-01
1.866789075443394119e-01
1.873094933452666699e-01
1.879392548903519311e-01
1.885681917135426655e-01
1.891963034069165661e-01
1.898235896171626136e-01
1.904500500392612428e-01
1.910756844126579312e-01
1.917004925169571439e-01
1.923244741657366697e-01
1.929476292023605821e-01
1.935699574949090451e-01
1.941914589311896921e-01
1.948121334132031368e-01
1.954319808518361068e-01
1.960510011627885629e-01
1.966691942598665088e-01
1.972865600506878703e-01
1.979030984307178220e-01
1.985188092786099312e-01
1.991336924501178884e-01
1.997477477733735629e-01
2.003609750431898373e-01
2.009733740159675985e-01
2.015849444042440708e-01
2.021956858714610006e-01
2.028055980269042047e-01
2.034146804203512404e-01
2.040229325371779034e-01
2.046303537931668248e-01
2.052369435297627109e-01
2.058427010089448894e-01
2.064476254091998364e-01
2.070517158201906904e-01
2.076549712388039426e-01
2.082573905647855106e-01
2.088589725961504107e-01
2.094597160263437785e-01
2.100596194396206484e-01
2.106586813079454612e-01
2.112568999873488951e-01
2.118542737151575261e-01
2.124508006072145516e-01
2.130464786548781908e-01
2.136413057236684065e-01
2.142352795505235441e-01
2.148283977423126878e-01
2.154206577744223472e-01
2.160120569900346454e-01
2.166025925994314316e-01
2.171922616792239524e-01
2.177810611727186152e-01
2.183689878902064507e-01
2.189560385100987050e-01
2.195422095790499906e-01
2.201274975153914848e-01
2.207118986091811952e-01
2.212954090255028483e-01
2.218780248077712181e-01
2.224597418798360815e-01
2.230405560505266116e-01
2.236204630171749752e-01
2.241994583702655863e-01
2.247775375989640168e-01
2.253546960953532741e-01
2.259309291613479376e-01
2.265062320138110930e-01
2.270805997922400454e-01
2.276540275647097045e-01
2.282265103364423120e-01
2.287980430563707479e-01
2.293686206257067872e-01
2.299382379068466709e-01
2.305068897313247156e-01
2.310745709100809064e-01
2.316412762414953863e-01
2.322070005221000821e-01
2.327717385558521479e-01
2.333354851646084471e-01
2.338982351976717222e-01
2.344599835433239521e-01
2.350207251384401064e-01
2.355804549796583214e-01
2.361391681338242676e-01
2.366968597479024716e-01
2.372535250612641811e-01
2.378091594148482313e-01
2.383637582617591510e-01
2.389173171781707739e-01
2.394698318727044861e-01
2.400212981966441672e-01
2.405717121529425406e-01
2.411210699062901475e-01
2.416693677909411697e-01
2.422166023195276574e-01
2.427627701909444435e-01
2.433078682974064433e-01
2.438518937318219226e-01
2.443948437931506568e-01
2.449367159926209014e-01
2.454775080582366209e-01
2.460172179390843483e-01
2.465558438086461190e-01
2.470933840673389392e-01
2.476298373445730006e-01
2.481652024987443805e-01
2.486994786185517670e-01
2.492326650217304151e-01
2.497647612523510308e-01
2.502957670797300582e-01
2.508256824939491536e-01
2.513545077012813156e-01
2.518822431194777112e-01
2.524088893701512681e-01
2.529344472726738902e-01
2.534589178362630646e-01
2.539823022488795767e-01
2.545046018690909073e-01
2.550258182149810482e-01
2.555459529522482454e-01
2.560650078817783837e-01
2.565829849263424611e-01
2.570998861174237371e-01
2.576157135799902465e-01
2.581304695180769992e-01
2.586441561977481096e-01
2.591567759324316378e-01
2.596683310663295274e-01
2.601788239557366600e-01
2.606882569536894123e-01
2.611966323906821930e-01
2.617039525579673565e-01
2.622102196897973525e-01
2.627154359446898235e-01
2.632196033880517816e-01
2.637227239739780571e-01
2.642247995284226492e-01
2.647258317307117359e-01
2.652258220974757497e-01
2.657247719645084993e-01
2.662226824721597995e-01
2.667195545490186337e-01
2.672153888962424118e-01
2.677101859735248612e-01
2.682039459852087471e-01
2.686966688676440396e-01
2.691883542767204429e-01
2.696790015770586524e-01
2.701686098310578932e-01
2.706571777907448295e-01
2.711447038887200289e-01
2.716311862318664949e-01
2.721166225954459450e-01
2.726010104181904592e-01
2.730843467992163376e-01
2.735666284964618500e-01
2.740478519256244749e-01
2.745280131606108731e-01
2.750071079366055438e-01
2.754851316530290695e-01
2.759620793786978776e-01
2.764379458582749693e-01
2.769127255202478155e-01
2.773864124870394354e-01
2.778590005854000289e-01
2.783304833593083782e-01
2.788008540829757798e-01
2.792701057780530016e-01
2.797382312296519680e-01
2.802052230039300817e-01
2.806710734691738596e-01
2.811357748165358994e-01
2.815993190819778280e-01
2.820616981710344917e-01
2.825229038829067951e-01
2.829829279368090145e-01
2.834417619992956050e-01
2.838993977120876089e-01
2.843558267218674329e-01
2.848110407080637341e-01
2.852650314156616185e-01
2.857177906846235516e-01
2.861693104818103794e-01
2.866195829320001831e-01
2.870686003506239259e-01
2.875163552749281926e-01
2.879628404947423004e-01
2.884080490847901745e-01
2.888519744342341045e-01
2.892946102768296779e-01
2.897359507196841100e-01
2.901759902714514117e-01
2.906147238679938072e-01
2.910521468982363857e-01
2.914882552269611460e-01
2.919230452160870848e-01
2.923565137445773843e-01
2.927886582254629055e-01
2.932194766205796777e-01
2.936489674527264504e-01
2.940771298159196578e-01
2.945039633813472113e-01
2.949294684021744328e-01
2.953536457132549531e-01
2.957764967297882852e-01
2.961980234414707258e-01
2.966182284040103090e-01
2.970371147265008505e-01
2.974546860564220574e-01
2.978709465616969920e-01
2.982859009077822865e-01
2.986995542331543629e-01
2.991119121216955223e-01
2.995229805704227033e-01
2.999327659572267879e-01
3.003412750018945032e-01
3.007485147291694694e-01
3.011544924251496891e-01
3.015592155948764175e-01
3.019626919149633326e-01
3.023649291879910161e-01
3.027659352922759117e-01
3.031657181318129779e-01
3.035642855855300581e-01
3.039616454548642599e-01
3.043578054124587706e-01
3.047527729497619964e-01
3.051465553248052243e-01
3.055391595105007019e-01
3.059305921443363774e-01
3.063208594786293593e-01
3.067099673328022025e-01
3.070979210464423459e-01
3.074847254342289449e-01
3.078703847434759444e-01
3.082549026150775417e-01
3.086382820446095243e-01
3.090205253478804925e-01
3.094016341305171336e-01
3.097816092580057412e-01
3.101604508308855035e-01
3.105381581636801891e-01
3.109147297663462095e-01
3.112901633317189942e-01
3.116644557228583912e-01
3.120376029691148134e-01
3.124096002623032442e-01
3.127804419601257768e-01
3.131501215910740266e-01
3.135186318659930471e-01
3.138859646924557767e-01
3.142521111930773325e-01
3.146170617295829808e-01
3.149808059303812469e-01
3.153433327218653215e-01
3.157046303646091623e-01
3.160646864940846457e-01
3.164234881645517916e-01
3.167810218974643766e-01
3.171372737345720672e-01
3.174922292925108636e-01
3.178458738242245230e-01
3.181981922819777098e-01
3.185491693841100425e-01
3.188987896846365855e-01
3.192470376468347082e-01
3.195938977187482433e-01
3.199393544107032583e-01
3.202833923754955237e-01
3.206259964910733729e-01
3.209671519419049490e-01
3.213068443041381395e-01
3.216450596302232734e-01
3.219817845316549909e-01
3.223170062642637945e-01
3.226507128107857780e-01
3.229828929603620891e-01
3.233135363883361535e-01
3.236426337318665247e-01
3.239701766613821698e-01
3.242961579486898227e-01
3.246205715306362816e-01
3.249434125653546390e-01
3.252646774848763078e-01
3.255843640399368466e-01
3.259024713368197101e-01
3.262189998668039159e-01
3.265339515288213090e-01
3.268473296402597539e-01
3.271591389415011708e-01
3.274693855895983163e-01
3.277780771422960648e-01
3.280852225320197157e-01
3.283908320308919770e-01
3.286949172038852174e-01
3.289974908533985776e-01
3.292985669544428728e-01
3.295981605785686663e-01
3.298962878103850471e-01
3.301929656543734493e-01
3.304882119340282198e-01
3.307820451827322983e-01
3.310744845296101913e-01
3.313655495762993786e-01
3.316552602718383369e-01
3.319436367801641419e-01
3.322306993463007840e-01
3.325164681589129478e-01
3.328009632111736393e-01
3.330842041631696393e-01
3.333662102014762763e-01
3.336469999023377042e-01
3.339265910975548479e-01
3.342050007421336622e-01
3.344822447875342442e-01
3.347583380600089309e-01
3.350332941438797230e-01
3.353071252722108486e-01
3.355798422248972290e-01
3.358514542340055309e-01
3.361219688989979248e-01
3.363913921102874016e-01
3.366597279811515131e-01
3.369269787913654612e-01
3.371931449385235369e-01
3.374582249021523817e-01
3.377222152163641966e-01
3.379851104532293204e-01
3.382469032173494039e-01
3.385075841508299876e-01
3.387671419480641211e-01
3.390255633817526038e-01
3.392828333392132745e-01
3.395389348689543119e-01
3.397938492377393649e-01
3.400475559977317874e-01
3.403000330639858184e-01
3.405512568012951657e-01
3.408012021221219490e-01
3.410498425940541312e-01
3.412971505559005969e-01
3.415430972458928238e-01
3.417876529366258853e-01
3.420307870817080320e-01
3.422724684696565878e-01
3.425126653877990646e-01
3.427513457952324760e-01
3.429884775014921949e-01
3.432240283549998772e-01
3.434579664382809705e-01
3.436902602679444696e-01
3.439208790009767314e-01
3.441497926443859434e-01
3.443769722696132241e-01
3.446023902268855466e-01
3.448260203607638741e-01
3.450478382237506247e-01
3.452678212871823638e-01
3.454859491483990297e-01
3.457022037276353821e-01
3.459165694602638341e-01
3.461290334742961883e-01
3.463395857561530344e-01
3.465482193015683721e-01
3.467549302492586305e-01
3.469597179916993901e-01
3.471625852683618008e-01
3.473635382337513233e-01
3.475625865001956694e-01
3.477597431542033268e-01
3.479550247457030010e-01
3.481484512484234739e-01
3.483400459902578072e-01
3.485298355542316706e-01
3.487178496508644421e-01
3.489041209612831484e-01
3.490886849498003874e-01
3.492715796523531147e-01
3.494528454361035541e-01
3.496325247367553790e-01
3.498106617742407498e-01
3.499873022473097839e-01
3.501624930127527069e-01
3.503362817489866776e-01
3.505087166114049246e-01
3.506798458762259152e-01
3.508497175837514970e-01
3.510183791774801332e-01
3.511858771468531204e-01
3.513522566749103238e-01
3.515175612953040929e-01
3.516818325588072502e-01
3.518451097154529639e-01
3.520074294146153804e-01
3.521688254202090529e-01
3.523293283503017848e-01
3.524889654386578197e-01
3.526477603188808985e-01
3.528057328349437638e-01
3.529628988753433227e-01
3.531192702363843972e-01
3.532748545084746228e-01
3.534296549905727169e-01
3.535836706281655917e-01
3.537368959777789645e-01
3.538893211948360151e-01
3.540409320442133301e-01
3.541917099339433328e-01
3.543416319701956363e-01
3.544906710316136911e-01
3.546387958643921201e-01
3.547859711942729088e-01
3.549321578583045644e-01
3.550773129530809813e-01
3.552213900015449566e-01
3.553643391361306358e-01
3.555061072994848415e-01
3.556466384646894685e-01
3.557858738733681303e-01
3.559237522926853581e-01
3.560602102939842140e-01
3.561951825535835670e-01
3.563286021736961073e-01
3.564604010298108583e-01
3.565905101397564558e-01
3.567188600578561353e-01
3.568453812957491644e-01
3.569700047659629671e-01
3.570926622485446345e-01
3.572132868815030560e-01
3.573318136715479820e-01
3.574481800210956850e-01
3.575623262695521443e-01
3.576741962451234769e-01
3.577837378219020925e-01
3.578909034741475925e-01
3.579956508255000003e-01
3.580979431826741832e-01
3.581977500495026612e-01
3.582950476116548155e-01
3.583898191822060819e-01
3.584820556059384322e-01
3.585717556080842416e-01
3.586589260843138227e-01
3.587435823217716702e-01
3.588257481492743151e-01
3.589054560056995635e-01
3.589827469256188230e-01
3.590576704374444095e-01
3.591302843721497218e-01
3.592006545825362496e-01
3.592688545713599302e-01
3.593349650338397705e-01
3.593990733143479499e-01
3.594612727854544776e-01
3.595216621541050817e-01
3.595803447010432752e-01
3.596374274653849623e-01
3.596930203816068317e-01
3.597472353786420607e-01
3.598001854553122825e-01
3.598519837398764798e-01
3.599027425474529696e-01
3.599525724457116604e-01
3.600015813403110165e-01
3.600498735912516235e-01
3.600975491673796269e-01
3.601447028530197492e-01
3.601914235095024508e-01
3.602377934017806371e-01
3.602838875943754626e-01
3.603297734223693261e-01
3.603755100360636621e-01
3.604211480273303847e-01
3.604667291306467569e-01
3.605122860035301358e-01
3.605578420783296378e-01
3.606034114865864781e-01
3.606489990467914297e-01
3.606946003113129517e-01
3.607402016671567013e-01
3.607857804806325897e-01
3.608313052801533916e-01
3.608767359692704457e-01
3.609220240622428300e-01
3.609671129357724384e-01
3.610119380885273843e-01
3.610564274073185254e-01
3.611005014315382122e-01
3.611440736153923581e-01
3.611870505879178905e-01
3.612293324099936087e-01
3.612708128339049418e-01
3.613113795680755747e-01
3.613509145547116330e-01
3.613892942712357281e-01
3.614263900621443870e-01
3.614620685147804657e-01
3.614961918877396818e-01
3.615286186087127152e-01
3.615592038465742508e-01
3.615878001731018809e-01
3.616142583217774042e-01
3.616384280502545900e-01
3.616601591113083325e-01
3.616793023386491446e-01
3.616957108418478728e-01
3.617092413081648972e-01
3.617197554040382235e-01
3.617271212641029465e-01
3.617312150464391252e-01
3.617319225415177586e-01
3.617291408052639157e-01
3.617227797911213294e-01
3.617127639497338398e-01
3.616990337685235812e-01
3.616815472115239571e-01
3.616602810335295404e-01
3.616352319292723272e-01
3.616064174896377326e-01
3.615738769356947047e-01
3.615376716045521355e-01
3.614978851674068849e-01
3.614546235599477852e-01
3.614080146231027357e-01
3.613582074408833167e-01
3.613053713837213188e-01
3.612496948623172832e-01
3.611913838056041715e-01
3.611306598829771008e-01
3.610677584966329179e-01
3.610029265705134160e-01
3.609364201713736175e-01
3.608685020013455147e-01
3.607994387983173290e-01
3.607294986875949627e-01
3.606589485284416030e-01
3.605880512944756311e-01
3.605170635331996776e-01
3.604462329398893106e-01
3.603757960845829778e-01
3.603059763220815004e-01
3.602369819130410433e-01
3.601690043765329308e-01
3.601022170927547505e-01
3.600367741629095786e-01
3.599728095397720651e-01
3.599104364220331309e-01
3.598497469176117347e-01
3.597908119646097136e-01
3.597336814999901877e-01
3.596783848580772380e-01
3.596249313798157710e-01
3.595733112025089051e-01
3.595234962011011892e-01
3.594754410484654050e-01
3.594290843544009073e-01
3.593843498500158828e-01
3.593411475790229126e-01
3.592993750530095731e-01
3.592589183406070807e-01
3.592196530413951927e-01
3.591814451122807839e-01
3.591441515046967514e-01
3.591076205817894107e-01
3.590716922933651079e-01
3.590361980947756604e-01
3.590009606173589218e-01
3.589657931144782377e-01
3.589304987369970057e-01
3.588948696943303207e-01
3.588586863908617142e-01
3.588217166115969525e-01
3.587837148438235979e-01
3.587444217990037321e-01
3.587035641965646282e-01
3.586608548448935729e-01
3.586159930714334365e-01
3.585686655407465673e-01
3.585185475149905154e-01
3.584653046165128254e-01
3.584085951484854982e-01
3.583480730154542382e-01
3.582833912543597621e-01
3.582142061500558361e-01
3.581401818710189255e-01
3.580609955255254495e-01
3.579763425272682875e-01
3.578859421412031727e-01
3.577895430961081646e-01
3.576869291409999763e-01
3.575779244276436342e-01
3.574623985927733449e-01
3.573402714038682593e-01
3.572115168287278708e-01
3.570761663979616363e-01
3.569343117431084678e-01
3.567861062271666661e-01
3.566317656047621742e-01
3.564715676653479326e-01
3.563058508270329217e-01
3.561350116514627184e-01
3.559595012606261433e-01
3.557798206784023587e-01
3.555965151577548111e-01
3.554101676285269518e-01
3.552213914431384678e-01
3.550308226320642579e-01
3.548391118619101947e-01
3.546469162634710015e-01
3.544548912422718079e-01
3.542636823571229110e-01
3.540739173439386156e-01
3.538861983835874803e-01
3.537010947506331604e-01
3.535191360075867206e-01
3.533408059108666954e-01
3.531665371834996625e-01
3.529967072648457216e-01
3.528316350993493389e-01
3.526715789955607860e-01
3.525167355515904655e-01
3.523672396366308579e-01
3.522231654021171776e-01
3.520845282899950357e-01
3.519512879920611570e-01
3.518233522842085237e-01
3.517005816280727726e-01
3.515827944140126893e-01
3.514697727020718587e-01
3.513612683474445775e-01
3.512570094158811718e-01
3.511567068199384356e-01
3.510600611051769571e-01
3.509667692694589114e-01
3.508765314405971059e-01
3.507890571310995353e-01
3.507040707058928231e-01
3.506213156275470033e-01
3.505405570340610621e-01
3.504615822758427868e-01
3.503841991852291726e-01
3.503082320741038869e-01
3.502335156563619045e-01
3.501598872990429046e-01
3.500871781019903040e-01
3.500152033376079941e-01
3.499437527452736174e-01
3.498725811158426291e-01
3.498013995349321670e-01
3.497298676188564936e-01
3.496575870341019909e-01
3.495840965459066085e-01
3.495088687890387513e-01
3.494313088835404590e-01
3.493507549778848698e-01
3.492664807834235940e-01
3.491777001492414323e-01
3.490835737231781644e-01
3.489832177248197165e-01
3.488757148678859332e-01
3.487601275118230038e-01
3.486355131896566872e-01
3.485009426786236375e-01
3.483555206338193599e-01
3.481984084750410768e-01
3.480288487231077976e-01
3.478461895039409724e-01
3.476499076852781478e-01
3.474396292183452584e-01
3.472151457412203102e-01
3.469764271719935067e-01
3.467236305854965450e-01
3.464571058793142200e-01
3.461773984850882724e-01
3.458852488142960535e-01
3.455815875747156318e-01
3.452675258808262648e-01
3.449443394060166534e-01
3.446134466004138197e-01
3.442763819318331309e-01
3.439347658166574395e-01
3.435902731346301420e-01
3.432446019088811195e-01
3.428994430718813047e-01
3.425564515226936502e-01
3.422172182656521566e-01
3.418832434144533083e-01
3.415559102389869595e-01
3.412364609623745881e-01
3.409259754365610018e-01
3.406253539370636130e-01
3.403353050589508211e-01
3.400563391901656463e-01
3.397887674448710760e-01
3.395327054670910227e-01
3.392880812749847763e-01
3.390546463446917347e-01
3.388319893358929247e-01
3.386195521456222823e-01
3.384166482053143632e-01
3.382224830163026441e-01
3.380361768518231891e-01
3.378567893809620304e-01
3.376833458601750104e-01
3.375148645430715577e-01
3.373503850969172269e-01
3.371889978819812006e-01
3.370298736719460342e-01
3.368722926923339300e-01
3.367156709666224712e-01
3.365595813570742001e-01
3.364037668117603186e-01
3.362481442111535657e-01
3.360927984734425333e-01
3.359379677098590089e-01
3.357840207889545292e-01
3.356314287325263268e-01
3.354807311916155332e-01
3.353324992501609536e-01
3.351872960986324035e-01
3.350456375571475576e-01
3.349079546057692203e-01
3.347745597488419600e-01
3.346456182220031716e-01
3.345211241591827811e-01
3.344008812600956504e-01
3.342844875702411511e-01
3.341713245406172095e-01
3.340605512215372164e-01
3.339511047340606442e-01
3.338417077516369069e-01
3.337308826259369199e-01
3.336169704941527869e-01
3.334981529176447301e-01
3.333724739993597641e-01
3.332378626325258053e-01
3.330921569388254344e-01
3.329331348899391974e-01
3.327585554105256249e-01
3.325662124673464670e-01
3.323540012612721251e-01
3.321199920179729315e-01
3.318625044838537930e-01
3.315801759083206735e-01
3.312720168875273874e-01
3.309374519778252033e-01
3.305763443968896542e-01
3.301890058191175314e-01
3.297761931315822959e-01
3.293390941848236553e-01
3.288793041831854502e-01
3.283987935740022568e-01
3.278998675215992753e-01
3.273851167740104429e-01
3.268573602445245530e-01
3.263195808194547798e-01
3.257748572470307025e-01
3.252262957431716339e-01
3.246769647362278688e-01
3.241298349951613478e-01
3.235877257811717866e-01
3.230532563802471779e-01
3.225288020095540276e-01
3.220164537268723759e-01
3.215179832481832034e-01
3.210348148287236469e-01
3.205680069369043483e-01
3.201182460255128648e-01
3.196858533208235542e-01
3.192708036365327628e-01
3.188727533574134410e-01
3.184910735851449459e-01
3.181248843628889378e-01
3.177730869844778150e-01
3.174343932564107629e-01
3.171073525759439127e-01
3.167903791469837138e-01
3.164817821751090277e-01
3.161798014127087941e-01
3.158826492823300081e-01
3.155885593744092166e-01
3.152958397665530654e-01
3.150029285535506096e-01
3.147084484134629601e-01
3.144112570127797213e-01
3.141104904404061759e-01
3.138055972902342172e-01
3.134963611262855943e-01
3.131829089419164713e-01
3.128657034130760684e-01
3.125455178735631057e-01
3.122233951075423786e-01
3.119005936030387893e-01
3.115785267083263088e-01
3.112587003159846266e-01
3.109426531853965447e-01
3.106319016092187191e-01
3.103278879977967586e-01
3.100319320845473792e-01
3.097451840233316767e-01
3.094685801625666199e-01
3.092028037374504046e-01
3.089482532635302592e-01
3.087050206649036843e-01
3.084728795407078450e-01
3.082512822919140083e-01
3.080393640350388429e-01
3.078359516835153520e-01
3.076395779781182505e-01
3.074485016223341138e-01
3.072607349841159907e-01
3.070740795555589320e-01
3.068861669291914618e-01
3.066945007495807674e-01
3.064964944293991356e-01
3.062895012574894382e-01
3.060708374681396782e-01
3.058378032333265439e-01
3.055877092676221318e-01
3.053179162885789055e-01
3.050258909566898047e-01
3.047092765953966498e-01
3.043659721170344779e-01
3.039942100299909411e-01
3.035926247691685953e-01
3.031603052951110100e-01
3.026968294010659033e-01
3.022022799975274676e-01
3.016772451091288554e-01
3.011228035967323247e-01
3.005404984011396663e-01
2.999322989292257380e-01
2.993005541717526086e-01
2.986479380778271353e-01
2.979773885928911348e-01
2.972920416542245703e-01
2.965951615904014460e-01
2.958900697774687893e-01
2.951800739462628331e-01
2.944684008776909945e-01
2.937581351118772055e-01
2.930521656262572994e-01
2.923531413516847755e-01
2.916634352450070966e-01
2.909851158382800729e-01
2.903199250565503542e-01
2.896692616774044771e-01
2.890341708479144400e-01
2.884153411033372194e-01
2.878131108508318325e-01
2.872274859218174603e-01
2.866581685276032299e-01
2.861045960247013409e-01
2.855659859064830219e-01
2.850413819780784341e-01
2.845296963256576661e-01
2.840297426405647974e-01
2.835402585465937042e-01
2.830599172858345169e-01
2.825873317223955850e-01
2.821210554434875339e-01
2.816595863614442807e-01
2.812013775496843282e-01
2.807448583961534294e-01
2.802884669946237861e-01
2.798306925919205046e-01
2.793701252123992895e-01
2.789055084782007254e-01
2.784357911149124565e-01
2.779601726407532891e-01
2.774781392710087280e-01
2.769894870660730701e-01
2.764943306477695151e-01
2.759930971547792100e-01
2.754865062204923110e-01
2.749755375964727522e-01
2.744613886839289973e-01
2.739454248160986816e-01
2.734291256396413905e-01
2.729140312227707477e-01
2.724016913375852944e-01
2.718936205990266641e-01
2.713912609039463297e-01
2.708959511853625268e-01
2.704089032866318631e-01
2.699311821056357141e-01
2.694636881891502855e-01
2.690071416138600235e-01
2.685620669354273904e-01
2.681287799005258043e-01
2.677073771127855828e-01
2.672977298221074771e-01
2.668994824856577019e-01
2.665120560443041131e-01
2.661346552427582002e-01
2.657662791300354765e-01
2.654057341003318027e-01
2.650516493835253229e-01
2.647024953929761892e-01
2.643566055165590956e-01
2.640122015798265220e-01
2.636674224067773187e-01
2.633203539398458748e-01
2.629690586652238538e-01
2.626116020031553644e-01
2.622460740204201612e-01
2.618706061913431693e-01
2.614833845305485904e-01
2.610826617117376069e-01
2.606667712311371288e-01
2.602341461071052686e-01
2.597833431500410906e-01
2.593130720171331616e-01
2.588222266757615464e-01
2.583099159970259628e-01
2.577754901991600733e-01
2.572185606284361770e-01
2.566390115344631129e-01
2.560370036820570072e-01
2.554129705113445392e-01
2.547676079617433587e-01
2.541018591303791929e-01
2.534168947604539257e-01
2.527140903452871901e-01
2.519950004731196236e-01
2.512613309310942067e-01
2.505149090189234817e-01
2.497576524851147506e-01
2.489915374945388116e-01
2.482185661011617750e-01
2.474407338011029855e-01
2.466599978923835201e-01
2.458782474636435067e-01
2.450972758669093254e-01
2.443187564465660044e-01
2.435442221026068721e-01
2.427750490008942497e-01
2.420124444547707698e-01
2.412574387642146267e-01
2.405108806514546504e-01
2.397734359117787428e-01
2.390455889838578873e-01
2.383276472932596424e-01
2.376197483668785471e-01
2.369218697924745376e-01
2.362338420533215966e-01
2.355553640930688475e-01
2.348860211816911348e-01
2.342253043334618645e-01
2.335726302285179856e-01
2.329273604143650700e-01
2.322888185585352261e-01
2.316563047218172522e-01
2.310291059932738644e-01
2.304065033370830962e-01
2.297877750396339902e-01
2.291721976384297754e-01
2.285590455580768232e-01
2.279475908245010563e-01
2.273371041526252301e-01
2.267268584218087857e-01
2.261161351257825469e-01
2.255042339009226404e-01
2.248904847691417519e-01
2.242742623539142888e-01
2.236550010956253332e-01
2.230322103851576088e-01
2.224054885684572658e-01
2.217745348838236485e-01
2.211391585786551539e-01
2.204992846672279294e-01
2.198549560321093610e-01
2.192063318130939298e-01
2.185536822472771701e-01
2.178973803075214266e-01
2.172378906094493967e-01
2.165757561480201043e-01
2.159115834615422946e-01
2.152460268575563940e-01
2.145797723430595549e-01
2.139135218854243958e-01
2.132479785828906294e-01
2.125838332325845070e-01
2.119217526338730284e-01
2.112623698073499978e-01
2.106062761223883584e-01
2.099540151751179418e-01
2.093060781372675927e-01
2.086629002402690114e-01
2.080248580511861456e-01
2.073922672516342602e-01
2.067653807138152278e-01
2.061443867674468966e-01
2.055294076511970380e-01
2.049204982133098762e-01
2.043176449729318667e-01
2.037207656631333241e-01
2.031297093571993451e-01
2.025442572545091413e-01
2.019641241606877080e-01
2.013889606758021145e-01
2.008183560875492490e-01
2.002518419677655204e-01
1.996888964751739048e-01
1.991289493683197076e-01
1.985713877217651357e-01
1.980155623110208540e-01
1.974607945898403383e-01
1.969063841270718151e-01
1.963516163242754187e-01
1.957957701890562507e-01
1.952381259275621228e-01
1.946779721247481332e-01
1.941146123194045781e-01
1.935473708518104519e-01
1.929755979328257043e-01
1.923986739811706093e-01
1.918160133440223181e-01
1.912270675775858964e-01
1.906313284789548368e-01
1.900283310438087570e-01
1.894176564725538747e-01
1.887989352619897643e-01
1.881718503387860286e-01
1.875361401106077630e-01
1.868916012511427915e-01
1.862380910194194605e-01
1.855755289195396285e-01
1.849038975502706184e-01
1.842232425512936866e-01
1.835336716211644348e-01
1.828353526429785381e-01
1.821285110027439924e-01
1.814134262173357492e-01
1.806904279995651119e-01
1.799598918864639130e-01
1.792222345456678245e-01
1.784779088554874493e-01
1.777273988373330171e-01
1.769712145028229933e-01
1.762098866650387285e-01
1.754439617543457897e-01
1.746739966741106820e-01
1.739005537264666779e-01
1.731241956438308860e-01
1.723454807572664671e-01
1.715649583434497027e-01
1.707831641944952406e-01
1.700006164559970667e-01
1.692178117854068187e-01
1.684352218770129861e-01
1.676532903977636102e-01
1.668724303693168154e-01
1.660930220197923135e-01
1.653154111170644369e-01
1.645399077839497515e-01
1.637667857811036798e-01
1.629962822332189643e-01
1.622285977705280324e-01
1.614638970462492495e-01
1.607023095951709279e-01
1.599439309913929796e-01
1.591888242724384395e-01
1.584370215899011947e-01
1.576885260573669401e-01
1.569433137609722861e-01
1.562013359004113255e-01
1.554625210285668080e-01
1.547267773527548074e-01
1.539939950630250520e-01
1.532640486492758691e-01
1.525367991695419090e-01
1.518120964331654554e-01
1.510897810660658258e-01
1.503696864291768631e-01
1.496516403710812515e-01
1.489354667987954073e-01
1.482209870634261240e-01
1.475080211642830208e-01
1.467963887829638603e-01
1.460859101652187408e-01
1.453764068774411611e-01
1.446677024621142726e-01
1.439596230235046515e-01
1.432519977720184690e-01
1.425446595523156557e-01
1.418374453792785872e-01
1.411301969963461023e-01
1.404227614680923497e-01
1.397149918078413322e-01
1.390067476396790458e-01
1.382978958825479276e-01
1.375883114429648502e-01
1.368778778967111864e-01
1.361664881414897388e-01
1.354540449961745829e-01
1.347404617317480291e-01
1.340256625145170022e-01
1.333095827485657747e-01
1.325921693101518861e-01
1.318733806674581843e-01
1.311531868860977279e-01
1.304315695215115256e-01
1.297085214042569268e-01
1.289840463266047621e-01
1.282581586365099113e-01
1.275308827521009769e-01
1.268022526048906695e-01
1.260723110230121125e-01
1.253411090635502545e-01
1.246087053058232558e-01
1.238751651130953479e-01
1.231405598722305483e-01
1.224049662199663824e-01
1.216684652652057219e-01
1.209311418135993604e-01
1.201930836040147194e-01
1.194543805644770473e-01
1.187151240948140507e-01
1.179754063843044543e-01
1.172353197679280590e-01
1.164949561303680881e-01
1.157544063573029414e-01
1.150137598403071088e-01
1.142731040332859993e-01
1.135325240610637609e-01
1.127921023797363587e-01
1.120519184828761838e-01
1.113120486530940201e-01
1.105725657524308236e-01
1.098335390484382057e-01
1.090950340715528405e-01
1.083571124991451612e-01
1.076198320625156857e-01
1.068832464746270750e-01
1.061474053747200608e-01
1.054123542883784181e-01
1.046781346013389291e-01
1.039447835465271003e-01
1.032123342023635870e-01
1.024808155039176327e-01
1.017502522650324259e-01
1.010206652124853444e-01
1.002920710326190290e-01
9.956448242972948393e-02
9.883790819617480072e-02
9.811235329590720089e-02
9.738781895818761358e-02
9.666430278502557982e-02
9.594179886841661120e-02
9.522029791937572374e-02
9.449978740598136140e-02
9.378025170328131710e-02
9.306167224888931000e-02
9.234402770900326796e-02
9.162729415121452503e-02
9.091144522258509664e-02
9.019645233489012592e-02
8.948228485381548580e-02
8.876891029202046979e-02
8.805629450581967110e-02
8.734440189357181583e-02
8.663319559573645634e-02
8.592263769484573266e-02
8.521268941525544927e-02
8.450331132095298403e-02
8.379446351114010205e-02
8.308610581159289743e-02
8.237819796188322607e-02
8.167069979690777526e-02
8.096357142180996003e-02
8.025677337984198079e-02
7.955026681197044369e-02
7.884401360748824472e-02
7.813797654592259667e-02
7.743211942883071464e-02
7.672640720177874296e-02
7.602080606568162313e-02
7.531528357789335493e-02
7.460980874342357239e-02
7.390435209512791204e-02
7.319888576447913797e-02
7.249338354168424758e-02
7.178782092719870889e-02
7.108217517325493562e-02
7.037642531680168845e-02
6.967055220402841587e-02
6.896453850692671472e-02
6.825836873201204802e-02
6.755202922196365534e-02
6.684550815085897602e-02
6.613879551225911035e-02
6.543188310234784866e-02
6.472476449677268262e-02
6.401743502277612574e-02
6.330989172672654708e-02
6.260213333691486137e-02
6.189416022309789100e-02
6.118597435178028954e-02
6.047757923886295378e-02
5.976897989915275211e-02
5.906018279363060147e-02
5.835119577474232044e-02
5.764202802924742880e-02
5.693269002055661998e-02
5.622319342917029422e-02
5.551355109247160108e-02
5.480377694435870778e-02
5.409388595385602322e-02
5.338389406418782984e-02
5.267381813189381257e-02
5.196367586620863344e-02
5.125348576924548816e-02
5.054326707682104541e-02
4.983303970006910943e-02
4.912282416843992416e-02
4.841264157410196667e-02
4.770251351682731900e-02
4.699246205125569287e-02
4.628250963545092744e-02
4.557267908059699224e-02
4.486299350324528257e-02
4.415347627848238699e-02
4.344415099558547599e-02
4.273504141506675319e-02
4.202617142764201313e-02
4.131756501532345138e-02
4.060924621403226575e-02
3.990123907856490959e-02
3.919356764894094125e-02
3.848625591901275178e-02
3.777932780648658034e-02
3.707280712545052426e-02
3.636671755979928311e-02
3.566108263931049710e-02
3.495592571660319225e-02
3.425126994638234834e-02
3.354713826606051108e-02
3.284355337770557270e-02
3.214053773193897845e-02
3.143811351289560463e-02
3.073630262479747077e-02
3.003512667989450061e-02
2.933460698715805934e-02
2.863476454302770965e-02
2.793562002260846847e-02
2.723719377208128067e-02
2.653950580254752292e-02
2.584257578409424050e-02
2.514642304150557783e-02
2.445106655026306822e-02
2.375652493361052678e-02
2.306281646031214244e-02
2.236995904294905232e-02
2.167797023697848671e-02
2.098686724035154008e-02
2.029666689350794265e-02
1.960738568017029310e-02
1.891903972812511783e-02
1.823164481076740978e-02
1.754521634891658896e-02
1.685976941281804031e-02
1.617531872460084563e-02
1.549187866083510078e-02
1.480946325554060618e-02
1.412808620299622203e-02
1.344776086116398518e-02
1.276850025507018579e-02
1.209031708006162720e-02
1.141322370562546790e-02
1.073723217894846649e-02
1.006235422864431954e-02
9.388601268527151794e-03
8.715984401426216457e-03
8.044514422983213564e-03
7.374201825492008450e-03
6.705056801609871400e-03
6.037089248289658622e-03
5.370308770506653992e-03
4.704724684846900949e-03
4.040346023269391837e-03
3.377181536763568855e-03
2.715239698897945093e-03
2.054528709178005726e-03
1.395056496609550995e-03
7.368307228943758204e-04
7.985878586387980997e-05
-5.758521775818754894e-04
-1.230295288254368681e-03
-1.883463921797360382e-03
-2.535351705776726482e-03
-3.185952517014058877e-03
-3.835260478832038314e-03
-4.483269958671924627e-03
-5.129975565620072640e-03
-5.775372148156334394e-03
-6.419454792036456171e-03
-7.062218818307178410e-03
-7.703659781436172568e-03
-8.343773467654155493e-03
-8.982555893366701502e-03
-9.620003303794611230e-03
-1.025611217181067632e-02
-1.089087919684932765e-02
-1.152430130410620618e-02
-1.215637564383765905e-02
-1.278709959096612121e-02
-1.341647074475590604e-02
-1.404448692892627630e-02
-1.467114619164902947e-02
-1.529644680613986840e-02
-1.592038727127059045e-02
-1.654296631247417076e-02
0.000000000000000000e+00
