-3.362774880764102248e-01
7.053519824624276957e-02
8.542301769631557851e-02
9.705119704627043764e-02
1.065211084798997065e-01
1.145022519647846404e-01
1.214168454106218653e-01
1.275407268557535445e-01
1.330602215092331342e-01
1.381051724888797405e-01
1.427687002877467970e-01
1.471193651853066331e-01
1.512088611538719429e-01
1.550770113679625917e-01
1.587550924288912979e-01
1.622680980773824333e-01
1.656363142902744223e-01
1.688764374119597900e-01
1.720023827809386008e-01
1.750258796756157809e-01
1.779569160737717870e-01
1.808040760781755019e-01
1.835747994323154164e-01
1.862755836563979583e-01
1.889121433492218505e-01
1.914895371055420070e-01
1.940122696578465145e-01
1.964843748519597422e-01
1.989094836399531441e-01
2.012908802468246217e-01
2.036315489147107194e-01
2.059342130766139700e-01
2.082013683969799189e-01
2.104353108067038847e-01
2.126381604229193589e-01
2.148118820637712201e-01
2.169583029276259678e-01
2.190791278971896405e-01
2.211759528431564703e-01
2.232502762349000969e-01
2.253035093101163622e-01
2.273369850137191561e-01
2.293519658798504335e-01
2.313496510035662479e-01
2.333311822243647193e-01
2.352976496260262007e-01
2.372500964398675527e-01
2.391895234274284410e-01
2.411168928054583105e-01
2.430331317692293880e-01
2.449391356604606329e-01
2.468357708216447066e-01
2.487238771712579621e-01
2.506042705311617991e-01
2.524777447325033952e-01
2.543450735239275451e-01
2.562070123017724521e-01
2.580642996809485723e-01
2.599176589217885303e-01
2.617677992266814191e-01
2.636154169189555696e-01
2.654611965146426167e-01
2.673058116969329046e-01
2.691499262013110072e-01
2.709941946194960871e-01
2.728392631286924996e-01
2.746857701518021777e-01
2.765343469545585853e-01
2.783856181836387722e-01
2.802402023509072970e-01
2.820987122664150304e-01
2.839617554249861953e-01
2.858299343481023325e-01
2.877038468848544528e-01
2.895840864739206988e-01
2.914712423689206355e-01
2.933658998291616138e-01
2.952686402774896135e-01
2.971800414271080770e-01
2.991006773784899986e-01
3.010311186877845380e-01
3.029719324082609799e-01
3.049236821049868817e-01
3.068869278448164706e-01
3.088622261614417663e-01
3.108501299970477527e-01
3.128511886207142045e-01
3.148659475246292638e-01
3.168949482981284205e-01
3.189387284804435785e-01
3.209978213923779800e-01
3.230727559473021149e-01
3.251640564418766255e-01
3.272722423266331004e-01
3.293978279567817413e-01
3.315413223237109741e-01
3.337032287668698638e-01
3.358840446669447144e-01
3.380842611200082226e-01
3.403043625932777871e-01
3.425448265624880806e-01
3.448061231317803843e-01
3.470887146350921659e-01
3.493930552218583174e-01
3.517195904245722926e-01
3.540687567114298440e-01
3.564409810230562692e-01
3.588366802945822109e-01
3.612562609643372169e-01
3.637001184694659273e-01
3.661686367300445166e-01
3.686621876231022665e-01
3.711811304473959794e-01
3.737258113815064009e-01
3.762965629358016595e-01
3.788937034015599781e-01
3.815175362981743645e-01
3.841683498218714243e-01
3.868464162971436138e-01
3.895519916350346223e-01
3.922853147998570100e-01
3.950466072877960588e-01
3.978360726208391429e-01
4.006538958584890397e-01
4.035002431314327898e-01
4.063752611996402364e-01
4.092790770394134636e-01
4.122117974615810976e-01
4.151735087655188394e-01
4.181642764312396565e-01
4.211841448538856669e-01
4.242331371226275571e-01
4.273112548480978434e-01
4.304184780403408905e-01
4.335547650402124531e-01
4.367200525059795613e-01
4.399142554580753317e-01
4.431372673825689779e-01
4.463889603950444984e-01
4.496691854663120158e-01
4.529777727092829664e-01
4.563145317282699676e-01
4.596792520298392248e-01
4.630717034945402433e-01
4.664916369083418890e-01
4.699387845530206276e-01
4.734128608520424275e-01
4.769135630718803753e-01
4.804405720742848662e-01
4.839935531177080863e-01
4.875721567045731564e-01
4.911760194711062844e-01
4.948047651154652282e-01
4.984580053616744499e-01
5.021353409539599522e-01
5.058363626787858447e-01
5.095606524090430245e-01
5.133077841676445541e-01
5.170773252047839996e-01
5.208688370853583605e-01
5.246818767821872509e-01
5.285159977698882239e-01
5.323707511162835138e-01
5.362456865658764560e-01
5.401403536116198278e-01
5.440543025510423680e-01
5.479870855220019266e-01
5.519382575141880132e-01
5.559073773531397755e-01
5.598940086515432624e-01
5.638977207254205481e-01
5.679180894711545191e-01
5.719546981995771162e-01
5.760071384248787174e-01
5.800750106041805410e-01
5.841579248263831792e-01
5.882555014465082888e-01
5.923673716641146836e-01
5.964931780439917119e-01
6.006325749766852073e-01
6.047852290790753926e-01
6.089508195321911010e-01
6.131290383578004155e-01
6.173195906322658244e-01
6.215221946384394958e-01
6.257365819561183651e-01
6.299624974923100362e-01
6.341996994527869802e-01
6.384479592559576533e-01
6.427070613925913722e-01
6.469768032324180185e-01
6.512569947817443694e-01
6.555474583937759281e-01
6.598480284367078674e-01
6.641585509209799731e-01
6.684788830920102010e-01
6.728088929896386405e-01
6.771484589806621157e-01
6.814974692667313816e-01
6.858558213726055897e-01
6.902234216191480698e-01
6.946001845839701039e-01
6.989860325546823905e-01
7.033808949782818232e-01
7.077847079104010453e-01
7.121974134672781620e-01
7.166189592851478496e-01
7.210492979885630982e-01
7.254883866710952756e-01
7.299361863915299065e-01
7.343926616865459334e-01
7.388577801029632131e-01
7.433315117503822567e-01
7.478138288763113151e-01
7.523047054644786957e-01
7.568041168567443133e-01
7.613120394005052916e-01
7.658284501202449190e-01
7.703533264145169257e-01
7.748866457775381855e-01
7.794283855458590260e-01
7.839785226683957386e-01
7.885370335005734699e-01
7.931038936205945244e-01
7.976790776676251360e-01
8.022625592011766171e-01
8.068543105795731307e-01
8.114543028573907302e-01
8.160625057004123883e-01
8.206788873168407994e-01
8.253034144040369835e-01
8.299360521080794140e-01
8.345767639977902386e-01
8.392255120490682563e-01
8.438822566404003966e-01
8.485469565575053386e-01
8.532195690067954086e-01
8.579000496357864769e-01
8.625883525598797563e-01
8.672844303952288447e-01
8.719882342955519450e-01
8.766997139932797278e-01
8.814188178435021781e-01
8.861454928702056089e-01
8.908796848147738645e-01
8.956213381848526778e-01
9.003703963048724779e-01
9.051268013650766164e-01
9.098904944721758481e-01
9.146614156978566390e-01
9.194395041270198021e-01
9.242246979042967325e-01
9.290169342791851914e-01
9.338161496498389447e-01
9.386222796041365779e-01
9.434352589593147931e-01
9.482550217997460784e-01
9.530815015115773337e-01
9.579146308163556389e-01
9.627543418016127896e-01
9.676005659499443690e-01
9.724532341655850454e-01
9.773122767992659110e-01
9.821776236710827446e-01
9.870492040915830323e-01
9.919269468814870816e-01
9.968107803895593921e-01
1.001700632508939259e+00
1.006596430693424304e+00
1.011498101971685992e+00
1.016405572960533021e+00
1.021318769878912569e+00
1.026237618559800113e+00
1.031162044463079130e+00
1.036091972687692486e+00
1.041027327984122897e+00
1.045968034767204236e+00
1.050914017129401579e+00
1.055865198854355036e+00
1.060821503432214152e+00
1.065782854074756036e+00
1.070749173732449933e+00
1.075720385112742594e+00
1.080696410699123255e+00
1.085677172772719024e+00
1.090662593434876815e+00
1.095652594631432608e+00
1.100647098179723615e+00
1.105646025795994136e+00
1.110649299126647893e+00
1.115656839780038823e+00
1.120668569361039868e+00
1.125684409507574424e+00
1.130704281929160615e+00
1.135728108447468188e+00
1.140755811039076528e+00
1.145787311879657100e+00
1.150822533390568170e+00
1.155861398286888608e+00
1.160903829626716455e+00
1.165949750862111944e+00
1.170999085891881952e+00
1.176051759113903472e+00
1.181107695479672870e+00
1.186166820548422596e+00
1.191229060541920903e+00
1.196294342399043753e+00
1.201362593830025194e+00
1.206433743369835998e+00
1.211507720430867519e+00
1.216584455353886929e+00
1.221663879456601265e+00
1.226745925081726085e+00
1.231830525640600138e+00
1.236917615654615332e+00
1.242007130793584491e+00
1.247099007909496793e+00
1.252193185066709180e+00
1.257289601567337156e+00
1.262388197971582304e+00
1.267488916112983866e+00
1.272591699107695096e+00
1.277696491357970032e+00
1.282803238549555802e+00
1.287911887642190667e+00
1.293022386853424077e+00
1.298134685635881969e+00
1.303248734646904605e+00
1.308364485711726477e+00
1.313481891778039978e+00
1.318600906865484479e+00
1.323721486005715153e+00
1.328843585176862074e+00
1.333967161230581455e+00
1.339092171812197085e+00
1.344218575275127225e+00
1.349346330587710696e+00
1.354475397236492018e+00
1.359605735122073611e+00
1.364737304451724365e+00
1.369870065626432654e+00
1.375003979125637210e+00
1.380139005387881701e+00
1.385275104689342784e+00
1.390412237020993480e+00
1.395550361964413622e+00
1.400689438567911171e+00
1.405829425222585805e+00
1.410970279540482597e+00
1.416111958234199442e+00
1.421254417000328063e+00
1.426397610405754302e+00
1.431541491779103614e+00
1.436686013107084658e+00
1.441831124936996389e+00
1.446976776286159394e+00
1.452122914557307798e+00
1.457269485463899450e+00
1.462416432961817669e+00
1.467563699191047455e+00
1.472711224426074939e+00
1.477858947035894488e+00
1.483006803453623235e+00
1.488154728155963946e+00
1.493302653653164391e+00
1.498450510487452370e+00
1.503598227243341690e+00
1.508745730565532295e+00
1.513892945187208294e+00
1.519039793967904339e+00
1.524186197937711595e+00
1.529332076353117964e+00
1.534477346755898974e+00
1.539621925043588302e+00
1.544765725542024182e+00
1.549908661086805362e+00
1.555050643106639319e+00
1.560191581713167075e+00
1.565331385792207763e+00
1.570469963098286348e+00
1.575607220350910609e+00
1.580743063331341292e+00
1.585877396979537890e+00
1.591010125490901483e+00
1.596141152412551278e+00
1.601270380735672294e+00
1.606397712988385296e+00
1.611523051324589506e+00
1.616646297609195537e+00
1.621767353502241882e+00
1.626886120537508473e+00
1.632002500199095429e+00
1.637116393994339170e+00
1.642227703523215343e+00
1.647336330545682292e+00
1.652442177045137850e+00
1.657545145291561051e+00
1.662645137901229697e+00
1.667742057896723695e+00
1.672835808766568677e+00
1.677926294524285877e+00
1.683013419769995078e+00
1.688097089753012980e+00
1.693177210437474933e+00
1.698253688571933040e+00
1.703326431761985837e+00
1.708395348550045156e+00
1.713460348497896080e+00
1.718521342278387376e+00
1.723578241771316355e+00
1.728630960167130359e+00
1.733679412078635851e+00
1.738723513658192221e+00
1.743763182722939398e+00
1.748798338886620396e+00
1.753828903697163044e+00
1.758854800780232930e+00
1.763875955986803135e+00
1.768892297544204295e+00
1.773903756210744032e+00
1.778910265428023330e+00
1.783911761475928781e+00
1.788908183620847359e+00
1.793899474262972138e+00
1.798885579073111973e+00
1.803866447122529859e+00
1.808842031000324813e+00
1.813812286916572036e+00
1.818777174790089157e+00
1.823736658316054138e+00
1.828690705013656048e+00
1.833639286249592049e+00
1.838582377236472887e+00
1.843519957002976106e+00
1.848452008335452756e+00
1.853378517688413663e+00
1.858299475062046069e+00
1.863214873847302666e+00
1.868124710637302011e+00
1.873028985003978963e+00
1.877927699240869996e+00
1.882820858072528747e+00
1.887708468331764644e+00
1.892590538604538075e+00
1.897467078846132971e+00
1.902338099970292795e+00
1.907203613413237742e+00
1.912063630675757464e+00
1.916918162848522122e+00
1.921767220120506270e+00
1.926610811279475310e+00
1.931448943204782331e+00
1.936281620358728084e+00
1.941108844281500323e+00
1.945930613093775685e+00
1.950746921011645707e+00
1.955557757879977210e+00
1.960363108727119830e+00
1.965162953347592723e+00
1.969957265915324385e+00
1.974746014633165458e+00
1.979529161421077488e+00
1.984306661647592840e+00
1.989078463907573813e+00
1.993844509846384172e+00
1.998604734037088493e+00
2.003359063907002469e+00
2.008107419718133002e+00
2.012849714600076556e+00
2.017585854634483589e+00
2.022315738993365475e+00
2.027039260123249420e+00
2.031756303981421929e+00
2.036466750313414842e+00
2.041170472974782601e+00
2.045867340289280190e+00
2.050557215442417203e+00
2.055239956903397669e+00
2.059915418873108806e+00
2.064583451751528909e+00
2.069243902621249021e+00
2.073896615740228100e+00
2.078541433041645625e+00
2.083178194632851365e+00
2.087806739291989455e+00
2.092426904956461886e+00
2.097038529200116130e+00
2.101641449694892305e+00
2.106235504656726043e+00
2.110820533269919697e+00
2.115396376091269737e+00
2.119962875432444438e+00
2.124519875718663187e+00
2.129067223825478194e+00
2.133604769395852863e+00
2.138132365134840285e+00
2.142649867088223026e+00
2.147157134905965492e+00
2.151654032091675273e+00
2.156140426244979924e+00
2.160616189296162393e+00
2.165081197739660901e+00
2.169535332867733146e+00
2.173978481009897656e+00
2.178410533777962232e+00
2.182831388322570731e+00
2.187240947602581809e+00
2.191639120666142304e+00
2.196025822949105422e+00
2.200400976586658786e+00
2.204764510739849026e+00
2.209116361933729955e+00
2.213456474406197749e+00
2.217784800461017003e+00
2.222101300823890568e+00
2.226405944992408958e+00
2.230698711575791027e+00
2.234979588616014201e+00
2.239248573881868598e+00
2.243505675127812182e+00
2.247750910308401906e+00
2.251984307738263524e+00
2.256205906188692545e+00
2.260415754910707786e+00
2.264613913575814319e+00
2.268800452126499057e+00
2.272975450526550478e+00
2.277138998406872172e+00
2.281291194598263239e+00
2.285432146550217425e+00
2.289561969629406057e+00
2.293680786298981200e+00
2.297788725178829150e+00
2.301885919989779872e+00
2.305972508386238129e+00
2.310048630683736892e+00
2.314114428491867770e+00
2.318170043261459146e+00
2.322215614760369640e+00
2.326251279492439927e+00
2.330277169074537635e+00
2.334293408592287289e+00
2.338300114949533715e+00
2.342297395235292790e+00
2.346285345125913580e+00
2.350264047343671781e+00
2.354233570193262182e+00
2.358193966196113323e+00
2.362145270839707933e+00
2.366087501463968845e+00
2.370020656296943695e+00
2.373944713658702188e+00
2.377859631341733504e+00
2.381765346182789234e+00
2.385661773828900767e+00
2.389548808706227323e+00
2.393426324190919718e+00
2.397294172981883520e+00
2.401152187671176552e+00
2.405000181504399759e+00
2.408837949320496108e+00
2.412665268659451634e+00
2.416481901020396617e+00
2.420287593254940361e+00
2.424082079074108442e+00
2.427865080648945018e+00
2.431636310282645042e+00
2.435395472130996275e+00
2.439142263948767653e+00
2.442876378838680473e+00
2.446597506982052472e+00
2.450305337329412581e+00
2.453999559233134953e+00
2.457679864004593373e+00
2.461345946382177630e+00
2.464997505897556174e+00
2.468634248133446452e+00
2.472255885865668912e+00
2.475862140089615693e+00
2.479452740931647359e+00
2.483027428449488649e+00
2.486585953332243637e+00
2.490128077507707705e+00
2.493653574672917372e+00
2.497162230762517865e+00
2.500653844372102697e+00
2.504128227155340003e+00
2.507585204214018759e+00
2.511024614497296970e+00
2.514446311231790521e+00
2.517850162394617897e+00
2.521236051246777965e+00
2.524603876935429536e+00
2.527953555173342970e+00
2.531285019000422576e+00
2.534598219626130078e+00
2.537893127344745370e+00
2.541169732517410296e+00
2.544428046603845583e+00
2.547668103221578662e+00
2.550889959211123603e+00
2.554093695675780040e+00
2.557279418964614415e+00
2.560447261559979815e+00
2.563597382835007377e+00
2.566729969636930342e+00
2.569845236659249466e+00
2.572943426560722280e+00
2.576024809794263959e+00
2.579089684110003056e+00
2.582138373699161438e+00
2.585171227956181816e+00
2.588188619834202342e+00
2.591190943781182643e+00
2.594178613251467258e+00
2.597152057793525870e+00
2.600111719725289205e+00
2.603058050414342794e+00
2.605991506197715246e+00
2.608912543972684794e+00
2.611821616510385358e+00
2.614719167548079426e+00
2.617605626720153733e+00
2.620481404400746950e+00
2.623346886533281186e+00
2.626202429527521254e+00
2.629048355301193851e+00
2.631884946559317484e+00
2.634712442383693620e+00
2.637531034216866299e+00
2.640340862316205239e+00
2.643142012743054714e+00
2.645934514948921734e+00
2.648718340011815719e+00
2.651493399557252051e+00
2.654259545396354447e+00
2.657016569893742020e+00
2.659764207067938813e+00
2.662502134410895671e+00
2.665229975402620965e+00
2.667947302681362487e+00
2.670653641816195467e+00
2.673348475621954101e+00
2.676031248937946305e+00
2.678701373790600027e+00
2.681358234846843658e+00
2.684001195063394629e+00
2.686629601431166137e+00
2.689242790714130305e+00
2.691840095085879625e+00
2.694420847564864552e+00
2.696984387161540209e+00
2.699530063659547174e+00
2.702057241955379663e+00
2.704565305906407868e+00
2.707053661640422160e+00
2.709521740303295623e+00
2.711969000232397065e+00
2.714394928567235965e+00
2.716799042320969804e+00
2.719180888954969788e+00
2.721540046519641987e+00
2.723876123430433616e+00
2.726188757968604381e+00
2.728477617602344640e+00
2.730742398228446888e+00
2.732982823443610432e+00
2.735198643948126396e+00
2.737389637183374802e+00
2.739555607298134632e+00
2.741696385523848978e+00
2.743811831028153847e+00
2.745901832296099521e+00
2.747966309071442126e+00
2.750005214863632919e+00
2.752018540007430403e+00
2.754006315233910485e+00
2.755968615684645684e+00
2.757905565278977456e+00
2.759817341318802075e+00
2.761704179189520048e+00
2.763566377006261288e+00
2.765404300030585016e+00
2.767218384683012289e+00
2.769009141967415211e+00
2.770777160128670147e+00
2.772523106370550217e+00
2.774247727474126624e+00
2.775951849172211272e+00
2.777636374153046539e+00
2.779302278591701647e+00
2.780950607135326713e+00
2.782582466289493794e+00
2.784199016197738796e+00
2.785801460833210008e+00
2.787391036661079902e+00
2.788968999876566990e+00
2.790536612359409308e+00
2.792095126531006777e+00
2.793645769341270846e+00
2.795189725650931933e+00
2.796728121308605708e+00
2.798262006247404621e+00
2.799792337951925170e+00
2.801319965642621312e+00
2.802845615537450374e+00
2.804369877523323229e+00
2.805893193554623188e+00
2.807415848055401675e+00
2.808937960562539082e+00
2.810459480799487597e+00
2.811980186316579200e+00
2.813499682786824607e+00
2.815017406986398019e+00
2.816532632449478157e+00
2.818044477720518248e+00
2.819551917085574289e+00
2.821053793607450011e+00
2.822548834223860048e+00
2.824035666624977736e+00
2.825512837557779822e+00
2.826978832165734978e+00
2.828432093935226543e+00
2.829871044798615731e+00
2.831294104946874945e+00
2.832699711912678442e+00
2.834086338518544856e+00
2.835452509307555324e+00
2.836796815115911752e+00
2.838117925480008186e+00
2.839414598612577390e+00
2.840685688738030734e+00
2.841930150643459552e+00
2.843147041387131146e+00
2.844335519209233443e+00
2.845494839799874054e+00
2.846624350179645546e+00
2.847723480556947795e+00
2.848791734596927583e+00
2.849828678605915044e+00
2.850833930178249265e+00
2.851807146871551346e+00
2.852748015484434241e+00
2.853656242483831207e+00
2.854531546084142501e+00
2.855373650414014808e+00
2.856182282129734240e+00
2.856957169754123615e+00
2.857698045960473276e+00
2.858404652959165571e+00
2.859076751104147718e+00
2.859714130761976225e+00
2.860316627394161593e+00
2.860884139640950785e+00
2.861416650002381878e+00
2.861914247486457175e+00
2.862377151398700637e+00
2.862805735319556177e+00
2.863200550292301472e+00
2.863562346311925300e+00
2.863892091349424351e+00
2.864190987291023838e+00
2.864460482287769061e+00
2.864702279053495282e+00
2.864918338640563444e+00
2.865110879189738835e+00
2.865282369143072216e+00
2.865435514462891131e+00
2.865573239526240101e+00
2.865698661534344271e+00
2.865815058467823917e+00
2.865925830793412565e+00
2.866034457283486159e+00
2.866144445478180813e+00
2.866259277502446245e+00
2.866382352199821959e+00
2.866516924818580225e+00
2.866666045763286874e+00
2.866832500168619458e+00
2.867018750177567910e+00
2.867226881809252337e+00
2.867458558133515911e+00
2.867714980149485005e+00
2.867996856326915367e+00
2.868304381306701512e+00
2.868637223858154339e+00
2.868994523952136610e+00
2.869374898767817150e+00
2.869776457565067940e+00
2.870196825563958498e+00
2.870633177156446614e+00
2.871082278797388199e+00
2.871540541692119586e+00
2.872004083813796349e+00
2.872468799919688287e+00
2.872930437304150875e+00
2.873384674360502267e+00
2.873827198862468624e+00
2.874253783306075505e+00
2.874660355390150190e+00
2.875043062475735489e+00
2.875398329372177209e+00
2.875722908949175149e+00
2.876013924893658036e+00
2.876268905481438765e+00
2.876485806741754914e+00
2.876663023133407826e+00
2.876799384095217960e+00
2.876894135624927351e+00
2.876946907204124493e+00
2.876957665554659815e+00
2.876926657612779437e+00
2.876854345542870561e+00
2.876741336637666624e+00
2.876588310806380111e+00
2.876395948252139512e+00
2.876164860019110758e+00
2.875895524167424888e+00
2.875588230220964547e+00
2.875243034131104380e+00
2.874859725420230383e+00
2.874437807563070990e+00
2.873976492159092899e+00
2.873474707132554151e+00
2.872931119335611960e+00
2.872344172557754316e+00
2.871712142564360803e+00
2.871033210306813466e+00
2.870305552223777035e+00
2.869527443239107800e+00
2.868697365560162638e+00
2.867814116367662258e+00
2.866876909958689268e+00
2.865885473081243973e+00
2.864840133965140367e+00
2.863741905077153316e+00
2.862592557734540577e+00
2.861394684922034415e+00
2.860151748062087051e+00
2.858868104233316387e+00
2.857549011936883598e+00
2.856200615272885379e+00
2.854829907470219474e+00
2.853444674352437094e+00
2.852053416425691879e+00
2.850665245978484919e+00
2.849289754837202704e+00
2.847936850605189640e+00
2.846616563884349027e+00
2.845338833989853100e+00
2.844113283161794570e+00
2.842948987870558497e+00
2.841854251982938617e+00
2.840836384675984316e+00
2.839901489619355957e+00
2.839054279477868370e+00
2.838297933354126279e+00
2.837634006896769812e+00
2.837062387395175911e+00
2.836581272372901807e+00
2.836187153212235135e+00
2.835874804835207819e+00
2.835637303147684474e+00
2.835466097951702125e+00
2.835351157524806709e+00
2.835281181928210437e+00
2.835243866551689251e+00
2.835226190907150112e+00
2.835214710999934162e+00
2.835195844885843197e+00
2.835156154405444440e+00
2.835082632202741593e+00
2.834962996240641075e+00
2.834785978986143373e+00
2.834541587866341583e+00
2.834221315958486809e+00
2.833818294671987648e+00
2.833327394751000039e+00
2.832745291446841840e+00
2.832070510223827942e+00
2.831303458324467837e+00
2.830446427098975537e+00
2.829503530652500043e+00
2.828480542606335746e+00
2.827384612405280606e+00
2.826223878224073616e+00
2.825007024779617737e+00
2.823742842005996234e+00
2.822439822627893946e+00
2.821105810191679275e+00
2.819747692948110007e+00
2.818371136219801176e+00
2.816980346889012665e+00
2.815577865211924991e+00
2.814164390005913230e+00
2.812738664358187091e+00
2.811297458867854093e+00
2.809835665543558569e+00
2.808346471427408453e+00
2.806821561622690808e+00
2.805251330018702749e+00
2.803625122030765748e+00
2.801931548529111193e+00
2.800158883406902444e+00
2.798295521309677625e+00
2.796330458392959795e+00
2.794253768261014681e+00
2.792057060010750380e+00
2.789733914656927105e+00
2.787280299096542180e+00
2.784694952455862182e+00
2.781979728124004847e+00
2.779139863191298243e+00
2.776184144935097020e+00
2.773124952254225839e+00
2.769978162060166227e+00
2.766762923291728349e+00
2.763501315100385103e+00
2.760217916374210212e+00
2.756939312114940144e+00
2.753693546359902378e+00
2.750509511684750663e+00
2.747416259746207512e+00
2.744442241351958689e+00
2.741614529716111637e+00
2.738958099388207224e+00
2.736495181434809965e+00
2.734244629919734937e+00
2.732221225180084367e+00
2.730434952309405805e+00
2.728890417798525814e+00
2.727586548268914335e+00
2.726516556888886278e+00
2.725668043862594647e+00
2.725023150902803337e+00
2.724558835837031623e+00
2.724247385515237152e+00
2.724057181902157510e+00
2.723953599697291672e+00
2.723899886037843387e+00
2.723857963946254124e+00
2.723789212983775521e+00
2.723655326211837480e+00
2.723419309825509949e+00
2.723046617737744590e+00
2.722506338907556334e+00
2.721772306375935813e+00
2.720823986103078074e+00
2.719647035719413353e+00
2.718233498306207530e+00
2.716581696208004271e+00
2.714695964582168664e+00
2.712586358550877819e+00
2.710268378751241602e+00
2.707762652242647228e+00
2.705094451034696590e+00
2.702292947087064245e+00
2.699390164106905576e+00
2.696419668167511219e+00
2.693415126835112972e+00
2.690408925524910178e+00
2.687431002587174156e+00
2.684507934498465698e+00
2.681662157521959244e+00
2.678911189314434615e+00
2.676266846114714770e+00
2.673734611512556647e+00
2.671313349286508210e+00
2.668995443741216000e+00
2.666767296925272479e+00
2.664610014844908115e+00
2.662500106743420858e+00
2.660410083160481776e+00
2.658308934165721116e+00
2.656162564357985367e+00
2.653934328051929636e+00
2.651585822423587757e+00
2.649078040946922563e+00
2.646372874799836072e+00
2.643434825928967058e+00
2.640232726445102429e+00
2.636741280220227246e+00
2.632942328743616223e+00
2.628825820357052478e+00
2.624390474798066197e+00
2.619644108175629427e+00
2.614603585076797909e+00
2.609294410995588009e+00
2.603750021560071737e+00
2.598010839604993460e+00
2.592123186422435221e+00
2.586138148408592130e+00
2.580110453115428193e+00
2.574097305113370204e+00
2.568157102764570432e+00
2.562348064913728685e+00
2.556726888116011676e+00
2.551347474861713316e+00
2.546259631639289367e+00
2.541507658072497122e+00
2.537128926659091288e+00
2.533152657435863375e+00
2.529599008245274838e+00
2.526478467088081103e+00
2.523791510898597323e+00
2.521528549251307982e+00
2.519670159831747469e+00
2.518187531563454762e+00
2.517042998300704326e+00
2.516190650654714034e+00
2.515577156623395982e+00
2.515142950239877440e+00
2.514823828238681003e+00
2.514552827619013442e+00
2.514262165732663590e+00
2.513885063373785478e+00
2.513357402287855091e+00
2.512619294629079292e+00
2.511616673492669261e+00
2.510302931559664330e+00
2.508640499534426471e+00
2.506602152379521886e+00
2.504171812814271370e+00
2.501344704802493268e+00
2.498126883737004977e+00
2.494534368717699291e+00
2.490592191214787476e+00
2.486333544298594767e+00
2.481798936613783813e+00
2.477035075314960366e+00
2.472093310216497919e+00
2.467027761744459369e+00
2.461893437683954744e+00
2.456744577841805555e+00
2.451633278042258279e+00
2.446608321816506226e+00
2.441714134196177000e+00
2.436989796568046263e+00
2.432468071666813003e+00
2.428174400470467731e+00
2.424125890581285692e+00
2.420330422058222464e+00
2.416786087074881184e+00
2.413481165544318241e+00
2.410394699589403888e+00
2.407497545626561042e+00
2.404753662318431573e+00
2.402121389663358197e+00
2.399554571591678176e+00
2.397003508164307295e+00
2.394415819940669543e+00
2.391737328439829113e+00
2.388913030004630844e+00
2.385888224542788372e+00
2.382609872178082178e+00
2.379028235942346914e+00
2.375098770531028691e+00
2.370784073858769769e+00
2.366055651984816599e+00
2.360895316879338512e+00
2.355296138925947247e+00
2.349262886508324932e+00
2.342811852748078572e+00
2.335970056004365247e+00
2.328774012011134431e+00
2.321268399022391904e+00
2.313504819031886761e+00
2.305540631777543759e+00
2.297437754395949661e+00
2.289261407322444875e+00
2.281078849111914497e+00
2.272958080150194071e+00
2.264966447294137097e+00
2.257169173729524303e+00
2.249627957145910795e+00
2.242399742972450483e+00
2.235535625674971438e+00
2.229079762642085960e+00
2.223068279996552210e+00
2.217528283286352320e+00
2.212477121508613642e+00
2.207921983429006918e+00
2.203859811958699844e+00
2.200277475802285387e+00
2.197152147000627664e+00
2.194451856112980437e+00
2.192136194348685674e+00
2.190157116365966772e+00
2.188459813908789631e+00
2.186983692697471504e+00
2.185663549441108078e+00
2.184431049518150036e+00
2.183216519507870323e+00
2.181950923700272771e+00
2.180567775230925598e+00
2.179004734831590184e+00
2.177204801176439553e+00
2.175117208035214134e+00
2.172698257826313650e+00
2.169912244995110040e+00
2.166732419206855553e+00
2.163141774859459687e+00
2.159133449292271578e+00
2.154710645101473254e+00
2.149886143714649922e+00
2.144681548878709876e+00
2.139126377905546050e+00
2.133257055867913365e+00
2.127115814344989086e+00
2.120749476244451870e+00
2.114208130195873725e+00
2.107543751415050348e+00
2.100808867237669020e+00
2.094055349727631299e+00
2.087333355816194391e+00
2.080690386701542050e+00
2.074170438873510935e+00
2.067813246119918791e+00
2.061653622445884348e+00
2.055720896888632687e+00
2.050038403746418325e+00
2.044622984844435276e+00
2.039484490070942346e+00
2.034625322314684404e+00
2.030040133140023961e+00
2.025715796559510284e+00
2.021631750013107798e+00
2.017760710199353547e+00
2.014069684462278964e+00
2.010521138581581546e+00
2.007074166054731990e+00
2.003685537147533502e+00
2.000310578242603388e+00
1.996903911366102458e+00
1.993420127189827085e+00
1.989814451702293097e+00
1.986043422828946081e+00
1.982065571246026447e+00
1.977842126378708487e+00
1.973337811609862769e+00
1.968521787920910260e+00
1.963368726073347226e+00
1.957859881228167787e+00
1.951983987756215733e+00
1.945737816133088272e+00
1.939126304318694372e+00
1.932162251997795677e+00
1.924865643205818877e+00
1.917262742331536929e+00
1.909385151571666439e+00
1.901268973913766924e+00
1.892954106316244278e+00
1.884483581109499317e+00
1.875902862115255143e+00
1.867259073417044890e+00
1.858600202654607569e+00
1.849974315079501386e+00
1.841428771161710332e+00
1.833009429270211266e+00
1.824759849704830961e+00
1.816720547019629928e+00
1.808928325840729601e+00
1.801415701235731692e+00
1.794210390076208750e+00
1.787334874168338139e+00
1.780806054699174634e+00
1.774635019185439644e+00
1.768826928076716820e+00
1.763381011734862502e+00
1.758290659637907760e+00
1.753543586120001940e+00
1.749122069530913759e+00
1.745003276125951519e+00
1.741159683772977473e+00
1.737559607702048314e+00
1.734167809414758565e+00
1.730946157027368537e+00
1.727854311166965084e+00
1.724850431296137021e+00
1.721891918226919671e+00
1.718936212905201266e+00
1.715941650238801186e+00
1.712868326017458198e+00
1.709678897579155699e+00
1.706339233361425567e+00
1.702818866459733460e+00
1.699091275911273069e+00
1.695134075302066279e+00
1.690929194232050348e+00
1.686463090321488778e+00
1.681726961742271209e+00
1.676716888443628761e+00
1.671433837870292205e+00
1.665883514941312038e+00
1.660076081487576349e+00
1.654025789077811393e+00
1.647750558418614952e+00
1.641271516931314789e+00
1.634612494332455812e+00
1.627799480753068462e+00
1.620860064900623509e+00
1.613822878663352611e+00
1.606717072684664904e+00
1.599571835857888757e+00
1.592415956610494288e+00
1.585277413113687084e+00
1.578182978856343954e+00
1.571157839209479601e+00
1.564225227620986702e+00
1.557406098994983612e+00
1.550718857778543347e+00
1.544179149578819743e+00
1.537799712288711262e+00
1.531590271979224482e+00
1.525557465462423767e+00
1.519704777370074700e+00
1.514032492404464580e+00
1.508537677172837599e+00
1.503214214301202833e+00
1.498052910861005227e+00
1.493041694552277088e+00
1.488165898569977275e+00
1.483408623540758864e+00
1.478751154459139183e+00
1.474173403252513115e+00
1.469654345045243948e+00
1.465172420296805722e+00
1.460705885950558391e+00
1.456233113292153547e+00
1.451732842591794359e+00
1.447184409884665790e+00
1.442567958594080491e+00
1.437864642016208450e+00
1.433056817861081411e+00
1.428128236636171611e+00
1.423064230046386713e+00
1.417851908089150736e+00
1.412480369111579259e+00
1.406940915911363277e+00
1.401227258557186328e+00
1.395335677730743296e+00
1.389265123950609526e+00
1.383017236059950417e+00
1.376596272993876324e+00
1.370008963880465114e+00
1.363264292448729487e+00
1.356373240986298967e+00
1.349348522915439386e+00
1.342204327898274485e+00
1.334956090109886473e+00
1.327620275228540869e+00
1.320214172941688524e+00
1.312755683293891584e+00
1.305263094018523251e+00
1.297754854582818806e+00
1.290249355236654960e+00
1.282764715821212320e+00
1.275318584193460003e+00
1.267927942371121830e+00
1.260608920572133806e+00
1.253376622420096842e+00
1.246244965758461998e+00
1.239226542264759034e+00
1.232332497024398288e+00
1.225572428149271476e+00
1.218954306797942033e+00
1.212484418724452562e+00
1.206167328767202340e+00
1.200005869104361578e+00
1.194001150853139404e+00
1.188152597139146227e+00
1.182457994643863586e+00
1.176913560360548283e+00
1.171514021096066838e+00
1.166252704863879330e+00
1.161121644868862157e+00
1.156111697349606171e+00
1.151212673709713030e+00
1.146413485546246669e+00
1.141702299331599946e+00
1.137066696471099814e+00
1.132493834582306791e+00
1.127970606888411220e+00
1.123483798047168580e+00
1.119020235981362354e+00
1.114566939861949324e+00
1.110111264058685432e+00
1.105641036655272469e+00
1.101144689465251680e+00
1.096611375148365930e+00
1.092031066811388174e+00
1.087394636823512561e+00
1.082693914228535448e+00
1.077921723192567516e+00
1.073071907189798502e+00
1.068139344180025319e+00
1.063119956701652713e+00
1.058010718236267245e+00
1.052809654542852469e+00
1.047515836975585923e+00
1.042129364614415632e+00
1.036651333173190803e+00
1.031083790424495383e+00
1.025429679514732628e+00
1.019692772524380731e+00
1.013877596868987263e+00
1.007989356858066232e+00
1.002033852264278879e+00
9.960173953299811256e-01
9.899467272969010301e-01
9.838289352720065439e-01
9.776713700143774277e-01
9.714815650983156248e-01
9.652671579435692095e-01
9.590358133716128108e-01
9.527951505238423380e-01
9.465526739911414023e-01
9.403157097622488747e-01
9.340913461696260800e-01
9.278863795942288162e-01
9.217072644990014219e-01
9.155600675080894923e-01
9.094504256393074471e-01
9.033835092410740231e-01
8.973639904333552408e-01
8.913960177673517782e-01
8.854831974538902584e-01
8.796285809988051430e-01
8.738346586465034482e-01
8.681033578291748043e-01
8.624360458864293033e-01
8.568335366047095114e-01
8.512961004866277381e-01
8.458234789458283220e-01
8.404149027308742692e-01
8.350691148049149692e-01
8.297843976887124828e-01
8.245586050324837935e-01
8.193891969868705161e-01
8.142732788368212127e-01
8.092076423148486519e-01
8.041888089819719809e-01
7.992130750035465470e-01
7.942765565563031371e-01
7.893752350074989543e-01
7.845050009591831852e-01
7.796616962782499938e-01
7.748411533644888882e-01
7.700392311166484038e-01
7.652518473191203263e-01
7.604750074343301636e-01
7.557048300121088635e-01
7.509375690780288881e-01
7.461696339218306662e-01
7.413976066892828953e-01
7.366182581042026722e-01
7.318285615541280098e-01
7.270257056848484778e-01
7.222071055826163599e-01
7.173704125734026160e-01
7.125135226329335492e-01
7.076345833675450336e-01
7.027319994956857663e-01
6.978044367413929194e-01
6.928508240474690050e-01
6.878703540344182077e-01
6.828624816591384317e-01
6.778269210683975921e-01
6.727636406613723974e-01
6.676728563876723754e-01
6.625550233050614413e-01
6.574108254170571985e-01
6.522411638295801950e-01
6.470471433093492042e-01
6.418300574034219164e-01
6.365913723666321022e-01
6.313327102259779222e-01
6.260558313549563492e-01
6.207626169314937048e-01
6.154550515991296100e-01
6.101352065633042221e-01
6.048052232558878138e-01
5.994672976143506915e-01
5.941236649693599770e-01
5.887765855164637241e-01
5.834283303660557918e-01
5.780811681945650093e-01
5.727373525508016039e-01
5.673991098836133062e-01
5.620686283532089211e-01
5.567480474627741760e-01
5.514394485160781789e-01
5.461448458807686146e-01
5.408661790164709382e-01
5.356053052288926031e-01
5.303639931167098975e-01
5.251439166987519336e-01
5.199466502200128515e-01
5.147736636531562437e-01
5.096263189093310775e-01
5.045058667747666092e-01
4.994134445809832457e-01
4.943500746095932374e-01
4.893166632267715310e-01
4.843140007377841338e-01
4.793427619485455260e-01
4.744035074162510912e-01
4.694966853637644322e-01
4.646226342241371321e-01
4.597815857654835026e-01
4.549736687366332522e-01
4.501989129620557195e-01
4.454572538066506882e-01
4.407485369350292448e-01
4.360725232937539553e-01
4.314288942588007658e-01
4.268172569019315077e-01
4.222371493450000624e-01
4.176880461790904997e-01
4.131693639282477126e-01
4.086804665409457527e-01
4.042206708857527531e-01
3.997892522241342506e-01
3.953854496307319666e-01
3.910084713262675926e-01
3.866574998937295504e-01
3.823316973454139456e-01
3.780302100201913262e-01
3.737521732877660541e-01
3.694967160474293411e-01
3.652629650094627034e-01
3.610500487481724807e-01
3.568571015221266851e-01
3.526832668525018422e-01
3.485277008549378386e-01
3.443895753200557075e-01
3.402680805390682073e-01
3.361624278737435079e-01
3.320718520693443643e-01
3.279956133145700559e-01
3.239329990527426428e-01
3.198833255495617811e-01
3.158459392265295373e-01
3.118202177694595068e-01
3.078055710216848762e-01
3.038014416737432333e-01
2.998073057617044457e-01
2.958226729852099224e-01
2.918470868579315924e-01
2.878801247028160981e-01
2.839213975033453852e-01
2.799705496227147261e-01
2.760272584027870790e-01
2.720912336528468756e-01
2.681622170390885462e-01
2.642399813857311264e-01
2.603243298959289631e-01
2.564150953032563462e-01
2.525121389618170675e-01
2.486153498833547359e-01
2.447246437295473864e-01
2.408399617662529413e-01
2.369612697881127994e-01
2.330885570176636223e-01
2.292218349867519711e-01
2.253611364059876221e-01
2.215065140254821041e-01
2.176580394939410801e-01
2.138158022195909003e-01
2.099799082367109770e-01
2.061504790827123068e-01
2.023276506887778381e-01
1.985115722873946331e-01
1.947024053396289034e-01
1.909003224861371417e-01
1.871055065226264191e-01
1.833181494031739522e-01
1.795384512735704041e-01
1.757666195349152360e-01
1.720028679403074467e-01
1.682474157250444247e-01
1.645004867702114237e-01
1.607623088017645918e-01
1.570331126237546893e-01
1.533131313864703471e-01
1.496025998888763364e-01
1.459017539150516407e-01
1.422108296044542475e-01
1.385300628548574442e-01
1.348596887580840731e-01
1.311999410677744393e-01
1.275510516986539389e-01
1.239132502569679495e-01
1.202867636020912984e-01
1.166718154383122319e-01
1.130686259367041646e-01
1.094774113875034705e-01
1.058983838808919553e-01
1.023317510173130246e-01
9.877771564648168967e-02
9.523647563235504432e-02
9.170822364682114369e-02
8.819314698766669847e-02
8.469142742211761832e-02
8.120324105328344255e-02
7.772875820980879036e-02
7.426814335598043437e-02
7.082155502189813046e-02
6.738914575238197369e-02
6.397106207364369745e-02
6.056744447525891362e-02
5.717842740789036426e-02
5.380413929499568843e-02
5.044470255704051193e-02
4.710023364735431428e-02
4.377084310007613166e-02
4.045663558629680745e-02
3.715770998088859661e-02
3.387415943671665680e-02
3.060607146606659015e-02
2.735352802951917031e-02
2.411660562968765201e-02
2.089537541073470395e-02
1.768990326161330381e-02
1.450024992333309726e-02
1.132647109924263262e-02
8.168617566886547665e-03
5.026735292507713421e-03
1.900865546159915967e-03
-1.208954982975001674e-03
-4.302694070456922551e-03
-7.380323841190664265e-03
-1.044182065507038085e-02
-1.348716499355843805e-02
-1.651634134769021725e-02
-1.952933810812867294e-02
-2.252614745756622780e-02
-2.550676526461131619e-02
-2.847119098130629009e-02
-3.141942754271846716e-02
-3.435148126938279700e-02
-3.726736177328227040e-02
-4.016708186654789625e-02
-4.305065747340409282e-02
-4.591810754569765340e-02
-4.876945398194658388e-02
-5.160472154887495166e-02
-5.442393780781457080e-02
-5.722713304389101530e-02
-6.001434019823858462e-02
-6.278559480507704682e-02
-6.554093493122924163e-02
-6.828040111948394109e-02
-7.100403633578078466e-02
-7.371188591952156088e-02
-7.640399753768115088e-02
-7.908042114186107641e-02
-8.174120892929356841e-02
-8.438641530684745651e-02
-8.701609685836067531e-02
-8.963031231510736052e-02
-9.222912252984176440e-02
-9.481259045311554723e-02
-9.738078111332787445e-02
-9.993376159953611115e-02
-1.024716010466081156e-01
-1.049943706238618268e-01
-1.075021435260138658e-01
-1.099949949663599907e-01
-1.124730021731893542e-01
-1.149362443880398710e-01
-1.173848028664263021e-01
-1.198187608806769999e-01
-1.222382037253450099e-01
-1.246432187237567907e-01
-1.270338952375403563e-01
-1.294103246771169113e-01
-1.317726005145735124e-01
-1.341208182976771357e-01
-1.364550756657812447e-01
-1.387754723673895463e-01
-1.410821102782088277e-01
-1.433750934217671857e-01
-1.456545279902301537e-01
-1.479205223666338886e-01
-1.501731871483293901e-01
-1.524126351712748739e-01
-1.546389815347900820e-01
-1.568523436277366734e-01
-1.590528411549138044e-01
-1.612405961640948626e-01
-1.634157330736283886e-01
-1.655783787007216734e-01
-1.677286622893374435e-01
-1.698667155392015737e-01
-1.719926726343974643e-01
-1.741066702721370818e-01
-1.762088476916443269e-01
-1.782993467030444534e-01
-1.803783117154595106e-01
-1.824458897657446343e-01
0.000000000000000000e+00
